0.022694 8842.163848 0.082213
0.021898 8505.893396 0.078839
0.021006 8153.876197 0.075822
0.020129 7854.593190 0.072401
0.019479 7596.986816 0.068629
0.018926 7331.062122 0.065169
0.018250 7088.352564 0.062055
0.017605 6868.413239 0.058583
0.016965 6617.869049 0.055033
0.016302 6330.466342 0.051230
0.015522 6075.224949 0.047623
0.014812 5754.069030 0.043951
0.014037 5440.248680 0.040206
0.013289 5163.966974 0.036654
0.012580 4886.754507 0.033156
0.011738 4589.972970 0.029817
0.011040 4306.517833 0.025656
0.010361 4041.810960 0.022262
0.009707 3783.829325 0.018774
0.009070 3545.507052 0.014871
0.008504 3311.747749 0.011179
0.007939 3103.248653 0.006737
0.007559 2947.503085 0.003658
0.007322 2859.302646 0.001765
0.007034 2743.105171 0.000574
0.007087 2761.895964 0.000195
0.007101 2772.784064 0.000028
0.007043 2743.021597 0.000010
0.007106 2771.006291 0.000000
0.007081 2758.847426 0.000001
0.007064 2758.084296 0.000000
0.007072 2748.638055 0.000000
0.007040 2750.420698 0.000000
0.007037 2745.865784 0.000000
0.007036 2744.146790 0.000000
0.007041 2738.449646 0.000000
0.007032 2738.817655 0.000000
0.007020 2732.756171 0.000000
0.007000 2731.479218 0.000000
0.006991 2722.664661 0.000000
0.007006 2719.274468 0.000000
0.006978 2720.897444 0.000000
0.006985 2716.845148 0.000000
0.006984 2720.142391 0.000000
0.006968 2712.026882 0.000000
0.006979 2706.201820 0.000000
0.006955 2713.260318 0.000000
0.006958 2713.152133 0.000000
0.006961 2697.880774 0.000000
0.006982 2715.706693 0.000000
0.006966 2701.451677 0.000000
0.006938 2706.220863 0.000000
0.006956 2713.754840 0.000000
0.006940 2701.082521 0.000000
0.006934 2706.895394 0.000000
0.006930 2702.999937 0.000000
0.006926 2700.077665 0.000000
0.006932 2688.936806 0.000000
0.006914 2691.190070 0.000000
0.006950 2695.762911 0.000000
0.006931 2694.894128 0.000000
0.006898 2694.795322 0.000000
0.006902 2690.767197 0.000000
0.006898 2684.775014 0.000000
0.006913 2690.588162 0.000000
0.006897 2687.431286 0.000000
0.006900 2688.456363 0.000000
0.006902 2679.426914 0.000000
0.006888 2686.928278 0.000000
0.006890 2676.016218 0.000000
0.006897 2685.443810 0.000000
0.006884 2678.807096 0.000000
0.006895 2671.511161 0.000000
0.006866 2674.138556 0.000000
0.006869 2673.009837 0.000000
0.006877 2670.749437 0.000000
0.006870 2674.401122 0.000000
0.006855 2666.629509 0.000000
0.006853 2670.091733 0.000000
0.006852 2667.665698 0.000000
0.006848 2666.368881 0.000000
0.006856 2665.988332 0.000000
0.006852 2663.361239 0.000000
0.006842 2663.022285 0.000000
0.006833 2663.665749 0.000000
0.006852 2663.639968 0.000000
0.006822 2666.479738 0.000000
0.006827 2661.615141 0.000000
0.006835 2656.526355 0.000000
0.006824 2654.712041 0.000000
0.006828 2655.471119 0.000000
0.006821 2650.123121 0.000000
0.006816 2657.089727 0.000000
0.006795 2648.447844 0.000000
0.006819 2654.480824 0.000000
0.006805 2648.091184 0.000000
0.006790 2649.402026 0.000000
0.006800 2650.958068 0.000000
0.006789 2653.912702 0.000000
0.006796 2645.801972 0.000000
0.006794 2651.010283 0.000000
