0.023211 8941.579757 0.081166
0.022882 8869.212777 0.080192
0.022480 8769.564503 0.079453
0.022243 8666.352337 0.077705
0.021910 8547.891724 0.076789
0.021574 8441.565542 0.075872
0.021223 8327.404437 0.074850
0.020969 8203.452583 0.073627
0.020648 8143.349743 0.072588
0.020334 8030.402898 0.071089
0.020043 7904.424325 0.069810
0.019641 7786.999357 0.069161
0.019460 7703.965413 0.067224
0.019149 7566.812868 0.066295
0.018968 7490.588264 0.065298
0.018538 7372.669132 0.063493
0.018200 7267.337379 0.063266
0.018102 7187.104572 0.061724
0.017623 7057.284976 0.060185
0.017333 6924.500953 0.059186
0.017082 6832.559795 0.058012
0.016831 6788.064942 0.056769
0.016572 6623.045336 0.055827
0.016305 6539.651853 0.053956
0.016042 6418.535194 0.053074
0.015728 6315.349207 0.051743
0.015556 6212.088012 0.050385
0.015184 6099.318958 0.049211
0.015017 6016.878076 0.047856
0.014690 5899.730935 0.046340
0.014435 5816.028129 0.045272
0.014162 5687.603432 0.043827
0.013951 5598.449901 0.042357
0.013621 5486.875196 0.040506
0.013408 5379.815519 0.039585
0.013164 5258.286973 0.037931
0.012930 5165.334603 0.036654
0.012574 5065.481619 0.035242
0.012287 4943.716105 0.033640
0.011985 4854.758201 0.032475
0.011843 4732.870530 0.031072
0.011534 4634.071678 0.029358
0.011262 4523.616255 0.027792
0.011033 4405.948774 0.026341
0.010800 4304.461013 0.024569
0.010460 4180.541725 0.022953
0.010184 4085.497939 0.021328
0.009928 3950.541444 0.019662
0.009636 3861.633585 0.018129
0.009377 3722.206252 0.016591
0.009122 3627.066878 0.014395
0.008801 3496.226564 0.012485
0.008523 3379.738096 0.010400
0.008298 3294.442591 0.008488
0.007941 3139.621634 0.006883
0.007650 3014.588750 0.004918
0.007362 2901.988933 0.003065
0.007186 2830.029203 0.002036
0.006948 2743.241847 0.001336
0.006985 2730.445809 0.000780
0.006825 2686.292892 0.000512
0.006852 2686.090813 0.000278
0.006822 2676.065366 0.000082
0.006736 2638.115393 0.000085
0.006871 2693.796033 0.000051
0.006921 2714.995586 0.000025
0.006857 2687.434072 0.000017
0.006873 2690.759204 0.000003
0.006926 2712.360855 0.000008
0.006877 2693.675541 0.000004
0.006865 2680.368164 0.000006
0.006848 2682.016845 0.000000
0.006856 2689.248028 0.000002
0.006834 2666.839194 0.000000
0.006861 2677.863195 0.000000
0.006876 2687.361426 0.000000
0.006851 2686.001655 0.000000
0.006868 2674.468009 0.000000
0.006825 2662.946717 0.000000
0.006831 2672.099545 0.000000
0.006832 2668.128757 0.000000
0.006824 2664.726540 0.000000
0.006813 2661.039360 0.000000
0.006797 2657.746474 0.000000
0.006789 2646.164387 0.000000
0.006802 2648.278826 0.000000
0.006778 2652.635139 0.000000
0.006776 2645.742572 0.000000
0.006788 2638.577335 0.000000
0.006797 2643.233303 0.000000
0.006766 2644.918218 0.000000
0.006782 2638.657403 0.000000
0.006764 2641.274788 0.000000
0.006760 2639.978456 0.000000
0.006755 2636.247431 0.000000
0.006743 2628.368174 0.000000
0.006763 2636.837301 0.000000
0.006744 2638.018951 0.000000
0.006753 2631.272130 0.000000
0.006761 2644.150112 0.000000
0.006754 2642.852382 0.000000
