0.024355 9375.951782 0.084935
0.024221 9345.804073 0.083396
0.024176 9303.474789 0.082517
0.023855 9173.202225 0.081718
0.023621 9123.915225 0.080643
0.023248 9007.462635 0.079819
0.023005 8914.557816 0.078950
0.022772 8868.748542 0.078063
0.022628 8786.986340 0.077114
0.022230 8672.364364 0.076169
0.021946 8615.495251 0.075066
0.021608 8462.506726 0.074603
0.021290 8408.435687 0.073453
0.021041 8312.135533 0.072747
0.020824 8244.628656 0.071735
0.020455 8137.557556 0.071078
0.020172 8018.667627 0.069421
0.019993 7939.810979 0.069327
0.019682 7869.520545 0.068257
0.019423 7763.265396 0.067128
0.019151 7658.424017 0.066102
0.019012 7572.450538 0.065284
0.018613 7461.516099 0.064686
0.018461 7433.282027 0.063545
0.018157 7313.191944 0.062187
0.017974 7225.043758 0.061151
0.017733 7106.752405 0.060416
0.017489 7053.268235 0.059525
0.017340 6957.607763 0.058541
0.017012 6837.886769 0.057331
0.016868 6765.307907 0.056302
0.016505 6669.505885 0.055368
0.016284 6573.592819 0.054295
0.016075 6483.777331 0.053300
0.015915 6416.842028 0.052493
0.015698 6338.002940 0.051374
0.015516 6253.750603 0.050100
0.015224 6113.763843 0.049248
0.014978 6063.251047 0.048004
0.014769 5942.796498 0.047289
0.014606 5899.618403 0.046140
0.014281 5776.734931 0.044677
0.014113 5693.758761 0.044233
0.013976 5627.442146 0.043071
0.013777 5543.525013 0.041828
0.013503 5452.170758 0.040795
0.013403 5389.722393 0.039784
0.013082 5260.309150 0.038570
0.012898 5197.080042 0.037317
0.012748 5107.071322 0.036191
0.012518 5035.602016 0.035120
0.012295 4929.246988 0.033973
0.012047 4839.375765 0.033148
0.011900 4761.910760 0.031520
0.011673 4701.170250 0.030573
0.011492 4588.997557 0.029789
0.011305 4520.349251 0.028313
0.011089 4431.471401 0.027238
0.010900 4334.980102 0.025954
0.010632 4257.387472 0.024612
0.010444 4181.847398 0.023507
0.010276 4093.401701 0.021859
0.010070 4014.128122 0.020922
0.009817 3896.723924 0.019739
0.009694 3845.879673 0.018244
0.009472 3743.130352 0.017082
0.009311 3657.030221 0.015635
0.009065 3573.459183 0.014211
0.008873 3475.364543 0.013058
0.008632 3404.554428 0.011700
0.008425 3307.412681 0.010300
0.008211 3214.258464 0.008150
0.007984 3115.537908 0.006156
0.007772 3016.716983 0.004388
0.007563 2932.881571 0.002333
0.007459 2892.186769 0.001315
0.007295 2819.007913 0.000508
0.007265 2794.410682 0.000153
0.007268 2797.417522 0.000062
0.007304 2812.271211 0.000003
0.007300 2808.360835 0.000000
0.007295 2812.630720 0.000000
0.007282 2808.421178 0.000000
0.007292 2810.838992 0.000000
0.007282 2804.453916 0.000000
0.007271 2805.000876 0.000000
0.007273 2801.743932 0.000000
0.007275 2803.093704 0.000000
0.007265 2800.554973 0.000000
0.007255 2793.736235 0.000000
0.007266 2786.435250 0.000000
0.007257 2802.392845 0.000000
0.007243 2797.360663 0.000000
0.007250 2792.164227 0.000000
0.007237 2789.971271 0.000000
0.007265 2784.686731 0.000000
0.007236 2792.692448 0.000000
0.007234 2781.607463 0.000000
0.007250 2785.295380 0.000000
0.007227 2786.246111 0.000000
0.007253 2795.240464 0.000000
