0.022754 8870.572817 0.082154
0.021442 8532.345942 0.081488
0.020245 8243.746578 0.081103
0.019177 8014.493855 0.080355
0.018173 7756.250359 0.080032
0.017025 7500.511148 0.079462
0.015997 7260.004888 0.078976
0.015204 7014.987484 0.078308
0.014882 6861.143260 0.077109
0.014475 6696.389015 0.076173
0.014111 6557.763148 0.075439
0.013782 6430.866845 0.074496
0.013471 6304.547155 0.073935
0.013181 6189.822580 0.073344
0.012872 6070.021707 0.072531
0.012643 5959.611257 0.071885
0.012216 5814.583376 0.070831
0.011952 5674.894319 0.070167
0.011643 5548.261301 0.069415
0.011360 5412.824936 0.068722
0.011060 5275.658163 0.067621
0.010735 5135.851081 0.067108
0.010392 5040.368107 0.066302
0.010160 4911.603756 0.065367
0.009854 4771.892720 0.064952
0.009556 4689.445227 0.064347
0.009281 4584.403981 0.063719
0.009071 4466.656613 0.061938
0.008973 4382.421608 0.060042
0.008934 4334.940914 0.058374
0.008802 4275.858842 0.056608
0.008709 4192.520216 0.055267
0.008671 4159.285547 0.053680
0.008605 4113.082126 0.052326
0.008540 4058.143006 0.050885
0.008419 4002.073908 0.050018
0.008416 3982.972490 0.048687
0.008362 3933.411904 0.047851
0.008309 3902.096458 0.047013
0.008271 3872.556701 0.045829
0.008242 3844.177743 0.044959
0.008199 3824.968471 0.044023
0.008146 3787.658574 0.042965
0.008086 3751.217111 0.042476
0.008103 3722.642079 0.041572
0.008060 3699.250890 0.040894
0.008026 3677.199071 0.040161
0.007988 3654.196285 0.039861
0.007963 3642.245812 0.039144
0.007936 3625.220300 0.038566
0.007912 3594.637046 0.037918
0.007866 3571.973026 0.037426
0.007851 3542.904363 0.036953
0.007873 3541.325660 0.036556
0.007822 3518.461782 0.035926
0.007752 3510.388259 0.035389
0.007758 3467.691672 0.034623
0.007707 3438.861577 0.033285
0.007672 3413.722758 0.032125
0.007668 3377.377935 0.031174
0.007627 3337.440397 0.030397
0.007589 3316.389368 0.029325
0.007588 3290.028672 0.028725
0.007539 3263.019073 0.027735
0.007519 3242.002804 0.027154
0.007497 3241.454731 0.026311
0.007474 3201.647143 0.025923
0.007464 3203.361132 0.025320
0.007445 3187.122004 0.024659
0.007360 3172.083921 0.024368
0.007395 3147.133983 0.023935
0.007386 3136.404122 0.023027
0.007337 3112.491429 0.021883
0.007340 3077.070555 0.020661
0.007304 3062.406062 0.019387
0.007271 3032.057540 0.018090
0.007243 2999.943541 0.017121
0.007195 2981.689949 0.015765
0.007179 2948.943888 0.014508
0.007153 2932.542131 0.013276
0.007102 2909.974677 0.012097
0.007081 2883.220026 0.010978
0.007058 2852.168535 0.009531
0.006995 2825.936891 0.008098
0.006986 2810.014841 0.007241
0.006945 2769.529910 0.005748
0.006882 2727.615834 0.004519
0.006870 2723.427237 0.003079
0.006855 2707.420560 0.002135
0.006827 2690.345306 0.001487
0.006818 2678.235498 0.000804
0.006750 2659.256717 0.000350
0.006776 2661.191800 0.000070
0.006792 2666.292012 0.000006
0.006795 2663.577970 0.000000
0.006786 2661.749390 0.000000
0.006790 2665.080969 0.000000
0.006783 2673.975173 0.000000
0.006795 2665.833103 0.000000
0.006790 2665.047982 0.000000
0.006772 2667.056137 0.000000
