0.023313 8995.366417 0.081616
0.021476 8555.772092 0.080773
0.020046 8226.395054 0.079969
0.019032 7850.175715 0.078164
0.018268 7606.223629 0.076837
0.017550 7360.389326 0.075525
0.017020 7131.721527 0.074654
0.016342 6928.991586 0.072836
0.015745 6738.461658 0.071976
0.015210 6534.241086 0.070909
0.014555 6345.762775 0.070248
0.014090 6176.943248 0.069342
0.013597 6006.284880 0.068345
0.013173 5853.023743 0.067856
0.012594 5690.112776 0.067254
0.012241 5539.568470 0.066139
0.011755 5408.521193 0.066002
0.011412 5266.027673 0.065457
0.011032 5166.967722 0.064784
0.010812 5075.603319 0.063957
0.010436 4901.960920 0.062119
0.010200 4792.578195 0.059989
0.010031 4728.060056 0.057629
0.009885 4602.163863 0.055739
0.009689 4488.617938 0.054072
0.009644 4437.337408 0.052237
0.009489 4365.335755 0.050823
0.009292 4277.762888 0.049348
0.009167 4196.798532 0.048110
0.009078 4139.171880 0.046913
0.008985 4076.913537 0.045595
0.008875 4030.862007 0.044390
0.008813 3982.914351 0.042838
0.008745 3942.746643 0.042005
0.008688 3881.764967 0.041316
0.008577 3841.390765 0.039851
0.008504 3800.707632 0.039542
0.008425 3738.778645 0.037860
0.008315 3687.596833 0.036156
0.008219 3602.653836 0.034083
0.008114 3550.667702 0.032453
0.008063 3505.380476 0.031110
0.007956 3459.889271 0.029826
0.007946 3418.299948 0.028952
0.007839 3383.373634 0.027868
0.007837 3341.433200 0.026771
0.007771 3305.211271 0.025392
0.007701 3276.485216 0.023997
0.007630 3219.942112 0.022083
0.007522 3129.232623 0.019564
0.007395 3024.168309 0.015008
0.007219 2915.894973 0.010509
0.007054 2799.586583 0.005985
0.006870 2693.291251 0.002130
0.006784 2646.467130 0.000274
0.006837 2663.424039 0.000002
0.006877 2679.750312 0.000000
0.006881 2671.694649 0.000000
0.006859 2666.357022 0.000000
0.006870 2672.430614 0.000000
0.006860 2665.313964 0.000000
0.006862 2663.914731 0.000000
0.006865 2673.808492 0.000000
0.006853 2665.987419 0.000000
0.006865 2659.496961 0.000000
0.006860 2672.845864 0.000000
0.006863 2667.195077 0.000000
0.006863 2660.402339 0.000000
0.006869 2667.825075 0.000000
0.006850 2657.300697 0.000000
0.006842 2665.287171 0.000000
0.006865 2662.724876 0.000000
0.006841 2656.917835 0.000000
0.006865 2655.541384 0.000000
0.006855 2656.355229 0.000000
0.006862 2665.751109 0.000000
0.006863 2656.786472 0.000000
0.006852 2660.642415 0.000000
0.006843 2653.386690 0.000000
0.006843 2663.912122 0.000000
0.006853 2655.831557 0.000000
0.006843 2667.048622 0.000000
0.006849 2659.905000 0.000000
0.006838 2651.745810 0.000000
0.006838 2656.456482 0.000000
0.006857 2657.514684 0.000000
0.006858 2659.431690 0.000000
0.006850 2649.482823 0.000000
0.006854 2659.837592 0.000000
0.006850 2652.250687 0.000000
0.006850 2655.261641 0.000000
0.006840 2652.184875 0.000000
0.006848 2650.914784 0.000000
0.006847 2648.532475 0.000000
0.006856 2652.237394 0.000000
0.006850 2656.329523 0.000000
0.006838 2653.031813 0.000000
0.006836 2651.537784 0.000000
0.006851 2654.304364 0.000000
0.006850 2656.782787 0.000000
0.006846 2652.135752 0.000000
