0.023915 9160.002283 0.082948
0.021927 8718.673050 0.082171
0.020421 8352.123510 0.081030
0.019499 8050.253438 0.079117
0.018704 7784.797961 0.077529
0.018066 7551.838179 0.076774
0.017278 7300.303554 0.075666
0.016711 7116.661245 0.074643
0.016124 6901.561675 0.073432
0.015543 6692.579640 0.072229
0.015027 6549.395465 0.071134
0.014317 6318.700609 0.070346
0.013917 6155.714003 0.070204
0.013485 6008.539642 0.069142
0.012947 5826.375585 0.068230
0.012473 5712.065980 0.067742
0.012074 5573.807947 0.066764
0.011667 5433.477905 0.066382
0.011321 5351.195437 0.066190
0.011013 5208.276621 0.065316
0.010690 5076.154050 0.063631
0.010487 4929.827256 0.060973
0.010284 4842.085786 0.059391
0.010110 4765.445255 0.057541
0.009950 4669.501315 0.055607
0.009872 4587.217539 0.054171
0.009680 4505.326155 0.052807
0.009613 4455.656445 0.051357
0.009455 4372.847257 0.049644
0.009395 4313.664309 0.048437
0.009283 4257.038641 0.047303
0.009187 4194.988328 0.046197
0.009129 4156.363165 0.045137
0.009032 4099.683488 0.044079
0.008921 4054.694793 0.043236
0.008861 4005.048470 0.041684
0.008802 3972.207201 0.040969
0.008690 3901.756771 0.039769
0.008554 3827.145118 0.037611
0.008466 3759.596656 0.036427
0.008435 3725.558922 0.034696
0.008314 3678.642405 0.033332
0.008295 3619.081909 0.032520
0.008225 3592.526229 0.031153
0.008141 3553.800442 0.030544
0.008104 3529.096050 0.029708
0.008043 3483.893573 0.028353
0.008021 3440.475717 0.026846
0.007921 3400.020348 0.025011
0.007851 3295.620520 0.021973
0.007693 3209.897512 0.018100
0.007535 3098.078313 0.014354
0.007381 3010.065590 0.010691
0.007257 2927.742561 0.007426
0.007068 2814.034128 0.002670
0.006987 2755.514218 0.000447
0.007058 2781.137236 0.000010
0.007064 2774.769631 0.000000
0.007050 2771.976922 0.000000
0.007054 2773.908518 0.000000
0.007036 2770.499737 0.000000
0.007034 2761.098770 0.000000
0.007079 2763.746750 0.000000
0.007050 2764.685260 0.000000
0.007045 2765.217563 0.000000
0.007048 2765.392141 0.000000
0.007036 2759.487948 0.000000
0.007048 2759.424689 0.000000
0.007039 2760.187911 0.000000
0.007037 2758.146703 0.000000
0.007019 2757.732915 0.000000
0.007022 2758.106691 0.000000
0.007035 2757.424851 0.000000
0.007026 2756.688162 0.000000
0.007033 2753.337384 0.000000
0.007016 2754.803345 0.000000
0.007027 2756.255452 0.000000
0.007032 2761.184212 0.000000
0.007032 2752.716253 0.000000
0.007029 2754.853038 0.000000
0.007039 2763.459541 0.000000
0.007021 2755.998760 0.000000
0.007014 2755.691553 0.000000
0.007027 2763.361602 0.000000
0.007027 2757.566661 0.000000
0.007034 2751.011570 0.000000
0.007026 2755.198964 0.000000
0.007034 2758.695524 0.000000
0.007024 2754.746204 0.000000
0.007017 2754.481666 0.000000
0.007037 2759.002863 0.000000
0.007026 2754.270113 0.000000
0.007040 2752.814530 0.000000
0.007035 2757.115313 0.000000
0.007037 2749.095597 0.000000
0.007021 2756.161500 0.000000
0.007037 2750.323154 0.000000
0.007044 2750.283198 0.000000
0.007026 2754.933800 0.000000
0.007041 2755.967317 0.000000
0.007039 2755.424506 0.000000
