0.023279 8941.341344 0.081405
0.021454 8518.881894 0.080205
0.019825 8124.846192 0.079188
0.018885 7772.787274 0.077799
0.018220 7541.922456 0.076068
0.017474 7268.195986 0.074855
0.016813 7073.914732 0.073441
0.016214 6838.130799 0.072678
0.015625 6642.192568 0.071927
0.015095 6474.109183 0.070519
0.014442 6279.213073 0.069406
0.013941 6112.279390 0.068768
0.013482 5925.825258 0.068268
0.013017 5772.578310 0.067292
0.012541 5625.301138 0.066177
0.012195 5521.094399 0.065839
0.011722 5364.274602 0.065236
0.011294 5256.059442 0.064709
0.010892 5116.841438 0.064253
0.010668 5007.280691 0.063882
0.010396 4853.198004 0.061640
0.010118 4751.873866 0.059147
0.009920 4630.859993 0.057191
0.009754 4535.918758 0.055482
0.009626 4441.130983 0.053232
0.009442 4371.814622 0.051722
0.009387 4284.684070 0.049613
0.009221 4224.252991 0.048844
0.009107 4141.448045 0.047083
0.009022 4094.224630 0.045613
0.008888 4029.144790 0.044728
0.008814 3987.300113 0.043100
0.008785 3933.887637 0.042209
0.008584 3862.970766 0.041296
0.008547 3803.357147 0.040163
0.008512 3791.274036 0.039088
0.008444 3745.940326 0.038197
0.008309 3673.944634 0.036699
0.008181 3591.796722 0.034746
0.008096 3543.322977 0.032923
0.007989 3468.779055 0.031185
0.007967 3446.452605 0.029574
0.007874 3376.328288 0.028303
0.007804 3345.880420 0.027398
0.007731 3303.289867 0.026276
0.007702 3255.108787 0.024968
0.007654 3231.519513 0.023742
0.007574 3187.554783 0.022370
0.007516 3141.044838 0.020522
0.007392 3063.492371 0.017433
0.007273 2948.840011 0.013166
0.007080 2836.227629 0.008380
0.006928 2730.442397 0.003986
0.006704 2615.396767 0.001185
0.006753 2624.680510 0.000175
0.006833 2650.344370 0.000009
0.006819 2644.955071 0.000000
0.006804 2635.140092 0.000000
0.006839 2649.547622 0.000000
0.006806 2650.590171 0.000000
0.006825 2646.144915 0.000000
0.006803 2642.031785 0.000000
0.006804 2640.564686 0.000000
0.006825 2625.531365 0.000000
0.006833 2634.670723 0.000000
0.006816 2642.490006 0.000000
0.006809 2634.098968 0.000000
0.006810 2638.254166 0.000000
0.006812 2634.737048 0.000000
0.006820 2634.194748 0.000000
0.006806 2633.017485 0.000000
0.006798 2631.453440 0.000000
0.006802 2635.331841 0.000000
0.006807 2630.445319 0.000000
0.006807 2632.025865 0.000000
0.006814 2629.152481 0.000000
0.006802 2633.109651 0.000000
0.006796 2634.372799 0.000000
0.006796 2631.708948 0.000000
0.006811 2633.600670 0.000000
0.006803 2628.483394 0.000000
0.006792 2630.076397 0.000000
0.006797 2623.569582 0.000000
0.006809 2625.142585 0.000000
0.006828 2619.422213 0.000000
0.006799 2625.119002 0.000000
0.006800 2630.210221 0.000000
0.006801 2625.917857 0.000000
0.006805 2626.190996 0.000000
0.006809 2631.956306 0.000000
0.006802 2626.813594 0.000000
0.006785 2617.874813 0.000000
0.006809 2624.952005 0.000000
0.006796 2624.132778 0.000000
0.006815 2628.401256 0.000000
0.006795 2625.841523 0.000000
0.006801 2622.497006 0.000000
0.006796 2625.661613 0.000000
0.006800 2627.289153 0.000000
0.006806 2622.973452 0.000000
0.006814 2626.359429 0.000000
