0.023373 8960.304530 0.081568
0.022769 8829.227441 0.080753
0.022255 8630.778514 0.078968
0.021597 8406.062273 0.077377
0.020710 8149.733461 0.076220
0.019973 7905.301527 0.074599
0.019198 7678.772521 0.072748
0.018411 7419.402287 0.071498
0.017868 7241.433641 0.069766
0.017299 6975.489872 0.069084
0.016665 6794.372531 0.067186
0.016134 6615.589059 0.065609
0.015568 6433.479343 0.064198
0.015068 6242.784564 0.062763
0.014687 6101.519365 0.061124
0.014235 5944.328679 0.059546
0.013818 5773.271732 0.058321
0.013384 5637.891359 0.056516
0.013163 5481.018221 0.055138
0.012739 5349.280891 0.053364
0.012338 5235.669569 0.051626
0.012000 5097.747227 0.049631
0.011782 5006.873453 0.048478
0.011441 4842.845873 0.046634
0.011176 4729.243345 0.044888
0.010970 4616.940440 0.043655
0.010665 4524.413139 0.041156
0.010444 4383.637618 0.039684
0.010149 4281.457662 0.037676
0.009939 4182.602425 0.035977
0.009704 4093.674175 0.034338
0.009454 3969.597478 0.032500
0.009246 3900.621758 0.030701
0.009077 3806.015549 0.028753
0.008871 3715.028571 0.026528
0.008667 3619.770254 0.024677
0.008547 3531.384439 0.022740
0.008334 3432.384559 0.021005
0.008178 3354.081790 0.018948
0.008002 3283.604614 0.017162
0.007852 3186.199506 0.014692
0.007693 3098.381456 0.012693
0.007489 3027.812224 0.010133
0.007286 2929.879698 0.007629
0.007194 2862.942244 0.005354
0.007035 2792.321835 0.003081
0.006901 2723.595955 0.001463
0.006899 2705.522745 0.000626
0.006842 2689.093718 0.000126
0.006874 2695.322266 0.000073
0.006856 2693.825584 0.000021
0.006897 2708.235672 0.000003
0.006881 2693.146833 0.000000
0.006886 2699.607428 0.000000
0.006876 2689.777977 0.000000
0.006862 2688.996821 0.000000
0.006859 2691.237619 0.000000
0.006873 2686.350009 0.000000
0.006857 2691.909737 0.000000
0.006855 2688.489538 0.000000
0.006862 2685.301133 0.000000
0.006843 2685.831092 0.000000
0.006854 2688.710830 0.000000
0.006868 2681.948020 0.000000
0.006837 2679.810893 0.000000
0.006850 2678.895566 0.000000
0.006831 2681.877499 0.000000
0.006858 2681.197372 0.000000
0.006853 2684.752625 0.000000
0.006840 2675.248668 0.000000
0.006853 2674.716935 0.000000
0.006842 2672.546797 0.000000
0.006834 2677.935247 0.000000
0.006840 2676.571385 0.000000
0.006823 2674.767527 0.000000
0.006830 2672.271946 0.000000
0.006849 2667.887233 0.000000
0.006836 2664.452536 0.000000
0.006838 2667.034807 0.000000
0.006839 2667.601500 0.000000
0.006820 2662.466474 0.000000
0.006826 2662.724066 0.000000
0.006818 2667.808652 0.000000
0.006833 2674.255458 0.000000
0.006827 2661.267681 0.000000
0.006825 2669.498865 0.000000
0.006824 2666.909219 0.000000
0.006821 2668.212988 0.000000
0.006816 2667.281937 0.000000
0.006826 2661.361693 0.000000
0.006836 2660.509228 0.000000
0.006822 2668.579966 0.000000
0.006825 2663.873391 0.000000
0.006824 2661.784365 0.000000
0.006828 2665.221204 0.000000
0.006828 2658.348641 0.000000
0.006805 2659.897412 0.000000
0.006821 2666.880755 0.000000
0.006832 2656.181957 0.000000
0.006841 2663.733487 0.000000
0.006830 2663.213784 0.000000
