0.023593 9089.687983 0.082178
0.022841 8809.148250 0.079641
0.022375 8618.867907 0.076957
0.021540 8364.515356 0.074283
0.021042 8115.519340 0.071900
0.020296 7866.145807 0.068596
0.019820 7655.493953 0.066215
0.019111 7423.103989 0.062957
0.018470 7131.327971 0.060386
0.017990 6946.195312 0.057175
0.017224 6679.045764 0.054859
0.016587 6438.393225 0.051632
0.015957 6207.794862 0.048926
0.015433 5997.618423 0.046003
0.014821 5755.070690 0.043012
0.014191 5511.775770 0.040341
0.013692 5322.807494 0.037299
0.013153 5098.295957 0.034783
0.012551 4860.074962 0.031676
0.012094 4672.894615 0.028803
0.011512 4475.828327 0.026050
0.010972 4283.161616 0.023476
0.010568 4101.147822 0.021217
0.010123 3917.229041 0.018583
0.009599 3734.552327 0.015987
0.009190 3567.536148 0.013343
0.008778 3398.726748 0.010629
0.008310 3225.535858 0.007667
0.007976 3085.205980 0.005219
0.007638 2965.324036 0.002835
0.007398 2854.060661 0.001357
0.007254 2811.549832 0.000421
0.007250 2809.637600 0.000207
0.007253 2810.727042 0.000073
0.007212 2796.291894 0.000022
0.007248 2791.865959 0.000010
0.007208 2789.658636 0.000005
0.007237 2797.829528 0.000000
0.007215 2794.707673 0.000004
0.007211 2789.799022 0.000002
0.007166 2773.954927 0.000000
0.007175 2779.649958 0.000000
0.007186 2774.834017 0.000000
0.007187 2772.830557 0.000000
0.007161 2774.465420 0.000000
0.007165 2767.050646 0.000000
0.007133 2758.950048 0.000000
0.007141 2751.225043 0.000000
0.007126 2753.116673 0.000000
0.007129 2767.122878 0.000000
0.007114 2748.457107 0.000000
0.007107 2748.092672 0.000000
0.007118 2760.329818 0.000000
0.007106 2745.088747 0.000000
0.007097 2748.148016 0.000000
0.007095 2748.316017 0.000000
0.007082 2740.520904 0.000000
0.007077 2742.686511 0.000000
0.007089 2744.682037 0.000000
0.007074 2733.968855 0.000000
0.007046 2735.910669 0.000000
0.007044 2722.459360 0.000000
0.007064 2724.953902 0.000000
0.007072 2726.353923 0.000000
0.007034 2721.454778 0.000000
0.007047 2725.382318 0.000000
0.007038 2718.757156 0.000000
0.007057 2724.256219 0.000000
0.007041 2723.766588 0.000000
0.007022 2720.770675 0.000000
0.007017 2722.232683 0.000000
0.007039 2714.743054 0.000000
0.007025 2727.037038 0.000000
0.007038 2721.733314 0.000000
0.007004 2720.403532 0.000000
0.007012 2711.052550 0.000000
0.007017 2720.097574 0.000000
0.007004 2712.794435 0.000000
0.007013 2716.468075 0.000000
0.006996 2706.560728 0.000000
0.007022 2707.950971 0.000000
0.006998 2703.234934 0.000000
0.006987 2705.886640 0.000000
0.006999 2695.568806 0.000000
0.007003 2707.118489 0.000000
0.006993 2704.280383 0.000000
0.006995 2694.846712 0.000000
0.006972 2698.844227 0.000000
0.006991 2699.226586 0.000000
0.006983 2708.538743 0.000000
0.006995 2704.628006 0.000000
0.006973 2695.822603 0.000000
0.006983 2695.382412 0.000000
0.006975 2691.429529 0.000000
0.006978 2693.047211 0.000000
0.006958 2692.553523 0.000000
0.006974 2698.638170 0.000000
0.006952 2685.943601 0.000000
0.006975 2693.213890 0.000000
0.006968 2700.656697 0.000000
0.006945 2693.016181 0.000000
