0.356607 0.062558 0.055162 0.031626 0.002032 0.486184 0.005832 1.591396 2032.461620
0.357967 0.061180 0.056411 0.030172 0.002030 0.486380 0.005861 1.597492 2044.377043
0.360910 0.058318 0.057506 0.028848 0.002036 0.486494 0.005888 1.603473 2053.715831
0.364848 0.054974 0.058251 0.027500 0.002029 0.486478 0.005919 1.609019 2064.767220
0.369282 0.051402 0.058610 0.026253 0.002026 0.486485 0.005942 1.614222 2074.586004
0.374128 0.047811 0.058638 0.025078 0.002013 0.486361 0.005970 1.619055 2084.069558
0.379220 0.044317 0.058414 0.023915 0.001995 0.486141 0.005998 1.623546 2094.150813
0.384470 0.040921 0.057825 0.022777 0.001979 0.486004 0.006023 1.627716 2104.199228
0.389900 0.037664 0.057072 0.021687 0.001952 0.485673 0.006051 1.631607 2114.640937
0.395513 0.034637 0.056135 0.020625 0.001936 0.485081 0.006074 1.635144 2124.177830
0.401216 0.031730 0.054999 0.019610 0.001919 0.484427 0.006098 1.638466 2133.346242
0.406878 0.029100 0.053701 0.018627 0.001891 0.483681 0.006120 1.641442 2143.245716
0.412577 0.026678 0.052256 0.017684 0.001858 0.482798 0.006149 1.644174 2153.333061
0.418336 0.024457 0.050748 0.016758 0.001831 0.481696 0.006175 1.646662 2163.950788
0.424180 0.022415 0.049120 0.015887 0.001801 0.480401 0.006196 1.648913 2174.089037
0.429996 0.020472 0.047470 0.015065 0.001778 0.479004 0.006214 1.651034 2183.324078
0.435817 0.018686 0.045887 0.014239 0.001748 0.477381 0.006241 1.652984 2192.231666
0.441611 0.017056 0.044156 0.013468 0.001719 0.475728 0.006263 1.654751 2202.801167
0.447407 0.015555 0.042477 0.012764 0.001685 0.473827 0.006285 1.656363 2211.967073
0.453206 0.014212 0.040764 0.012077 0.001654 0.471781 0.006306 1.657818 2221.676903
0.459029 0.012956 0.039071 0.011402 0.001620 0.469593 0.006329 1.659160 2231.847811
0.464819 0.011791 0.037436 0.010759 0.001587 0.467261 0.006347 1.660403 2241.074593
0.470613 0.010764 0.035794 0.010144 0.001558 0.464761 0.006366 1.661503 2249.738532
0.476367 0.009824 0.034175 0.009574 0.001525 0.462148 0.006387 1.662504 2259.193332
0.482045 0.008967 0.032628 0.009032 0.001485 0.459438 0.006406 1.663418 2269.960849
0.487725 0.008180 0.031102 0.008496 0.001442 0.456628 0.006427 1.664253 2280.090631
0.493330 0.007458 0.029612 0.007974 0.001412 0.453770 0.006445 1.665020 2288.984334
0.498923 0.006763 0.028212 0.007510 0.001377 0.450753 0.006462 1.665753 2297.845363
0.504522 0.006187 0.026750 0.007072 0.001341 0.447647 0.006480 1.666367 2306.649984
0.510109 0.005627 0.025389 0.006677 0.001309 0.444393 0.006496 1.666960 2315.150518
0.515716 0.005136 0.024070 0.006282 0.001273 0.441011 0.006512 1.667486 2325.384092
0.521146 0.004674 0.022827 0.005908 0.001246 0.437671 0.006528 1.667969 2333.051286
0.526576 0.004255 0.021606 0.005552 0.001211 0.434257 0.006543 1.668415 2342.097498
0.532014 0.003879 0.020452 0.005219 0.001177 0.430701 0.006558 1.668819 2351.093160
0.537381 0.003535 0.019324 0.004919 0.001143 0.427123 0.006575 1.669183 2359.836754
0.542786 0.003243 0.018277 0.004618 0.001106 0.423379 0.006590 1.669496 2367.789190
0.548057 0.002945 0.017304 0.004334 0.001076 0.419680 0.006605 1.669810 2375.433417
0.553284 0.002688 0.016324 0.004059 0.001040 0.415986 0.006620 1.670085 2383.653726
0.558454 0.002441 0.015404 0.003806 0.001008 0.412254 0.006633 1.670346 2391.743436
0.563588 0.002231 0.014527 0.003566 0.000977 0.408463 0.006648 1.670569 2400.198789
0.568670 0.002027 0.013707 0.003346 0.000956 0.404635 0.006661 1.670787 2406.938391
0.573731 0.001851 0.012945 0.003139 0.000931 0.400727 0.006676 1.670975 2414.013106
0.578701 0.001690 0.012218 0.002945 0.000906 0.396854 0.006687 1.671151 2421.128228
0.583668 0.001548 0.011496 0.002772 0.000871 0.392942 0.006703 1.671302 2430.297173
0.588580 0.001408 0.010850 0.002594 0.000845 0.389010 0.006713 1.671451 2437.436320
0.593345 0.001283 0.010209 0.002445 0.000819 0.385174 0.006725 1.671587 2444.089507
0.598146 0.001165 0.009606 0.002289 0.000793 0.381267 0.006735 1.671714 2451.634599
0.602912 0.001053 0.009056 0.002141 0.000774 0.377320 0.006744 1.671835 2457.719033
0.607572 0.000966 0.008510 0.002005 0.000749 0.373443 0.006756 1.671930 2465.070106
0.612245 0.000882 0.007999 0.001878 0.000730 0.369501 0.006764 1.672023 2470.448491
0.616806 0.000809 0.007508 0.001763 0.000704 0.365636 0.006774 1.672104 2477.960207
0.621345 0.000739 0.007058 0.001659 0.000682 0.361734 0.006784 1.672181 2484.257491
0.625820 0.000675 0.006648 0.001556 0.000660 0.357846 0.006794 1.672250 2490.676145
0.630281 0.000628 0.006224 0.001456 0.000639 0.353970 0.006802 1.672304 2496.315764
0.634684 0.000577 0.005838 0.001363 0.000615 0.350114 0.006810 1.672359 2502.404937
0.639006 0.000525 0.005470 0.001283 0.000595 0.346303 0.006819 1.672416 2508.491746
0.643335 0.000482 0.005127 0.001203 0.000581 0.342447 0.006825 1.672464 2512.703467
0.647561 0.000444 0.004799 0.001122 0.000561 0.338680 0.006834 1.672507 2519.006662
0.651782 0.000405 0.004503 0.001056 0.000544 0.334868 0.006842 1.672551 2524.397051
0.655915 0.000371 0.004223 0.000995 0.000525 0.331124 0.006849 1.672587 2530.375279
0.659992 0.000339 0.003961 0.000936 0.000505 0.327410 0.006857 1.672624 2535.970472
0.664036 0.000310 0.003712 0.000877 0.000484 0.323717 0.006865 1.672655 2541.501262
0.668029 0.000285 0.003483 0.000822 0.000468 0.320042 0.006871 1.672683 2546.910350
0.672039 0.000260 0.003268 0.000773 0.000453 0.316329 0.006877 1.672711 2551.400409
0.676005 0.000240 0.003060 0.000723 0.000437 0.312648 0.006886 1.672736 2556.712181
0.679871 0.000220 0.002864 0.000671 0.000426 0.309057 0.006891 1.672758 2560.323968
0.683755 0.000204 0.002687 0.000630 0.000415 0.305415 0.006894 1.672778 2563.721103
0.687555 0.000187 0.002517 0.000594 0.000397 0.301851 0.006900 1.672797 2569.289035
0.691328 0.000175 0.002362 0.000556 0.000380 0.298291 0.006907 1.672811 2573.894733
0.695025 0.000160 0.002222 0.000522 0.000363 0.294794 0.006914 1.672829 2578.635588
0.698678 0.000145 0.002081 0.000485 0.000348 0.291345 0.006919 1.672846 2583.574367
0.702348 0.000137 0.001946 0.000449 0.000333 0.287863 0.006924 1.672858 2588.931298
0.705932 0.000124 0.001821 0.000422 0.000324 0.284450 0.006928 1.672872 2592.649329
0.709479 0.000115 0.001701 0.000395 0.000312 0.281065 0.006932 1.672882 2596.613794
0.712944 0.000108 0.001592 0.000372 0.000301 0.277747 0.006938 1.672892 2600.708955
0.716340 0.000098 0.001484 0.000349 0.000287 0.274498 0.006944 1.672903 2605.304723
0.719741 0.000089 0.001388 0.000328 0.000277 0.271230 0.006948 1.672913 2608.958383
0.723117 0.000083 0.001296 0.000307 0.000270 0.267975 0.006952 1.672921 2612.293530
0.726476 0.000077 0.001215 0.000289 0.000258 0.264728 0.006957 1.672929 2616.168853
0.729784 0.000072 0.001139 0.000267 0.000249 0.261529 0.006960 1.672936 2619.342016
0.733079 0.000066 0.001064 0.000251 0.000241 0.258335 0.006964 1.672943 2622.474035
0.736319 0.000058 0.000998 0.000236 0.000233 0.255189 0.006966 1.672951 2625.638055
0.739487 0.000052 0.000937 0.000223 0.000225 0.252106 0.006970 1.672958 2628.626616
0.742647 0.000050 0.000873 0.000208 0.000217 0.249034 0.006973 1.672962 2631.211182
0.745792 0.000046 0.000820 0.000189 0.000208 0.245970 0.006975 1.672967 2634.778548
0.748858 0.000043 0.000760 0.000177 0.000199 0.242983 0.006980 1.672970 2638.297005
0.751844 0.000040 0.000714 0.000161 0.000193 0.240066 0.006983 1.672975 2641.614395
0.754864 0.000039 0.000662 0.000150 0.000186 0.237114 0.006985 1.672978 2644.474052
0.757808 0.000038 0.000619 0.000141 0.000176 0.234229 0.006989 1.672981 2648.958183
0.760720 0.000036 0.000579 0.000133 0.000170 0.231371 0.006992 1.672983 2651.167763
0.763590 0.000033 0.000539 0.000123 0.000163 0.228557 0.006994 1.672987 2653.805024
0.766431 0.000033 0.000503 0.000116 0.000160 0.225762 0.006995 1.672988 2654.794106
0.769233 0.000031 0.000474 0.000107 0.000155 0.223003 0.006998 1.672991 2656.825798
0.772024 0.000029 0.000445 0.000102 0.000147 0.220252 0.007001 1.672993 2660.560413
0.774756 0.000027 0.000416 0.000095 0.000140 0.217563 0.007004 1.672996 2662.899219
0.777449 0.000026 0.000389 0.000090 0.000136 0.214905 0.007006 1.672998 2664.631464
0.780040 0.000024 0.000363 0.000082 0.000130 0.212353 0.007008 1.673000 2667.234770
0.782699 0.000023 0.000338 0.000079 0.000126 0.209725 0.007010 1.673003 2668.917101
0.785304 0.000021 0.000318 0.000072 0.000123 0.207150 0.007012 1.673005 2669.807629
0.787876 0.000020 0.000298 0.000067 0.000119 0.204609 0.007013 1.673006 2671.669975
0.790398 0.000018 0.000279 0.000063 0.000114 0.202113 0.007015 1.673008 2673.814827
0.792907 0.000017 0.000260 0.000058 0.000109 0.199633 0.007016 1.673010 2676.390200
0.795384 0.000015 0.000247 0.000055 0.000105 0.197177 0.007018 1.673011 2678.670561
0.797816 0.000015 0.000229 0.000050 0.000103 0.194770 0.007018 1.673013 2679.698717
0.800198 0.000015 0.000215 0.000047 0.000098 0.192408 0.007020 1.673013 2682.050515
0.802556 0.000013 0.000200 0.000045 0.000095 0.190070 0.007022 1.673014 2684.215648
0.804826 0.000013 0.000188 0.000042 0.000091 0.187820 0.007022 1.673015 2685.817000
0.807076 0.000012 0.000176 0.000038 0.000088 0.185587 0.007024 1.673017 2687.452317
0.809290 0.000010 0.000162 0.000036 0.000085 0.183393 0.007024 1.673018 2688.779992
0.811503 0.000010 0.000151 0.000033 0.000081 0.181196 0.007026 1.673019 2690.159110
0.813634 0.000010 0.000141 0.000032 0.000078 0.179079 0.007028 1.673019 2692.261096
0.815667 0.000009 0.000133 0.000029 0.000075 0.177058 0.007029 1.673020 2693.608816
0.817690 0.000008 0.000124 0.000028 0.000071 0.175047 0.007032 1.673021 2695.695942
0.819621 0.000007 0.000113 0.000026 0.000068 0.173131 0.007032 1.673022 2696.981461
0.821463 0.000006 0.000106 0.000025 0.000066 0.171300 0.007033 1.673024 2698.182738
0.823274 0.000006 0.000098 0.000024 0.000062 0.169500 0.007035 1.673024 2700.211625
0.825015 0.000005 0.000094 0.000023 0.000059 0.167767 0.007037 1.673025 2701.891381
0.826745 0.000005 0.000088 0.000022 0.000056 0.166047 0.007038 1.673026 2703.471609
0.828395 0.000005 0.000082 0.000020 0.000053 0.164406 0.007039 1.673026 2704.905412
0.829989 0.000005 0.000078 0.000018 0.000053 0.162818 0.007039 1.673026 2704.969101
0.831496 0.000004 0.000074 0.000017 0.000052 0.161319 0.007039 1.673027 2705.645997
0.833015 0.000004 0.000069 0.000015 0.000050 0.159807 0.007040 1.673027 2706.376581
0.834446 0.000004 0.000063 0.000015 0.000049 0.158383 0.007041 1.673027 2707.099184
0.835828 0.000003 0.000061 0.000014 0.000047 0.157006 0.007041 1.673027 2708.049179
0.837206 0.000004 0.000057 0.000013 0.000046 0.155634 0.007042 1.673028 2708.663094
0.838446 0.000003 0.000053 0.000011 0.000044 0.154399 0.007043 1.673028 2709.678985
0.839661 0.000003 0.000050 0.000011 0.000042 0.153189 0.007044 1.673028 2710.705000
0.840828 0.000003 0.000045 0.000010 0.000040 0.152028 0.007045 1.673029 2711.495226
0.841911 0.000003 0.000043 0.000010 0.000039 0.150949 0.007045 1.673029 2712.529350
0.842933 0.000003 0.000041 0.000009 0.000038 0.149931 0.007046 1.673029 2713.069494
0.843962 0.000002 0.000039 0.000008 0.000037 0.148905 0.007046 1.673029 2713.404636
0.844934 0.000002 0.000037 0.000007 0.000036 0.147937 0.007046 1.673029 2714.065171
0.845850 0.000002 0.000036 0.000007 0.000035 0.147024 0.007046 1.673030 2714.479400
0.846760 0.000001 0.000033 0.000007 0.000034 0.146118 0.007047 1.673030 2715.368502
0.847596 0.000002 0.000032 0.000007 0.000032 0.145284 0.007047 1.673030 2716.283097
0.848417 0.000002 0.000028 0.000006 0.000031 0.144468 0.007048 1.673030 2716.877998
0.849206 0.000001 0.000028 0.000006 0.000029 0.143682 0.007048 1.673031 2718.216759
0.849939 0.000000 0.000026 0.000005 0.000028 0.142953 0.007048 1.673031 2718.894757
0.850616 0.000000 0.000024 0.000005 0.000028 0.142278 0.007048 1.673031 2719.331040
0.851239 0.000000 0.000022 0.000005 0.000026 0.141659 0.007049 1.673031 2720.659994
0.851833 0.000000 0.000021 0.000005 0.000025 0.141067 0.007050 1.673031 2721.320516
0.852400 0.000000 0.000020 0.000004 0.000024 0.140502 0.007050 1.673031 2721.983420
0.852961 0.000000 0.000020 0.000004 0.000023 0.139941 0.007050 1.673031 2722.067660
0.853490 0.000000 0.000019 0.000003 0.000023 0.139415 0.007050 1.673031 2722.393876
0.853988 0.000000 0.000017 0.000003 0.000022 0.138919 0.007051 1.673031 2722.724219
0.854444 0.000000 0.000016 0.000003 0.000021 0.138465 0.007051 1.673031 2723.241366
0.854884 0.000001 0.000015 0.000003 0.000021 0.138026 0.007051 1.673031 2723.576315
0.855296 0.000001 0.000014 0.000003 0.000020 0.137615 0.007052 1.673031 2723.940870
0.855701 0.000001 0.000013 0.000003 0.000019 0.137211 0.007052 1.673031 2724.395741
0.856104 0.000001 0.000012 0.000003 0.000018 0.136810 0.007052 1.673031 2724.767275
0.856472 0.000001 0.000011 0.000003 0.000018 0.136443 0.007053 1.673031 2725.229088
0.856806 0.000001 0.000010 0.000003 0.000017 0.136110 0.007053 1.673031 2725.666514
0.857137 0.000001 0.000010 0.000003 0.000017 0.135780 0.007053 1.673031 2725.807611
0.857443 0.000000 0.000010 0.000003 0.000016 0.135474 0.007053 1.673031 2726.138025
0.857734 0.000000 0.000009 0.000003 0.000015 0.135184 0.007054 1.673031 2726.851272
0.858005 0.000000 0.000009 0.000002 0.000015 0.134915 0.007054 1.673031 2727.047728
0.858285 0.000001 0.000008 0.000002 0.000014 0.134636 0.007054 1.673031 2727.209135
0.858533 0.000001 0.000008 0.000002 0.000014 0.134389 0.007054 1.673031 2727.420691
0.858765 0.000001 0.000006 0.000002 0.000014 0.134158 0.007054 1.673031 2727.644314
0.858988 0.000000 0.000006 0.000002 0.000013 0.133936 0.007054 1.673032 2727.856095
0.859206 0.000000 0.000006 0.000002 0.000013 0.133718 0.007054 1.673032 2727.856095
0.859412 0.000000 0.000006 0.000002 0.000013 0.133513 0.007055 1.673032 2728.083892
0.859616 0.000000 0.000005 0.000002 0.000013 0.133309 0.007055 1.673032 2728.237166
0.859823 0.000000 0.000005 0.000002 0.000012 0.133104 0.007055 1.673032 2728.764465
0.860004 0.000000 0.000005 0.000002 0.000011 0.132923 0.007055 1.673032 2729.143404
0.860182 0.000000 0.000004 0.000002 0.000011 0.132746 0.007055 1.673032 2729.280790
0.860342 0.000000 0.000003 0.000002 0.000011 0.132587 0.007055 1.673032 2729.506307
0.860489 0.000000 0.000003 0.000002 0.000010 0.132440 0.007055 1.673032 2729.909175
0.860640 0.000000 0.000003 0.000002 0.000010 0.132290 0.007055 1.673032 2730.029244
0.860772 0.000000 0.000002 0.000002 0.000010 0.132158 0.007056 1.673032 2730.398523
0.860893 0.000001 0.000002 0.000002 0.000010 0.132038 0.007056 1.673032 2730.398523
0.861008 0.000001 0.000002 0.000002 0.000009 0.131923 0.007056 1.673032 2730.601433
0.861128 0.000001 0.000002 0.000001 0.000009 0.131803 0.007056 1.673032 2731.021476
0.861241 0.000000 0.000001 0.000002 0.000009 0.131691 0.007056 1.673033 2731.164972
0.861346 0.000000 0.000001 0.000002 0.000009 0.131587 0.007056 1.673033 2731.164972
0.861448 0.000000 0.000001 0.000001 0.000008 0.131486 0.007056 1.673033 2731.456257
0.861542 0.000000 0.000001 0.000001 0.000008 0.131392 0.007056 1.673033 2731.647901
0.861621 0.000000 0.000000 0.000001 0.000007 0.131314 0.007056 1.673033 2732.224637
0.861694 0.000000 0.000000 0.000001 0.000007 0.131241 0.007056 1.673033 2732.224637
0.861772 0.000000 0.000000 0.000001 0.000007 0.131163 0.007056 1.673033 2732.224637
0.861838 0.000000 0.000000 0.000001 0.000007 0.131097 0.007056 1.673033 2732.224637
0.861905 0.000000 0.000000 0.000001 0.000006 0.131031 0.007056 1.673033 2732.447630
0.861967 0.000000 0.000000 0.000000 0.000006 0.130969 0.007056 1.673033 2732.694299
0.862026 0.000000 0.000000 0.000000 0.000006 0.130911 0.007056 1.673033 2732.896592
0.862080 0.000000 0.000000 0.000000 0.000006 0.130856 0.007056 1.673033 2732.896592
0.862138 0.000000 0.000000 0.000000 0.000006 0.130799 0.007056 1.673033 2732.896592
0.862196 0.000000 0.000000 0.000000 0.000006 0.130742 0.007056 1.673033 2733.113475
0.862244 0.000000 0.000000 0.000000 0.000005 0.130693 0.007057 1.673033 2734.016776
0.862282 0.000000 0.000000 0.000000 0.000005 0.130655 0.007057 1.673033 2734.016776
0.862327 0.000000 0.000000 0.000000 0.000005 0.130611 0.007057 1.673033 2734.254046
0.862366 0.000000 0.000000 0.000000 0.000004 0.130572 0.007057 1.673033 2734.499535
0.862406 0.000000 0.000000 0.000000 0.000004 0.130532 0.007057 1.673033 2734.499535
0.862441 0.000000 0.000000 0.000000 0.000004 0.130498 0.007057 1.673033 2734.605926
0.862476 0.000000 0.000000 0.000000 0.000004 0.130462 0.007057 1.673033 2734.605926
0.862512 0.000000 0.000000 0.000000 0.000004 0.130427 0.007057 1.673033 2734.605926
0.862550 0.000000 0.000000 0.000000 0.000004 0.130389 0.007057 1.673033 2734.788800
0.862584 0.000000 0.000000 0.000000 0.000004 0.130355 0.007057 1.673033 2734.788800
0.862617 0.000000 0.000000 0.000000 0.000004 0.130322 0.007057 1.673033 2734.788800
0.862644 0.000000 0.000000 0.000000 0.000004 0.130295 0.007057 1.673033 2735.006478
0.862672 0.000000 0.000000 0.000000 0.000004 0.130267 0.007057 1.673033 2735.006478
0.862696 0.000000 0.000000 0.000000 0.000003 0.130243 0.007057 1.673033 2735.069145
0.862722 0.000000 0.000000 0.000000 0.000003 0.130217 0.007057 1.673033 2735.069145
0.862745 0.000000 0.000000 0.000000 0.000003 0.130194 0.007057 1.673033 2735.069145
0.862771 0.000000 0.000000 0.000000 0.000003 0.130168 0.007057 1.673033 2735.069145
0.862793 0.000000 0.000000 0.000000 0.000003 0.130146 0.007057 1.673033 2735.069145
0.862817 0.000000 0.000000 0.000000 0.000003 0.130122 0.007057 1.673033 2735.094359
0.862835 0.000000 0.000000 0.000000 0.000003 0.130104 0.007057 1.673033 2735.094359
0.862853 0.000000 0.000000 0.000000 0.000003 0.130086 0.007057 1.673033 2735.094359
0.862869 0.000000 0.000000 0.000000 0.000003 0.130070 0.007057 1.673033 2735.117283
0.862888 0.000000 0.000000 0.000000 0.000003 0.130051 0.007057 1.673033 2735.117283
0.862910 0.000000 0.000000 0.000000 0.000003 0.130029 0.007057 1.673033 2735.117283
0.862930 0.000000 0.000000 0.000000 0.000003 0.130010 0.007057 1.673033 2735.117283
0.862947 0.000000 0.000000 0.000000 0.000003 0.129993 0.007057 1.673033 2735.370637
0.862966 0.000000 0.000000 0.000000 0.000002 0.129974 0.007057 1.673033 2735.415883
0.862979 0.000000 0.000000 0.000000 0.000002 0.129961 0.007057 1.673033 2735.415883
0.862993 0.000000 0.000000 0.000000 0.000002 0.129947 0.007057 1.673033 2735.415883
0.863007 0.000000 0.000000 0.000000 0.000002 0.129933 0.007057 1.673033 2735.415883
0.863020 0.000000 0.000000 0.000000 0.000002 0.129920 0.007057 1.673033 2735.562267
0.863031 0.000000 0.000000 0.000000 0.000002 0.129909 0.007057 1.673033 2735.562267
0.863041 0.000000 0.000000 0.000000 0.000002 0.129900 0.007057 1.673033 2735.562267
0.863052 0.000000 0.000000 0.000000 0.000002 0.129889 0.007057 1.673033 2735.562267
0.863061 0.000000 0.000000 0.000000 0.000002 0.129879 0.007057 1.673033 2735.562267
0.863071 0.000000 0.000000 0.000000 0.000002 0.129870 0.007057 1.673033 2735.562267
0.863084 0.000000 0.000000 0.000000 0.000002 0.129856 0.007057 1.673033 2735.562267
0.863093 0.000000 0.000000 0.000000 0.000002 0.129848 0.007057 1.673033 2735.562267
0.863104 0.000000 0.000000 0.000000 0.000002 0.129837 0.007057 1.673033 2735.562267
0.863115 0.000000 0.000000 0.000000 0.000002 0.129825 0.007057 1.673033 2735.562267
0.863128 0.000000 0.000000 0.000000 0.000002 0.129813 0.007057 1.673033 2735.562267
0.863138 0.000000 0.000000 0.000000 0.000002 0.129802 0.007057 1.673033 2735.562267
0.863149 0.000000 0.000000 0.000000 0.000002 0.129791 0.007057 1.673033 2735.562267
0.863158 0.000000 0.000000 0.000000 0.000002 0.129783 0.007057 1.673033 2735.562267
0.863168 0.000000 0.000000 0.000000 0.000002 0.129772 0.007057 1.673033 2735.562267
0.863177 0.000000 0.000000 0.000000 0.000002 0.129764 0.007057 1.673033 2735.562267
0.863185 0.000000 0.000000 0.000000 0.000002 0.129755 0.007057 1.673033 2735.562267
0.863194 0.000000 0.000000 0.000000 0.000002 0.129747 0.007057 1.673033 2735.562267
0.863203 0.000000 0.000000 0.000000 0.000002 0.129738 0.007057 1.673033 2735.562267
0.863209 0.000000 0.000000 0.000000 0.000002 0.129732 0.007057 1.673033 2735.562267
0.863217 0.000000 0.000000 0.000000 0.000002 0.129724 0.007057 1.673033 2735.562267
0.863225 0.000000 0.000000 0.000000 0.000002 0.129716 0.007057 1.673033 2735.562267
0.863235 0.000000 0.000000 0.000000 0.000002 0.129706 0.007058 1.673033 2735.668112
0.863242 0.000000 0.000000 0.000000 0.000002 0.129699 0.007058 1.673033 2735.668112
0.863251 0.000000 0.000000 0.000000 0.000002 0.129690 0.007058 1.673033 2735.941432
0.863257 0.000000 0.000000 0.000000 0.000002 0.129683 0.007058 1.673033 2735.941432
0.863263 0.000000 0.000000 0.000000 0.000002 0.129678 0.007058 1.673033 2735.941432
0.863268 0.000000 0.000000 0.000000 0.000002 0.129673 0.007058 1.673033 2735.941432
0.863274 0.000000 0.000000 0.000000 0.000002 0.129667 0.007058 1.673033 2735.941432
0.863281 0.000000 0.000000 0.000000 0.000001 0.129660 0.007058 1.673033 2736.197199
0.863284 0.000000 0.000000 0.000000 0.000001 0.129656 0.007058 1.673033 2736.197199
0.863287 0.000000 0.000000 0.000000 0.000001 0.129653 0.007058 1.673033 2736.197199
0.863293 0.000000 0.000000 0.000000 0.000001 0.129647 0.007058 1.673033 2736.197199
0.863297 0.000000 0.000000 0.000000 0.000001 0.129644 0.007058 1.673033 2736.449491
0.863300 0.000000 0.000000 0.000000 0.000001 0.129641 0.007058 1.673033 2736.449491
0.863304 0.000000 0.000000 0.000000 0.000001 0.129637 0.007058 1.673033 2736.449491
0.863308 0.000000 0.000000 0.000000 0.000001 0.129633 0.007058 1.673033 2736.449491
0.863311 0.000000 0.000000 0.000000 0.000001 0.129629 0.007058 1.673033 2736.449491
0.863315 0.000000 0.000000 0.000000 0.000001 0.129626 0.007058 1.673033 2736.449491
0.863317 0.000000 0.000000 0.000000 0.000001 0.129624 0.007058 1.673033 2736.449491
0.863320 0.000000 0.000000 0.000000 0.000001 0.129621 0.007058 1.673033 2736.449491
0.863323 0.000000 0.000000 0.000000 0.000001 0.129618 0.007058 1.673033 2736.449491
0.863326 0.000000 0.000000 0.000000 0.000001 0.129614 0.007058 1.673033 2736.449491
0.863329 0.000000 0.000000 0.000000 0.000001 0.129612 0.007058 1.673033 2736.449491
0.863332 0.000000 0.000000 0.000000 0.000001 0.129609 0.007058 1.673033 2736.449491
0.863336 0.000000 0.000000 0.000000 0.000001 0.129604 0.007058 1.673033 2736.449491
0.863340 0.000000 0.000000 0.000000 0.000001 0.129601 0.007058 1.673033 2736.449491
0.863343 0.000000 0.000000 0.000000 0.000001 0.129597 0.007058 1.673033 2736.449491
0.863347 0.000000 0.000000 0.000000 0.000001 0.129594 0.007058 1.673033 2736.449491
0.863350 0.000000 0.000000 0.000000 0.000001 0.129590 0.007058 1.673033 2736.449491
0.863352 0.000000 0.000000 0.000000 0.000001 0.129589 0.007058 1.673033 2736.537387
0.863355 0.000000 0.000000 0.000000 0.000001 0.129586 0.007058 1.673033 2736.537387
0.863357 0.000000 0.000000 0.000000 0.000001 0.129584 0.007058 1.673033 2736.537387
0.863359 0.000000 0.000000 0.000000 0.000001 0.129582 0.007058 1.673033 2736.537387
0.863361 0.000000 0.000000 0.000000 0.000000 0.129580 0.007058 1.673033 2736.854998
0.863362 0.000000 0.000000 0.000000 0.000000 0.129579 0.007058 1.673033 2737.160842
0.863362 0.000000 0.000000 0.000000 0.000000 0.129579 0.007058 1.673033 2737.160842
0.863363 0.000000 0.000000 0.000000 0.000000 0.129578 0.007058 1.673033 2737.160842
0.863364 0.000000 0.000000 0.000000 0.000000 0.129578 0.007058 1.673033 2737.160842
0.863364 0.000000 0.000000 0.000000 0.000000 0.129578 0.007058 1.673033 2737.502778
0.863364 0.000000 0.000000 0.000000 0.000000 0.129578 0.007058 1.673033 2737.502778
0.863364 0.000000 0.000000 0.000000 0.000000 0.129578 0.007058 1.673033 2737.502778
0.863364 0.000000 0.000000 0.000000 0.000000 0.129578 0.007058 1.673033 2737.502778
0.863364 0.000000 0.000000 0.000000 0.000000 0.129578 0.007058 1.673033 2737.502778
0.863364 0.000000 0.000000 0.000000 0.000000 0.129578 0.007058 1.673033 2737.502778
0.863364 0.000000 0.000000 0.000000 0.000000 0.129578 0.007058 1.673033 2737.502778
0.863364 0.000000 0.000000 0.000000 0.000000 0.129578 0.007058 1.673033 2737.502778
0.863364 0.000000 0.000000 0.000000 0.000000 0.129578 0.007058 1.673033 2737.502778
0.863364 0.000000 0.000000 0.000000 0.000000 0.129578 0.007058 1.673033 2737.502778
0.863364 0.000000 0.000000 0.000000 0.000000 0.129578 0.007058 1.673033 2737.502778
0.863364 0.000000 0.000000 0.000000 0.000000 0.129578 0.007058 1.673033 2737.502778
0.863364 0.000000 0.000000 0.000000 0.000000 0.129578 0.007058 1.673033 2737.502778
0.863364 0.000000 0.000000 0.000000 0.000000 0.129578 0.007058 1.673033 2737.502778
0.863364 0.000000 0.000000 0.000000 0.000000 0.129578 0.007058 1.673033 2737.502778
0.863364 0.000000 0.000000 0.000000 0.000000 0.129578 0.007058 1.673033 2737.502778
0.863364 0.000000 0.000000 0.000000 0.000000 0.129578 0.007058 1.673033 2737.502778
0.863364 0.000000 0.000000 0.000000 0.000000 0.129578 0.007058 1.673033 2737.502778
0.863364 0.000000 0.000000 0.000000 0.000000 0.129578 0.007058 1.673033 2737.502778
0.863364 0.000000 0.000000 0.000000 0.000000 0.129578 0.007058 1.673033 2737.502778
0.863364 0.000000 0.000000 0.000000 0.000000 0.129578 0.007058 1.673033 2737.502778
0.863364 0.000000 0.000000 0.000000 0.000000 0.129578 0.007058 1.673033 2737.502778
0.863364 0.000000 0.000000 0.000000 0.000000 0.129578 0.007058 1.673033 2737.502778
0.863364 0.000000 0.000000 0.000000 0.000000 0.129578 0.007058 1.673033 2737.502778
0.863364 0.000000 0.000000 0.000000 0.000000 0.129578 0.007058 1.673033 2737.502778
0.863364 0.000000 0.000000 0.000000 0.000000 0.129578 0.007058 1.673033 2737.502778
0.863364 0.000000 0.000000 0.000000 0.000000 0.129578 0.007058 1.673033 2737.502778
0.863364 0.000000 0.000000 0.000000 0.000000 0.129578 0.007058 1.673033 2737.502778
0.863364 0.000000 0.000000 0.000000 0.000000 0.129578 0.007058 1.673033 2737.502778
0.863364 0.000000 0.000000 0.000000 0.000000 0.129578 0.007058 1.673033 2737.502778
0.863364 0.000000 0.000000 0.000000 0.000000 0.129578 0.007058 1.673033 2737.502778
0.863364 0.000000 0.000000 0.000000 0.000000 0.129578 0.007058 1.673033 2737.502778
0.863364 0.000000 0.000000 0.000000 0.000000 0.129578 0.007058 1.673033 2737.502778
0.863364 0.000000 0.000000 0.000000 0.000000 0.129578 0.007058 1.673033 2737.502778
0.863364 0.000000 0.000000 0.000000 0.000000 0.129578 0.007058 1.673033 2737.502778
0.863364 0.000000 0.000000 0.000000 0.000000 0.129578 0.007058 1.673033 2737.502778
0.863364 0.000000 0.000000 0.000000 0.000000 0.129578 0.007058 1.673033 2737.502778
0.863364 0.000000 0.000000 0.000000 0.000000 0.129578 0.007058 1.673033 2737.502778
0.863364 0.000000 0.000000 0.000000 0.000000 0.129578 0.007058 1.673033 2737.502778
0.863364 0.000000 0.000000 0.000000 0.000000 0.129578 0.007058 1.673033 2737.502778
0.863364 0.000000 0.000000 0.000000 0.000000 0.129578 0.007058 1.673033 2737.502778
0.863364 0.000000 0.000000 0.000000 0.000000 0.129578 0.007058 1.673033 2737.502778
0.863364 0.000000 0.000000 0.000000 0.000000 0.129578 0.007058 1.673033 2737.502778
0.863364 0.000000 0.000000 0.000000 0.000000 0.129578 0.007058 1.673033 2737.502778
0.863364 0.000000 0.000000 0.000000 0.000000 0.129578 0.007058 1.673033 2737.502778
0.863364 0.000000 0.000000 0.000000 0.000000 0.129578 0.007058 1.673033 2737.502778
0.863364 0.000000 0.000000 0.000000 0.000000 0.129578 0.007058 1.673033 2737.502778
0.863364 0.000000 0.000000 0.000000 0.000000 0.129578 0.007058 1.673033 2737.502778
0.863364 0.000000 0.000000 0.000000 0.000000 0.129578 0.007058 1.673033 2737.502778
0.863364 0.000000 0.000000 0.000000 0.000000 0.129578 0.007058 1.673033 2737.502778
0.863364 0.000000 0.000000 0.000000 0.000000 0.129578 0.007058 1.673033 2737.502778
0.863364 0.000000 0.000000 0.000000 0.000000 0.129578 0.007058 1.673033 2737.502778
0.863364 0.000000 0.000000 0.000000 0.000000 0.129578 0.007058 1.673033 2737.502778
0.863364 0.000000 0.000000 0.000000 0.000000 0.129578 0.007058 1.673033 2737.502778
0.863364 0.000000 0.000000 0.000000 0.000000 0.129578 0.007058 1.673033 2737.502778
0.863364 0.000000 0.000000 0.000000 0.000000 0.129578 0.007058 1.673033 2737.502778
0.863364 0.000000 0.000000 0.000000 0.000000 0.129578 0.007058 1.673033 2737.502778
0.863364 0.000000 0.000000 0.000000 0.000000 0.129578 0.007058 1.673033 2737.502778
0.863364 0.000000 0.000000 0.000000 0.000000 0.129578 0.007058 1.673033 2737.502778
0.863364 0.000000 0.000000 0.000000 0.000000 0.129578 0.007058 1.673033 2737.502778
0.863364 0.000000 0.000000 0.000000 0.000000 0.129578 0.007058 1.673033 2737.502778
0.863364 0.000000 0.000000 0.000000 0.000000 0.129578 0.007058 1.673033 2737.502778
0.863364 0.000000 0.000000 0.000000 0.000000 0.129578 0.007058 1.673033 2737.502778
0.863364 0.000000 0.000000 0.000000 0.000000 0.129578 0.007058 1.673033 2737.502778
0.863364 0.000000 0.000000 0.000000 0.000000 0.129578 0.007058 1.673033 2737.502778
0.863364 0.000000 0.000000 0.000000 0.000000 0.129578 0.007058 1.673033 2737.502778
0.863364 0.000000 0.000000 0.000000 0.000000 0.129578 0.007058 1.673033 2737.502778
0.863364 0.000000 0.000000 0.000000 0.000000 0.129578 0.007058 1.673033 2737.502778
0.863364 0.000000 0.000000 0.000000 0.000000 0.129578 0.007058 1.673033 2737.502778
0.863364 0.000000 0.000000 0.000000 0.000000 0.129578 0.007058 1.673033 2737.502778
0.863364 0.000000 0.000000 0.000000 0.000000 0.129578 0.007058 1.673033 2737.502778
0.863364 0.000000 0.000000 0.000000 0.000000 0.129578 0.007058 1.673033 2737.502778
0.863364 0.000000 0.000000 0.000000 0.000000 0.129578 0.007058 1.673033 2737.502778
0.863364 0.000000 0.000000 0.000000 0.000000 0.129578 0.007058 1.673033 2737.502778
0.863364 0.000000 0.000000 0.000000 0.000000 0.129578 0.007058 1.673033 2737.502778
0.863364 0.000000 0.000000 0.000000 0.000000 0.129578 0.007058 1.673033 2737.502778
0.863364 0.000000 0.000000 0.000000 0.000000 0.129578 0.007058 1.673033 2737.502778
0.863364 0.000000 0.000000 0.000000 0.000000 0.129578 0.007058 1.673033 2737.502778
0.863364 0.000000 0.000000 0.000000 0.000000 0.129578 0.007058 1.673033 2737.502778
0.863364 0.000000 0.000000 0.000000 0.000000 0.129578 0.007058 1.673033 2737.502778
0.863364 0.000000 0.000000 0.000000 0.000000 0.129578 0.007058 1.673033 2737.502778
0.863364 0.000000 0.000000 0.000000 0.000000 0.129578 0.007058 1.673033 2737.502778
0.863364 0.000000 0.000000 0.000000 0.000000 0.129578 0.007058 1.673033 2737.502778
0.863364 0.000000 0.000000 0.000000 0.000000 0.129578 0.007058 1.673033 2737.502778
0.863364 0.000000 0.000000 0.000000 0.000000 0.129578 0.007058 1.673033 2737.502778
0.863364 0.000000 0.000000 0.000000 0.000000 0.129578 0.007058 1.673033 2737.502778
0.863364 0.000000 0.000000 0.000000 0.000000 0.129578 0.007058 1.673033 2737.502778
0.863364 0.000000 0.000000 0.000000 0.000000 0.129578 0.007058 1.673033 2737.502778
0.863364 0.000000 0.000000 0.000000 0.000000 0.129578 0.007058 1.673033 2737.502778
0.863364 0.000000 0.000000 0.000000 0.000000 0.129578 0.007058 1.673033 2737.502778
0.863364 0.000000 0.000000 0.000000 0.000000 0.129578 0.007058 1.673033 2737.502778
0.863364 0.000000 0.000000 0.000000 0.000000 0.129578 0.007058 1.673033 2737.502778
0.863364 0.000000 0.000000 0.000000 0.000000 0.129578 0.007058 1.673033 2737.502778
0.863364 0.000000 0.000000 0.000000 0.000000 0.129578 0.007058 1.673033 2737.502778
0.863364 0.000000 0.000000 0.000000 0.000000 0.129578 0.007058 1.673033 2737.502778
0.863364 0.000000 0.000000 0.000000 0.000000 0.129578 0.007058 1.673033 2737.502778
0.863364 0.000000 0.000000 0.000000 0.000000 0.129578 0.007058 1.673033 2737.502778
0.863364 0.000000 0.000000 0.000000 0.000000 0.129578 0.007058 1.673033 2737.502778
0.863364 0.000000 0.000000 0.000000 0.000000 0.129578 0.007058 1.673033 2737.502778
0.863364 0.000000 0.000000 0.000000 0.000000 0.129578 0.007058 1.673033 2737.502778
0.863364 0.000000 0.000000 0.000000 0.000000 0.129578 0.007058 1.673033 2737.502778
0.863364 0.000000 0.000000 0.000000 0.000000 0.129578 0.007058 1.673033 2737.502778
0.863364 0.000000 0.000000 0.000000 0.000000 0.129578 0.007058 1.673033 2737.502778
0.863364 0.000000 0.000000 0.000000 0.000000 0.129578 0.007058 1.673033 2737.502778
0.863364 0.000000 0.000000 0.000000 0.000000 0.129578 0.007058 1.673033 2737.502778
0.863364 0.000000 0.000000 0.000000 0.000000 0.129578 0.007058 1.673033 2737.502778
0.863364 0.000000 0.000000 0.000000 0.000000 0.129578 0.007058 1.673033 2737.502778
0.863364 0.000000 0.000000 0.000000 0.000000 0.129578 0.007058 1.673033 2737.502778
0.863364 0.000000 0.000000 0.000000 0.000000 0.129578 0.007058 1.673033 2737.502778
0.863364 0.000000 0.000000 0.000000 0.000000 0.129578 0.007058 1.673033 2737.502778
0.863364 0.000000 0.000000 0.000000 0.000000 0.129578 0.007058 1.673033 2737.502778
0.863364 0.000000 0.000000 0.000000 0.000000 0.129578 0.007058 1.673033 2737.502778
0.863364 0.000000 0.000000 0.000000 0.000000 0.129578 0.007058 1.673033 2737.502778
0.863364 0.000000 0.000000 0.000000 0.000000 0.129578 0.007058 1.673033 2737.502778
0.863364 0.000000 0.000000 0.000000 0.000000 0.129578 0.007058 1.673033 2737.502778
0.863364 0.000000 0.000000 0.000000 0.000000 0.129578 0.007058 1.673033 2737.502778
0.863364 0.000000 0.000000 0.000000 0.000000 0.129578 0.007058 1.673033 2737.502778
0.863364 0.000000 0.000000 0.000000 0.000000 0.129578 0.007058 1.673033 2737.502778
0.863364 0.000000 0.000000 0.000000 0.000000 0.129578 0.007058 1.673033 2737.502778
0.863364 0.000000 0.000000 0.000000 0.000000 0.129578 0.007058 1.673033 2737.502778
0.863364 0.000000 0.000000 0.000000 0.000000 0.129578 0.007058 1.673033 2737.502778
0.863364 0.000000 0.000000 0.000000 0.000000 0.129578 0.007058 1.673033 2737.502778
0.863364 0.000000 0.000000 0.000000 0.000000 0.129578 0.007058 1.673033 2737.502778
0.863364 0.000000 0.000000 0.000000 0.000000 0.129578 0.007058 1.673033 2737.502778
0.863364 0.000000 0.000000 0.000000 0.000000 0.129578 0.007058 1.673033 2737.502778
0.863364 0.000000 0.000000 0.000000 0.000000 0.129578 0.007058 1.673033 2737.502778
0.863364 0.000000 0.000000 0.000000 0.000000 0.129578 0.007058 1.673033 2737.502778
0.863364 0.000000 0.000000 0.000000 0.000000 0.129578 0.007058 1.673033 2737.502778
0.863364 0.000000 0.000000 0.000000 0.000000 0.129578 0.007058 1.673033 2737.502778
0.863364 0.000000 0.000000 0.000000 0.000000 0.129578 0.007058 1.673033 2737.502778
0.863364 0.000000 0.000000 0.000000 0.000000 0.129578 0.007058 1.673033 2737.502778
0.863364 0.000000 0.000000 0.000000 0.000000 0.129578 0.007058 1.673033 2737.502778
0.863364 0.000000 0.000000 0.000000 0.000000 0.129578 0.007058 1.673033 2737.502778
0.863364 0.000000 0.000000 0.000000 0.000000 0.129578 0.007058 1.673033 2737.502778
0.863364 0.000000 0.000000 0.000000 0.000000 0.129578 0.007058 1.673033 2737.502778
0.863364 0.000000 0.000000 0.000000 0.000000 0.129578 0.007058 1.673033 2737.502778
0.863364 0.000000 0.000000 0.000000 0.000000 0.129578 0.007058 1.673033 2737.502778
0.863364 0.000000 0.000000 0.000000 0.000000 0.129578 0.007058 1.673033 2737.502778
0.863364 0.000000 0.000000 0.000000 0.000000 0.129578 0.007058 1.673033 2737.502778
0.863364 0.000000 0.000000 0.000000 0.000000 0.129578 0.007058 1.673033 2737.502778
0.863364 0.000000 0.000000 0.000000 0.000000 0.129578 0.007058 1.673033 2737.502778
0.863364 0.000000 0.000000 0.000000 0.000000 0.129578 0.007058 1.673033 2737.502778
0.863364 0.000000 0.000000 0.000000 0.000000 0.129578 0.007058 1.673033 2737.502778
0.863364 0.000000 0.000000 0.000000 0.000000 0.129578 0.007058 1.673033 2737.502778
0.863364 0.000000 0.000000 0.000000 0.000000 0.129578 0.007058 1.673033 2737.502778
0.863364 0.000000 0.000000 0.000000 0.000000 0.129578 0.007058 1.673033 2737.502778
0.863364 0.000000 0.000000 0.000000 0.000000 0.129578 0.007058 1.673033 2737.502778
0.863364 0.000000 0.000000 0.000000 0.000000 0.129578 0.007058 1.673033 2737.502778
0.863364 0.000000 0.000000 0.000000 0.000000 0.129578 0.007058 1.673033 2737.502778
0.863364 0.000000 0.000000 0.000000 0.000000 0.129578 0.007058 1.673033 2737.502778
0.863364 0.000000 0.000000 0.000000 0.000000 0.129578 0.007058 1.673033 2737.502778
0.863364 0.000000 0.000000 0.000000 0.000000 0.129578 0.007058 1.673033 2737.502778
0.863364 0.000000 0.000000 0.000000 0.000000 0.129578 0.007058 1.673033 2737.502778
0.863364 0.000000 0.000000 0.000000 0.000000 0.129578 0.007058 1.673033 2737.502778
0.863364 0.000000 0.000000 0.000000 0.000000 0.129578 0.007058 1.673033 2737.502778
0.863364 0.000000 0.000000 0.000000 0.000000 0.129578 0.007058 1.673033 2737.502778
0.863364 0.000000 0.000000 0.000000 0.000000 0.129578 0.007058 1.673033 2737.502778
0.863364 0.000000 0.000000 0.000000 0.000000 0.129578 0.007058 1.673033 2737.502778
0.863364 0.000000 0.000000 0.000000 0.000000 0.129578 0.007058 1.673033 2737.502778
0.863364 0.000000 0.000000 0.000000 0.000000 0.129578 0.007058 1.673033 2737.502778
0.863364 0.000000 0.000000 0.000000 0.000000 0.129578 0.007058 1.673033 2737.502778
0.863364 0.000000 0.000000 0.000000 0.000000 0.129578 0.007058 1.673033 2737.502778
0.863364 0.000000 0.000000 0.000000 0.000000 0.129578 0.007058 1.673033 2737.502778
0.863364 0.000000 0.000000 0.000000 0.000000 0.129578 0.007058 1.673033 2737.502778
0.863364 0.000000 0.000000 0.000000 0.000000 0.129578 0.007058 1.673033 2737.502778
0.863364 0.000000 0.000000 0.000000 0.000000 0.129578 0.007058 1.673033 2737.502778
0.863364 0.000000 0.000000 0.000000 0.000000 0.129578 0.007058 1.673033 2737.502778
0.863364 0.000000 0.000000 0.000000 0.000000 0.129578 0.007058 1.673033 2737.502778
0.863364 0.000000 0.000000 0.000000 0.000000 0.129578 0.007058 1.673033 2737.502778
0.863364 0.000000 0.000000 0.000000 0.000000 0.129578 0.007058 1.673033 2737.502778
0.863364 0.000000 0.000000 0.000000 0.000000 0.129578 0.007058 1.673033 2737.502778
0.863364 0.000000 0.000000 0.000000 0.000000 0.129578 0.007058 1.673033 2737.502778
0.863364 0.000000 0.000000 0.000000 0.000000 0.129578 0.007058 1.673033 2737.502778
0.863364 0.000000 0.000000 0.000000 0.000000 0.129578 0.007058 1.673033 2737.502778
0.863364 0.000000 0.000000 0.000000 0.000000 0.129578 0.007058 1.673033 2737.502778
0.863364 0.000000 0.000000 0.000000 0.000000 0.129578 0.007058 1.673033 2737.502778
0.863364 0.000000 0.000000 0.000000 0.000000 0.129578 0.007058 1.673033 2737.502778
0.863364 0.000000 0.000000 0.000000 0.000000 0.129578 0.007058 1.673033 2737.502778
0.863364 0.000000 0.000000 0.000000 0.000000 0.129578 0.007058 1.673033 2737.502778
0.863364 0.000000 0.000000 0.000000 0.000000 0.129578 0.007058 1.673033 2737.502778
0.863364 0.000000 0.000000 0.000000 0.000000 0.129578 0.007058 1.673033 2737.502778
0.863364 0.000000 0.000000 0.000000 0.000000 0.129578 0.007058 1.673033 2737.502778
0.863364 0.000000 0.000000 0.000000 0.000000 0.129578 0.007058 1.673033 2737.502778
0.863364 0.000000 0.000000 0.000000 0.000000 0.129578 0.007058 1.673033 2737.502778
0.863364 0.000000 0.000000 0.000000 0.000000 0.129578 0.007058 1.673033 2737.502778
0.863364 0.000000 0.000000 0.000000 0.000000 0.129578 0.007058 1.673033 2737.502778
0.863364 0.000000 0.000000 0.000000 0.000000 0.129578 0.007058 1.673033 2737.502778
0.863364 0.000000 0.000000 0.000000 0.000000 0.129578 0.007058 1.673033 2737.502778
0.863364 0.000000 0.000000 0.000000 0.000000 0.129578 0.007058 1.673033 2737.502778
0.863364 0.000000 0.000000 0.000000 0.000000 0.129578 0.007058 1.673033 2737.502778
0.863364 0.000000 0.000000 0.000000 0.000000 0.129578 0.007058 1.673033 2737.502778
0.863364 0.000000 0.000000 0.000000 0.000000 0.129578 0.007058 1.673033 2737.502778
0.863364 0.000000 0.000000 0.000000 0.000000 0.129578 0.007058 1.673033 2737.502778
0.863364 0.000000 0.000000 0.000000 0.000000 0.129578 0.007058 1.673033 2737.502778
0.863364 0.000000 0.000000 0.000000 0.000000 0.129578 0.007058 1.673033 2737.502778
0.863364 0.000000 0.000000 0.000000 0.000000 0.129578 0.007058 1.673033 2737.502778
0.863364 0.000000 0.000000 0.000000 0.000000 0.129578 0.007058 1.673033 2737.502778
0.863364 0.000000 0.000000 0.000000 0.000000 0.129578 0.007058 1.673033 2737.502778
0.863364 0.000000 0.000000 0.000000 0.000000 0.129578 0.007058 1.673033 2737.502778
0.863364 0.000000 0.000000 0.000000 0.000000 0.129578 0.007058 1.673033 2737.502778
0.863364 0.000000 0.000000 0.000000 0.000000 0.129578 0.007058 1.673033 2737.502778
0.863364 0.000000 0.000000 0.000000 0.000000 0.129578 0.007058 1.673033 2737.502778
0.863364 0.000000 0.000000 0.000000 0.000000 0.129578 0.007058 1.673033 2737.502778
0.863364 0.000000 0.000000 0.000000 0.000000 0.129578 0.007058 1.673033 2737.502778
0.863364 0.000000 0.000000 0.000000 0.000000 0.129578 0.007058 1.673033 2737.502778
0.863364 0.000000 0.000000 0.000000 0.000000 0.129578 0.007058 1.673033 2737.502778
0.863364 0.000000 0.000000 0.000000 0.000000 0.129578 0.007058 1.673033 2737.502778
0.863364 0.000000 0.000000 0.000000 0.000000 0.129578 0.007058 1.673033 2737.502778
0.863364 0.000000 0.000000 0.000000 0.000000 0.129578 0.007058 1.673033 2737.502778
0.863364 0.000000 0.000000 0.000000 0.000000 0.129578 0.007058 1.673033 2737.502778
0.863364 0.000000 0.000000 0.000000 0.000000 0.129578 0.007058 1.673033 2737.502778
0.863364 0.000000 0.000000 0.000000 0.000000 0.129578 0.007058 1.673033 2737.502778
0.863364 0.000000 0.000000 0.000000 0.000000 0.129578 0.007058 1.673033 2737.502778
0.863364 0.000000 0.000000 0.000000 0.000000 0.129578 0.007058 1.673033 2737.502778
0.863364 0.000000 0.000000 0.000000 0.000000 0.129578 0.007058 1.673033 2737.502778
0.863364 0.000000 0.000000 0.000000 0.000000 0.129578 0.007058 1.673033 2737.502778
0.863364 0.000000 0.000000 0.000000 0.000000 0.129578 0.007058 1.673033 2737.502778
0.863364 0.000000 0.000000 0.000000 0.000000 0.129578 0.007058 1.673033 2737.502778
0.863364 0.000000 0.000000 0.000000 0.000000 0.129578 0.007058 1.673033 2737.502778
0.863364 0.000000 0.000000 0.000000 0.000000 0.129578 0.007058 1.673033 2737.502778
0.863364 0.000000 0.000000 0.000000 0.000000 0.129578 0.007058 1.673033 2737.502778
0.863364 0.000000 0.000000 0.000000 0.000000 0.129578 0.007058 1.673033 2737.502778
0.863364 0.000000 0.000000 0.000000 0.000000 0.129578 0.007058 1.673033 2737.502778
0.863364 0.000000 0.000000 0.000000 0.000000 0.129578 0.007058 1.673033 2737.502778
0.863364 0.000000 0.000000 0.000000 0.000000 0.129578 0.007058 1.673033 2737.502778
0.863364 0.000000 0.000000 0.000000 0.000000 0.129578 0.007058 1.673033 2737.502778
0.863364 0.000000 0.000000 0.000000 0.000000 0.129578 0.007058 1.673033 2737.502778
0.863364 0.000000 0.000000 0.000000 0.000000 0.129578 0.007058 1.673033 2737.502778
0.863364 0.000000 0.000000 0.000000 0.000000 0.129578 0.007058 1.673033 2737.502778
0.863364 0.000000 0.000000 0.000000 0.000000 0.129578 0.007058 1.673033 2737.502778
0.863364 0.000000 0.000000 0.000000 0.000000 0.129578 0.007058 1.673033 2737.502778
0.863364 0.000000 0.000000 0.000000 0.000000 0.129578 0.007058 1.673033 2737.502778
0.863364 0.000000 0.000000 0.000000 0.000000 0.129578 0.007058 1.673033 2737.502778
0.863364 0.000000 0.000000 0.000000 0.000000 0.129578 0.007058 1.673033 2737.502778
0.863364 0.000000 0.000000 0.000000 0.000000 0.129578 0.007058 1.673033 2737.502778
0.863364 0.000000 0.000000 0.000000 0.000000 0.129578 0.007058 1.673033 2737.502778
0.863364 0.000000 0.000000 0.000000 0.000000 0.129578 0.007058 1.673033 2737.502778
0.863364 0.000000 0.000000 0.000000 0.000000 0.129578 0.007058 1.673033 2737.502778
0.863364 0.000000 0.000000 0.000000 0.000000 0.129578 0.007058 1.673033 2737.502778
0.863364 0.000000 0.000000 0.000000 0.000000 0.129578 0.007058 1.673033 2737.502778
0.863364 0.000000 0.000000 0.000000 0.000000 0.129578 0.007058 1.673033 2737.502778
0.863364 0.000000 0.000000 0.000000 0.000000 0.129578 0.007058 1.673033 2737.502778
0.863364 0.000000 0.000000 0.000000 0.000000 0.129578 0.007058 1.673033 2737.502778
0.863364 0.000000 0.000000 0.000000 0.000000 0.129578 0.007058 1.673033 2737.502778
0.863364 0.000000 0.000000 0.000000 0.000000 0.129578 0.007058 1.673033 2737.502778
0.863364 0.000000 0.000000 0.000000 0.000000 0.129578 0.007058 1.673033 2737.502778
0.863364 0.000000 0.000000 0.000000 0.000000 0.129578 0.007058 1.673033 2737.502778
0.863364 0.000000 0.000000 0.000000 0.000000 0.129578 0.007058 1.673033 2737.502778
0.863364 0.000000 0.000000 0.000000 0.000000 0.129578 0.007058 1.673033 2737.502778
0.863364 0.000000 0.000000 0.000000 0.000000 0.129578 0.007058 1.673033 2737.502778
0.863364 0.000000 0.000000 0.000000 0.000000 0.129578 0.007058 1.673033 2737.502778
0.863364 0.000000 0.000000 0.000000 0.000000 0.129578 0.007058 1.673033 2737.502778
0.863364 0.000000 0.000000 0.000000 0.000000 0.129578 0.007058 1.673033 2737.502778
0.863364 0.000000 0.000000 0.000000 0.000000 0.129578 0.007058 1.673033 2737.502778
0.863364 0.000000 0.000000 0.000000 0.000000 0.129578 0.007058 1.673033 2737.502778
0.863364 0.000000 0.000000 0.000000 0.000000 0.129578 0.007058 1.673033 2737.502778
0.863364 0.000000 0.000000 0.000000 0.000000 0.129578 0.007058 1.673033 2737.502778
0.863364 0.000000 0.000000 0.000000 0.000000 0.129578 0.007058 1.673033 2737.502778
0.863364 0.000000 0.000000 0.000000 0.000000 0.129578 0.007058 1.673033 2737.502778
0.863364 0.000000 0.000000 0.000000 0.000000 0.129578 0.007058 1.673033 2737.502778
0.863364 0.000000 0.000000 0.000000 0.000000 0.129578 0.007058 1.673033 2737.502778
0.863364 0.000000 0.000000 0.000000 0.000000 0.129578 0.007058 1.673033 2737.502778
0.863364 0.000000 0.000000 0.000000 0.000000 0.129578 0.007058 1.673033 2737.502778
0.863364 0.000000 0.000000 0.000000 0.000000 0.129578 0.007058 1.673033 2737.502778
0.863364 0.000000 0.000000 0.000000 0.000000 0.129578 0.007058 1.673033 2737.502778
0.863364 0.000000 0.000000 0.000000 0.000000 0.129578 0.007058 1.673033 2737.502778
0.863364 0.000000 0.000000 0.000000 0.000000 0.129578 0.007058 1.673033 2737.502778
0.863364 0.000000 0.000000 0.000000 0.000000 0.129578 0.007058 1.673033 2737.502778
0.863364 0.000000 0.000000 0.000000 0.000000 0.129578 0.007058 1.673033 2737.502778
0.863364 0.000000 0.000000 0.000000 0.000000 0.129578 0.007058 1.673033 2737.502778
0.863364 0.000000 0.000000 0.000000 0.000000 0.129578 0.007058 1.673033 2737.502778
0.863364 0.000000 0.000000 0.000000 0.000000 0.129578 0.007058 1.673033 2737.502778
0.863364 0.000000 0.000000 0.000000 0.000000 0.129578 0.007058 1.673033 2737.502778
0.863364 0.000000 0.000000 0.000000 0.000000 0.129578 0.007058 1.673033 2737.502778
0.863364 0.000000 0.000000 0.000000 0.000000 0.129578 0.007058 1.673033 2737.502778
0.863364 0.000000 0.000000 0.000000 0.000000 0.129578 0.007058 1.673033 2737.502778
0.863364 0.000000 0.000000 0.000000 0.000000 0.129578 0.007058 1.673033 2737.502778
0.863364 0.000000 0.000000 0.000000 0.000000 0.129578 0.007058 1.673033 2737.502778
0.863364 0.000000 0.000000 0.000000 0.000000 0.129578 0.007058 1.673033 2737.502778
0.863364 0.000000 0.000000 0.000000 0.000000 0.129578 0.007058 1.673033 2737.502778
0.863364 0.000000 0.000000 0.000000 0.000000 0.129578 0.007058 1.673033 2737.502778
0.863364 0.000000 0.000000 0.000000 0.000000 0.129578 0.007058 1.673033 2737.502778
0.863364 0.000000 0.000000 0.000000 0.000000 0.129578 0.007058 1.673033 2737.502778
0.863364 0.000000 0.000000 0.000000 0.000000 0.129578 0.007058 1.673033 2737.502778
0.863364 0.000000 0.000000 0.000000 0.000000 0.129578 0.007058 1.673033 2737.502778
0.863364 0.000000 0.000000 0.000000 0.000000 0.129578 0.007058 1.673033 2737.502778
0.863364 0.000000 0.000000 0.000000 0.000000 0.129578 0.007058 1.673033 2737.502778
0.863364 0.000000 0.000000 0.000000 0.000000 0.129578 0.007058 1.673033 2737.502778
0.863364 0.000000 0.000000 0.000000 0.000000 0.129578 0.007058 1.673033 2737.502778
0.863364 0.000000 0.000000 0.000000 0.000000 0.129578 0.007058 1.673033 2737.502778
0.863364 0.000000 0.000000 0.000000 0.000000 0.129578 0.007058 1.673033 2737.502778
0.863364 0.000000 0.000000 0.000000 0.000000 0.129578 0.007058 1.673033 2737.502778
0.863364 0.000000 0.000000 0.000000 0.000000 0.129578 0.007058 1.673033 2737.502778
0.863364 0.000000 0.000000 0.000000 0.000000 0.129578 0.007058 1.673033 2737.502778
0.863364 0.000000 0.000000 0.000000 0.000000 0.129578 0.007058 1.673033 2737.502778
0.863364 0.000000 0.000000 0.000000 0.000000 0.129578 0.007058 1.673033 2737.502778
0.863364 0.000000 0.000000 0.000000 0.000000 0.129578 0.007058 1.673033 2737.502778
0.863364 0.000000 0.000000 0.000000 0.000000 0.129578 0.007058 1.673033 2737.502778
0.863364 0.000000 0.000000 0.000000 0.000000 0.129578 0.007058 1.673033 2737.502778
0.863364 0.000000 0.000000 0.000000 0.000000 0.129578 0.007058 1.673033 2737.502778
0.863364 0.000000 0.000000 0.000000 0.000000 0.129578 0.007058 1.673033 2737.502778
0.863364 0.000000 0.000000 0.000000 0.000000 0.129578 0.007058 1.673033 2737.502778
0.863364 0.000000 0.000000 0.000000 0.000000 0.129578 0.007058 1.673033 2737.502778
0.863364 0.000000 0.000000 0.000000 0.000000 0.129578 0.007058 1.673033 2737.502778
0.863364 0.000000 0.000000 0.000000 0.000000 0.129578 0.007058 1.673033 2737.502778
0.863364 0.000000 0.000000 0.000000 0.000000 0.129578 0.007058 1.673033 2737.502778
0.863364 0.000000 0.000000 0.000000 0.000000 0.129578 0.007058 1.673033 2737.502778
0.863364 0.000000 0.000000 0.000000 0.000000 0.129578 0.007058 1.673033 2737.502778
0.863364 0.000000 0.000000 0.000000 0.000000 0.129578 0.007058 1.673033 2737.502778
0.863364 0.000000 0.000000 0.000000 0.000000 0.129578 0.007058 1.673033 2737.502778
0.863364 0.000000 0.000000 0.000000 0.000000 0.129578 0.007058 1.673033 2737.502778
0.863364 0.000000 0.000000 0.000000 0.000000 0.129578 0.007058 1.673033 2737.502778
0.863364 0.000000 0.000000 0.000000 0.000000 0.129578 0.007058 1.673033 2737.502778
0.863364 0.000000 0.000000 0.000000 0.000000 0.129578 0.007058 1.673033 2737.502778
0.863364 0.000000 0.000000 0.000000 0.000000 0.129578 0.007058 1.673033 2737.502778
0.863364 0.000000 0.000000 0.000000 0.000000 0.129578 0.007058 1.673033 2737.502778
0.863364 0.000000 0.000000 0.000000 0.000000 0.129578 0.007058 1.673033 2737.502778
0.863364 0.000000 0.000000 0.000000 0.000000 0.129578 0.007058 1.673033 2737.502778
0.863364 0.000000 0.000000 0.000000 0.000000 0.129578 0.007058 1.673033 2737.502778
0.863364 0.000000 0.000000 0.000000 0.000000 0.129578 0.007058 1.673033 2737.502778
0.863364 0.000000 0.000000 0.000000 0.000000 0.129578 0.007058 1.673033 2737.502778
0.863364 0.000000 0.000000 0.000000 0.000000 0.129578 0.007058 1.673033 2737.502778
0.863364 0.000000 0.000000 0.000000 0.000000 0.129578 0.007058 1.673033 2737.502778
0.863364 0.000000 0.000000 0.000000 0.000000 0.129578 0.007058 1.673033 2737.502778
0.863364 0.000000 0.000000 0.000000 0.000000 0.129578 0.007058 1.673033 2737.502778
0.863364 0.000000 0.000000 0.000000 0.000000 0.129578 0.007058 1.673033 2737.502778
0.863364 0.000000 0.000000 0.000000 0.000000 0.129578 0.007058 1.673033 2737.502778
0.863364 0.000000 0.000000 0.000000 0.000000 0.129578 0.007058 1.673033 2737.502778
0.863364 0.000000 0.000000 0.000000 0.000000 0.129578 0.007058 1.673033 2737.502778
0.863364 0.000000 0.000000 0.000000 0.000000 0.129578 0.007058 1.673033 2737.502778
0.863364 0.000000 0.000000 0.000000 0.000000 0.129578 0.007058 1.673033 2737.502778
0.863364 0.000000 0.000000 0.000000 0.000000 0.129578 0.007058 1.673033 2737.502778
0.863364 0.000000 0.000000 0.000000 0.000000 0.129578 0.007058 1.673033 2737.502778
0.863364 0.000000 0.000000 0.000000 0.000000 0.129578 0.007058 1.673033 2737.502778
0.863364 0.000000 0.000000 0.000000 0.000000 0.129578 0.007058 1.673033 2737.502778
0.863364 0.000000 0.000000 0.000000 0.000000 0.129578 0.007058 1.673033 2737.502778
0.863364 0.000000 0.000000 0.000000 0.000000 0.129578 0.007058 1.673033 2737.502778
0.863364 0.000000 0.000000 0.000000 0.000000 0.129578 0.007058 1.673033 2737.502778
0.863364 0.000000 0.000000 0.000000 0.000000 0.129578 0.007058 1.673033 2737.502778
0.863364 0.000000 0.000000 0.000000 0.000000 0.129578 0.007058 1.673033 2737.502778
0.863364 0.000000 0.000000 0.000000 0.000000 0.129578 0.007058 1.673033 2737.502778
0.863364 0.000000 0.000000 0.000000 0.000000 0.129578 0.007058 1.673033 2737.502778
0.863364 0.000000 0.000000 0.000000 0.000000 0.129578 0.007058 1.673033 2737.502778
0.863364 0.000000 0.000000 0.000000 0.000000 0.129578 0.007058 1.673033 2737.502778
0.863364 0.000000 0.000000 0.000000 0.000000 0.129578 0.007058 1.673033 2737.502778
0.863364 0.000000 0.000000 0.000000 0.000000 0.129578 0.007058 1.673033 2737.502778
0.863364 0.000000 0.000000 0.000000 0.000000 0.129578 0.007058 1.673033 2737.502778
0.863364 0.000000 0.000000 0.000000 0.000000 0.129578 0.007058 1.673033 2737.502778
0.863364 0.000000 0.000000 0.000000 0.000000 0.129578 0.007058 1.673033 2737.502778
0.863364 0.000000 0.000000 0.000000 0.000000 0.129578 0.007058 1.673033 2737.502778
0.863364 0.000000 0.000000 0.000000 0.000000 0.129578 0.007058 1.673033 2737.502778
0.863364 0.000000 0.000000 0.000000 0.000000 0.129578 0.007058 1.673033 2737.502778
0.863364 0.000000 0.000000 0.000000 0.000000 0.129578 0.007058 1.673033 2737.502778
0.863364 0.000000 0.000000 0.000000 0.000000 0.129578 0.007058 1.673033 2737.502778
0.863364 0.000000 0.000000 0.000000 0.000000 0.129578 0.007058 1.673033 2737.502778
0.863364 0.000000 0.000000 0.000000 0.000000 0.129578 0.007058 1.673033 2737.502778
0.863364 0.000000 0.000000 0.000000 0.000000 0.129578 0.007058 1.673033 2737.502778
0.863364 0.000000 0.000000 0.000000 0.000000 0.129578 0.007058 1.673033 2737.502778
0.863364 0.000000 0.000000 0.000000 0.000000 0.129578 0.007058 1.673033 2737.502778
0.863364 0.000000 0.000000 0.000000 0.000000 0.129578 0.007058 1.673033 2737.502778
0.863364 0.000000 0.000000 0.000000 0.000000 0.129578 0.007058 1.673033 2737.502778
0.863364 0.000000 0.000000 0.000000 0.000000 0.129578 0.007058 1.673033 2737.502778
0.863364 0.000000 0.000000 0.000000 0.000000 0.129578 0.007058 1.673033 2737.502778
0.863364 0.000000 0.000000 0.000000 0.000000 0.129578 0.007058 1.673033 2737.502778
0.863364 0.000000 0.000000 0.000000 0.000000 0.129578 0.007058 1.673033 2737.502778
0.863364 0.000000 0.000000 0.000000 0.000000 0.129578 0.007058 1.673033 2737.502778
0.863364 0.000000 0.000000 0.000000 0.000000 0.129578 0.007058 1.673033 2737.502778
0.863364 0.000000 0.000000 0.000000 0.000000 0.129578 0.007058 1.673033 2737.502778
0.863364 0.000000 0.000000 0.000000 0.000000 0.129578 0.007058 1.673033 2737.502778
0.863364 0.000000 0.000000 0.000000 0.000000 0.129578 0.007058 1.673033 2737.502778
0.863364 0.000000 0.000000 0.000000 0.000000 0.129578 0.007058 1.673033 2737.502778
0.863364 0.000000 0.000000 0.000000 0.000000 0.129578 0.007058 1.673033 2737.502778
0.863364 0.000000 0.000000 0.000000 0.000000 0.129578 0.007058 1.673033 2737.502778
0.863364 0.000000 0.000000 0.000000 0.000000 0.129578 0.007058 1.673033 2737.502778
0.863364 0.000000 0.000000 0.000000 0.000000 0.129578 0.007058 1.673033 2737.502778
0.863364 0.000000 0.000000 0.000000 0.000000 0.129578 0.007058 1.673033 2737.502778
0.863364 0.000000 0.000000 0.000000 0.000000 0.129578 0.007058 1.673033 2737.502778
0.863364 0.000000 0.000000 0.000000 0.000000 0.129578 0.007058 1.673033 2737.502778
0.863364 0.000000 0.000000 0.000000 0.000000 0.129578 0.007058 1.673033 2737.502778
0.863364 0.000000 0.000000 0.000000 0.000000 0.129578 0.007058 1.673033 2737.502778
0.863364 0.000000 0.000000 0.000000 0.000000 0.129578 0.007058 1.673033 2737.502778
0.863364 0.000000 0.000000 0.000000 0.000000 0.129578 0.007058 1.673033 2737.502778
0.863364 0.000000 0.000000 0.000000 0.000000 0.129578 0.007058 1.673033 2737.502778
0.863364 0.000000 0.000000 0.000000 0.000000 0.129578 0.007058 1.673033 2737.502778
0.863364 0.000000 0.000000 0.000000 0.000000 0.129578 0.007058 1.673033 2737.502778
0.863364 0.000000 0.000000 0.000000 0.000000 0.129578 0.007058 1.673033 2737.502778
0.863364 0.000000 0.000000 0.000000 0.000000 0.129578 0.007058 1.673033 2737.502778
0.863364 0.000000 0.000000 0.000000 0.000000 0.129578 0.007058 1.673033 2737.502778
0.863364 0.000000 0.000000 0.000000 0.000000 0.129578 0.007058 1.673033 2737.502778
0.863364 0.000000 0.000000 0.000000 0.000000 0.129578 0.007058 1.673033 2737.502778
0.863364 0.000000 0.000000 0.000000 0.000000 0.129578 0.007058 1.673033 2737.502778
0.863364 0.000000 0.000000 0.000000 0.000000 0.129578 0.007058 1.673033 2737.502778
0.863364 0.000000 0.000000 0.000000 0.000000 0.129578 0.007058 1.673033 2737.502778
0.863364 0.000000 0.000000 0.000000 0.000000 0.129578 0.007058 1.673033 2737.502778
0.863364 0.000000 0.000000 0.000000 0.000000 0.129578 0.007058 1.673033 2737.502778
0.863364 0.000000 0.000000 0.000000 0.000000 0.129578 0.007058 1.673033 2737.502778
0.863364 0.000000 0.000000 0.000000 0.000000 0.129578 0.007058 1.673033 2737.502778
0.863364 0.000000 0.000000 0.000000 0.000000 0.129578 0.007058 1.673033 2737.502778
0.863364 0.000000 0.000000 0.000000 0.000000 0.129578 0.007058 1.673033 2737.502778
0.863364 0.000000 0.000000 0.000000 0.000000 0.129578 0.007058 1.673033 2737.502778
0.863364 0.000000 0.000000 0.000000 0.000000 0.129578 0.007058 1.673033 2737.502778
0.863364 0.000000 0.000000 0.000000 0.000000 0.129578 0.007058 1.673033 2737.502778
0.863364 0.000000 0.000000 0.000000 0.000000 0.129578 0.007058 1.673033 2737.502778
0.863364 0.000000 0.000000 0.000000 0.000000 0.129578 0.007058 1.673033 2737.502778
0.863364 0.000000 0.000000 0.000000 0.000000 0.129578 0.007058 1.673033 2737.502778
0.863364 0.000000 0.000000 0.000000 0.000000 0.129578 0.007058 1.673033 2737.502778
0.863364 0.000000 0.000000 0.000000 0.000000 0.129578 0.007058 1.673033 2737.502778
0.863364 0.000000 0.000000 0.000000 0.000000 0.129578 0.007058 1.673033 2737.502778
0.863364 0.000000 0.000000 0.000000 0.000000 0.129578 0.007058 1.673033 2737.502778
0.863364 0.000000 0.000000 0.000000 0.000000 0.129578 0.007058 1.673033 2737.502778
0.863364 0.000000 0.000000 0.000000 0.000000 0.129578 0.007058 1.673033 2737.502778
0.863364 0.000000 0.000000 0.000000 0.000000 0.129578 0.007058 1.673033 2737.502778
0.863364 0.000000 0.000000 0.000000 0.000000 0.129578 0.007058 1.673033 2737.502778
0.863364 0.000000 0.000000 0.000000 0.000000 0.129578 0.007058 1.673033 2737.502778
0.863364 0.000000 0.000000 0.000000 0.000000 0.129578 0.007058 1.673033 2737.502778
0.863364 0.000000 0.000000 0.000000 0.000000 0.129578 0.007058 1.673033 2737.502778
0.863364 0.000000 0.000000 0.000000 0.000000 0.129578 0.007058 1.673033 2737.502778
0.863364 0.000000 0.000000 0.000000 0.000000 0.129578 0.007058 1.673033 2737.502778
0.863364 0.000000 0.000000 0.000000 0.000000 0.129578 0.007058 1.673033 2737.502778
0.863364 0.000000 0.000000 0.000000 0.000000 0.129578 0.007058 1.673033 2737.502778
0.863364 0.000000 0.000000 0.000000 0.000000 0.129578 0.007058 1.673033 2737.502778
0.863364 0.000000 0.000000 0.000000 0.000000 0.129578 0.007058 1.673033 2737.502778
0.863364 0.000000 0.000000 0.000000 0.000000 0.129578 0.007058 1.673033 2737.502778
0.863364 0.000000 0.000000 0.000000 0.000000 0.129578 0.007058 1.673033 2737.502778
0.863364 0.000000 0.000000 0.000000 0.000000 0.129578 0.007058 1.673033 2737.502778
0.863364 0.000000 0.000000 0.000000 0.000000 0.129578 0.007058 1.673033 2737.502778
0.863364 0.000000 0.000000 0.000000 0.000000 0.129578 0.007058 1.673033 2737.502778
0.863364 0.000000 0.000000 0.000000 0.000000 0.129578 0.007058 1.673033 2737.502778
0.863364 0.000000 0.000000 0.000000 0.000000 0.129578 0.007058 1.673033 2737.502778
0.863364 0.000000 0.000000 0.000000 0.000000 0.129578 0.007058 1.673033 2737.502778
0.863364 0.000000 0.000000 0.000000 0.000000 0.129578 0.007058 1.673033 2737.502778
0.863364 0.000000 0.000000 0.000000 0.000000 0.129578 0.007058 1.673033 2737.502778
0.863364 0.000000 0.000000 0.000000 0.000000 0.129578 0.007058 1.673033 2737.502778
0.863364 0.000000 0.000000 0.000000 0.000000 0.129578 0.007058 1.673033 2737.502778
0.863364 0.000000 0.000000 0.000000 0.000000 0.129578 0.007058 1.673033 2737.502778
0.863364 0.000000 0.000000 0.000000 0.000000 0.129578 0.007058 1.673033 2737.502778
0.863364 0.000000 0.000000 0.000000 0.000000 0.129578 0.007058 1.673033 2737.502778
0.863364 0.000000 0.000000 0.000000 0.000000 0.129578 0.007058 1.673033 2737.502778
0.863364 0.000000 0.000000 0.000000 0.000000 0.129578 0.007058 1.673033 2737.502778
0.863364 0.000000 0.000000 0.000000 0.000000 0.129578 0.007058 1.673033 2737.502778
0.863364 0.000000 0.000000 0.000000 0.000000 0.129578 0.007058 1.673033 2737.502778
0.863364 0.000000 0.000000 0.000000 0.000000 0.129578 0.007058 1.673033 2737.502778
0.863364 0.000000 0.000000 0.000000 0.000000 0.129578 0.007058 1.673033 2737.502778
0.863364 0.000000 0.000000 0.000000 0.000000 0.129578 0.007058 1.673033 2737.502778
0.863364 0.000000 0.000000 0.000000 0.000000 0.129578 0.007058 1.673033 2737.502778
0.863364 0.000000 0.000000 0.000000 0.000000 0.129578 0.007058 1.673033 2737.502778
0.863364 0.000000 0.000000 0.000000 0.000000 0.129578 0.007058 1.673033 2737.502778
0.863364 0.000000 0.000000 0.000000 0.000000 0.129578 0.007058 1.673033 2737.502778
0.863364 0.000000 0.000000 0.000000 0.000000 0.129578 0.007058 1.673033 2737.502778
0.863364 0.000000 0.000000 0.000000 0.000000 0.129578 0.007058 1.673033 2737.502778
0.863364 0.000000 0.000000 0.000000 0.000000 0.129578 0.007058 1.673033 2737.502778
0.863364 0.000000 0.000000 0.000000 0.000000 0.129578 0.007058 1.673033 2737.502778
0.863364 0.000000 0.000000 0.000000 0.000000 0.129578 0.007058 1.673033 2737.502778
0.863364 0.000000 0.000000 0.000000 0.000000 0.129578 0.007058 1.673033 2737.502778
