0.369550 0.061088 0.053726 0.030733 0.001935 0.477507 0.005462 1.571054 1935.526230
0.370755 0.059929 0.054509 0.029830 0.001928 0.477559 0.005490 1.576962 1946.650589
0.373448 0.057414 0.055064 0.028975 0.001922 0.477665 0.005513 1.582718 1957.144945
0.377060 0.054412 0.055420 0.028071 0.001920 0.477581 0.005536 1.588111 1966.218894
0.381213 0.051052 0.055534 0.027217 0.001915 0.477508 0.005561 1.593314 1975.188602
0.385707 0.047706 0.055384 0.026351 0.001914 0.477353 0.005586 1.598137 1984.387706
0.390414 0.044410 0.054960 0.025520 0.001913 0.477175 0.005607 1.602651 1993.987224
0.395326 0.041235 0.054273 0.024673 0.001896 0.476962 0.005635 1.606832 2004.529167
0.400422 0.038182 0.053495 0.023823 0.001880 0.476539 0.005659 1.610778 2014.201012
0.405473 0.035326 0.052567 0.022997 0.001858 0.476096 0.005684 1.614408 2025.271049
0.410695 0.032716 0.051406 0.022153 0.001837 0.475488 0.005705 1.617715 2035.476762
0.416029 0.030222 0.050167 0.021341 0.001818 0.474695 0.005728 1.620817 2044.101220
0.421440 0.027938 0.048801 0.020498 0.001804 0.473773 0.005747 1.623639 2053.192503
0.426954 0.025817 0.047349 0.019670 0.001789 0.472655 0.005768 1.626251 2062.379067
0.432404 0.023865 0.045858 0.018890 0.001761 0.471431 0.005791 1.628669 2072.062907
0.437853 0.022014 0.044362 0.018100 0.001748 0.470112 0.005811 1.630934 2081.127688
0.443293 0.020358 0.042808 0.017311 0.001726 0.468669 0.005834 1.632993 2090.531526
0.448838 0.018828 0.041254 0.016547 0.001692 0.466979 0.005861 1.634895 2100.033558
0.454322 0.017408 0.039676 0.015821 0.001669 0.465222 0.005881 1.636668 2109.142728
0.459813 0.016101 0.038090 0.015099 0.001652 0.463340 0.005904 1.638300 2118.259166
0.465287 0.014868 0.036533 0.014437 0.001619 0.461327 0.005930 1.639805 2128.798402
0.470828 0.013776 0.034996 0.013761 0.001589 0.459100 0.005951 1.641175 2137.614664
0.476352 0.012741 0.033505 0.013142 0.001560 0.456730 0.005970 1.642472 2146.812808
0.481819 0.011799 0.032004 0.012508 0.001532 0.454349 0.005989 1.643657 2155.866687
0.487239 0.010938 0.030562 0.011918 0.001503 0.451832 0.006008 1.644745 2165.176468
0.492669 0.010133 0.029190 0.011356 0.001474 0.449152 0.006027 1.645784 2175.844756
0.498041 0.009427 0.027875 0.010819 0.001442 0.446348 0.006047 1.646721 2184.970265
0.503366 0.008744 0.026629 0.010299 0.001413 0.443483 0.006066 1.647617 2193.301600
0.508646 0.008114 0.025361 0.009807 0.001383 0.440607 0.006081 1.648443 2201.789149
0.513939 0.007507 0.024158 0.009328 0.001349 0.437619 0.006099 1.649221 2211.816249
0.519190 0.006977 0.022966 0.008907 0.001317 0.434527 0.006117 1.649932 2220.063759
0.524459 0.006476 0.021833 0.008457 0.001288 0.431352 0.006134 1.650605 2229.105366
0.529700 0.006018 0.020770 0.008044 0.001262 0.428058 0.006149 1.651222 2237.282401
0.534908 0.005605 0.019722 0.007626 0.001235 0.424744 0.006161 1.651787 2245.843297
0.540052 0.005235 0.018720 0.007235 0.001208 0.421375 0.006176 1.652309 2254.360190
0.545103 0.004879 0.017794 0.006851 0.001178 0.418002 0.006194 1.652803 2263.240527
0.550190 0.004566 0.016879 0.006494 0.001147 0.414517 0.006208 1.653264 2271.839766
0.555215 0.004243 0.016018 0.006167 0.001114 0.411018 0.006225 1.653716 2281.130870
0.560214 0.003961 0.015181 0.005850 0.001084 0.407470 0.006239 1.654124 2289.960403
0.565152 0.003709 0.014368 0.005555 0.001057 0.403907 0.006252 1.654497 2297.181078
0.570049 0.003471 0.013630 0.005267 0.001036 0.400282 0.006265 1.654850 2303.916639
0.574932 0.003238 0.012911 0.004990 0.001010 0.396638 0.006281 1.655185 2311.960302
0.579722 0.003034 0.012227 0.004709 0.000980 0.393033 0.006293 1.655489 2319.482730
0.584535 0.002837 0.011561 0.004471 0.000952 0.389337 0.006308 1.655778 2327.162549
0.589329 0.002658 0.010958 0.004222 0.000921 0.385588 0.006323 1.656048 2335.548984
0.594038 0.002497 0.010364 0.003987 0.000898 0.381882 0.006333 1.656299 2341.447308
0.598658 0.002351 0.009800 0.003766 0.000878 0.378202 0.006345 1.656528 2348.072680
0.603239 0.002229 0.009294 0.003570 0.000858 0.374457 0.006354 1.656748 2353.704830
0.607743 0.002111 0.008820 0.003373 0.000833 0.370753 0.006365 1.656957 2360.304320
0.612278 0.001996 0.008350 0.003190 0.000806 0.367003 0.006377 1.657159 2366.918511
0.616760 0.001873 0.007929 0.003008 0.000786 0.363256 0.006388 1.657356 2372.281750
0.621210 0.001772 0.007487 0.002853 0.000765 0.359513 0.006399 1.657534 2378.527457
0.625590 0.001672 0.007057 0.002702 0.000743 0.355825 0.006411 1.657706 2385.399985
0.630042 0.001575 0.006693 0.002569 0.000722 0.351977 0.006421 1.657872 2391.666742
0.634374 0.001488 0.006339 0.002434 0.000697 0.348237 0.006432 1.658020 2399.278008
0.638665 0.001418 0.005987 0.002309 0.000677 0.344502 0.006441 1.658162 2405.175299
0.642923 0.001340 0.005649 0.002187 0.000655 0.340797 0.006450 1.658299 2411.681907
0.647129 0.001278 0.005343 0.002076 0.000635 0.337080 0.006461 1.658419 2418.387391
0.651268 0.001213 0.005060 0.001969 0.000612 0.333410 0.006467 1.658541 2424.263343
0.655375 0.001160 0.004782 0.001871 0.000591 0.329743 0.006478 1.658651 2431.205520
0.659426 0.001101 0.004528 0.001777 0.000572 0.326110 0.006486 1.658758 2435.993353
0.663413 0.001055 0.004292 0.001678 0.000552 0.322514 0.006496 1.658854 2442.055770
0.667406 0.001001 0.004075 0.001589 0.000532 0.318894 0.006504 1.658961 2448.160708
0.671339 0.000961 0.003852 0.001506 0.000511 0.315317 0.006513 1.659049 2454.213555
0.675206 0.000904 0.003650 0.001427 0.000495 0.311799 0.006518 1.659146 2458.758043
0.679042 0.000857 0.003460 0.001359 0.000483 0.308275 0.006524 1.659231 2462.972717
0.682790 0.000815 0.003280 0.001286 0.000470 0.304828 0.006530 1.659316 2467.250966
0.686572 0.000780 0.003097 0.001220 0.000451 0.301341 0.006538 1.659394 2472.929863
0.690260 0.000745 0.002940 0.001151 0.000437 0.297925 0.006543 1.659468 2476.942979
0.693881 0.000708 0.002792 0.001092 0.000423 0.294555 0.006550 1.659544 2482.370716
0.697483 0.000668 0.002657 0.001043 0.000412 0.291184 0.006555 1.659616 2486.591877
0.701110 0.000635 0.002505 0.000990 0.000397 0.287803 0.006561 1.659681 2491.126408
0.704615 0.000610 0.002370 0.000942 0.000386 0.284512 0.006565 1.659738 2494.773844
0.708073 0.000582 0.002252 0.000898 0.000373 0.281252 0.006570 1.659799 2498.885550
0.711493 0.000553 0.002143 0.000856 0.000359 0.278020 0.006577 1.659860 2503.899173
0.714866 0.000532 0.002022 0.000812 0.000346 0.274838 0.006584 1.659913 2507.948667
0.718244 0.000511 0.001906 0.000768 0.000335 0.271648 0.006588 1.659962 2511.805288
0.721590 0.000486 0.001803 0.000728 0.000324 0.268477 0.006592 1.660011 2515.924017
0.724913 0.000461 0.001720 0.000701 0.000313 0.265295 0.006597 1.660063 2519.656345
0.728195 0.000445 0.001629 0.000667 0.000306 0.262158 0.006600 1.660107 2522.697080
0.731358 0.000433 0.001546 0.000636 0.000297 0.259127 0.006603 1.660150 2525.918762
0.734528 0.000408 0.001476 0.000600 0.000287 0.256092 0.006608 1.660194 2529.713604
0.737687 0.000396 0.001391 0.000568 0.000279 0.253065 0.006613 1.660227 2532.746397
0.740837 0.000380 0.001329 0.000540 0.000271 0.250027 0.006617 1.660265 2535.346296
0.743974 0.000366 0.001260 0.000510 0.000262 0.247007 0.006621 1.660299 2538.828999
0.747041 0.000353 0.001202 0.000489 0.000256 0.244037 0.006623 1.660338 2540.905235
0.750063 0.000333 0.001145 0.000470 0.000247 0.241117 0.006626 1.660375 2544.352329
0.753079 0.000322 0.001102 0.000445 0.000238 0.238185 0.006630 1.660406 2547.404043
0.756035 0.000308 0.001049 0.000426 0.000231 0.235320 0.006633 1.660437 2550.422240
0.758949 0.000297 0.000995 0.000404 0.000224 0.232495 0.006636 1.660468 2552.901940
0.761859 0.000287 0.000951 0.000384 0.000214 0.229666 0.006640 1.660497 2556.207753
0.764672 0.000276 0.000889 0.000373 0.000210 0.226939 0.006642 1.660523 2557.849305
0.767513 0.000268 0.000840 0.000358 0.000203 0.224173 0.006646 1.660550 2560.312854
0.770323 0.000258 0.000792 0.000349 0.000198 0.221431 0.006649 1.660575 2562.461177
0.773098 0.000254 0.000756 0.000336 0.000194 0.218712 0.006652 1.660597 2564.336016
0.775823 0.000240 0.000725 0.000321 0.000188 0.216049 0.006654 1.660623 2566.253213
0.778515 0.000232 0.000693 0.000305 0.000181 0.213418 0.006657 1.660645 2568.809777
0.781141 0.000222 0.000659 0.000286 0.000172 0.210859 0.006661 1.660667 2572.415844
0.783741 0.000210 0.000631 0.000271 0.000167 0.208317 0.006663 1.660692 2574.939375
0.786318 0.000201 0.000606 0.000264 0.000161 0.205787 0.006665 1.660712 2577.093644
0.788880 0.000199 0.000571 0.000253 0.000155 0.203275 0.006668 1.660728 2579.825448
0.791396 0.000191 0.000547 0.000240 0.000148 0.200808 0.006671 1.660747 2582.235756
0.793909 0.000183 0.000521 0.000228 0.000146 0.198342 0.006672 1.660766 2583.051882
0.796351 0.000176 0.000499 0.000215 0.000141 0.195944 0.006674 1.660784 2584.900839
0.798812 0.000170 0.000468 0.000204 0.000136 0.193534 0.006676 1.660799 2587.068822
0.801209 0.000164 0.000444 0.000195 0.000130 0.191179 0.006678 1.660816 2589.707854
0.803576 0.000157 0.000427 0.000185 0.000125 0.188850 0.006680 1.660834 2591.665220
0.805911 0.000152 0.000403 0.000178 0.000121 0.186553 0.006683 1.660850 2592.919925
0.808209 0.000144 0.000389 0.000170 0.000117 0.184288 0.006684 1.660865 2594.908205
0.810463 0.000138 0.000371 0.000163 0.000111 0.182069 0.006686 1.660881 2597.382066
0.812722 0.000135 0.000354 0.000155 0.000106 0.179840 0.006689 1.660896 2599.660836
0.814963 0.000129 0.000336 0.000147 0.000103 0.177633 0.006690 1.660908 2601.077082
0.817163 0.000122 0.000323 0.000143 0.000099 0.175458 0.006691 1.660921 2602.691694
0.819307 0.000115 0.000306 0.000137 0.000095 0.173347 0.006693 1.660935 2604.279052
0.821425 0.000111 0.000294 0.000129 0.000092 0.171254 0.006695 1.660946 2606.155694
0.823492 0.000107 0.000284 0.000123 0.000089 0.169210 0.006696 1.660958 2607.667314
0.825567 0.000100 0.000274 0.000117 0.000084 0.167160 0.006698 1.660970 2610.043872
0.827619 0.000095 0.000263 0.000113 0.000081 0.165131 0.006698 1.660980 2611.309435
0.829650 0.000092 0.000250 0.000108 0.000079 0.163123 0.006698 1.660990 2612.452195
0.831671 0.000088 0.000241 0.000100 0.000076 0.161124 0.006699 1.660999 2613.295446
0.833633 0.000086 0.000230 0.000096 0.000074 0.159181 0.006700 1.661008 2614.331698
0.835576 0.000082 0.000215 0.000091 0.000071 0.157265 0.006701 1.661016 2615.676878
0.837472 0.000079 0.000205 0.000087 0.000070 0.155386 0.006702 1.661024 2616.739100
0.839356 0.000077 0.000195 0.000085 0.000067 0.153516 0.006702 1.661032 2618.063898
0.841146 0.000075 0.000189 0.000081 0.000066 0.151740 0.006703 1.661038 2618.807549
0.842940 0.000074 0.000181 0.000075 0.000063 0.149962 0.006704 1.661044 2620.013630
0.844700 0.000071 0.000174 0.000071 0.000061 0.148218 0.006705 1.661052 2621.013756
0.846459 0.000069 0.000168 0.000066 0.000058 0.146474 0.006706 1.661058 2621.966306
0.848158 0.000066 0.000159 0.000062 0.000057 0.144791 0.006707 1.661065 2622.913348
0.849829 0.000065 0.000150 0.000060 0.000055 0.143133 0.006708 1.661071 2624.180924
0.851373 0.000063 0.000145 0.000057 0.000053 0.141600 0.006709 1.661077 2625.361007
0.852896 0.000060 0.000139 0.000054 0.000051 0.140089 0.006710 1.661083 2626.522937
0.854387 0.000060 0.000133 0.000053 0.000050 0.138607 0.006711 1.661088 2627.709844
0.855816 0.000057 0.000123 0.000053 0.000048 0.137192 0.006712 1.661095 2628.420240
0.857235 0.000054 0.000118 0.000052 0.000047 0.135780 0.006712 1.661100 2628.895977
0.858584 0.000053 0.000115 0.000049 0.000046 0.134440 0.006713 1.661106 2629.592296
0.859926 0.000052 0.000111 0.000047 0.000044 0.133106 0.006713 1.661110 2630.429582
0.861224 0.000050 0.000106 0.000045 0.000044 0.131816 0.006714 1.661115 2631.010439
0.862482 0.000049 0.000101 0.000044 0.000043 0.130566 0.006714 1.661119 2631.384453
0.863728 0.000047 0.000097 0.000042 0.000043 0.129328 0.006715 1.661125 2631.688718
0.864883 0.000049 0.000092 0.000041 0.000041 0.128178 0.006715 1.661129 2632.481052
0.866018 0.000050 0.000088 0.000039 0.000040 0.127047 0.006716 1.661132 2633.015741
0.867139 0.000049 0.000086 0.000038 0.000038 0.125933 0.006717 1.661137 2633.813874
0.868224 0.000046 0.000084 0.000038 0.000036 0.124855 0.006717 1.661142 2634.943118
0.869302 0.000041 0.000082 0.000038 0.000034 0.123784 0.006718 1.661148 2635.610522
0.870350 0.000041 0.000076 0.000035 0.000033 0.122746 0.006718 1.661151 2635.962353
0.871351 0.000038 0.000076 0.000034 0.000031 0.121750 0.006719 1.661156 2636.840396
0.872315 0.000036 0.000073 0.000034 0.000030 0.120792 0.006720 1.661161 2637.527384
0.873264 0.000033 0.000070 0.000033 0.000029 0.119850 0.006720 1.661165 2637.744991
0.874176 0.000034 0.000065 0.000031 0.000028 0.118944 0.006721 1.661168 2638.389267
0.875070 0.000031 0.000065 0.000032 0.000027 0.118053 0.006721 1.661173 2638.632386
0.875906 0.000029 0.000064 0.000031 0.000026 0.117222 0.006721 1.661177 2638.836492
0.876676 0.000028 0.000064 0.000029 0.000026 0.116454 0.006721 1.661180 2639.040082
0.877457 0.000027 0.000062 0.000027 0.000025 0.115680 0.006722 1.661183 2639.456606
0.878199 0.000029 0.000057 0.000025 0.000025 0.114943 0.006722 1.661185 2639.839761
0.878927 0.000029 0.000057 0.000025 0.000023 0.114217 0.006723 1.661188 2640.558310
0.879628 0.000028 0.000056 0.000023 0.000023 0.113519 0.006724 1.661190 2641.100587
0.880276 0.000027 0.000054 0.000022 0.000022 0.112874 0.006724 1.661192 2641.409325
0.880926 0.000028 0.000052 0.000021 0.000022 0.112227 0.006724 1.661194 2641.608668
0.881560 0.000027 0.000052 0.000020 0.000021 0.111595 0.006724 1.661197 2641.951435
0.882159 0.000028 0.000050 0.000018 0.000020 0.111001 0.006724 1.661199 2642.842178
0.882707 0.000028 0.000047 0.000018 0.000019 0.110457 0.006724 1.661201 2643.114277
0.883265 0.000027 0.000045 0.000016 0.000019 0.109903 0.006725 1.661204 2643.601194
0.883761 0.000026 0.000045 0.000017 0.000018 0.109408 0.006725 1.661208 2644.000768
0.884249 0.000026 0.000042 0.000017 0.000017 0.108924 0.006726 1.661210 2644.502379
0.884724 0.000025 0.000042 0.000015 0.000016 0.108452 0.006726 1.661213 2644.872918
0.885183 0.000024 0.000041 0.000014 0.000016 0.107996 0.006726 1.661215 2644.872918
0.885637 0.000024 0.000038 0.000014 0.000016 0.107544 0.006726 1.661217 2644.927985
0.886059 0.000023 0.000039 0.000014 0.000016 0.107123 0.006727 1.661220 2645.068982
0.886482 0.000022 0.000038 0.000013 0.000015 0.106704 0.006728 1.661221 2645.661093
0.886873 0.000024 0.000035 0.000013 0.000014 0.106313 0.006728 1.661223 2645.829487
0.887247 0.000023 0.000033 0.000013 0.000014 0.105942 0.006728 1.661224 2646.393596
0.887610 0.000022 0.000033 0.000014 0.000014 0.105579 0.006728 1.661227 2646.544220
0.887951 0.000021 0.000032 0.000013 0.000013 0.105241 0.006728 1.661229 2646.745143
0.888271 0.000021 0.000030 0.000013 0.000013 0.104924 0.006728 1.661231 2646.777082
0.888586 0.000020 0.000030 0.000013 0.000013 0.104610 0.006728 1.661234 2646.777082
0.888877 0.000019 0.000028 0.000012 0.000012 0.104324 0.006728 1.661236 2647.189402
0.889151 0.000018 0.000028 0.000012 0.000011 0.104052 0.006729 1.661239 2647.637718
0.889403 0.000017 0.000028 0.000012 0.000010 0.103800 0.006729 1.661241 2648.205493
0.889657 0.000017 0.000026 0.000012 0.000010 0.103549 0.006729 1.661242 2648.525683
0.889891 0.000016 0.000026 0.000011 0.000009 0.103317 0.006729 1.661244 2648.807940
0.890119 0.000016 0.000024 0.000012 0.000009 0.103091 0.006729 1.661246 2648.987469
0.890344 0.000016 0.000023 0.000011 0.000009 0.102869 0.006729 1.661248 2648.987469
0.890562 0.000014 0.000022 0.000010 0.000008 0.102654 0.006729 1.661249 2649.156949
0.890764 0.000013 0.000022 0.000010 0.000008 0.102455 0.006729 1.661251 2649.451050
0.890959 0.000012 0.000021 0.000010 0.000008 0.102261 0.006729 1.661253 2649.612656
0.891147 0.000012 0.000019 0.000010 0.000007 0.102075 0.006729 1.661253 2649.817684
0.891327 0.000011 0.000018 0.000009 0.000007 0.101897 0.006729 1.661254 2649.817684
0.891492 0.000012 0.000018 0.000010 0.000007 0.101732 0.006729 1.661256 2649.817684
0.891669 0.000010 0.000016 0.000010 0.000007 0.101558 0.006729 1.661257 2650.011490
0.891834 0.000010 0.000016 0.000009 0.000006 0.101395 0.006730 1.661257 2650.406514
0.891979 0.000010 0.000015 0.000008 0.000006 0.101252 0.006730 1.661258 2650.940466
0.892124 0.000009 0.000015 0.000008 0.000006 0.101107 0.006730 1.661259 2651.135490
0.892264 0.000008 0.000014 0.000008 0.000006 0.100969 0.006730 1.661261 2651.210873
0.892398 0.000008 0.000014 0.000007 0.000006 0.100837 0.006730 1.661261 2651.210873
0.892520 0.000007 0.000013 0.000007 0.000006 0.100717 0.006730 1.661261 2651.210873
0.892643 0.000008 0.000012 0.000007 0.000006 0.100594 0.006730 1.661262 2651.390323
0.892764 0.000008 0.000012 0.000006 0.000005 0.100474 0.006730 1.661262 2651.491569
0.892877 0.000008 0.000011 0.000006 0.000005 0.100362 0.006731 1.661263 2651.790560
0.892975 0.000008 0.000011 0.000005 0.000004 0.100266 0.006731 1.661264 2651.803352
0.893082 0.000007 0.000011 0.000005 0.000004 0.100160 0.006731 1.661265 2651.803352
0.893178 0.000007 0.000010 0.000005 0.000004 0.100064 0.006731 1.661265 2651.813033
0.893267 0.000007 0.000010 0.000005 0.000004 0.099977 0.006731 1.661266 2651.813033
0.893360 0.000007 0.000009 0.000005 0.000004 0.099885 0.006731 1.661266 2651.813033
0.893458 0.000007 0.000009 0.000004 0.000004 0.099787 0.006731 1.661267 2651.813033
0.893543 0.000006 0.000009 0.000004 0.000004 0.099702 0.006731 1.661268 2651.977749
0.893622 0.000006 0.000009 0.000004 0.000004 0.099623 0.006731 1.661268 2651.977749
0.893689 0.000007 0.000008 0.000004 0.000004 0.099557 0.006731 1.661268 2652.151669
0.893756 0.000006 0.000008 0.000004 0.000003 0.099491 0.006732 1.661269 2652.400398
0.893827 0.000006 0.000008 0.000004 0.000003 0.099420 0.006732 1.661269 2652.400398
0.893893 0.000006 0.000008 0.000004 0.000003 0.099354 0.006732 1.661270 2652.400398
0.893962 0.000006 0.000008 0.000005 0.000003 0.099285 0.006732 1.661270 2652.400398
0.894034 0.000006 0.000007 0.000005 0.000003 0.099214 0.006732 1.661271 2652.588282
0.894088 0.000004 0.000007 0.000005 0.000003 0.099161 0.006732 1.661273 2652.613102
0.894149 0.000004 0.000008 0.000005 0.000003 0.099099 0.006732 1.661274 2652.613102
0.894201 0.000004 0.000009 0.000005 0.000002 0.099048 0.006732 1.661274 2653.048087
0.894249 0.000004 0.000009 0.000004 0.000002 0.099001 0.006732 1.661275 2653.048087
0.894296 0.000004 0.000009 0.000004 0.000002 0.098954 0.006732 1.661275 2653.078455
0.894344 0.000004 0.000009 0.000004 0.000002 0.098906 0.006732 1.661276 2653.078455
0.894394 0.000003 0.000008 0.000004 0.000002 0.098857 0.006732 1.661276 2653.136006
0.894437 0.000004 0.000007 0.000003 0.000002 0.098814 0.006732 1.661276 2653.136006
0.894480 0.000004 0.000007 0.000003 0.000002 0.098772 0.006732 1.661276 2653.136006
0.894521 0.000004 0.000007 0.000003 0.000001 0.098731 0.006732 1.661277 2653.315727
0.894563 0.000005 0.000007 0.000003 0.000001 0.098689 0.006732 1.661277 2653.315727
0.894600 0.000005 0.000006 0.000002 0.000001 0.098654 0.006733 1.661277 2653.539480
0.894639 0.000004 0.000006 0.000002 0.000001 0.098615 0.006733 1.661277 2653.539480
0.894672 0.000004 0.000006 0.000003 0.000001 0.098582 0.006733 1.661278 2653.539480
0.894705 0.000004 0.000006 0.000002 0.000001 0.098550 0.006733 1.661278 2653.539480
0.894738 0.000003 0.000007 0.000003 0.000001 0.098516 0.006733 1.661279 2653.761734
0.894767 0.000003 0.000006 0.000003 0.000001 0.098489 0.006733 1.661279 2653.884233
0.894792 0.000003 0.000006 0.000003 0.000001 0.098463 0.006733 1.661279 2653.884233
0.894821 0.000003 0.000006 0.000002 0.000001 0.098434 0.006733 1.661280 2653.884233
0.894846 0.000003 0.000006 0.000003 0.000001 0.098409 0.006733 1.661280 2653.884233
0.894872 0.000003 0.000005 0.000002 0.000001 0.098384 0.006733 1.661280 2653.884233
0.894898 0.000002 0.000006 0.000002 0.000001 0.098359 0.006733 1.661281 2653.884233
0.894918 0.000002 0.000006 0.000002 0.000001 0.098339 0.006733 1.661281 2653.884233
0.894942 0.000002 0.000006 0.000002 0.000001 0.098316 0.006733 1.661281 2653.884233
0.894960 0.000002 0.000006 0.000002 0.000001 0.098297 0.006733 1.661281 2653.884233
0.894977 0.000002 0.000006 0.000001 0.000001 0.098280 0.006733 1.661281 2653.884233
0.894996 0.000002 0.000005 0.000001 0.000001 0.098263 0.006733 1.661282 2653.884233
0.895008 0.000002 0.000005 0.000001 0.000001 0.098250 0.006733 1.661282 2653.884233
0.895022 0.000002 0.000005 0.000001 0.000001 0.098237 0.006733 1.661282 2653.884233
0.895038 0.000002 0.000005 0.000001 0.000000 0.098221 0.006733 1.661282 2653.902186
0.895051 0.000002 0.000005 0.000001 0.000000 0.098209 0.006733 1.661282 2653.902186
0.895062 0.000002 0.000005 0.000001 0.000000 0.098197 0.006733 1.661283 2653.902186
0.895075 0.000002 0.000005 0.000001 0.000000 0.098184 0.006733 1.661283 2653.973721
0.895090 0.000002 0.000005 0.000000 0.000000 0.098170 0.006733 1.661283 2653.973721
0.895103 0.000002 0.000004 0.000000 0.000000 0.098158 0.006733 1.661283 2654.206173
0.895111 0.000002 0.000004 0.000000 0.000000 0.098150 0.006733 1.661283 2654.206173
0.895122 0.000002 0.000004 0.000000 0.000000 0.098140 0.006733 1.661284 2654.206173
0.895132 0.000002 0.000004 0.000000 0.000000 0.098129 0.006733 1.661284 2654.206173
0.895144 0.000002 0.000003 0.000000 0.000000 0.098117 0.006733 1.661284 2654.206173
0.895154 0.000002 0.000003 0.000000 0.000000 0.098108 0.006733 1.661284 2654.206173
0.895164 0.000002 0.000003 0.000000 0.000000 0.098098 0.006733 1.661284 2654.206173
0.895176 0.000002 0.000003 0.000000 0.000000 0.098086 0.006733 1.661284 2654.206173
0.895185 0.000002 0.000003 0.000000 0.000000 0.098077 0.006733 1.661284 2654.206173
0.895195 0.000002 0.000003 0.000001 0.000000 0.098067 0.006733 1.661284 2654.206173
0.895203 0.000002 0.000003 0.000001 0.000000 0.098059 0.006733 1.661284 2654.206173
0.895213 0.000002 0.000003 0.000001 0.000000 0.098049 0.006733 1.661284 2654.206173
0.895221 0.000002 0.000003 0.000001 0.000000 0.098041 0.006733 1.661284 2654.206173
0.895232 0.000002 0.000003 0.000000 0.000000 0.098031 0.006733 1.661284 2654.206173
0.895239 0.000002 0.000003 0.000000 0.000000 0.098024 0.006733 1.661284 2654.206173
0.895247 0.000002 0.000002 0.000000 0.000000 0.098017 0.006733 1.661284 2654.206173
0.895254 0.000002 0.000002 0.000000 0.000000 0.098010 0.006733 1.661284 2654.206173
0.895261 0.000002 0.000002 0.000000 0.000000 0.098003 0.006733 1.661284 2654.206173
0.895265 0.000001 0.000002 0.000000 0.000000 0.097998 0.006733 1.661285 2654.206173
0.895272 0.000001 0.000002 0.000000 0.000000 0.097992 0.006733 1.661285 2654.206173
0.895278 0.000001 0.000002 0.000000 0.000000 0.097986 0.006733 1.661285 2654.206173
0.895283 0.000002 0.000002 0.000000 0.000000 0.097980 0.006733 1.661285 2654.206173
0.895289 0.000002 0.000002 0.000000 0.000000 0.097974 0.006733 1.661285 2654.206173
0.895295 0.000002 0.000002 0.000000 0.000000 0.097968 0.006733 1.661285 2654.206173
0.895298 0.000002 0.000002 0.000000 0.000000 0.097965 0.006733 1.661285 2654.206173
0.895304 0.000002 0.000002 0.000000 0.000000 0.097959 0.006733 1.661285 2654.206173
0.895311 0.000002 0.000001 0.000000 0.000000 0.097953 0.006733 1.661285 2654.206173
0.895316 0.000002 0.000002 0.000000 0.000000 0.097948 0.006733 1.661285 2654.206173
0.895320 0.000002 0.000002 0.000000 0.000000 0.097943 0.006733 1.661286 2654.206173
0.895327 0.000002 0.000002 0.000000 0.000000 0.097937 0.006733 1.661286 2654.206173
0.895333 0.000002 0.000001 0.000001 0.000000 0.097931 0.006733 1.661286 2654.206173
0.895338 0.000002 0.000001 0.000001 0.000000 0.097925 0.006733 1.661286 2654.206173
0.895345 0.000002 0.000001 0.000001 0.000000 0.097919 0.006733 1.661286 2654.206173
0.895350 0.000002 0.000001 0.000001 0.000000 0.097914 0.006733 1.661286 2654.206173
0.895355 0.000002 0.000002 0.000001 0.000000 0.097908 0.006733 1.661286 2654.206173
0.895360 0.000002 0.000002 0.000001 0.000000 0.097903 0.006733 1.661286 2654.206173
0.895367 0.000002 0.000002 0.000001 0.000000 0.097896 0.006733 1.661287 2654.206173
0.895371 0.000002 0.000002 0.000001 0.000000 0.097892 0.006733 1.661287 2654.206173
0.895376 0.000002 0.000002 0.000001 0.000000 0.097887 0.006733 1.661287 2654.206173
0.895382 0.000002 0.000002 0.000001 0.000000 0.097881 0.006733 1.661287 2654.206173
0.895387 0.000002 0.000002 0.000001 0.000000 0.097875 0.006733 1.661287 2654.206173
0.895393 0.000002 0.000002 0.000001 0.000000 0.097869 0.006733 1.661287 2654.206173
0.895397 0.000002 0.000002 0.000001 0.000000 0.097866 0.006733 1.661288 2654.206173
0.895400 0.000002 0.000002 0.000001 0.000000 0.097862 0.006733 1.661288 2654.206173
0.895405 0.000002 0.000002 0.000001 0.000000 0.097858 0.006733 1.661288 2654.206173
0.895409 0.000002 0.000002 0.000001 0.000000 0.097853 0.006733 1.661288 2654.206173
0.895415 0.000001 0.000002 0.000001 0.000000 0.097847 0.006733 1.661288 2654.206173
0.895419 0.000001 0.000002 0.000001 0.000000 0.097844 0.006733 1.661288 2654.206173
0.895421 0.000001 0.000002 0.000001 0.000000 0.097841 0.006733 1.661288 2654.206173
0.895426 0.000001 0.000002 0.000001 0.000000 0.097837 0.006733 1.661288 2654.206173
0.895429 0.000001 0.000002 0.000001 0.000000 0.097834 0.006733 1.661289 2654.206173
0.895434 0.000001 0.000002 0.000001 0.000000 0.097830 0.006733 1.661289 2654.206173
0.895438 0.000001 0.000002 0.000001 0.000000 0.097826 0.006733 1.661289 2654.206173
0.895442 0.000000 0.000001 0.000001 0.000000 0.097822 0.006733 1.661289 2654.206173
0.895445 0.000000 0.000001 0.000002 0.000000 0.097820 0.006733 1.661290 2654.206173
0.895448 0.000000 0.000001 0.000002 0.000000 0.097817 0.006733 1.661290 2654.206173
0.895450 0.000000 0.000001 0.000002 0.000000 0.097814 0.006733 1.661290 2654.206173
0.895452 0.000000 0.000001 0.000002 0.000000 0.097812 0.006733 1.661290 2654.206173
0.895454 0.000000 0.000001 0.000002 0.000000 0.097810 0.006733 1.661290 2654.206173
0.895456 0.000000 0.000001 0.000001 0.000000 0.097808 0.006733 1.661290 2654.206173
0.895460 0.000000 0.000001 0.000001 0.000000 0.097805 0.006733 1.661290 2654.206173
0.895462 0.000000 0.000001 0.000001 0.000000 0.097802 0.006733 1.661290 2654.206173
0.895465 0.000000 0.000001 0.000001 0.000000 0.097800 0.006733 1.661290 2654.206173
0.895468 0.000000 0.000001 0.000001 0.000000 0.097797 0.006733 1.661290 2654.206173
0.895470 0.000000 0.000001 0.000001 0.000000 0.097795 0.006733 1.661290 2654.206173
0.895472 0.000000 0.000001 0.000001 0.000000 0.097793 0.006733 1.661290 2654.206173
0.895473 0.000000 0.000001 0.000001 0.000000 0.097792 0.006733 1.661290 2654.206173
0.895475 0.000000 0.000001 0.000001 0.000000 0.097790 0.006733 1.661290 2654.206173
0.895476 0.000000 0.000000 0.000001 0.000000 0.097790 0.006733 1.661290 2654.206173
0.895478 0.000000 0.000000 0.000001 0.000000 0.097788 0.006733 1.661290 2654.206173
0.895480 0.000000 0.000000 0.000001 0.000000 0.097786 0.006733 1.661290 2654.206173
0.895481 0.000000 0.000000 0.000001 0.000000 0.097785 0.006733 1.661290 2654.206173
0.895483 0.000000 0.000000 0.000001 0.000000 0.097783 0.006733 1.661290 2654.206173
0.895484 0.000000 0.000000 0.000001 0.000000 0.097783 0.006733 1.661290 2654.206173
0.895484 0.000000 0.000000 0.000000 0.000000 0.097782 0.006733 1.661290 2654.206173
0.895485 0.000000 0.000000 0.000000 0.000000 0.097782 0.006733 1.661290 2654.206173
0.895485 0.000000 0.000000 0.000000 0.000000 0.097781 0.006733 1.661290 2654.206173
0.895486 0.000000 0.000000 0.000000 0.000000 0.097780 0.006733 1.661290 2654.206173
0.895487 0.000000 0.000000 0.000000 0.000000 0.097780 0.006733 1.661290 2654.206173
0.895487 0.000000 0.000000 0.000000 0.000000 0.097779 0.006733 1.661290 2654.206173
0.895488 0.000000 0.000000 0.000000 0.000000 0.097779 0.006733 1.661290 2654.206173
0.895488 0.000000 0.000000 0.000000 0.000000 0.097778 0.006733 1.661290 2654.206173
0.895489 0.000000 0.000000 0.000000 0.000000 0.097778 0.006733 1.661290 2654.206173
0.895489 0.000000 0.000000 0.000000 0.000000 0.097778 0.006733 1.661290 2654.206173
0.895489 0.000000 0.000000 0.000000 0.000000 0.097778 0.006733 1.661290 2654.206173
0.895490 0.000000 0.000000 0.000000 0.000000 0.097777 0.006733 1.661290 2654.206173
0.895490 0.000000 0.000000 0.000000 0.000000 0.097777 0.006733 1.661290 2654.206173
0.895491 0.000000 0.000000 0.000000 0.000000 0.097776 0.006733 1.661290 2654.206173
0.895492 0.000000 0.000000 0.000000 0.000000 0.097775 0.006733 1.661290 2654.206173
0.895492 0.000000 0.000000 0.000000 0.000000 0.097775 0.006733 1.661290 2654.206173
0.895492 0.000000 0.000000 0.000000 0.000000 0.097775 0.006733 1.661290 2654.206173
0.895492 0.000000 0.000000 0.000000 0.000000 0.097775 0.006733 1.661290 2654.206173
0.895492 0.000000 0.000000 0.000000 0.000000 0.097775 0.006733 1.661290 2654.206173
0.895492 0.000000 0.000000 0.000000 0.000000 0.097775 0.006733 1.661290 2654.206173
0.895492 0.000000 0.000000 0.000000 0.000000 0.097775 0.006733 1.661290 2654.206173
0.895492 0.000000 0.000000 0.000000 0.000000 0.097775 0.006733 1.661290 2654.206173
0.895492 0.000000 0.000000 0.000000 0.000000 0.097775 0.006733 1.661290 2654.206173
0.895492 0.000000 0.000000 0.000000 0.000000 0.097775 0.006733 1.661290 2654.206173
0.895492 0.000000 0.000000 0.000000 0.000000 0.097775 0.006733 1.661290 2654.206173
0.895492 0.000000 0.000000 0.000000 0.000000 0.097775 0.006733 1.661290 2654.206173
0.895492 0.000000 0.000000 0.000000 0.000000 0.097775 0.006733 1.661290 2654.206173
0.895492 0.000000 0.000000 0.000000 0.000000 0.097775 0.006733 1.661290 2654.206173
0.895492 0.000000 0.000000 0.000000 0.000000 0.097775 0.006733 1.661290 2654.206173
0.895492 0.000000 0.000000 0.000000 0.000000 0.097775 0.006733 1.661290 2654.206173
0.895492 0.000000 0.000000 0.000000 0.000000 0.097775 0.006733 1.661290 2654.206173
0.895492 0.000000 0.000000 0.000000 0.000000 0.097775 0.006733 1.661290 2654.206173
0.895492 0.000000 0.000000 0.000000 0.000000 0.097775 0.006733 1.661290 2654.206173
0.895492 0.000000 0.000000 0.000000 0.000000 0.097775 0.006733 1.661290 2654.206173
0.895492 0.000000 0.000000 0.000000 0.000000 0.097775 0.006733 1.661290 2654.206173
0.895492 0.000000 0.000000 0.000000 0.000000 0.097775 0.006733 1.661290 2654.206173
0.895492 0.000000 0.000000 0.000000 0.000000 0.097775 0.006733 1.661290 2654.206173
0.895492 0.000000 0.000000 0.000000 0.000000 0.097775 0.006733 1.661290 2654.206173
0.895492 0.000000 0.000000 0.000000 0.000000 0.097775 0.006733 1.661290 2654.206173
0.895492 0.000000 0.000000 0.000000 0.000000 0.097775 0.006733 1.661290 2654.206173
0.895492 0.000000 0.000000 0.000000 0.000000 0.097775 0.006733 1.661290 2654.206173
0.895492 0.000000 0.000000 0.000000 0.000000 0.097775 0.006733 1.661290 2654.206173
0.895492 0.000000 0.000000 0.000000 0.000000 0.097775 0.006733 1.661290 2654.206173
0.895492 0.000000 0.000000 0.000000 0.000000 0.097775 0.006733 1.661290 2654.206173
0.895492 0.000000 0.000000 0.000000 0.000000 0.097775 0.006733 1.661290 2654.206173
0.895492 0.000000 0.000000 0.000000 0.000000 0.097775 0.006733 1.661290 2654.206173
0.895492 0.000000 0.000000 0.000000 0.000000 0.097775 0.006733 1.661290 2654.206173
0.895492 0.000000 0.000000 0.000000 0.000000 0.097775 0.006733 1.661290 2654.206173
0.895492 0.000000 0.000000 0.000000 0.000000 0.097775 0.006733 1.661290 2654.206173
0.895492 0.000000 0.000000 0.000000 0.000000 0.097775 0.006733 1.661290 2654.206173
0.895492 0.000000 0.000000 0.000000 0.000000 0.097775 0.006733 1.661290 2654.206173
0.895492 0.000000 0.000000 0.000000 0.000000 0.097775 0.006733 1.661290 2654.206173
0.895492 0.000000 0.000000 0.000000 0.000000 0.097775 0.006733 1.661290 2654.206173
0.895492 0.000000 0.000000 0.000000 0.000000 0.097775 0.006733 1.661290 2654.206173
0.895492 0.000000 0.000000 0.000000 0.000000 0.097775 0.006733 1.661290 2654.206173
0.895492 0.000000 0.000000 0.000000 0.000000 0.097775 0.006733 1.661290 2654.206173
0.895492 0.000000 0.000000 0.000000 0.000000 0.097775 0.006733 1.661290 2654.206173
0.895492 0.000000 0.000000 0.000000 0.000000 0.097775 0.006733 1.661290 2654.206173
0.895492 0.000000 0.000000 0.000000 0.000000 0.097775 0.006733 1.661290 2654.206173
0.895492 0.000000 0.000000 0.000000 0.000000 0.097775 0.006733 1.661290 2654.206173
0.895492 0.000000 0.000000 0.000000 0.000000 0.097775 0.006733 1.661290 2654.206173
0.895492 0.000000 0.000000 0.000000 0.000000 0.097775 0.006733 1.661290 2654.206173
0.895492 0.000000 0.000000 0.000000 0.000000 0.097775 0.006733 1.661290 2654.206173
0.895492 0.000000 0.000000 0.000000 0.000000 0.097775 0.006733 1.661290 2654.206173
0.895492 0.000000 0.000000 0.000000 0.000000 0.097775 0.006733 1.661290 2654.206173
0.895492 0.000000 0.000000 0.000000 0.000000 0.097775 0.006733 1.661290 2654.206173
0.895492 0.000000 0.000000 0.000000 0.000000 0.097775 0.006733 1.661290 2654.206173
0.895492 0.000000 0.000000 0.000000 0.000000 0.097775 0.006733 1.661290 2654.206173
0.895492 0.000000 0.000000 0.000000 0.000000 0.097775 0.006733 1.661290 2654.206173
0.895492 0.000000 0.000000 0.000000 0.000000 0.097775 0.006733 1.661290 2654.206173
0.895492 0.000000 0.000000 0.000000 0.000000 0.097775 0.006733 1.661290 2654.206173
0.895492 0.000000 0.000000 0.000000 0.000000 0.097775 0.006733 1.661290 2654.206173
0.895492 0.000000 0.000000 0.000000 0.000000 0.097775 0.006733 1.661290 2654.206173
0.895492 0.000000 0.000000 0.000000 0.000000 0.097775 0.006733 1.661290 2654.206173
0.895492 0.000000 0.000000 0.000000 0.000000 0.097775 0.006733 1.661290 2654.206173
0.895492 0.000000 0.000000 0.000000 0.000000 0.097775 0.006733 1.661290 2654.206173
0.895492 0.000000 0.000000 0.000000 0.000000 0.097775 0.006733 1.661290 2654.206173
0.895492 0.000000 0.000000 0.000000 0.000000 0.097775 0.006733 1.661290 2654.206173
0.895492 0.000000 0.000000 0.000000 0.000000 0.097775 0.006733 1.661290 2654.206173
0.895492 0.000000 0.000000 0.000000 0.000000 0.097775 0.006733 1.661290 2654.206173
0.895492 0.000000 0.000000 0.000000 0.000000 0.097775 0.006733 1.661290 2654.206173
0.895492 0.000000 0.000000 0.000000 0.000000 0.097775 0.006733 1.661290 2654.206173
0.895492 0.000000 0.000000 0.000000 0.000000 0.097775 0.006733 1.661290 2654.206173
0.895492 0.000000 0.000000 0.000000 0.000000 0.097775 0.006733 1.661290 2654.206173
0.895492 0.000000 0.000000 0.000000 0.000000 0.097775 0.006733 1.661290 2654.206173
0.895492 0.000000 0.000000 0.000000 0.000000 0.097775 0.006733 1.661290 2654.206173
0.895492 0.000000 0.000000 0.000000 0.000000 0.097775 0.006733 1.661290 2654.206173
0.895492 0.000000 0.000000 0.000000 0.000000 0.097775 0.006733 1.661290 2654.206173
0.895492 0.000000 0.000000 0.000000 0.000000 0.097775 0.006733 1.661290 2654.206173
0.895492 0.000000 0.000000 0.000000 0.000000 0.097775 0.006733 1.661290 2654.206173
0.895492 0.000000 0.000000 0.000000 0.000000 0.097775 0.006733 1.661290 2654.206173
0.895492 0.000000 0.000000 0.000000 0.000000 0.097775 0.006733 1.661290 2654.206173
0.895492 0.000000 0.000000 0.000000 0.000000 0.097775 0.006733 1.661290 2654.206173
0.895492 0.000000 0.000000 0.000000 0.000000 0.097775 0.006733 1.661290 2654.206173
0.895492 0.000000 0.000000 0.000000 0.000000 0.097775 0.006733 1.661290 2654.206173
0.895492 0.000000 0.000000 0.000000 0.000000 0.097775 0.006733 1.661290 2654.206173
0.895492 0.000000 0.000000 0.000000 0.000000 0.097775 0.006733 1.661290 2654.206173
0.895492 0.000000 0.000000 0.000000 0.000000 0.097775 0.006733 1.661290 2654.206173
0.895492 0.000000 0.000000 0.000000 0.000000 0.097775 0.006733 1.661290 2654.206173
0.895492 0.000000 0.000000 0.000000 0.000000 0.097775 0.006733 1.661290 2654.206173
0.895492 0.000000 0.000000 0.000000 0.000000 0.097775 0.006733 1.661290 2654.206173
0.895492 0.000000 0.000000 0.000000 0.000000 0.097775 0.006733 1.661290 2654.206173
0.895492 0.000000 0.000000 0.000000 0.000000 0.097775 0.006733 1.661290 2654.206173
0.895492 0.000000 0.000000 0.000000 0.000000 0.097775 0.006733 1.661290 2654.206173
0.895492 0.000000 0.000000 0.000000 0.000000 0.097775 0.006733 1.661290 2654.206173
0.895492 0.000000 0.000000 0.000000 0.000000 0.097775 0.006733 1.661290 2654.206173
0.895492 0.000000 0.000000 0.000000 0.000000 0.097775 0.006733 1.661290 2654.206173
0.895492 0.000000 0.000000 0.000000 0.000000 0.097775 0.006733 1.661290 2654.206173
0.895492 0.000000 0.000000 0.000000 0.000000 0.097775 0.006733 1.661290 2654.206173
0.895492 0.000000 0.000000 0.000000 0.000000 0.097775 0.006733 1.661290 2654.206173
0.895492 0.000000 0.000000 0.000000 0.000000 0.097775 0.006733 1.661290 2654.206173
0.895492 0.000000 0.000000 0.000000 0.000000 0.097775 0.006733 1.661290 2654.206173
0.895492 0.000000 0.000000 0.000000 0.000000 0.097775 0.006733 1.661290 2654.206173
0.895492 0.000000 0.000000 0.000000 0.000000 0.097775 0.006733 1.661290 2654.206173
0.895492 0.000000 0.000000 0.000000 0.000000 0.097775 0.006733 1.661290 2654.206173
0.895492 0.000000 0.000000 0.000000 0.000000 0.097775 0.006733 1.661290 2654.206173
0.895492 0.000000 0.000000 0.000000 0.000000 0.097775 0.006733 1.661290 2654.206173
0.895492 0.000000 0.000000 0.000000 0.000000 0.097775 0.006733 1.661290 2654.206173
0.895492 0.000000 0.000000 0.000000 0.000000 0.097775 0.006733 1.661290 2654.206173
0.895492 0.000000 0.000000 0.000000 0.000000 0.097775 0.006733 1.661290 2654.206173
0.895492 0.000000 0.000000 0.000000 0.000000 0.097775 0.006733 1.661290 2654.206173
0.895492 0.000000 0.000000 0.000000 0.000000 0.097775 0.006733 1.661290 2654.206173
0.895492 0.000000 0.000000 0.000000 0.000000 0.097775 0.006733 1.661290 2654.206173
0.895492 0.000000 0.000000 0.000000 0.000000 0.097775 0.006733 1.661290 2654.206173
0.895492 0.000000 0.000000 0.000000 0.000000 0.097775 0.006733 1.661290 2654.206173
0.895492 0.000000 0.000000 0.000000 0.000000 0.097775 0.006733 1.661290 2654.206173
0.895492 0.000000 0.000000 0.000000 0.000000 0.097775 0.006733 1.661290 2654.206173
0.895492 0.000000 0.000000 0.000000 0.000000 0.097775 0.006733 1.661290 2654.206173
0.895492 0.000000 0.000000 0.000000 0.000000 0.097775 0.006733 1.661290 2654.206173
0.895492 0.000000 0.000000 0.000000 0.000000 0.097775 0.006733 1.661290 2654.206173
0.895492 0.000000 0.000000 0.000000 0.000000 0.097775 0.006733 1.661290 2654.206173
0.895492 0.000000 0.000000 0.000000 0.000000 0.097775 0.006733 1.661290 2654.206173
0.895492 0.000000 0.000000 0.000000 0.000000 0.097775 0.006733 1.661290 2654.206173
0.895492 0.000000 0.000000 0.000000 0.000000 0.097775 0.006733 1.661290 2654.206173
0.895492 0.000000 0.000000 0.000000 0.000000 0.097775 0.006733 1.661290 2654.206173
0.895492 0.000000 0.000000 0.000000 0.000000 0.097775 0.006733 1.661290 2654.206173
0.895492 0.000000 0.000000 0.000000 0.000000 0.097775 0.006733 1.661290 2654.206173
0.895492 0.000000 0.000000 0.000000 0.000000 0.097775 0.006733 1.661290 2654.206173
0.895492 0.000000 0.000000 0.000000 0.000000 0.097775 0.006733 1.661290 2654.206173
0.895492 0.000000 0.000000 0.000000 0.000000 0.097775 0.006733 1.661290 2654.206173
0.895492 0.000000 0.000000 0.000000 0.000000 0.097775 0.006733 1.661290 2654.206173
0.895492 0.000000 0.000000 0.000000 0.000000 0.097775 0.006733 1.661290 2654.206173
0.895492 0.000000 0.000000 0.000000 0.000000 0.097775 0.006733 1.661290 2654.206173
0.895492 0.000000 0.000000 0.000000 0.000000 0.097775 0.006733 1.661290 2654.206173
0.895492 0.000000 0.000000 0.000000 0.000000 0.097775 0.006733 1.661290 2654.206173
0.895492 0.000000 0.000000 0.000000 0.000000 0.097775 0.006733 1.661290 2654.206173
0.895492 0.000000 0.000000 0.000000 0.000000 0.097775 0.006733 1.661290 2654.206173
0.895492 0.000000 0.000000 0.000000 0.000000 0.097775 0.006733 1.661290 2654.206173
0.895492 0.000000 0.000000 0.000000 0.000000 0.097775 0.006733 1.661290 2654.206173
0.895492 0.000000 0.000000 0.000000 0.000000 0.097775 0.006733 1.661290 2654.206173
0.895492 0.000000 0.000000 0.000000 0.000000 0.097775 0.006733 1.661290 2654.206173
0.895492 0.000000 0.000000 0.000000 0.000000 0.097775 0.006733 1.661290 2654.206173
0.895492 0.000000 0.000000 0.000000 0.000000 0.097775 0.006733 1.661290 2654.206173
0.895492 0.000000 0.000000 0.000000 0.000000 0.097775 0.006733 1.661290 2654.206173
0.895492 0.000000 0.000000 0.000000 0.000000 0.097775 0.006733 1.661290 2654.206173
0.895492 0.000000 0.000000 0.000000 0.000000 0.097775 0.006733 1.661290 2654.206173
0.895492 0.000000 0.000000 0.000000 0.000000 0.097775 0.006733 1.661290 2654.206173
0.895492 0.000000 0.000000 0.000000 0.000000 0.097775 0.006733 1.661290 2654.206173
0.895492 0.000000 0.000000 0.000000 0.000000 0.097775 0.006733 1.661290 2654.206173
0.895492 0.000000 0.000000 0.000000 0.000000 0.097775 0.006733 1.661290 2654.206173
0.895492 0.000000 0.000000 0.000000 0.000000 0.097775 0.006733 1.661290 2654.206173
0.895492 0.000000 0.000000 0.000000 0.000000 0.097775 0.006733 1.661290 2654.206173
0.895492 0.000000 0.000000 0.000000 0.000000 0.097775 0.006733 1.661290 2654.206173
0.895492 0.000000 0.000000 0.000000 0.000000 0.097775 0.006733 1.661290 2654.206173
0.895492 0.000000 0.000000 0.000000 0.000000 0.097775 0.006733 1.661290 2654.206173
0.895492 0.000000 0.000000 0.000000 0.000000 0.097775 0.006733 1.661290 2654.206173
0.895492 0.000000 0.000000 0.000000 0.000000 0.097775 0.006733 1.661290 2654.206173
0.895492 0.000000 0.000000 0.000000 0.000000 0.097775 0.006733 1.661290 2654.206173
0.895492 0.000000 0.000000 0.000000 0.000000 0.097775 0.006733 1.661290 2654.206173
0.895492 0.000000 0.000000 0.000000 0.000000 0.097775 0.006733 1.661290 2654.206173
0.895492 0.000000 0.000000 0.000000 0.000000 0.097775 0.006733 1.661290 2654.206173
0.895492 0.000000 0.000000 0.000000 0.000000 0.097775 0.006733 1.661290 2654.206173
0.895492 0.000000 0.000000 0.000000 0.000000 0.097775 0.006733 1.661290 2654.206173
0.895492 0.000000 0.000000 0.000000 0.000000 0.097775 0.006733 1.661290 2654.206173
0.895492 0.000000 0.000000 0.000000 0.000000 0.097775 0.006733 1.661290 2654.206173
0.895492 0.000000 0.000000 0.000000 0.000000 0.097775 0.006733 1.661290 2654.206173
0.895492 0.000000 0.000000 0.000000 0.000000 0.097775 0.006733 1.661290 2654.206173
0.895492 0.000000 0.000000 0.000000 0.000000 0.097775 0.006733 1.661290 2654.206173
0.895492 0.000000 0.000000 0.000000 0.000000 0.097775 0.006733 1.661290 2654.206173
0.895492 0.000000 0.000000 0.000000 0.000000 0.097775 0.006733 1.661290 2654.206173
0.895492 0.000000 0.000000 0.000000 0.000000 0.097775 0.006733 1.661290 2654.206173
0.895492 0.000000 0.000000 0.000000 0.000000 0.097775 0.006733 1.661290 2654.206173
0.895492 0.000000 0.000000 0.000000 0.000000 0.097775 0.006733 1.661290 2654.206173
0.895492 0.000000 0.000000 0.000000 0.000000 0.097775 0.006733 1.661290 2654.206173
0.895492 0.000000 0.000000 0.000000 0.000000 0.097775 0.006733 1.661290 2654.206173
0.895492 0.000000 0.000000 0.000000 0.000000 0.097775 0.006733 1.661290 2654.206173
0.895492 0.000000 0.000000 0.000000 0.000000 0.097775 0.006733 1.661290 2654.206173
0.895492 0.000000 0.000000 0.000000 0.000000 0.097775 0.006733 1.661290 2654.206173
0.895492 0.000000 0.000000 0.000000 0.000000 0.097775 0.006733 1.661290 2654.206173
0.895492 0.000000 0.000000 0.000000 0.000000 0.097775 0.006733 1.661290 2654.206173
0.895492 0.000000 0.000000 0.000000 0.000000 0.097775 0.006733 1.661290 2654.206173
0.895492 0.000000 0.000000 0.000000 0.000000 0.097775 0.006733 1.661290 2654.206173
0.895492 0.000000 0.000000 0.000000 0.000000 0.097775 0.006733 1.661290 2654.206173
0.895492 0.000000 0.000000 0.000000 0.000000 0.097775 0.006733 1.661290 2654.206173
0.895492 0.000000 0.000000 0.000000 0.000000 0.097775 0.006733 1.661290 2654.206173
0.895492 0.000000 0.000000 0.000000 0.000000 0.097775 0.006733 1.661290 2654.206173
0.895492 0.000000 0.000000 0.000000 0.000000 0.097775 0.006733 1.661290 2654.206173
0.895492 0.000000 0.000000 0.000000 0.000000 0.097775 0.006733 1.661290 2654.206173
0.895492 0.000000 0.000000 0.000000 0.000000 0.097775 0.006733 1.661290 2654.206173
0.895492 0.000000 0.000000 0.000000 0.000000 0.097775 0.006733 1.661290 2654.206173
0.895492 0.000000 0.000000 0.000000 0.000000 0.097775 0.006733 1.661290 2654.206173
0.895492 0.000000 0.000000 0.000000 0.000000 0.097775 0.006733 1.661290 2654.206173
0.895492 0.000000 0.000000 0.000000 0.000000 0.097775 0.006733 1.661290 2654.206173
0.895492 0.000000 0.000000 0.000000 0.000000 0.097775 0.006733 1.661290 2654.206173
0.895492 0.000000 0.000000 0.000000 0.000000 0.097775 0.006733 1.661290 2654.206173
0.895492 0.000000 0.000000 0.000000 0.000000 0.097775 0.006733 1.661290 2654.206173
0.895492 0.000000 0.000000 0.000000 0.000000 0.097775 0.006733 1.661290 2654.206173
0.895492 0.000000 0.000000 0.000000 0.000000 0.097775 0.006733 1.661290 2654.206173
0.895492 0.000000 0.000000 0.000000 0.000000 0.097775 0.006733 1.661290 2654.206173
0.895492 0.000000 0.000000 0.000000 0.000000 0.097775 0.006733 1.661290 2654.206173
0.895492 0.000000 0.000000 0.000000 0.000000 0.097775 0.006733 1.661290 2654.206173
0.895492 0.000000 0.000000 0.000000 0.000000 0.097775 0.006733 1.661290 2654.206173
0.895492 0.000000 0.000000 0.000000 0.000000 0.097775 0.006733 1.661290 2654.206173
0.895492 0.000000 0.000000 0.000000 0.000000 0.097775 0.006733 1.661290 2654.206173
0.895492 0.000000 0.000000 0.000000 0.000000 0.097775 0.006733 1.661290 2654.206173
0.895492 0.000000 0.000000 0.000000 0.000000 0.097775 0.006733 1.661290 2654.206173
0.895492 0.000000 0.000000 0.000000 0.000000 0.097775 0.006733 1.661290 2654.206173
0.895492 0.000000 0.000000 0.000000 0.000000 0.097775 0.006733 1.661290 2654.206173
0.895492 0.000000 0.000000 0.000000 0.000000 0.097775 0.006733 1.661290 2654.206173
0.895492 0.000000 0.000000 0.000000 0.000000 0.097775 0.006733 1.661290 2654.206173
0.895492 0.000000 0.000000 0.000000 0.000000 0.097775 0.006733 1.661290 2654.206173
0.895492 0.000000 0.000000 0.000000 0.000000 0.097775 0.006733 1.661290 2654.206173
0.895492 0.000000 0.000000 0.000000 0.000000 0.097775 0.006733 1.661290 2654.206173
0.895492 0.000000 0.000000 0.000000 0.000000 0.097775 0.006733 1.661290 2654.206173
0.895492 0.000000 0.000000 0.000000 0.000000 0.097775 0.006733 1.661290 2654.206173
0.895492 0.000000 0.000000 0.000000 0.000000 0.097775 0.006733 1.661290 2654.206173
0.895492 0.000000 0.000000 0.000000 0.000000 0.097775 0.006733 1.661290 2654.206173
0.895492 0.000000 0.000000 0.000000 0.000000 0.097775 0.006733 1.661290 2654.206173
0.895492 0.000000 0.000000 0.000000 0.000000 0.097775 0.006733 1.661290 2654.206173
0.895492 0.000000 0.000000 0.000000 0.000000 0.097775 0.006733 1.661290 2654.206173
0.895492 0.000000 0.000000 0.000000 0.000000 0.097775 0.006733 1.661290 2654.206173
0.895492 0.000000 0.000000 0.000000 0.000000 0.097775 0.006733 1.661290 2654.206173
0.895492 0.000000 0.000000 0.000000 0.000000 0.097775 0.006733 1.661290 2654.206173
0.895492 0.000000 0.000000 0.000000 0.000000 0.097775 0.006733 1.661290 2654.206173
0.895492 0.000000 0.000000 0.000000 0.000000 0.097775 0.006733 1.661290 2654.206173
0.895492 0.000000 0.000000 0.000000 0.000000 0.097775 0.006733 1.661290 2654.206173
0.895492 0.000000 0.000000 0.000000 0.000000 0.097775 0.006733 1.661290 2654.206173
0.895492 0.000000 0.000000 0.000000 0.000000 0.097775 0.006733 1.661290 2654.206173
0.895492 0.000000 0.000000 0.000000 0.000000 0.097775 0.006733 1.661290 2654.206173
0.895492 0.000000 0.000000 0.000000 0.000000 0.097775 0.006733 1.661290 2654.206173
0.895492 0.000000 0.000000 0.000000 0.000000 0.097775 0.006733 1.661290 2654.206173
0.895492 0.000000 0.000000 0.000000 0.000000 0.097775 0.006733 1.661290 2654.206173
0.895492 0.000000 0.000000 0.000000 0.000000 0.097775 0.006733 1.661290 2654.206173
0.895492 0.000000 0.000000 0.000000 0.000000 0.097775 0.006733 1.661290 2654.206173
0.895492 0.000000 0.000000 0.000000 0.000000 0.097775 0.006733 1.661290 2654.206173
0.895492 0.000000 0.000000 0.000000 0.000000 0.097775 0.006733 1.661290 2654.206173
0.895492 0.000000 0.000000 0.000000 0.000000 0.097775 0.006733 1.661290 2654.206173
0.895492 0.000000 0.000000 0.000000 0.000000 0.097775 0.006733 1.661290 2654.206173
0.895492 0.000000 0.000000 0.000000 0.000000 0.097775 0.006733 1.661290 2654.206173
0.895492 0.000000 0.000000 0.000000 0.000000 0.097775 0.006733 1.661290 2654.206173
0.895492 0.000000 0.000000 0.000000 0.000000 0.097775 0.006733 1.661290 2654.206173
0.895492 0.000000 0.000000 0.000000 0.000000 0.097775 0.006733 1.661290 2654.206173
0.895492 0.000000 0.000000 0.000000 0.000000 0.097775 0.006733 1.661290 2654.206173
0.895492 0.000000 0.000000 0.000000 0.000000 0.097775 0.006733 1.661290 2654.206173
0.895492 0.000000 0.000000 0.000000 0.000000 0.097775 0.006733 1.661290 2654.206173
0.895492 0.000000 0.000000 0.000000 0.000000 0.097775 0.006733 1.661290 2654.206173
0.895492 0.000000 0.000000 0.000000 0.000000 0.097775 0.006733 1.661290 2654.206173
0.895492 0.000000 0.000000 0.000000 0.000000 0.097775 0.006733 1.661290 2654.206173
0.895492 0.000000 0.000000 0.000000 0.000000 0.097775 0.006733 1.661290 2654.206173
0.895492 0.000000 0.000000 0.000000 0.000000 0.097775 0.006733 1.661290 2654.206173
0.895492 0.000000 0.000000 0.000000 0.000000 0.097775 0.006733 1.661290 2654.206173
0.895492 0.000000 0.000000 0.000000 0.000000 0.097775 0.006733 1.661290 2654.206173
0.895492 0.000000 0.000000 0.000000 0.000000 0.097775 0.006733 1.661290 2654.206173
0.895492 0.000000 0.000000 0.000000 0.000000 0.097775 0.006733 1.661290 2654.206173
0.895492 0.000000 0.000000 0.000000 0.000000 0.097775 0.006733 1.661290 2654.206173
0.895492 0.000000 0.000000 0.000000 0.000000 0.097775 0.006733 1.661290 2654.206173
0.895492 0.000000 0.000000 0.000000 0.000000 0.097775 0.006733 1.661290 2654.206173
0.895492 0.000000 0.000000 0.000000 0.000000 0.097775 0.006733 1.661290 2654.206173
0.895492 0.000000 0.000000 0.000000 0.000000 0.097775 0.006733 1.661290 2654.206173
0.895492 0.000000 0.000000 0.000000 0.000000 0.097775 0.006733 1.661290 2654.206173
0.895492 0.000000 0.000000 0.000000 0.000000 0.097775 0.006733 1.661290 2654.206173
0.895492 0.000000 0.000000 0.000000 0.000000 0.097775 0.006733 1.661290 2654.206173
0.895492 0.000000 0.000000 0.000000 0.000000 0.097775 0.006733 1.661290 2654.206173
0.895492 0.000000 0.000000 0.000000 0.000000 0.097775 0.006733 1.661290 2654.206173
0.895492 0.000000 0.000000 0.000000 0.000000 0.097775 0.006733 1.661290 2654.206173
0.895492 0.000000 0.000000 0.000000 0.000000 0.097775 0.006733 1.661290 2654.206173
0.895492 0.000000 0.000000 0.000000 0.000000 0.097775 0.006733 1.661290 2654.206173
0.895492 0.000000 0.000000 0.000000 0.000000 0.097775 0.006733 1.661290 2654.206173
0.895492 0.000000 0.000000 0.000000 0.000000 0.097775 0.006733 1.661290 2654.206173
0.895492 0.000000 0.000000 0.000000 0.000000 0.097775 0.006733 1.661290 2654.206173
0.895492 0.000000 0.000000 0.000000 0.000000 0.097775 0.006733 1.661290 2654.206173
0.895492 0.000000 0.000000 0.000000 0.000000 0.097775 0.006733 1.661290 2654.206173
0.895492 0.000000 0.000000 0.000000 0.000000 0.097775 0.006733 1.661290 2654.206173
0.895492 0.000000 0.000000 0.000000 0.000000 0.097775 0.006733 1.661290 2654.206173
0.895492 0.000000 0.000000 0.000000 0.000000 0.097775 0.006733 1.661290 2654.206173
0.895492 0.000000 0.000000 0.000000 0.000000 0.097775 0.006733 1.661290 2654.206173
0.895492 0.000000 0.000000 0.000000 0.000000 0.097775 0.006733 1.661290 2654.206173
0.895492 0.000000 0.000000 0.000000 0.000000 0.097775 0.006733 1.661290 2654.206173
0.895492 0.000000 0.000000 0.000000 0.000000 0.097775 0.006733 1.661290 2654.206173
0.895492 0.000000 0.000000 0.000000 0.000000 0.097775 0.006733 1.661290 2654.206173
0.895492 0.000000 0.000000 0.000000 0.000000 0.097775 0.006733 1.661290 2654.206173
0.895492 0.000000 0.000000 0.000000 0.000000 0.097775 0.006733 1.661290 2654.206173
0.895492 0.000000 0.000000 0.000000 0.000000 0.097775 0.006733 1.661290 2654.206173
0.895492 0.000000 0.000000 0.000000 0.000000 0.097775 0.006733 1.661290 2654.206173
0.895492 0.000000 0.000000 0.000000 0.000000 0.097775 0.006733 1.661290 2654.206173
0.895492 0.000000 0.000000 0.000000 0.000000 0.097775 0.006733 1.661290 2654.206173
0.895492 0.000000 0.000000 0.000000 0.000000 0.097775 0.006733 1.661290 2654.206173
0.895492 0.000000 0.000000 0.000000 0.000000 0.097775 0.006733 1.661290 2654.206173
0.895492 0.000000 0.000000 0.000000 0.000000 0.097775 0.006733 1.661290 2654.206173
0.895492 0.000000 0.000000 0.000000 0.000000 0.097775 0.006733 1.661290 2654.206173
0.895492 0.000000 0.000000 0.000000 0.000000 0.097775 0.006733 1.661290 2654.206173
0.895492 0.000000 0.000000 0.000000 0.000000 0.097775 0.006733 1.661290 2654.206173
0.895492 0.000000 0.000000 0.000000 0.000000 0.097775 0.006733 1.661290 2654.206173
0.895492 0.000000 0.000000 0.000000 0.000000 0.097775 0.006733 1.661290 2654.206173
0.895492 0.000000 0.000000 0.000000 0.000000 0.097775 0.006733 1.661290 2654.206173
0.895492 0.000000 0.000000 0.000000 0.000000 0.097775 0.006733 1.661290 2654.206173
0.895492 0.000000 0.000000 0.000000 0.000000 0.097775 0.006733 1.661290 2654.206173
0.895492 0.000000 0.000000 0.000000 0.000000 0.097775 0.006733 1.661290 2654.206173
0.895492 0.000000 0.000000 0.000000 0.000000 0.097775 0.006733 1.661290 2654.206173
0.895492 0.000000 0.000000 0.000000 0.000000 0.097775 0.006733 1.661290 2654.206173
0.895492 0.000000 0.000000 0.000000 0.000000 0.097775 0.006733 1.661290 2654.206173
0.895492 0.000000 0.000000 0.000000 0.000000 0.097775 0.006733 1.661290 2654.206173
0.895492 0.000000 0.000000 0.000000 0.000000 0.097775 0.006733 1.661290 2654.206173
0.895492 0.000000 0.000000 0.000000 0.000000 0.097775 0.006733 1.661290 2654.206173
0.895492 0.000000 0.000000 0.000000 0.000000 0.097775 0.006733 1.661290 2654.206173
0.895492 0.000000 0.000000 0.000000 0.000000 0.097775 0.006733 1.661290 2654.206173
0.895492 0.000000 0.000000 0.000000 0.000000 0.097775 0.006733 1.661290 2654.206173
0.895492 0.000000 0.000000 0.000000 0.000000 0.097775 0.006733 1.661290 2654.206173
0.895492 0.000000 0.000000 0.000000 0.000000 0.097775 0.006733 1.661290 2654.206173
0.895492 0.000000 0.000000 0.000000 0.000000 0.097775 0.006733 1.661290 2654.206173
0.895492 0.000000 0.000000 0.000000 0.000000 0.097775 0.006733 1.661290 2654.206173
0.895492 0.000000 0.000000 0.000000 0.000000 0.097775 0.006733 1.661290 2654.206173
0.895492 0.000000 0.000000 0.000000 0.000000 0.097775 0.006733 1.661290 2654.206173
0.895492 0.000000 0.000000 0.000000 0.000000 0.097775 0.006733 1.661290 2654.206173
0.895492 0.000000 0.000000 0.000000 0.000000 0.097775 0.006733 1.661290 2654.206173
0.895492 0.000000 0.000000 0.000000 0.000000 0.097775 0.006733 1.661290 2654.206173
0.895492 0.000000 0.000000 0.000000 0.000000 0.097775 0.006733 1.661290 2654.206173
0.895492 0.000000 0.000000 0.000000 0.000000 0.097775 0.006733 1.661290 2654.206173
0.895492 0.000000 0.000000 0.000000 0.000000 0.097775 0.006733 1.661290 2654.206173
0.895492 0.000000 0.000000 0.000000 0.000000 0.097775 0.006733 1.661290 2654.206173
0.895492 0.000000 0.000000 0.000000 0.000000 0.097775 0.006733 1.661290 2654.206173
0.895492 0.000000 0.000000 0.000000 0.000000 0.097775 0.006733 1.661290 2654.206173
0.895492 0.000000 0.000000 0.000000 0.000000 0.097775 0.006733 1.661290 2654.206173
0.895492 0.000000 0.000000 0.000000 0.000000 0.097775 0.006733 1.661290 2654.206173
0.895492 0.000000 0.000000 0.000000 0.000000 0.097775 0.006733 1.661290 2654.206173
0.895492 0.000000 0.000000 0.000000 0.000000 0.097775 0.006733 1.661290 2654.206173
0.895492 0.000000 0.000000 0.000000 0.000000 0.097775 0.006733 1.661290 2654.206173
0.895492 0.000000 0.000000 0.000000 0.000000 0.097775 0.006733 1.661290 2654.206173
0.895492 0.000000 0.000000 0.000000 0.000000 0.097775 0.006733 1.661290 2654.206173
0.895492 0.000000 0.000000 0.000000 0.000000 0.097775 0.006733 1.661290 2654.206173
0.895492 0.000000 0.000000 0.000000 0.000000 0.097775 0.006733 1.661290 2654.206173
0.895492 0.000000 0.000000 0.000000 0.000000 0.097775 0.006733 1.661290 2654.206173
0.895492 0.000000 0.000000 0.000000 0.000000 0.097775 0.006733 1.661290 2654.206173
0.895492 0.000000 0.000000 0.000000 0.000000 0.097775 0.006733 1.661290 2654.206173
0.895492 0.000000 0.000000 0.000000 0.000000 0.097775 0.006733 1.661290 2654.206173
0.895492 0.000000 0.000000 0.000000 0.000000 0.097775 0.006733 1.661290 2654.206173
0.895492 0.000000 0.000000 0.000000 0.000000 0.097775 0.006733 1.661290 2654.206173
0.895492 0.000000 0.000000 0.000000 0.000000 0.097775 0.006733 1.661290 2654.206173
0.895492 0.000000 0.000000 0.000000 0.000000 0.097775 0.006733 1.661290 2654.206173
0.895492 0.000000 0.000000 0.000000 0.000000 0.097775 0.006733 1.661290 2654.206173
0.895492 0.000000 0.000000 0.000000 0.000000 0.097775 0.006733 1.661290 2654.206173
0.895492 0.000000 0.000000 0.000000 0.000000 0.097775 0.006733 1.661290 2654.206173
0.895492 0.000000 0.000000 0.000000 0.000000 0.097775 0.006733 1.661290 2654.206173
0.895492 0.000000 0.000000 0.000000 0.000000 0.097775 0.006733 1.661290 2654.206173
0.895492 0.000000 0.000000 0.000000 0.000000 0.097775 0.006733 1.661290 2654.206173
0.895492 0.000000 0.000000 0.000000 0.000000 0.097775 0.006733 1.661290 2654.206173
0.895492 0.000000 0.000000 0.000000 0.000000 0.097775 0.006733 1.661290 2654.206173
0.895492 0.000000 0.000000 0.000000 0.000000 0.097775 0.006733 1.661290 2654.206173
0.895492 0.000000 0.000000 0.000000 0.000000 0.097775 0.006733 1.661290 2654.206173
0.895492 0.000000 0.000000 0.000000 0.000000 0.097775 0.006733 1.661290 2654.206173
0.895492 0.000000 0.000000 0.000000 0.000000 0.097775 0.006733 1.661290 2654.206173
0.895492 0.000000 0.000000 0.000000 0.000000 0.097775 0.006733 1.661290 2654.206173
0.895492 0.000000 0.000000 0.000000 0.000000 0.097775 0.006733 1.661290 2654.206173
0.895492 0.000000 0.000000 0.000000 0.000000 0.097775 0.006733 1.661290 2654.206173
0.895492 0.000000 0.000000 0.000000 0.000000 0.097775 0.006733 1.661290 2654.206173
0.895492 0.000000 0.000000 0.000000 0.000000 0.097775 0.006733 1.661290 2654.206173
0.895492 0.000000 0.000000 0.000000 0.000000 0.097775 0.006733 1.661290 2654.206173
0.895492 0.000000 0.000000 0.000000 0.000000 0.097775 0.006733 1.661290 2654.206173
0.895492 0.000000 0.000000 0.000000 0.000000 0.097775 0.006733 1.661290 2654.206173
0.895492 0.000000 0.000000 0.000000 0.000000 0.097775 0.006733 1.661290 2654.206173
0.895492 0.000000 0.000000 0.000000 0.000000 0.097775 0.006733 1.661290 2654.206173
0.895492 0.000000 0.000000 0.000000 0.000000 0.097775 0.006733 1.661290 2654.206173
0.895492 0.000000 0.000000 0.000000 0.000000 0.097775 0.006733 1.661290 2654.206173
0.895492 0.000000 0.000000 0.000000 0.000000 0.097775 0.006733 1.661290 2654.206173
0.895492 0.000000 0.000000 0.000000 0.000000 0.097775 0.006733 1.661290 2654.206173
0.895492 0.000000 0.000000 0.000000 0.000000 0.097775 0.006733 1.661290 2654.206173
0.895492 0.000000 0.000000 0.000000 0.000000 0.097775 0.006733 1.661290 2654.206173
0.895492 0.000000 0.000000 0.000000 0.000000 0.097775 0.006733 1.661290 2654.206173
0.895492 0.000000 0.000000 0.000000 0.000000 0.097775 0.006733 1.661290 2654.206173
0.895492 0.000000 0.000000 0.000000 0.000000 0.097775 0.006733 1.661290 2654.206173
0.895492 0.000000 0.000000 0.000000 0.000000 0.097775 0.006733 1.661290 2654.206173
0.895492 0.000000 0.000000 0.000000 0.000000 0.097775 0.006733 1.661290 2654.206173
0.895492 0.000000 0.000000 0.000000 0.000000 0.097775 0.006733 1.661290 2654.206173
0.895492 0.000000 0.000000 0.000000 0.000000 0.097775 0.006733 1.661290 2654.206173
0.895492 0.000000 0.000000 0.000000 0.000000 0.097775 0.006733 1.661290 2654.206173
0.895492 0.000000 0.000000 0.000000 0.000000 0.097775 0.006733 1.661290 2654.206173
0.895492 0.000000 0.000000 0.000000 0.000000 0.097775 0.006733 1.661290 2654.206173
0.895492 0.000000 0.000000 0.000000 0.000000 0.097775 0.006733 1.661290 2654.206173
0.895492 0.000000 0.000000 0.000000 0.000000 0.097775 0.006733 1.661290 2654.206173
0.895492 0.000000 0.000000 0.000000 0.000000 0.097775 0.006733 1.661290 2654.206173
0.895492 0.000000 0.000000 0.000000 0.000000 0.097775 0.006733 1.661290 2654.206173
0.895492 0.000000 0.000000 0.000000 0.000000 0.097775 0.006733 1.661290 2654.206173
0.895492 0.000000 0.000000 0.000000 0.000000 0.097775 0.006733 1.661290 2654.206173
0.895492 0.000000 0.000000 0.000000 0.000000 0.097775 0.006733 1.661290 2654.206173
0.895492 0.000000 0.000000 0.000000 0.000000 0.097775 0.006733 1.661290 2654.206173
0.895492 0.000000 0.000000 0.000000 0.000000 0.097775 0.006733 1.661290 2654.206173
0.895492 0.000000 0.000000 0.000000 0.000000 0.097775 0.006733 1.661290 2654.206173
0.895492 0.000000 0.000000 0.000000 0.000000 0.097775 0.006733 1.661290 2654.206173
0.895492 0.000000 0.000000 0.000000 0.000000 0.097775 0.006733 1.661290 2654.206173
0.895492 0.000000 0.000000 0.000000 0.000000 0.097775 0.006733 1.661290 2654.206173
0.895492 0.000000 0.000000 0.000000 0.000000 0.097775 0.006733 1.661290 2654.206173
0.895492 0.000000 0.000000 0.000000 0.000000 0.097775 0.006733 1.661290 2654.206173
0.895492 0.000000 0.000000 0.000000 0.000000 0.097775 0.006733 1.661290 2654.206173
0.895492 0.000000 0.000000 0.000000 0.000000 0.097775 0.006733 1.661290 2654.206173
0.895492 0.000000 0.000000 0.000000 0.000000 0.097775 0.006733 1.661290 2654.206173
0.895492 0.000000 0.000000 0.000000 0.000000 0.097775 0.006733 1.661290 2654.206173
0.895492 0.000000 0.000000 0.000000 0.000000 0.097775 0.006733 1.661290 2654.206173
0.895492 0.000000 0.000000 0.000000 0.000000 0.097775 0.006733 1.661290 2654.206173
0.895492 0.000000 0.000000 0.000000 0.000000 0.097775 0.006733 1.661290 2654.206173
