0.356218 0.062268 0.055110 0.031552 0.002049 0.486954 0.005849 1.591619 2031.171517
0.356793 0.061783 0.055542 0.030957 0.002048 0.487002 0.005876 1.597621 2041.890413
0.358136 0.060550 0.055928 0.030376 0.002038 0.487062 0.005908 1.603657 2054.348602
0.359933 0.058996 0.056197 0.029778 0.002038 0.487124 0.005934 1.609477 2065.800989
0.362105 0.057167 0.056356 0.029178 0.002036 0.487195 0.005962 1.615179 2075.381929
0.364634 0.055246 0.056346 0.028693 0.002031 0.487062 0.005987 1.620707 2084.242695
0.367249 0.053478 0.056227 0.028039 0.002022 0.486971 0.006014 1.625982 2094.391258
0.369967 0.051602 0.055965 0.027493 0.002015 0.486920 0.006038 1.631180 2103.737243
0.372864 0.049836 0.055551 0.026951 0.001994 0.486740 0.006063 1.636138 2114.637691
0.375838 0.048187 0.055048 0.026394 0.001980 0.486463 0.006089 1.640898 2124.692598
0.378780 0.046687 0.054404 0.025913 0.001957 0.486141 0.006118 1.645504 2134.989033
0.381822 0.045263 0.053681 0.025392 0.001938 0.485760 0.006144 1.649990 2145.660338
0.384827 0.043950 0.052963 0.024889 0.001919 0.485283 0.006168 1.654353 2156.479049
0.388005 0.042677 0.052163 0.024359 0.001905 0.484701 0.006191 1.658581 2165.676178
0.391102 0.041521 0.051334 0.023895 0.001885 0.484050 0.006214 1.662713 2176.831017
0.394265 0.040445 0.050387 0.023415 0.001865 0.483386 0.006236 1.666674 2186.499240
0.397441 0.039377 0.049585 0.022976 0.001843 0.482516 0.006261 1.670623 2196.255550
0.400573 0.038423 0.048676 0.022543 0.001823 0.481675 0.006287 1.674434 2207.085811
0.403724 0.037535 0.047769 0.022113 0.001801 0.480743 0.006314 1.678172 2216.976125
0.406824 0.036816 0.046871 0.021700 0.001777 0.479672 0.006340 1.681788 2227.313493
0.409982 0.036088 0.046045 0.021277 0.001761 0.478483 0.006365 1.685381 2238.091575
0.413057 0.035465 0.045164 0.020925 0.001742 0.477263 0.006385 1.688887 2248.381718
0.416124 0.034905 0.044271 0.020591 0.001720 0.475979 0.006408 1.692322 2258.146454
0.419132 0.034411 0.043410 0.020233 0.001704 0.474679 0.006431 1.695692 2268.074521
0.422102 0.033971 0.042568 0.019895 0.001694 0.473318 0.006451 1.699026 2276.886284
0.425104 0.033554 0.041748 0.019559 0.001668 0.471893 0.006473 1.702338 2286.571690
0.428059 0.033154 0.040994 0.019218 0.001642 0.470438 0.006494 1.705608 2295.909677
0.431117 0.032833 0.040261 0.018901 0.001616 0.468754 0.006518 1.708798 2306.239742
0.434041 0.032590 0.039559 0.018655 0.001596 0.467019 0.006540 1.711961 2314.077278
0.436890 0.032378 0.038859 0.018415 0.001582 0.465316 0.006558 1.715130 2322.253909
0.439699 0.032154 0.038213 0.018214 0.001553 0.463590 0.006577 1.718294 2331.203128
0.442591 0.032027 0.037516 0.017952 0.001537 0.461783 0.006594 1.721376 2339.939983
0.445404 0.031895 0.036890 0.017738 0.001517 0.459938 0.006617 1.724464 2350.050977
0.448188 0.031741 0.036256 0.017584 0.001493 0.458104 0.006635 1.727574 2359.323889
0.450928 0.031637 0.035730 0.017412 0.001472 0.456165 0.006654 1.730704 2368.747086
0.453586 0.031517 0.035230 0.017294 0.001453 0.454245 0.006675 1.733835 2377.371825
0.456281 0.031422 0.034747 0.017143 0.001431 0.452282 0.006695 1.736928 2385.674787
0.458839 0.031468 0.034302 0.017008 0.001415 0.450255 0.006712 1.739970 2393.917449
0.461369 0.031447 0.033895 0.016908 0.001398 0.448253 0.006730 1.743072 2402.841561
0.463873 0.031424 0.033494 0.016757 0.001386 0.446321 0.006746 1.746160 2409.295624
0.466326 0.031405 0.033175 0.016620 0.001367 0.444342 0.006766 1.749260 2418.125770
0.468812 0.031437 0.032764 0.016516 0.001347 0.442342 0.006782 1.752301 2426.680328
0.471167 0.031501 0.032418 0.016443 0.001324 0.440347 0.006798 1.755354 2435.798629
0.473520 0.031578 0.032125 0.016339 0.001308 0.438316 0.006814 1.758433 2444.358042
0.475807 0.031569 0.031859 0.016260 0.001295 0.436381 0.006828 1.761521 2452.498573
0.478039 0.031652 0.031607 0.016172 0.001276 0.434410 0.006844 1.764575 2460.363407
0.480267 0.031727 0.031316 0.016097 0.001262 0.432470 0.006861 1.767625 2468.596249
0.482516 0.031799 0.031096 0.016048 0.001246 0.430418 0.006877 1.770700 2476.450661
0.484628 0.031921 0.030919 0.015981 0.001223 0.428434 0.006893 1.773813 2484.465380
0.486761 0.031961 0.030784 0.015958 0.001213 0.426417 0.006907 1.776975 2491.189328
0.488857 0.032063 0.030609 0.015929 0.001195 0.424422 0.006924 1.780114 2499.501412
0.490886 0.032158 0.030496 0.015905 0.001184 0.422430 0.006941 1.783261 2507.788999
0.492898 0.032294 0.030368 0.015863 0.001170 0.420454 0.006953 1.786390 2515.750617
0.494822 0.032390 0.030218 0.015858 0.001154 0.418591 0.006966 1.789550 2523.900380
0.496750 0.032509 0.030124 0.015858 0.001137 0.416641 0.006982 1.792724 2532.932999
0.498639 0.032667 0.029993 0.015813 0.001126 0.414768 0.006994 1.795889 2541.331660
0.500423 0.032832 0.029916 0.015824 0.001114 0.412884 0.007007 1.799099 2549.475182
0.502252 0.032990 0.029843 0.015835 0.001100 0.410957 0.007023 1.802294 2557.226071
0.503992 0.033094 0.029839 0.015861 0.001085 0.409092 0.007037 1.805554 2564.538146
0.505757 0.033243 0.029800 0.015929 0.001075 0.407150 0.007046 1.808816 2570.619055
0.507392 0.033470 0.029731 0.015959 0.001068 0.405323 0.007057 1.812031 2578.255141
0.509024 0.033599 0.029695 0.016001 0.001059 0.403552 0.007071 1.815316 2585.043282
0.510626 0.033736 0.029664 0.016044 0.001049 0.401797 0.007083 1.818616 2591.752448
0.512231 0.033875 0.029662 0.016063 0.001040 0.400032 0.007096 1.821911 2599.101364
0.513814 0.033973 0.029721 0.016106 0.001029 0.398249 0.007108 1.825289 2605.724727
0.515234 0.034178 0.029752 0.016145 0.001013 0.396555 0.007123 1.828628 2613.838335
0.516691 0.034290 0.029818 0.016199 0.001013 0.394857 0.007132 1.832019 2619.406454
0.518044 0.034473 0.029834 0.016261 0.001007 0.393237 0.007144 1.835373 2626.055600
0.519508 0.034600 0.029865 0.016297 0.000997 0.391579 0.007155 1.838733 2632.404870
0.520901 0.034729 0.029955 0.016323 0.000984 0.389936 0.007170 1.842121 2639.196055
0.522222 0.034838 0.030057 0.016367 0.000984 0.388353 0.007179 1.845554 2645.849176
0.523582 0.034916 0.030073 0.016427 0.000979 0.386833 0.007190 1.848987 2652.302063
0.524891 0.035048 0.030114 0.016477 0.000971 0.385300 0.007200 1.852405 2658.392023
0.526097 0.035162 0.030203 0.016505 0.000967 0.383852 0.007213 1.855860 2664.873620
0.527335 0.035261 0.030254 0.016552 0.000965 0.382407 0.007226 1.859305 2671.572968
0.528494 0.035397 0.030277 0.016575 0.000965 0.381059 0.007234 1.862761 2678.186093
0.529562 0.035564 0.030367 0.016624 0.000965 0.379673 0.007246 1.866217 2683.954551
0.530679 0.035707 0.030477 0.016648 0.000965 0.378265 0.007260 1.869688 2690.168559
0.531755 0.035804 0.030529 0.016741 0.000961 0.376941 0.007270 1.873174 2696.377901
0.532782 0.035899 0.030584 0.016810 0.000954 0.375689 0.007282 1.876703 2702.557067
0.533875 0.035974 0.030660 0.016907 0.000954 0.374339 0.007293 1.880226 2707.267946
0.534907 0.036004 0.030782 0.016964 0.000956 0.373086 0.007302 1.883771 2713.110118
0.535878 0.036169 0.030833 0.017019 0.000945 0.371844 0.007312 1.887277 2719.036316
0.536867 0.036336 0.030877 0.017055 0.000942 0.370602 0.007321 1.890776 2724.634446
0.537870 0.036425 0.030986 0.017112 0.000947 0.369331 0.007329 1.894329 2730.460471
0.538788 0.036499 0.031094 0.017138 0.000951 0.368191 0.007340 1.897902 2735.838943
0.539625 0.036675 0.031137 0.017182 0.000948 0.367083 0.007351 1.901439 2741.057366
0.540508 0.036759 0.031257 0.017204 0.000951 0.365958 0.007362 1.905038 2745.930168
0.541399 0.036808 0.031306 0.017287 0.000948 0.364878 0.007374 1.908631 2751.946458
0.542280 0.036934 0.031363 0.017316 0.000947 0.363775 0.007385 1.912202 2756.843505
0.543164 0.037010 0.031434 0.017348 0.000942 0.362710 0.007393 1.915803 2762.791137
0.543914 0.037152 0.031446 0.017374 0.000941 0.361773 0.007402 1.919367 2768.372636
0.544708 0.037164 0.031581 0.017424 0.000935 0.360777 0.007411 1.923037 2773.752273
0.545458 0.037237 0.031637 0.017498 0.000931 0.359818 0.007422 1.926678 2779.993084
0.546279 0.037237 0.031764 0.017563 0.000930 0.358792 0.007435 1.930329 2785.254927
0.547059 0.037293 0.031844 0.017593 0.000923 0.357845 0.007443 1.933987 2791.035353
0.547766 0.037360 0.031853 0.017630 0.000915 0.357020 0.007455 1.937607 2796.244709
0.548605 0.037318 0.031988 0.017693 0.000922 0.356011 0.007464 1.941331 2800.441676
0.549414 0.037298 0.032082 0.017712 0.000921 0.355097 0.007476 1.944984 2805.661057
0.550164 0.037363 0.032187 0.017730 0.000922 0.354146 0.007489 1.948640 2810.347327
0.550935 0.037392 0.032277 0.017724 0.000921 0.353251 0.007499 1.952283 2816.387986
0.551657 0.037394 0.032332 0.017794 0.000918 0.352398 0.007507 1.955953 2821.037429
0.552432 0.037406 0.032376 0.017798 0.000912 0.351558 0.007518 1.959598 2828.121800
0.553147 0.037400 0.032374 0.017854 0.000910 0.350791 0.007525 1.963244 2833.800679
0.553935 0.037391 0.032411 0.017873 0.000912 0.349943 0.007535 1.966893 2838.198507
0.554727 0.037388 0.032483 0.017859 0.000909 0.349086 0.007548 1.970544 2844.352267
0.555481 0.037338 0.032519 0.017920 0.000909 0.348276 0.007557 1.974239 2849.172833
0.556155 0.037284 0.032598 0.017943 0.000913 0.347542 0.007564 1.977933 2854.341068
0.556743 0.037392 0.032589 0.017916 0.000914 0.346872 0.007573 1.981517 2858.925948
0.557402 0.037394 0.032627 0.017958 0.000913 0.346125 0.007581 1.985156 2864.522990
0.558059 0.037405 0.032696 0.017982 0.000907 0.345357 0.007594 1.988836 2870.034434
0.558632 0.037417 0.032788 0.017977 0.000903 0.344675 0.007608 1.992523 2874.460891
0.559261 0.037378 0.032837 0.017996 0.000906 0.344003 0.007618 1.996227 2879.070718
0.559922 0.037360 0.032855 0.017954 0.000906 0.343373 0.007631 1.999865 2884.538048
0.560617 0.037401 0.032878 0.017948 0.000912 0.342604 0.007640 2.003472 2889.352821
0.561272 0.037413 0.032864 0.017992 0.000908 0.341901 0.007652 2.007098 2894.400277
0.561926 0.037375 0.032934 0.018027 0.000910 0.341166 0.007663 2.010762 2899.559508
0.562618 0.037311 0.032963 0.018066 0.000900 0.340467 0.007674 2.014434 2905.279777
0.563292 0.037226 0.032966 0.018089 0.000899 0.339845 0.007684 2.018101 2910.309981
0.563929 0.037199 0.032967 0.018101 0.000905 0.339204 0.007694 2.021753 2915.244192
0.564594 0.037024 0.033024 0.018131 0.000908 0.338617 0.007702 2.025485 2920.353504
0.565251 0.036958 0.033048 0.018124 0.000909 0.337999 0.007711 2.029129 2925.098349
0.565906 0.036935 0.033040 0.018108 0.000916 0.337374 0.007721 2.032744 2930.190859
0.566568 0.036893 0.033034 0.018102 0.000914 0.336757 0.007731 2.036352 2934.879657
0.567216 0.036841 0.033056 0.018060 0.000914 0.336175 0.007739 2.039944 2938.943538
0.567829 0.036807 0.033055 0.018049 0.000905 0.335605 0.007750 2.043571 2944.736443
0.568470 0.036751 0.033038 0.018036 0.000898 0.335047 0.007762 2.047189 2949.686697
0.569097 0.036689 0.033030 0.018022 0.000897 0.334490 0.007774 2.050838 2954.468962
0.569682 0.036680 0.032995 0.018006 0.000899 0.333956 0.007784 2.054442 2958.888204
0.570320 0.036581 0.033014 0.018005 0.000904 0.333386 0.007790 2.058060 2962.783894
0.570866 0.036584 0.032962 0.018002 0.000901 0.332885 0.007801 2.061660 2968.093665
0.571463 0.036558 0.032935 0.017944 0.000903 0.332383 0.007812 2.065216 2972.026218
0.572057 0.036586 0.032849 0.017934 0.000902 0.331850 0.007822 2.068770 2976.696585
0.572611 0.036578 0.032790 0.017920 0.000904 0.331367 0.007831 2.072351 2981.076425
0.573265 0.036505 0.032796 0.017918 0.000905 0.330770 0.007840 2.075930 2985.806022
0.573814 0.036472 0.032753 0.017905 0.000907 0.330301 0.007849 2.079529 2989.573694
0.574378 0.036491 0.032765 0.017861 0.000906 0.329740 0.007860 2.083100 2994.287960
0.574964 0.036420 0.032772 0.017845 0.000906 0.329227 0.007867 2.086709 2998.890304
0.575458 0.036445 0.032692 0.017829 0.000908 0.328794 0.007875 2.090274 3004.759163
0.575968 0.036438 0.032733 0.017780 0.000899 0.328296 0.007886 2.093856 3009.625809
0.576524 0.036360 0.032763 0.017763 0.000890 0.327803 0.007897 2.097456 3015.866930
0.577094 0.036327 0.032715 0.017746 0.000888 0.327322 0.007907 2.101036 3020.669149
0.577662 0.036253 0.032675 0.017733 0.000892 0.326868 0.007917 2.104608 3025.065147
0.578238 0.036233 0.032665 0.017763 0.000894 0.326283 0.007924 2.108175 3029.570511
0.578814 0.036210 0.032639 0.017709 0.000886 0.325804 0.007937 2.111698 3035.694457
0.579304 0.036166 0.032658 0.017699 0.000888 0.325340 0.007945 2.115276 3039.966817
0.579803 0.036185 0.032657 0.017667 0.000884 0.324849 0.007954 2.118820 3044.350311
0.580274 0.036184 0.032634 0.017655 0.000888 0.324403 0.007962 2.122372 3047.294368
0.580763 0.036143 0.032579 0.017648 0.000891 0.324002 0.007975 2.125905 3051.290580
0.581256 0.036056 0.032570 0.017664 0.000887 0.323582 0.007983 2.129487 3056.110820
0.581723 0.036022 0.032561 0.017674 0.000889 0.323136 0.007994 2.133080 3060.172678
0.582186 0.036085 0.032504 0.017660 0.000895 0.322668 0.008003 2.136587 3063.833438
0.582695 0.036089 0.032503 0.017641 0.000897 0.322165 0.008010 2.140121 3068.209486
0.583136 0.036118 0.032488 0.017585 0.000896 0.321756 0.008021 2.143660 3073.208674
0.583585 0.036100 0.032454 0.017569 0.000900 0.321362 0.008030 2.147199 3077.349025
0.584049 0.036058 0.032393 0.017588 0.000900 0.320972 0.008040 2.150759 3081.720891
0.584502 0.036069 0.032358 0.017573 0.000902 0.320547 0.008049 2.154283 3086.543033
0.584937 0.036095 0.032361 0.017516 0.000910 0.320123 0.008058 2.157795 3090.610772
0.585438 0.036031 0.032348 0.017526 0.000911 0.319678 0.008067 2.161354 3094.606108
0.585878 0.036015 0.032351 0.017515 0.000906 0.319257 0.008078 2.164902 3100.200191
0.586270 0.035984 0.032374 0.017479 0.000908 0.318899 0.008087 2.168458 3104.225678
0.586706 0.035966 0.032387 0.017469 0.000907 0.318469 0.008096 2.171992 3108.545570
0.587147 0.036009 0.032385 0.017463 0.000908 0.317980 0.008108 2.175509 3112.768560
0.587562 0.035959 0.032420 0.017429 0.000907 0.317605 0.008117 2.179073 3118.685315
0.588013 0.035910 0.032432 0.017396 0.000908 0.317216 0.008125 2.182625 3122.942136
0.588386 0.035917 0.032452 0.017390 0.000899 0.316819 0.008137 2.186182 3128.594042
0.588824 0.035868 0.032459 0.017383 0.000895 0.316421 0.008149 2.189757 3133.356311
0.589184 0.035930 0.032505 0.017353 0.000890 0.315974 0.008165 2.193260 3137.931705
0.589603 0.035922 0.032505 0.017348 0.000894 0.315553 0.008175 2.196789 3142.452405
0.589996 0.035904 0.032454 0.017380 0.000896 0.315185 0.008185 2.200332 3146.771533
0.590428 0.035941 0.032437 0.017371 0.000891 0.314736 0.008196 2.203827 3151.838404
0.590753 0.035953 0.032454 0.017376 0.000887 0.314371 0.008206 2.207374 3156.292701
0.591173 0.035979 0.032470 0.017365 0.000885 0.313910 0.008219 2.210896 3161.629984
0.591517 0.036022 0.032410 0.017386 0.000886 0.313549 0.008230 2.214421 3166.186922
0.591814 0.036084 0.032365 0.017391 0.000890 0.313217 0.008239 2.217938 3170.735723
0.592216 0.036025 0.032372 0.017405 0.000889 0.312843 0.008250 2.221508 3175.119571
0.592520 0.036052 0.032354 0.017428 0.000891 0.312493 0.008261 2.225023 3179.483668
0.592872 0.036062 0.032333 0.017428 0.000891 0.312141 0.008273 2.228543 3183.817311
0.593253 0.036100 0.032349 0.017439 0.000890 0.311688 0.008282 2.232087 3188.470127
0.593593 0.036097 0.032370 0.017434 0.000888 0.311324 0.008294 2.235636 3193.302305
0.593904 0.036162 0.032364 0.017420 0.000888 0.310958 0.008304 2.239133 3197.792697
0.594253 0.036234 0.032306 0.017425 0.000887 0.310580 0.008315 2.242641 3202.697001
0.594633 0.036230 0.032330 0.017406 0.000886 0.310190 0.008325 2.246212 3207.331071
0.594971 0.036200 0.032355 0.017391 0.000891 0.309861 0.008331 2.249787 3211.579560
0.595306 0.036240 0.032401 0.017381 0.000889 0.309441 0.008341 2.253313 3215.828296
0.595602 0.036245 0.032409 0.017388 0.000890 0.309116 0.008349 2.256885 3219.673407
0.595896 0.036289 0.032371 0.017379 0.000895 0.308814 0.008356 2.260400 3223.486266
0.596167 0.036228 0.032465 0.017370 0.000902 0.308505 0.008364 2.264009 3227.156565
0.596355 0.036364 0.032469 0.017351 0.000903 0.308185 0.008374 2.267532 3231.348147
0.596648 0.036415 0.032427 0.017334 0.000901 0.307892 0.008383 2.271058 3235.555369
0.596825 0.036531 0.032401 0.017343 0.000901 0.307608 0.008393 2.274597 3240.625908
0.597028 0.036555 0.032420 0.017351 0.000902 0.307343 0.008401 2.278187 3244.625631
0.597227 0.036583 0.032441 0.017381 0.000899 0.307057 0.008411 2.281774 3249.819260
0.597515 0.036565 0.032451 0.017388 0.000905 0.306755 0.008422 2.285360 3254.080296
0.597713 0.036665 0.032429 0.017382 0.000907 0.306473 0.008432 2.288875 3258.797893
0.597950 0.036671 0.032464 0.017429 0.000912 0.306130 0.008443 2.292474 3263.221645
0.598202 0.036576 0.032485 0.017448 0.000915 0.305922 0.008453 2.296141 3267.113530
0.598497 0.036548 0.032470 0.017455 0.000908 0.305657 0.008465 2.299738 3271.691564
0.598691 0.036567 0.032461 0.017450 0.000911 0.305447 0.008473 2.303312 3275.525680
0.598893 0.036659 0.032479 0.017409 0.000904 0.305172 0.008484 2.306862 3280.786251
0.599096 0.036718 0.032502 0.017385 0.000903 0.304901 0.008495 2.310431 3285.619153
0.599295 0.036683 0.032523 0.017446 0.000906 0.304642 0.008505 2.314055 3290.174419
0.599443 0.036719 0.032543 0.017453 0.000910 0.304419 0.008513 2.317650 3293.971009
0.599633 0.036695 0.032526 0.017490 0.000909 0.304223 0.008524 2.321271 3298.571436
0.599840 0.036688 0.032557 0.017509 0.000905 0.303969 0.008531 2.324881 3303.027192
0.599976 0.036791 0.032576 0.017511 0.000904 0.303701 0.008542 2.328457 3307.271399
0.600219 0.036795 0.032580 0.017488 0.000902 0.303463 0.008552 2.332042 3311.749637
0.600374 0.036820 0.032649 0.017503 0.000900 0.303191 0.008562 2.335642 3316.634587
0.600597 0.036759 0.032672 0.017571 0.000901 0.302929 0.008572 2.339268 3320.933829
0.600729 0.036830 0.032672 0.017563 0.000896 0.302726 0.008584 2.342849 3325.801023
0.600895 0.036846 0.032661 0.017599 0.000897 0.302508 0.008594 2.346440 3329.929161
0.601065 0.036937 0.032642 0.017599 0.000892 0.302259 0.008605 2.350006 3334.331712
0.601202 0.036925 0.032605 0.017612 0.000892 0.302152 0.008613 2.353630 3338.933467
0.601359 0.036854 0.032648 0.017672 0.000893 0.301950 0.008624 2.357316 3342.736304
0.601529 0.036838 0.032665 0.017672 0.000903 0.301761 0.008631 2.360945 3347.119572
0.601715 0.036840 0.032666 0.017655 0.000902 0.301582 0.008641 2.364565 3351.963819
0.601848 0.036845 0.032662 0.017680 0.000899 0.301419 0.008648 2.368171 3356.331143
0.601959 0.036940 0.032602 0.017717 0.000900 0.301225 0.008657 2.371732 3360.641901
0.602135 0.036887 0.032637 0.017695 0.000899 0.301080 0.008667 2.375377 3365.240744
0.602268 0.036874 0.032625 0.017704 0.000899 0.300958 0.008673 2.378979 3369.620027
0.602442 0.036812 0.032693 0.017713 0.000896 0.300761 0.008683 2.382616 3373.632196
0.602586 0.036762 0.032772 0.017757 0.000894 0.300537 0.008694 2.386292 3377.986342
0.602729 0.036706 0.032838 0.017786 0.000890 0.300348 0.008703 2.389963 3382.641601
0.602926 0.036664 0.032832 0.017783 0.000885 0.300198 0.008712 2.393567 3387.435844
0.603098 0.036651 0.032808 0.017773 0.000893 0.300056 0.008721 2.397154 3391.558260
0.603323 0.036598 0.032773 0.017788 0.000892 0.299895 0.008730 2.400721 3395.886491
0.603471 0.036584 0.032740 0.017764 0.000889 0.299812 0.008740 2.404346 3400.770654
0.603691 0.036574 0.032683 0.017747 0.000889 0.299667 0.008749 2.407890 3405.498327
0.603915 0.036544 0.032663 0.017751 0.000884 0.299484 0.008759 2.411485 3410.341171
0.604083 0.036522 0.032670 0.017748 0.000885 0.299323 0.008768 2.415106 3414.021690
0.604237 0.036518 0.032635 0.017729 0.000888 0.299215 0.008777 2.418686 3417.742032
0.604406 0.036528 0.032587 0.017714 0.000893 0.299087 0.008786 2.422264 3422.387801
0.604516 0.036600 0.032578 0.017677 0.000886 0.298945 0.008798 2.425817 3428.110739
0.604730 0.036596 0.032561 0.017642 0.000882 0.298781 0.008808 2.429382 3432.945280
0.604887 0.036616 0.032604 0.017634 0.000880 0.298563 0.008816 2.432934 3437.510325
0.605047 0.036599 0.032661 0.017607 0.000881 0.298379 0.008826 2.436530 3441.887523
0.605175 0.036614 0.032592 0.017611 0.000892 0.298286 0.008830 2.440102 3446.479473
0.605366 0.036604 0.032556 0.017615 0.000889 0.298129 0.008842 2.443677 3451.431282
0.605565 0.036561 0.032586 0.017622 0.000884 0.297929 0.008853 2.447260 3456.982067
0.605631 0.036595 0.032626 0.017621 0.000887 0.297780 0.008860 2.450854 3461.189877
0.605767 0.036612 0.032625 0.017609 0.000881 0.297637 0.008869 2.454411 3465.861377
0.605926 0.036560 0.032621 0.017638 0.000881 0.297494 0.008880 2.458004 3470.178180
0.606055 0.036473 0.032647 0.017665 0.000887 0.297384 0.008888 2.461642 3473.666760
0.606082 0.036512 0.032673 0.017649 0.000891 0.297297 0.008897 2.465215 3478.219766
0.606216 0.036562 0.032651 0.017616 0.000889 0.297161 0.008906 2.468764 3483.007514
0.606325 0.036523 0.032665 0.017642 0.000886 0.297041 0.008918 2.472402 3486.886448
0.606508 0.036422 0.032684 0.017639 0.000889 0.296930 0.008927 2.476003 3490.477630
0.606711 0.036415 0.032621 0.017607 0.000900 0.296808 0.008938 2.479529 3494.483693
0.606894 0.036368 0.032620 0.017615 0.000897 0.296660 0.008947 2.483106 3499.234575
0.607007 0.036404 0.032579 0.017620 0.000894 0.296540 0.008957 2.486638 3503.895106
0.607080 0.036408 0.032599 0.017630 0.000893 0.296426 0.008965 2.490220 3508.135890
0.607235 0.036473 0.032574 0.017599 0.000896 0.296247 0.008976 2.493759 3513.254878
0.607426 0.036408 0.032589 0.017582 0.000900 0.296108 0.008986 2.497338 3517.172774
0.607527 0.036434 0.032574 0.017565 0.000893 0.296013 0.008994 2.500891 3521.739823
0.607725 0.036465 0.032540 0.017522 0.000893 0.295853 0.009002 2.504406 3525.865206
0.607871 0.036374 0.032594 0.017493 0.000887 0.295768 0.009012 2.508001 3530.863350
0.608036 0.036346 0.032597 0.017538 0.000888 0.295573 0.009022 2.511615 3535.682805
0.608192 0.036321 0.032538 0.017557 0.000895 0.295467 0.009031 2.515190 3539.428594
0.608358 0.036354 0.032457 0.017518 0.000897 0.295376 0.009040 2.518702 3543.787191
0.608498 0.036363 0.032454 0.017513 0.000899 0.295224 0.009050 2.522273 3548.255005
0.608587 0.036306 0.032473 0.017546 0.000896 0.295131 0.009060 2.525903 3552.233468
0.608699 0.036320 0.032468 0.017521 0.000897 0.295027 0.009068 2.529456 3556.957392
0.608866 0.036257 0.032487 0.017519 0.000903 0.294889 0.009080 2.533043 3561.206806
0.608938 0.036323 0.032461 0.017510 0.000898 0.294782 0.009088 2.536576 3565.626024
0.609027 0.036350 0.032433 0.017490 0.000898 0.294704 0.009098 2.540124 3570.849171
0.609171 0.036353 0.032405 0.017517 0.000902 0.294547 0.009106 2.543685 3574.961263
0.609305 0.036325 0.032420 0.017507 0.000903 0.294424 0.009116 2.547262 3578.796790
0.609376 0.036353 0.032411 0.017482 0.000901 0.294352 0.009126 2.550815 3583.170701
0.609539 0.036317 0.032398 0.017507 0.000902 0.294201 0.009135 2.554398 3587.313086
0.609664 0.036312 0.032350 0.017456 0.000906 0.294166 0.009147 2.557925 3591.517536
0.609766 0.036264 0.032328 0.017507 0.000905 0.294075 0.009155 2.561503 3595.717245
0.609932 0.036280 0.032332 0.017516 0.000909 0.293864 0.009167 2.565074 3600.464065
0.610022 0.036343 0.032346 0.017495 0.000910 0.293707 0.009178 2.568612 3604.197331
0.610038 0.036356 0.032373 0.017493 0.000911 0.293642 0.009187 2.572219 3608.304338
0.610124 0.036367 0.032361 0.017486 0.000915 0.293551 0.009197 2.575778 3613.204091
0.610190 0.036420 0.032379 0.017476 0.000913 0.293417 0.009207 2.579316 3618.065104
0.610232 0.036510 0.032356 0.017487 0.000916 0.293281 0.009218 2.582864 3622.705844
0.610301 0.036507 0.032384 0.017527 0.000916 0.293139 0.009227 2.586421 3627.338957
0.610437 0.036448 0.032441 0.017549 0.000914 0.292975 0.009236 2.590041 3631.667780
0.610460 0.036491 0.032367 0.017585 0.000924 0.292930 0.009242 2.593583 3635.159819
0.610575 0.036516 0.032379 0.017560 0.000928 0.292788 0.009253 2.597150 3639.560371
0.610626 0.036524 0.032364 0.017526 0.000934 0.292764 0.009261 2.600715 3642.758156
0.610716 0.036529 0.032429 0.017502 0.000930 0.292621 0.009273 2.604307 3647.652293
0.610859 0.036496 0.032484 0.017453 0.000921 0.292504 0.009283 2.607869 3652.877718
0.610958 0.036447 0.032500 0.017430 0.000917 0.292456 0.009292 2.611443 3658.235249
0.611095 0.036436 0.032415 0.017477 0.000918 0.292357 0.009301 2.614994 3663.057795
0.611232 0.036414 0.032410 0.017463 0.000920 0.292250 0.009310 2.618555 3667.457976
0.611345 0.036411 0.032410 0.017466 0.000920 0.292130 0.009319 2.622104 3672.615554
0.611390 0.036454 0.032414 0.017456 0.000906 0.292052 0.009328 2.625659 3678.373503
0.611474 0.036423 0.032452 0.017477 0.000909 0.291927 0.009338 2.629255 3682.407778
0.611586 0.036385 0.032523 0.017483 0.000901 0.291777 0.009347 2.632861 3687.880941
0.611560 0.036476 0.032480 0.017470 0.000904 0.291753 0.009358 2.636413 3692.564741
0.611584 0.036511 0.032462 0.017485 0.000897 0.291694 0.009367 2.639951 3696.980318
0.611648 0.036497 0.032487 0.017510 0.000900 0.291584 0.009374 2.643546 3701.246330
0.611768 0.036533 0.032453 0.017539 0.000899 0.291423 0.009385 2.647093 3705.781439
0.611824 0.036451 0.032533 0.017563 0.000901 0.291334 0.009394 2.650771 3710.948119
0.611873 0.036484 0.032567 0.017561 0.000909 0.291203 0.009404 2.654364 3715.006156
0.611932 0.036520 0.032553 0.017562 0.000904 0.291117 0.009412 2.657907 3720.071019
0.611973 0.036492 0.032614 0.017566 0.000899 0.291034 0.009421 2.661527 3724.331637
0.612004 0.036549 0.032572 0.017514 0.000901 0.291028 0.009432 2.665034 3728.103842
0.612021 0.036542 0.032624 0.017479 0.000898 0.290992 0.009443 2.668625 3731.938149
0.612144 0.036540 0.032603 0.017486 0.000893 0.290881 0.009453 2.672201 3736.957346
0.612227 0.036498 0.032626 0.017538 0.000895 0.290753 0.009463 2.675825 3741.357445
0.612253 0.036524 0.032570 0.017529 0.000891 0.290760 0.009473 2.679389 3745.811641
0.612223 0.036550 0.032556 0.017531 0.000890 0.290768 0.009482 2.682979 3749.818927
0.612219 0.036564 0.032555 0.017512 0.000890 0.290771 0.009489 2.686542 3754.060485
0.612331 0.036536 0.032554 0.017498 0.000905 0.290677 0.009499 2.690149 3758.217631
0.612354 0.036564 0.032584 0.017521 0.000897 0.290571 0.009510 2.693749 3762.972097
0.612339 0.036560 0.032589 0.017523 0.000898 0.290571 0.009520 2.697360 3767.887756
0.612317 0.036639 0.032597 0.017534 0.000896 0.290485 0.009532 2.700910 3772.965094
0.612405 0.036623 0.032599 0.017559 0.000901 0.290373 0.009539 2.704510 3776.537421
0.612425 0.036605 0.032644 0.017555 0.000903 0.290318 0.009550 2.708105 3780.675948
0.612511 0.036613 0.032687 0.017535 0.000906 0.290191 0.009557 2.711706 3784.373059
0.612538 0.036581 0.032765 0.017533 0.000904 0.290112 0.009567 2.715336 3788.834927
0.612564 0.036573 0.032784 0.017549 0.000895 0.290056 0.009579 2.718938 3794.423659
0.612560 0.036603 0.032825 0.017549 0.000894 0.289981 0.009588 2.722495 3798.665001
0.612654 0.036582 0.032812 0.017555 0.000895 0.289907 0.009596 2.726067 3803.502599
0.612716 0.036572 0.032792 0.017551 0.000902 0.289863 0.009605 2.729639 3807.530415
0.612726 0.036650 0.032738 0.017563 0.000906 0.289803 0.009615 2.733167 3811.402544
0.612792 0.036597 0.032776 0.017520 0.000903 0.289787 0.009624 2.736780 3815.397314
0.612780 0.036621 0.032745 0.017522 0.000897 0.289801 0.009635 2.740362 3820.555800
0.612729 0.036690 0.032760 0.017508 0.000898 0.289770 0.009644 2.743936 3825.241554
0.612709 0.036704 0.032780 0.017522 0.000895 0.289736 0.009655 2.747548 3831.338868
0.612755 0.036704 0.032695 0.017548 0.000891 0.289743 0.009665 2.751131 3836.237096
0.612741 0.036684 0.032735 0.017575 0.000891 0.289700 0.009674 2.754770 3841.116552
0.612863 0.036594 0.032775 0.017599 0.000892 0.289594 0.009685 2.758391 3845.016513
0.612940 0.036511 0.032812 0.017552 0.000892 0.289600 0.009692 2.762019 3849.211519
0.612904 0.036521 0.032782 0.017566 0.000892 0.289635 0.009700 2.765609 3852.862346
0.612936 0.036581 0.032744 0.017553 0.000892 0.289586 0.009708 2.769124 3857.052869
0.612937 0.036546 0.032787 0.017586 0.000886 0.289539 0.009720 2.772760 3861.890828
0.612925 0.036515 0.032805 0.017608 0.000889 0.289531 0.009728 2.776392 3865.730281
0.613018 0.036472 0.032836 0.017592 0.000891 0.289452 0.009738 2.779991 3869.980782
0.613111 0.036459 0.032787 0.017559 0.000891 0.289449 0.009744 2.783541 3874.960503
0.613143 0.036479 0.032805 0.017550 0.000899 0.289373 0.009751 2.787112 3878.401288
0.613167 0.036571 0.032748 0.017534 0.000899 0.289319 0.009761 2.790649 3883.903778
0.613257 0.036519 0.032777 0.017525 0.000899 0.289252 0.009771 2.794271 3889.016292
0.613264 0.036478 0.032757 0.017543 0.000896 0.289281 0.009780 2.797854 3893.513670
0.613334 0.036517 0.032665 0.017548 0.000889 0.289257 0.009790 2.801391 3898.293166
0.613342 0.036466 0.032639 0.017535 0.000888 0.289331 0.009799 2.804970 3903.053465
0.613386 0.036426 0.032620 0.017572 0.000891 0.289298 0.009808 2.808581 3907.252370
0.613431 0.036428 0.032588 0.017547 0.000892 0.289297 0.009818 2.812150 3911.779756
0.613495 0.036383 0.032601 0.017600 0.000882 0.289210 0.009829 2.815748 3917.144809
0.613556 0.036407 0.032576 0.017579 0.000883 0.289162 0.009836 2.819276 3921.865808
0.613579 0.036420 0.032591 0.017592 0.000883 0.289090 0.009844 2.822865 3925.790713
0.613584 0.036448 0.032604 0.017569 0.000873 0.289068 0.009853 2.826451 3930.193735
0.613577 0.036445 0.032614 0.017591 0.000871 0.289039 0.009862 2.830042 3934.194447
0.613598 0.036474 0.032650 0.017569 0.000871 0.288965 0.009873 2.833617 3938.817475
0.613725 0.036483 0.032628 0.017543 0.000874 0.288865 0.009881 2.837155 3943.314944
0.613768 0.036478 0.032639 0.017535 0.000873 0.288816 0.009890 2.840711 3948.186083
0.613811 0.036432 0.032679 0.017518 0.000876 0.288784 0.009900 2.844315 3952.712852
0.613847 0.036452 0.032636 0.017514 0.000877 0.288766 0.009908 2.847872 3957.479701
0.613857 0.036438 0.032695 0.017511 0.000878 0.288705 0.009917 2.851448 3962.338673
0.613754 0.036522 0.032732 0.017514 0.000878 0.288673 0.009926 2.855051 3966.235727
0.613744 0.036516 0.032732 0.017548 0.000879 0.288645 0.009936 2.858631 3969.821498
0.613719 0.036539 0.032731 0.017568 0.000879 0.288619 0.009946 2.862214 3974.207943
0.613776 0.036537 0.032735 0.017510 0.000880 0.288606 0.009956 2.865812 3979.016810
0.613756 0.036563 0.032750 0.017532 0.000883 0.288552 0.009965 2.869419 3983.775197
0.613811 0.036589 0.032713 0.017528 0.000888 0.288496 0.009975 2.873010 3988.071807
0.613702 0.036612 0.032710 0.017568 0.000891 0.288535 0.009982 2.876607 3992.558331
0.613720 0.036646 0.032694 0.017568 0.000895 0.288485 0.009991 2.880164 3997.413203
0.613790 0.036599 0.032698 0.017545 0.000899 0.288471 0.009997 2.883765 4001.241524
0.613814 0.036564 0.032730 0.017519 0.000890 0.288475 0.010008 2.887380 4006.913958
0.613841 0.036599 0.032734 0.017474 0.000898 0.288441 0.010014 2.890936 4010.275791
0.613849 0.036618 0.032698 0.017457 0.000894 0.288461 0.010023 2.894502 4014.760663
0.613823 0.036577 0.032793 0.017473 0.000892 0.288409 0.010034 2.898151 4020.302354
0.613885 0.036610 0.032730 0.017453 0.000894 0.288387 0.010042 2.901684 4024.897161
0.613913 0.036640 0.032696 0.017457 0.000896 0.288349 0.010050 2.905249 4029.377587
0.613941 0.036600 0.032689 0.017525 0.000896 0.288290 0.010059 2.908885 4034.636497
0.613870 0.036673 0.032662 0.017562 0.000891 0.288274 0.010068 2.912486 4039.627294
0.613869 0.036702 0.032692 0.017533 0.000890 0.288236 0.010078 2.916066 4044.033497
0.613899 0.036700 0.032676 0.017512 0.000896 0.288230 0.010086 2.919635 4047.941501
0.613943 0.036725 0.032657 0.017465 0.000902 0.288211 0.010096 2.923205 4052.360791
0.613922 0.036761 0.032630 0.017470 0.000898 0.288211 0.010107 2.926781 4056.914993
0.613924 0.036797 0.032652 0.017472 0.000894 0.288146 0.010116 2.930327 4061.459218
0.613936 0.036775 0.032653 0.017475 0.000888 0.288148 0.010126 2.933939 4066.017973
0.614019 0.036741 0.032623 0.017527 0.000888 0.288065 0.010137 2.937534 4070.832935
0.614036 0.036697 0.032660 0.017551 0.000882 0.288030 0.010145 2.941166 4076.361661
0.614016 0.036759 0.032607 0.017547 0.000890 0.288029 0.010153 2.944712 4080.439086
0.614011 0.036797 0.032546 0.017593 0.000894 0.287998 0.010161 2.948261 4085.043632
0.613952 0.036797 0.032573 0.017640 0.000887 0.287979 0.010173 2.951878 4089.920510
0.613979 0.036700 0.032598 0.017675 0.000888 0.287980 0.010180 2.955520 4094.040853
0.613957 0.036641 0.032662 0.017690 0.000893 0.287968 0.010190 2.959214 4098.114465
0.613974 0.036654 0.032695 0.017694 0.000899 0.287885 0.010199 2.962820 4101.278758
0.614006 0.036619 0.032674 0.017699 0.000893 0.287898 0.010210 2.966409 4106.465656
0.614020 0.036596 0.032662 0.017682 0.000895 0.287924 0.010221 2.970009 4111.473182
0.614028 0.036556 0.032717 0.017675 0.000892 0.287902 0.010231 2.973637 4116.894045
0.614081 0.036558 0.032710 0.017692 0.000892 0.287828 0.010240 2.977225 4121.349288
0.614032 0.036617 0.032706 0.017651 0.000893 0.287856 0.010245 2.980773 4124.813861
0.614066 0.036567 0.032774 0.017643 0.000885 0.287812 0.010254 2.984386 4129.799670
0.614084 0.036626 0.032719 0.017643 0.000892 0.287773 0.010263 2.987903 4133.763717
0.614097 0.036653 0.032768 0.017578 0.000895 0.287738 0.010273 2.991499 4137.831589
0.614148 0.036608 0.032796 0.017593 0.000890 0.287683 0.010282 2.995131 4142.001416
0.614098 0.036689 0.032781 0.017611 0.000884 0.287643 0.010295 2.998697 4146.847847
0.614049 0.036748 0.032715 0.017579 0.000877 0.287729 0.010304 3.002226 4151.845429
0.614026 0.036697 0.032738 0.017582 0.000878 0.287768 0.010310 3.005861 4154.788050
0.614091 0.036676 0.032718 0.017601 0.000877 0.287717 0.010320 3.009455 4159.287547
0.614176 0.036665 0.032732 0.017580 0.000877 0.287641 0.010329 3.013015 4164.013345
0.614175 0.036665 0.032696 0.017595 0.000880 0.287650 0.010339 3.016605 4168.460399
0.614188 0.036627 0.032701 0.017626 0.000879 0.287630 0.010349 3.020199 4173.733308
0.614200 0.036629 0.032680 0.017568 0.000875 0.287686 0.010361 3.023775 4178.275547
0.614264 0.036602 0.032631 0.017570 0.000881 0.287681 0.010369 3.027339 4181.739732
0.614310 0.036602 0.032632 0.017529 0.000880 0.287668 0.010379 3.030890 4186.173809
0.614285 0.036614 0.032637 0.017547 0.000883 0.287646 0.010388 3.034486 4190.855554
0.614353 0.036533 0.032708 0.017590 0.000883 0.287536 0.010398 3.038118 4194.657531
0.614370 0.036537 0.032712 0.017560 0.000889 0.287522 0.010410 3.041687 4198.858293
0.614350 0.036560 0.032675 0.017559 0.000890 0.287548 0.010418 3.045250 4203.199350
0.614347 0.036592 0.032652 0.017568 0.000886 0.287530 0.010426 3.048831 4208.397221
0.614308 0.036585 0.032685 0.017567 0.000890 0.287533 0.010432 3.052438 4211.879153
0.614336 0.036572 0.032684 0.017578 0.000897 0.287489 0.010444 3.056030 4216.293698
0.614390 0.036576 0.032650 0.017597 0.000893 0.287444 0.010452 3.059612 4220.779446
0.614356 0.036535 0.032674 0.017638 0.000891 0.287442 0.010464 3.063240 4226.240655
0.614282 0.036620 0.032666 0.017625 0.000891 0.287441 0.010474 3.066812 4230.763016
0.614259 0.036661 0.032642 0.017636 0.000889 0.287426 0.010487 3.070399 4235.044851
0.614340 0.036629 0.032692 0.017642 0.000881 0.287319 0.010497 3.074002 4240.206018
0.614336 0.036632 0.032647 0.017625 0.000884 0.287372 0.010505 3.077591 4244.217497
0.614300 0.036651 0.032652 0.017630 0.000889 0.287365 0.010514 3.081173 4248.099437
0.614310 0.036609 0.032621 0.017626 0.000892 0.287421 0.010520 3.084787 4251.749535
0.614362 0.036565 0.032634 0.017630 0.000897 0.287382 0.010531 3.088370 4255.661125
0.614381 0.036569 0.032654 0.017606 0.000893 0.287357 0.010541 3.091963 4261.012977
0.614313 0.036618 0.032688 0.017599 0.000888 0.287340 0.010554 3.095560 4266.086723
0.614316 0.036619 0.032689 0.017562 0.000888 0.287363 0.010564 3.099143 4270.596656
0.614312 0.036657 0.032623 0.017606 0.000890 0.287341 0.010571 3.102699 4275.189093
0.614357 0.036652 0.032662 0.017570 0.000887 0.287293 0.010579 3.106281 4279.161197
0.614351 0.036619 0.032701 0.017550 0.000891 0.287301 0.010587 3.109897 4282.587178
0.614377 0.036609 0.032619 0.017612 0.000892 0.287297 0.010597 3.113490 4287.611759
0.614383 0.036580 0.032602 0.017602 0.000894 0.287332 0.010606 3.117095 4292.041618
0.614362 0.036612 0.032608 0.017627 0.000893 0.287279 0.010619 3.120684 4297.005075
0.614465 0.036516 0.032584 0.017678 0.000897 0.287235 0.010627 3.124280 4301.114056
0.614482 0.036489 0.032611 0.017670 0.000888 0.287225 0.010636 3.127910 4305.912577
0.614561 0.036505 0.032625 0.017647 0.000884 0.287130 0.010649 3.131461 4311.159989
0.614625 0.036506 0.032632 0.017631 0.000887 0.287063 0.010657 3.135025 4314.975966
0.614609 0.036492 0.032604 0.017629 0.000890 0.287111 0.010664 3.138638 4319.154076
0.614606 0.036509 0.032557 0.017601 0.000891 0.287163 0.010672 3.142178 4323.787097
0.614634 0.036533 0.032586 0.017602 0.000880 0.287080 0.010685 3.145724 4328.756185
0.614676 0.036490 0.032589 0.017610 0.000883 0.287059 0.010693 3.149311 4332.973744
0.614730 0.036473 0.032560 0.017595 0.000885 0.287053 0.010705 3.152848 4336.909949
0.614721 0.036484 0.032487 0.017571 0.000883 0.287139 0.010715 3.156385 4341.643562
0.614687 0.036550 0.032533 0.017567 0.000884 0.287053 0.010726 3.159945 4346.602209
0.614659 0.036499 0.032538 0.017606 0.000887 0.287076 0.010735 3.163549 4351.463972
0.614708 0.036513 0.032553 0.017628 0.000890 0.286965 0.010743 3.167099 4355.485301
0.614797 0.036482 0.032540 0.017608 0.000892 0.286929 0.010752 3.170658 4359.473540
0.614761 0.036500 0.032570 0.017565 0.000895 0.286945 0.010764 3.174239 4363.541438
0.614848 0.036385 0.032638 0.017589 0.000893 0.286878 0.010770 3.177849 4367.166703
0.614853 0.036424 0.032629 0.017580 0.000893 0.286842 0.010780 3.181399 4371.624279
0.614789 0.036433 0.032656 0.017553 0.000896 0.286885 0.010788 3.184959 4375.003242
0.614767 0.036425 0.032646 0.017541 0.000897 0.286925 0.010800 3.188536 4379.641304
0.614770 0.036423 0.032617 0.017526 0.000899 0.286956 0.010809 3.192106 4383.901327
0.614768 0.036383 0.032607 0.017547 0.000898 0.286978 0.010820 3.195706 4388.549191
0.614750 0.036463 0.032614 0.017515 0.000902 0.286923 0.010832 3.199232 4392.405920
0.614807 0.036436 0.032643 0.017489 0.000903 0.286880 0.010841 3.202814 4396.882566
0.614718 0.036478 0.032675 0.017466 0.000903 0.286909 0.010852 3.206386 4401.999163
0.614687 0.036450 0.032688 0.017469 0.000899 0.286944 0.010863 3.209993 4407.186663
0.614787 0.036400 0.032706 0.017458 0.000901 0.286876 0.010872 3.213583 4411.744363
0.614810 0.036390 0.032734 0.017486 0.000890 0.286810 0.010881 3.217183 4416.104611
0.614752 0.036404 0.032742 0.017478 0.000886 0.286845 0.010893 3.220771 4422.061623
0.614731 0.036395 0.032752 0.017485 0.000887 0.286848 0.010903 3.224340 4426.147151
0.614723 0.036355 0.032740 0.017510 0.000884 0.286876 0.010913 3.227942 4430.442444
0.614697 0.036376 0.032681 0.017514 0.000880 0.286929 0.010924 3.231500 4434.332329
0.614654 0.036390 0.032669 0.017501 0.000878 0.286978 0.010931 3.235060 4438.628648
0.614630 0.036385 0.032620 0.017487 0.000879 0.287059 0.010940 3.238631 4442.713268
0.614621 0.036400 0.032592 0.017495 0.000875 0.287068 0.010950 3.242181 4447.379836
0.614634 0.036472 0.032527 0.017502 0.000875 0.287029 0.010961 3.245708 4452.257181
0.614710 0.036424 0.032611 0.017478 0.000874 0.286935 0.010968 3.249285 4456.019412
0.614805 0.036389 0.032643 0.017458 0.000886 0.286844 0.010976 3.252857 4459.534840
0.614863 0.036378 0.032630 0.017442 0.000890 0.286814 0.010983 3.256384 4463.791476
0.614830 0.036416 0.032586 0.017433 0.000884 0.286858 0.010993 3.259910 4468.465058
0.614847 0.036388 0.032547 0.017470 0.000882 0.286866 0.010999 3.263494 4472.462689
0.614830 0.036295 0.032542 0.017477 0.000892 0.286957 0.011007 3.267094 4476.285255
0.614890 0.036285 0.032545 0.017480 0.000894 0.286889 0.011016 3.270633 4480.722612
0.614872 0.036354 0.032535 0.017456 0.000893 0.286865 0.011024 3.274196 4485.130424
0.614904 0.036383 0.032473 0.017452 0.000889 0.286865 0.011034 3.277754 4489.414178
0.614975 0.036294 0.032495 0.017481 0.000889 0.286821 0.011044 3.281340 4493.831503
0.615015 0.036178 0.032515 0.017486 0.000889 0.286863 0.011054 3.284962 4497.944329
0.615080 0.036205 0.032496 0.017457 0.000891 0.286808 0.011064 3.288528 4502.965209
0.615130 0.036217 0.032541 0.017463 0.000888 0.286688 0.011072 3.292100 4506.658828
0.615199 0.036243 0.032514 0.017468 0.000888 0.286608 0.011081 3.295618 4511.848111
0.615217 0.036235 0.032540 0.017418 0.000891 0.286611 0.011088 3.299159 4516.193167
0.615172 0.036296 0.032499 0.017422 0.000890 0.286621 0.011100 3.302723 4520.987384
0.615240 0.036292 0.032475 0.017433 0.000888 0.286565 0.011107 3.306276 4526.289699
0.615350 0.036247 0.032476 0.017401 0.000891 0.286518 0.011117 3.309815 4530.656286
0.615316 0.036313 0.032477 0.017385 0.000894 0.286492 0.011124 3.313361 4534.851684
0.615305 0.036338 0.032430 0.017368 0.000889 0.286535 0.011135 3.316868 4540.072023
0.615341 0.036342 0.032464 0.017359 0.000888 0.286462 0.011145 3.320434 4544.399226
0.615353 0.036406 0.032471 0.017331 0.000881 0.286403 0.011154 3.323952 4548.562260
0.615328 0.036372 0.032505 0.017377 0.000879 0.286374 0.011164 3.327557 4553.635021
0.615294 0.036402 0.032462 0.017414 0.000873 0.286382 0.011174 3.331099 4558.871260
0.615340 0.036385 0.032476 0.017413 0.000871 0.286332 0.011183 3.334669 4563.719279
0.615256 0.036420 0.032452 0.017465 0.000872 0.286341 0.011193 3.338207 4567.754107
0.615204 0.036480 0.032503 0.017471 0.000870 0.286270 0.011202 3.341750 4571.577241
0.615242 0.036471 0.032502 0.017453 0.000876 0.286248 0.011209 3.345310 4576.022435
0.615272 0.036453 0.032504 0.017470 0.000868 0.286214 0.011218 3.348900 4580.428377
0.615242 0.036455 0.032470 0.017438 0.000872 0.286295 0.011228 3.352453 4585.255832
0.615281 0.036453 0.032497 0.017412 0.000866 0.286254 0.011237 3.356028 4590.079543
0.615234 0.036409 0.032588 0.017413 0.000863 0.286247 0.011247 3.359637 4594.771681
0.615277 0.036320 0.032563 0.017439 0.000865 0.286280 0.011256 3.363219 4598.688141
0.615371 0.036341 0.032522 0.017362 0.000865 0.286275 0.011264 3.366735 4602.398638
0.615371 0.036356 0.032479 0.017378 0.000861 0.286280 0.011275 3.370269 4606.557402
0.615366 0.036365 0.032438 0.017402 0.000855 0.286288 0.011287 3.373843 4611.341571
0.615434 0.036386 0.032392 0.017390 0.000858 0.286244 0.011296 3.377356 4615.622320
0.615411 0.036419 0.032425 0.017399 0.000848 0.286192 0.011306 3.380912 4621.213124
0.615482 0.036443 0.032433 0.017409 0.000848 0.286069 0.011316 3.384450 4625.678240
0.615479 0.036436 0.032433 0.017453 0.000853 0.286022 0.011325 3.388016 4630.160681
0.615486 0.036419 0.032482 0.017462 0.000850 0.285965 0.011336 3.391623 4634.959760
0.615468 0.036365 0.032492 0.017527 0.000856 0.285949 0.011344 3.395220 4638.090860
0.615481 0.036426 0.032532 0.017499 0.000853 0.285855 0.011354 3.398782 4642.351009
0.615528 0.036387 0.032573 0.017496 0.000851 0.285801 0.011363 3.402365 4646.479007
0.615544 0.036401 0.032605 0.017467 0.000855 0.285757 0.011372 3.405902 4650.562880
0.615533 0.036401 0.032604 0.017468 0.000851 0.285760 0.011383 3.409480 4654.329211
0.615586 0.036448 0.032567 0.017464 0.000857 0.285687 0.011391 3.413008 4658.126037
0.615623 0.036423 0.032603 0.017449 0.000855 0.285647 0.011400 3.416607 4662.554518
0.615622 0.036387 0.032566 0.017440 0.000860 0.285718 0.011408 3.420176 4666.678793
0.615592 0.036440 0.032536 0.017430 0.000859 0.285728 0.011416 3.423714 4670.976604
0.615549 0.036473 0.032505 0.017433 0.000861 0.285753 0.011426 3.427295 4675.202979
0.615542 0.036482 0.032496 0.017473 0.000859 0.285709 0.011438 3.430909 4680.125312
0.615554 0.036462 0.032545 0.017480 0.000854 0.285657 0.011448 3.434498 4684.962309
0.615506 0.036463 0.032534 0.017495 0.000855 0.285691 0.011456 3.438084 4688.470125
0.615568 0.036435 0.032530 0.017491 0.000857 0.285654 0.011465 3.441649 4692.893906
0.615588 0.036445 0.032528 0.017475 0.000865 0.285623 0.011476 3.445214 4697.424941
0.615543 0.036490 0.032504 0.017479 0.000865 0.285634 0.011485 3.448785 4701.690163
0.615524 0.036517 0.032503 0.017456 0.000868 0.285639 0.011494 3.452345 4705.781941
0.615539 0.036505 0.032467 0.017483 0.000865 0.285638 0.011503 3.455921 4710.253860
0.615566 0.036464 0.032507 0.017451 0.000863 0.285636 0.011513 3.459502 4714.496018
0.615540 0.036488 0.032454 0.017417 0.000859 0.285718 0.011523 3.463059 4718.550453
0.615525 0.036508 0.032469 0.017437 0.000866 0.285664 0.011530 3.466633 4722.550559
0.615502 0.036524 0.032454 0.017433 0.000873 0.285677 0.011538 3.470195 4727.117367
0.615441 0.036625 0.032405 0.017420 0.000873 0.285688 0.011548 3.473713 4731.922032
0.615383 0.036585 0.032459 0.017457 0.000876 0.285684 0.011557 3.477359 4735.996142
0.615285 0.036615 0.032460 0.017467 0.000877 0.285730 0.011566 3.480945 4740.509892
0.615306 0.036611 0.032501 0.017486 0.000880 0.285641 0.011575 3.484514 4744.160021
0.615263 0.036586 0.032520 0.017484 0.000877 0.285688 0.011582 3.488128 4748.479713
0.615274 0.036549 0.032588 0.017495 0.000878 0.285625 0.011590 3.491745 4752.380818
0.615263 0.036512 0.032581 0.017476 0.000888 0.285680 0.011599 3.495344 4756.133342
0.615291 0.036493 0.032543 0.017495 0.000895 0.285675 0.011608 3.498905 4760.002524
0.615346 0.036497 0.032510 0.017526 0.000892 0.285615 0.011615 3.502459 4764.641105
0.615299 0.036494 0.032517 0.017559 0.000888 0.285619 0.011625 3.506050 4769.344900
0.615332 0.036482 0.032504 0.017550 0.000894 0.285607 0.011632 3.509642 4772.943467
0.615329 0.036462 0.032443 0.017543 0.000893 0.285688 0.011641 3.513209 4777.747158
0.615328 0.036443 0.032495 0.017524 0.000890 0.285666 0.011653 3.516765 4781.968612
0.615307 0.036447 0.032517 0.017526 0.000895 0.285647 0.011660 3.520360 4785.878658
0.615283 0.036449 0.032503 0.017533 0.000902 0.285662 0.011668 3.523949 4789.545303
0.615279 0.036490 0.032466 0.017494 0.000900 0.285696 0.011676 3.527492 4793.562646
0.615270 0.036557 0.032419 0.017435 0.000890 0.285741 0.011687 3.531023 4798.727912
0.615250 0.036509 0.032463 0.017462 0.000898 0.285724 0.011694 3.534647 4802.437118
0.615284 0.036462 0.032432 0.017469 0.000894 0.285753 0.011706 3.538224 4807.169695
0.615247 0.036436 0.032456 0.017499 0.000891 0.285753 0.011718 3.541799 4811.241564
0.615223 0.036440 0.032397 0.017453 0.000884 0.285875 0.011729 3.545346 4815.707703
0.615299 0.036480 0.032294 0.017448 0.000885 0.285854 0.011739 3.548835 4820.327445
0.615341 0.036470 0.032267 0.017468 0.000878 0.285824 0.011752 3.552396 4824.713638
0.615393 0.036408 0.032276 0.017516 0.000875 0.285769 0.011763 3.555998 4829.488380
0.615328 0.036445 0.032323 0.017508 0.000873 0.285749 0.011774 3.559566 4833.693374
0.615410 0.036430 0.032318 0.017518 0.000871 0.285669 0.011784 3.563118 4838.853032
0.615463 0.036446 0.032273 0.017511 0.000874 0.285638 0.011795 3.566655 4843.172868
0.615507 0.036416 0.032291 0.017542 0.000872 0.285567 0.011805 3.570230 4847.737541
0.615537 0.036427 0.032310 0.017564 0.000870 0.285478 0.011815 3.573808 4852.170313
0.615606 0.036355 0.032357 0.017544 0.000878 0.285439 0.011822 3.577413 4855.735985
0.615597 0.036328 0.032362 0.017542 0.000882 0.285457 0.011831 3.580987 4860.285663
0.615658 0.036278 0.032338 0.017510 0.000881 0.285496 0.011839 3.584540 4864.997013
0.615734 0.036196 0.032369 0.017509 0.000879 0.285466 0.011847 3.588148 4870.194426
0.615771 0.036191 0.032321 0.017521 0.000880 0.285459 0.011857 3.591679 4875.182426
0.615810 0.036222 0.032274 0.017466 0.000876 0.285480 0.011871 3.595171 4880.284922
0.615864 0.036204 0.032305 0.017472 0.000878 0.285395 0.011881 3.598719 4884.207387
0.615842 0.036238 0.032289 0.017469 0.000873 0.285397 0.011893 3.602275 4888.970828
0.615899 0.036144 0.032351 0.017452 0.000871 0.285380 0.011903 3.605860 4894.126359
0.615915 0.036148 0.032329 0.017430 0.000872 0.285393 0.011914 3.609377 4897.684736
0.615967 0.036144 0.032305 0.017464 0.000870 0.285325 0.011926 3.612912 4901.989289
0.615976 0.036170 0.032269 0.017460 0.000873 0.285318 0.011934 3.616439 4906.080038
0.615972 0.036168 0.032307 0.017456 0.000870 0.285285 0.011943 3.620004 4910.738919
0.615936 0.036215 0.032304 0.017453 0.000869 0.285269 0.011953 3.623561 4915.703737
0.615939 0.036215 0.032312 0.017423 0.000867 0.285281 0.011963 3.627137 4920.169192
0.615914 0.036207 0.032346 0.017460 0.000867 0.285234 0.011972 3.630703 4924.426266
0.615970 0.036199 0.032385 0.017451 0.000865 0.285147 0.011984 3.634254 4929.477770
0.615957 0.036209 0.032386 0.017440 0.000864 0.285153 0.011991 3.637798 4933.407171
0.615942 0.036223 0.032359 0.017451 0.000858 0.285168 0.011998 3.641362 4938.680018
0.615890 0.036323 0.032280 0.017468 0.000859 0.285173 0.012007 3.644852 4942.852321
0.615885 0.036313 0.032306 0.017436 0.000862 0.285182 0.012016 3.648405 4946.743583
0.615857 0.036429 0.032291 0.017441 0.000862 0.285092 0.012028 3.651934 4951.105428
0.615827 0.036382 0.032293 0.017452 0.000870 0.285141 0.012035 3.655563 4955.230677
0.615850 0.036341 0.032315 0.017420 0.000867 0.285161 0.012045 3.659146 4959.990908
0.615860 0.036303 0.032366 0.017428 0.000867 0.285121 0.012054 3.662740 4964.934510
0.615864 0.036265 0.032362 0.017431 0.000867 0.285148 0.012063 3.666320 4968.800916
0.615849 0.036334 0.032336 0.017469 0.000862 0.285076 0.012074 3.669849 4973.487918
0.615931 0.036252 0.032328 0.017485 0.000864 0.285056 0.012084 3.673446 4977.588800
0.616006 0.036202 0.032339 0.017489 0.000866 0.285007 0.012092 3.677020 4981.711830
0.615954 0.036253 0.032346 0.017475 0.000865 0.285007 0.012100 3.680581 4986.356592
0.615992 0.036225 0.032338 0.017497 0.000872 0.284966 0.012110 3.684141 4990.001933
0.615987 0.036253 0.032319 0.017498 0.000875 0.284947 0.012121 3.687679 4994.098764
0.615970 0.036271 0.032364 0.017459 0.000872 0.284936 0.012129 3.691215 4999.049731
0.615984 0.036325 0.032358 0.017444 0.000867 0.284883 0.012138 3.694720 5002.743981
0.615995 0.036293 0.032394 0.017437 0.000872 0.284865 0.012144 3.698303 5006.076038
0.615995 0.036272 0.032460 0.017449 0.000875 0.284799 0.012151 3.701874 5010.773265
0.615976 0.036272 0.032447 0.017466 0.000879 0.284800 0.012160 3.705461 5014.319774
0.616006 0.036300 0.032384 0.017480 0.000873 0.284786 0.012170 3.708999 5019.731099
0.615980 0.036325 0.032375 0.017479 0.000872 0.284789 0.012180 3.712556 5024.611228
0.615913 0.036370 0.032374 0.017450 0.000873 0.284829 0.012190 3.716124 5028.936885
0.615851 0.036415 0.032388 0.017448 0.000875 0.284823 0.012200 3.719685 5034.306991
0.615857 0.036419 0.032391 0.017440 0.000873 0.284811 0.012209 3.723229 5039.398620
0.615908 0.036374 0.032341 0.017466 0.000875 0.284816 0.012220 3.726786 5043.294350
0.615975 0.036333 0.032347 0.017499 0.000873 0.284741 0.012232 3.730351 5047.346634
0.616072 0.036301 0.032332 0.017505 0.000877 0.284672 0.012242 3.733897 5051.085251
0.616164 0.036313 0.032284 0.017508 0.000878 0.284601 0.012252 3.737428 5055.390429
0.616079 0.036396 0.032350 0.017469 0.000873 0.284570 0.012263 3.740972 5059.722847
0.616042 0.036345 0.032420 0.017454 0.000873 0.284592 0.012273 3.744605 5064.347392
0.615959 0.036396 0.032403 0.017477 0.000875 0.284610 0.012281 3.748149 5068.294869
0.616008 0.036325 0.032403 0.017486 0.000873 0.284616 0.012290 3.751744 5072.376887
0.615980 0.036350 0.032380 0.017456 0.000874 0.284661 0.012299 3.755308 5076.938675
0.615961 0.036405 0.032340 0.017453 0.000874 0.284659 0.012308 3.758814 5080.661744
0.615966 0.036435 0.032330 0.017465 0.000879 0.284609 0.012316 3.762333 5084.863453
0.615960 0.036488 0.032342 0.017462 0.000878 0.284545 0.012327 3.765870 5089.139992
0.615962 0.036471 0.032354 0.017472 0.000880 0.284526 0.012336 3.769455 5093.101758
0.615940 0.036466 0.032362 0.017485 0.000879 0.284521 0.012346 3.773029 5098.553477
0.615958 0.036442 0.032406 0.017506 0.000874 0.284458 0.012356 3.776618 5103.696497
0.615917 0.036433 0.032411 0.017508 0.000878 0.284486 0.012367 3.780194 5108.124826
0.615862 0.036482 0.032380 0.017468 0.000878 0.284556 0.012374 3.783716 5111.756016
0.615847 0.036465 0.032403 0.017469 0.000883 0.284551 0.012382 3.787316 5115.517628
0.615807 0.036565 0.032359 0.017432 0.000880 0.284566 0.012390 3.790813 5120.221124
0.615848 0.036536 0.032381 0.017452 0.000878 0.284505 0.012400 3.794372 5124.428706
0.615817 0.036570 0.032420 0.017445 0.000875 0.284464 0.012408 3.797970 5128.929950
0.615756 0.036620 0.032433 0.017410 0.000870 0.284494 0.012418 3.801537 5133.276885
0.615678 0.036621 0.032471 0.017389 0.000868 0.284548 0.012426 3.805139 5137.835584
0.615588 0.036603 0.032482 0.017431 0.000871 0.284589 0.012436 3.808738 5142.444135
0.615591 0.036621 0.032484 0.017433 0.000868 0.284559 0.012445 3.812315 5147.164791
0.615525 0.036622 0.032461 0.017413 0.000868 0.284657 0.012454 3.815867 5152.112396
0.615555 0.036659 0.032436 0.017418 0.000869 0.284599 0.012463 3.819386 5155.768309
0.615483 0.036624 0.032454 0.017462 0.000876 0.284628 0.012473 3.822985 5159.595545
0.615492 0.036605 0.032449 0.017494 0.000880 0.284600 0.012480 3.826560 5163.375745
0.615445 0.036626 0.032401 0.017482 0.000876 0.284680 0.012490 3.830127 5167.896239
0.615417 0.036550 0.032421 0.017546 0.000874 0.284692 0.012500 3.833752 5172.857587
0.615442 0.036494 0.032490 0.017544 0.000872 0.284648 0.012509 3.837368 5177.174926
0.615414 0.036535 0.032460 0.017535 0.000867 0.284672 0.012517 3.840889 5182.185221
0.615421 0.036544 0.032460 0.017525 0.000863 0.284664 0.012523 3.844455 5186.623337
0.615432 0.036512 0.032465 0.017538 0.000869 0.284653 0.012530 3.848057 5190.508259
0.615415 0.036484 0.032520 0.017541 0.000870 0.284628 0.012542 3.851673 5195.378979
0.615478 0.036432 0.032526 0.017540 0.000868 0.284603 0.012553 3.855268 5199.381156
0.615388 0.036437 0.032556 0.017560 0.000875 0.284620 0.012564 3.858887 5203.782524
0.615384 0.036376 0.032579 0.017551 0.000871 0.284665 0.012575 3.862481 5207.932038
0.615379 0.036384 0.032574 0.017528 0.000872 0.284678 0.012585 3.866064 5212.754875
0.615321 0.036421 0.032573 0.017544 0.000869 0.284678 0.012594 3.869641 5217.298367
0.615263 0.036430 0.032590 0.017528 0.000878 0.284709 0.012602 3.873218 5221.649978
0.615239 0.036472 0.032565 0.017524 0.000875 0.284715 0.012611 3.876771 5226.382536
0.615286 0.036466 0.032561 0.017513 0.000877 0.284676 0.012621 3.880357 5230.641882
0.615267 0.036443 0.032606 0.017469 0.000875 0.284709 0.012631 3.883955 5235.184783
0.615248 0.036492 0.032571 0.017446 0.000872 0.284732 0.012638 3.887460 5239.163466
0.615252 0.036500 0.032535 0.017471 0.000866 0.284724 0.012650 3.891030 5243.629330
0.615228 0.036520 0.032546 0.017491 0.000860 0.284698 0.012658 3.894625 5249.037988
0.615162 0.036620 0.032476 0.017496 0.000862 0.284718 0.012665 3.898156 5253.045239
0.615103 0.036638 0.032564 0.017481 0.000859 0.284684 0.012671 3.901758 5257.855974
0.615069 0.036668 0.032536 0.017488 0.000861 0.284698 0.012680 3.905336 5262.454431
0.615112 0.036661 0.032526 0.017441 0.000866 0.284705 0.012688 3.908905 5266.727455
0.615102 0.036626 0.032549 0.017460 0.000861 0.284704 0.012698 3.912481 5271.422044
0.615106 0.036559 0.032575 0.017468 0.000863 0.284722 0.012707 3.916111 5275.366161
0.615015 0.036576 0.032569 0.017445 0.000856 0.284825 0.012714 3.919692 5280.312690
0.615066 0.036565 0.032574 0.017461 0.000854 0.284757 0.012723 3.923219 5284.933257
0.615059 0.036577 0.032530 0.017452 0.000855 0.284796 0.012731 3.926783 5289.121629
0.615134 0.036513 0.032464 0.017474 0.000851 0.284822 0.012741 3.930349 5293.790513
0.615186 0.036553 0.032415 0.017455 0.000854 0.284783 0.012753 3.933855 5298.020587
0.615135 0.036482 0.032430 0.017469 0.000856 0.284868 0.012761 3.937459 5301.538246
0.615140 0.036528 0.032404 0.017432 0.000851 0.284874 0.012771 3.940986 5306.155969
0.615083 0.036543 0.032441 0.017440 0.000849 0.284863 0.012780 3.944583 5309.995734
0.615123 0.036445 0.032465 0.017434 0.000850 0.284897 0.012786 3.948215 5314.215106
0.615087 0.036420 0.032517 0.017430 0.000845 0.284903 0.012797 3.951804 5318.125571
0.615118 0.036395 0.032477 0.017424 0.000849 0.284933 0.012803 3.955349 5321.955871
0.615113 0.036320 0.032513 0.017438 0.000851 0.284955 0.012812 3.958943 5325.717560
0.615106 0.036285 0.032540 0.017449 0.000847 0.284951 0.012822 3.962510 5330.186355
0.615065 0.036314 0.032498 0.017440 0.000839 0.285011 0.012833 3.966045 5334.868679
0.615032 0.036286 0.032514 0.017461 0.000843 0.285024 0.012839 3.969625 5338.601634
0.615033 0.036224 0.032500 0.017471 0.000843 0.285080 0.012848 3.973224 5342.475180
0.615006 0.036234 0.032534 0.017489 0.000844 0.285036 0.012858 3.976790 5347.392691
0.615045 0.036241 0.032502 0.017464 0.000843 0.285038 0.012868 3.980305 5351.796158
0.615112 0.036214 0.032444 0.017507 0.000839 0.285006 0.012878 3.983860 5356.363857
0.615100 0.036203 0.032449 0.017491 0.000837 0.285033 0.012887 3.987414 5361.454548
0.615143 0.036200 0.032414 0.017472 0.000839 0.285037 0.012895 3.990942 5365.164847
0.615208 0.036171 0.032427 0.017449 0.000843 0.284998 0.012905 3.994497 5369.609774
0.615168 0.036246 0.032470 0.017427 0.000839 0.284937 0.012914 3.998050 5374.045828
0.615212 0.036227 0.032434 0.017434 0.000848 0.284922 0.012922 4.001602 5378.556468
0.615184 0.036212 0.032417 0.017448 0.000846 0.284963 0.012932 4.005162 5382.939492
0.615216 0.036169 0.032486 0.017447 0.000845 0.284895 0.012941 4.008759 5386.863391
0.615174 0.036263 0.032422 0.017420 0.000842 0.284928 0.012952 4.012238 5391.465393
0.615196 0.036205 0.032450 0.017400 0.000843 0.284944 0.012961 4.015848 5395.635965
0.615184 0.036203 0.032411 0.017394 0.000843 0.284995 0.012971 4.019432 5400.214335
0.615235 0.036198 0.032439 0.017405 0.000841 0.284903 0.012979 4.022999 5405.002350
0.615258 0.036160 0.032447 0.017383 0.000838 0.284927 0.012987 4.026581 5409.511583
0.615250 0.036163 0.032440 0.017360 0.000844 0.284948 0.012995 4.030127 5413.925375
0.615283 0.036200 0.032458 0.017322 0.000847 0.284885 0.013006 4.033640 5418.831120
0.615259 0.036223 0.032478 0.017335 0.000845 0.284848 0.013012 4.037203 5422.816852
0.615190 0.036233 0.032467 0.017356 0.000850 0.284887 0.013018 4.040763 5426.315578
0.615246 0.036182 0.032451 0.017379 0.000847 0.284867 0.013028 4.044301 5430.128193
0.615173 0.036195 0.032399 0.017433 0.000851 0.284910 0.013039 4.047875 5433.994494
0.615292 0.036176 0.032396 0.017423 0.000849 0.284817 0.013048 4.051414 5437.576517
0.615336 0.036138 0.032389 0.017454 0.000851 0.284776 0.013057 4.054990 5442.101487
0.615314 0.036156 0.032287 0.017466 0.000853 0.284860 0.013064 4.058518 5445.466979
0.615271 0.036183 0.032288 0.017430 0.000853 0.284900 0.013075 4.062067 5450.028451
0.615333 0.036159 0.032318 0.017431 0.000858 0.284818 0.013083 4.065652 5453.512708
0.615389 0.036108 0.032338 0.017436 0.000861 0.284777 0.013092 4.069200 5457.437335
0.615454 0.036092 0.032334 0.017423 0.000862 0.284734 0.013102 4.072743 5461.867180
0.615414 0.036214 0.032272 0.017408 0.000853 0.284729 0.013110 4.076227 5466.725369
0.615392 0.036252 0.032230 0.017376 0.000857 0.284774 0.013119 4.079766 5470.556492
0.615478 0.036236 0.032245 0.017357 0.000861 0.284697 0.013127 4.083298 5474.325402
0.615505 0.036240 0.032285 0.017379 0.000861 0.284596 0.013135 4.086879 5478.702386
0.615531 0.036218 0.032317 0.017404 0.000864 0.284522 0.013145 4.090451 5483.023692
0.615553 0.036203 0.032349 0.017419 0.000868 0.284458 0.013149 4.094004 5486.576163
0.615483 0.036285 0.032365 0.017399 0.000864 0.284448 0.013156 4.097535 5491.170640
0.615407 0.036361 0.032338 0.017401 0.000862 0.284465 0.013166 4.101060 5495.470869
0.615388 0.036369 0.032379 0.017382 0.000859 0.284448 0.013176 4.104620 5500.052363
0.615378 0.036356 0.032390 0.017365 0.000852 0.284473 0.013186 4.108194 5503.981994
0.615362 0.036350 0.032400 0.017366 0.000851 0.284477 0.013194 4.111763 5508.190860
0.615395 0.036320 0.032452 0.017336 0.000858 0.284436 0.013203 4.115330 5511.569845
0.615368 0.036366 0.032450 0.017297 0.000854 0.284454 0.013212 4.118881 5516.276196
0.615374 0.036338 0.032430 0.017303 0.000850 0.284484 0.013220 4.122418 5520.625200
0.615362 0.036287 0.032409 0.017342 0.000848 0.284524 0.013229 4.126020 5524.692194
0.615403 0.036246 0.032428 0.017318 0.000848 0.284518 0.013239 4.129589 5530.277741
0.615426 0.036229 0.032430 0.017336 0.000848 0.284481 0.013250 4.133163 5534.994893
0.615428 0.036231 0.032394 0.017350 0.000849 0.284487 0.013260 4.136716 5538.765284
0.615459 0.036232 0.032403 0.017340 0.000842 0.284454 0.013270 4.140246 5543.707172
0.615480 0.036229 0.032431 0.017347 0.000836 0.284399 0.013279 4.143809 5548.286526
0.615434 0.036234 0.032411 0.017356 0.000841 0.284437 0.013286 4.147397 5552.526826
0.615416 0.036233 0.032364 0.017353 0.000840 0.284496 0.013298 4.150925 5557.183303
0.615470 0.036170 0.032369 0.017351 0.000839 0.284494 0.013306 4.154477 5561.357413
0.615474 0.036155 0.032368 0.017324 0.000846 0.284520 0.013313 4.158033 5565.306099
0.615520 0.036142 0.032401 0.017311 0.000850 0.284454 0.013323 4.161593 5569.106997
0.615540 0.036179 0.032347 0.017312 0.000842 0.284449 0.013331 4.165125 5574.123926
0.615604 0.036179 0.032331 0.017294 0.000838 0.284412 0.013342 4.168653 5579.546011
0.615606 0.036195 0.032299 0.017343 0.000844 0.284362 0.013350 4.172233 5583.080806
0.615634 0.036091 0.032423 0.017349 0.000840 0.284301 0.013361 4.175849 5588.828092
0.615565 0.036108 0.032442 0.017349 0.000844 0.284320 0.013372 4.179409 5593.042250
0.615581 0.036031 0.032431 0.017346 0.000846 0.284384 0.013381 4.182972 5597.056775
0.615641 0.036012 0.032460 0.017345 0.000843 0.284309 0.013391 4.186514 5601.556630
0.615682 0.035998 0.032417 0.017397 0.000841 0.284265 0.013400 4.190028 5605.849390
0.615726 0.035981 0.032454 0.017388 0.000838 0.284205 0.013408 4.193586 5610.502861
0.615757 0.035989 0.032446 0.017380 0.000852 0.284161 0.013415 4.197121 5613.753306
0.615683 0.036033 0.032427 0.017379 0.000851 0.284204 0.013423 4.200641 5617.844223
