0.370472 0.060798 0.053476 0.031026 0.002178 0.475515 0.006535 1.567126 2192.890265
0.371611 0.059643 0.054450 0.029950 0.002178 0.475605 0.006564 1.573069 2202.743451
0.374197 0.057257 0.055247 0.028916 0.002170 0.475619 0.006594 1.578832 2214.963442
0.377709 0.054212 0.055727 0.027916 0.002162 0.475648 0.006625 1.584358 2226.164991
0.381639 0.051000 0.055959 0.026880 0.002165 0.475705 0.006653 1.589591 2237.209092
0.385970 0.047772 0.055969 0.025874 0.002156 0.475574 0.006685 1.594485 2247.610212
0.390566 0.044588 0.055688 0.024929 0.002130 0.475388 0.006710 1.599041 2259.122112
0.395341 0.041485 0.055227 0.023967 0.002115 0.475125 0.006741 1.603312 2269.641762
0.400304 0.038495 0.054530 0.023065 0.002102 0.474734 0.006770 1.607311 2280.291527
0.405296 0.035737 0.053627 0.022151 0.002082 0.474309 0.006797 1.610977 2291.418545
0.410437 0.033176 0.052582 0.021241 0.002051 0.473687 0.006825 1.614386 2303.013935
0.415639 0.030781 0.051368 0.020387 0.002034 0.472941 0.006851 1.617521 2313.336193
0.420827 0.028519 0.050067 0.019546 0.002009 0.472152 0.006878 1.620442 2323.733678
0.426085 0.026401 0.048718 0.018748 0.001991 0.471153 0.006904 1.623192 2335.880644
0.431513 0.024502 0.047306 0.017900 0.001974 0.469875 0.006930 1.625681 2344.469858
0.436859 0.022721 0.045871 0.017143 0.001950 0.468498 0.006958 1.628033 2355.438757
0.442128 0.021105 0.044318 0.016356 0.001917 0.467192 0.006984 1.630172 2366.625959
0.447416 0.019587 0.042838 0.015626 0.001893 0.465629 0.007012 1.632184 2376.154046
0.452732 0.018215 0.041309 0.014903 0.001866 0.463939 0.007036 1.634049 2386.939475
0.458074 0.016955 0.039740 0.014205 0.001839 0.462128 0.007059 1.635762 2396.606586
0.463498 0.015768 0.038167 0.013570 0.001800 0.460111 0.007087 1.637381 2408.484804
0.468881 0.014689 0.036670 0.012974 0.001768 0.457905 0.007112 1.638886 2418.566205
0.474184 0.013681 0.035209 0.012342 0.001736 0.455713 0.007135 1.640286 2429.768892
0.479454 0.012787 0.033735 0.011775 0.001703 0.453390 0.007156 1.641576 2439.681755
0.484736 0.011952 0.032311 0.011250 0.001672 0.450901 0.007178 1.642804 2450.672186
0.490090 0.011176 0.030933 0.010714 0.001633 0.448254 0.007200 1.643949 2460.515969
0.495276 0.010486 0.029563 0.010205 0.001599 0.445649 0.007221 1.644994 2471.340739
0.500509 0.009843 0.028249 0.009708 0.001563 0.442884 0.007243 1.645985 2480.533344
0.505761 0.009252 0.027027 0.009264 0.001528 0.439900 0.007267 1.646906 2490.686504
0.510872 0.008714 0.025830 0.008833 0.001495 0.436967 0.007289 1.647787 2499.765756
0.515986 0.008198 0.024659 0.008409 0.001465 0.433972 0.007311 1.648628 2508.887684
0.521059 0.007756 0.023534 0.008003 0.001433 0.430885 0.007331 1.649404 2519.073598
0.526122 0.007326 0.022443 0.007628 0.001402 0.427729 0.007351 1.650151 2529.584293
0.531215 0.006955 0.021414 0.007261 0.001362 0.424424 0.007370 1.650851 2540.126033
0.536215 0.006595 0.020403 0.006933 0.001327 0.421138 0.007389 1.651509 2548.775005
0.541218 0.006277 0.019440 0.006594 0.001296 0.417770 0.007406 1.652131 2558.016346
0.546173 0.005957 0.018536 0.006278 0.001262 0.414368 0.007426 1.652732 2568.049285
0.551114 0.005683 0.017652 0.005984 0.001235 0.410891 0.007441 1.653293 2576.509959
0.555942 0.005422 0.016846 0.005704 0.001204 0.407427 0.007457 1.653837 2585.176454
0.560805 0.005152 0.016054 0.005440 0.001169 0.403902 0.007479 1.654384 2594.168587
0.565570 0.004905 0.015318 0.005188 0.001135 0.400392 0.007492 1.654890 2603.276354
0.570266 0.004706 0.014619 0.004966 0.001101 0.396833 0.007509 1.655346 2612.271301
0.574965 0.004513 0.013918 0.004740 0.001066 0.393274 0.007525 1.655794 2621.772190
0.579678 0.004327 0.013260 0.004544 0.001035 0.389617 0.007541 1.656234 2630.431480
0.584272 0.004150 0.012670 0.004361 0.001000 0.385991 0.007556 1.656665 2639.683138
0.588843 0.004000 0.012077 0.004143 0.000970 0.382398 0.007569 1.657066 2648.231046
0.593397 0.003859 0.011512 0.003969 0.000941 0.378738 0.007584 1.657447 2656.741689
0.597898 0.003709 0.010966 0.003810 0.000915 0.375105 0.007597 1.657827 2664.387158
0.602365 0.003583 0.010462 0.003649 0.000892 0.371441 0.007609 1.658181 2671.363072
0.606674 0.003465 0.009995 0.003504 0.000868 0.367874 0.007620 1.658532 2678.111234
0.610983 0.003368 0.009515 0.003360 0.000838 0.364303 0.007632 1.658862 2686.630697
0.615337 0.003253 0.009050 0.003232 0.000812 0.360673 0.007644 1.659193 2694.361015
0.619582 0.003178 0.008643 0.003107 0.000789 0.357048 0.007653 1.659504 2701.218037
0.623848 0.003088 0.008255 0.002985 0.000769 0.353394 0.007663 1.659808 2706.835278
0.628078 0.003012 0.007900 0.002865 0.000741 0.349729 0.007675 1.660098 2713.995174
0.632235 0.002924 0.007561 0.002752 0.000724 0.346120 0.007685 1.660409 2720.099954
0.636334 0.002854 0.007220 0.002644 0.000700 0.342551 0.007697 1.660686 2727.194226
0.640453 0.002769 0.006919 0.002560 0.000682 0.338912 0.007705 1.660978 2732.301837
0.644446 0.002711 0.006619 0.002461 0.000659 0.335391 0.007713 1.661252 2738.720185
0.648403 0.002635 0.006344 0.002379 0.000642 0.331874 0.007722 1.661525 2744.457011
0.652346 0.002584 0.006089 0.002293 0.000621 0.328334 0.007732 1.661788 2750.664330
0.656265 0.002537 0.005843 0.002205 0.000603 0.324805 0.007741 1.662030 2756.528481
0.660124 0.002477 0.005598 0.002128 0.000588 0.321336 0.007750 1.662279 2763.115281
0.663928 0.002440 0.005382 0.002053 0.000575 0.317864 0.007758 1.662518 2767.935933
0.667738 0.002403 0.005164 0.001985 0.000557 0.314386 0.007767 1.662761 2773.137686
0.671445 0.002378 0.004969 0.001912 0.000539 0.310982 0.007775 1.662990 2778.860341
0.675120 0.002351 0.004773 0.001845 0.000524 0.307607 0.007781 1.663212 2784.054427
0.678811 0.002305 0.004590 0.001788 0.000509 0.304209 0.007789 1.663445 2788.746952
0.682365 0.002267 0.004416 0.001722 0.000494 0.300941 0.007795 1.663668 2794.706599
0.685917 0.002221 0.004277 0.001668 0.000477 0.297640 0.007801 1.663903 2800.639918
0.689456 0.002189 0.004119 0.001614 0.000462 0.294354 0.007807 1.664120 2805.013445
0.692988 0.002167 0.003966 0.001561 0.000445 0.291060 0.007814 1.664330 2810.648250
0.696449 0.002124 0.003832 0.001533 0.000433 0.287810 0.007820 1.664551 2815.306562
0.699844 0.002113 0.003707 0.001486 0.000418 0.284606 0.007826 1.664755 2820.012537
0.703195 0.002077 0.003595 0.001452 0.000402 0.281444 0.007835 1.664975 2826.182839
0.706542 0.002051 0.003501 0.001414 0.000391 0.278261 0.007840 1.665194 2830.091126
0.709833 0.002026 0.003396 0.001382 0.000379 0.275138 0.007846 1.665400 2834.346685
0.713080 0.002007 0.003288 0.001353 0.000365 0.272055 0.007852 1.665596 2839.184514
0.716312 0.001972 0.003211 0.001329 0.000352 0.268968 0.007857 1.665805 2843.446885
0.719505 0.001939 0.003121 0.001306 0.000342 0.265924 0.007862 1.666004 2847.919518
0.722647 0.001915 0.003041 0.001280 0.000333 0.262916 0.007869 1.666198 2851.965890
0.725787 0.001900 0.002937 0.001249 0.000323 0.259930 0.007875 1.666382 2856.844803
0.728887 0.001894 0.002865 0.001222 0.000312 0.256940 0.007882 1.666565 2860.973676
0.731908 0.001882 0.002789 0.001199 0.000302 0.254034 0.007886 1.666748 2864.338853
0.734928 0.001886 0.002701 0.001170 0.000297 0.251127 0.007891 1.666926 2868.284498
0.737901 0.001880 0.002634 0.001152 0.000290 0.248247 0.007896 1.667117 2871.395009
0.740810 0.001865 0.002577 0.001133 0.000282 0.245434 0.007899 1.667308 2874.164167
0.743669 0.001866 0.002507 0.001107 0.000275 0.242673 0.007903 1.667480 2877.467255
0.746493 0.001852 0.002472 0.001090 0.000268 0.239919 0.007905 1.667675 2880.570974
0.749290 0.001848 0.002418 0.001072 0.000266 0.237197 0.007908 1.667859 2882.144976
0.752034 0.001864 0.002359 0.001054 0.000259 0.234519 0.007912 1.668033 2885.745427
0.754806 0.001856 0.002319 0.001040 0.000255 0.231810 0.007915 1.668212 2887.750699
0.757555 0.001852 0.002267 0.001031 0.000245 0.229130 0.007919 1.668392 2891.117069
0.760229 0.001839 0.002220 0.001026 0.000235 0.226526 0.007925 1.668574 2894.876127
0.762866 0.001837 0.002171 0.001021 0.000229 0.223948 0.007928 1.668750 2897.787326
0.765463 0.001829 0.002142 0.001011 0.000220 0.221402 0.007932 1.668933 2900.620513
0.768035 0.001829 0.002104 0.000994 0.000215 0.218888 0.007935 1.669107 2902.777846
0.770622 0.001825 0.002085 0.000982 0.000209 0.216339 0.007939 1.669282 2905.716307
0.773137 0.001818 0.002045 0.000984 0.000202 0.213872 0.007942 1.669467 2908.800224
0.775638 0.001812 0.002016 0.000972 0.000197 0.211421 0.007945 1.669646 2911.756406
0.778080 0.001806 0.001987 0.000957 0.000192 0.209029 0.007948 1.669819 2914.099132
0.780492 0.001802 0.001966 0.000944 0.000188 0.206658 0.007950 1.669998 2916.558529
0.782884 0.001805 0.001938 0.000935 0.000183 0.204303 0.007952 1.670167 2918.476718
0.785287 0.001787 0.001922 0.000928 0.000178 0.201943 0.007955 1.670347 2920.949833
0.787674 0.001771 0.001898 0.000928 0.000174 0.199599 0.007957 1.670525 2923.086730
0.789974 0.001779 0.001882 0.000921 0.000169 0.197316 0.007960 1.670696 2924.818245
0.792223 0.001787 0.001853 0.000921 0.000164 0.195090 0.007962 1.670863 2927.003143
0.794522 0.001773 0.001839 0.000914 0.000160 0.192829 0.007964 1.671042 2929.335944
0.796738 0.001781 0.001817 0.000899 0.000157 0.190642 0.007965 1.671210 2931.311697
0.798957 0.001772 0.001810 0.000900 0.000153 0.188441 0.007967 1.671388 2932.345623
0.801186 0.001775 0.001800 0.000888 0.000150 0.186232 0.007969 1.671553 2934.105714
0.803291 0.001781 0.001790 0.000881 0.000147 0.184140 0.007971 1.671724 2936.070974
0.805382 0.001778 0.001788 0.000882 0.000144 0.182053 0.007972 1.671907 2937.603192
0.807463 0.001780 0.001766 0.000879 0.000139 0.179998 0.007974 1.672086 2940.387155
0.809522 0.001788 0.001745 0.000876 0.000138 0.177954 0.007976 1.672258 2941.536550
0.811525 0.001782 0.001748 0.000876 0.000134 0.175958 0.007977 1.672441 2943.087090
0.813532 0.001794 0.001739 0.000874 0.000132 0.173949 0.007979 1.672615 2944.285067
0.815526 0.001791 0.001749 0.000861 0.000130 0.171962 0.007981 1.672803 2945.874225
0.817478 0.001792 0.001742 0.000857 0.000129 0.170021 0.007982 1.672981 2946.778077
0.819441 0.001804 0.001738 0.000869 0.000124 0.168040 0.007984 1.673161 2948.466399
0.821344 0.001803 0.001741 0.000870 0.000122 0.166135 0.007986 1.673348 2949.909610
0.823272 0.001811 0.001730 0.000877 0.000118 0.164204 0.007988 1.673526 2951.426566
0.825108 0.001815 0.001729 0.000880 0.000116 0.162362 0.007991 1.673707 2952.825768
0.827003 0.001828 0.001724 0.000876 0.000116 0.160462 0.007992 1.673879 2953.737773
0.828775 0.001832 0.001728 0.000875 0.000113 0.158683 0.007995 1.674060 2955.233930
0.830541 0.001847 0.001720 0.000872 0.000112 0.156912 0.007996 1.674239 2956.476895
0.832294 0.001838 0.001717 0.000867 0.000110 0.155177 0.007997 1.674422 2957.325409
0.834033 0.001843 0.001720 0.000857 0.000112 0.153438 0.007997 1.674601 2957.564291
0.835741 0.001849 0.001713 0.000860 0.000109 0.151729 0.007999 1.674786 2958.885446
0.837424 0.001849 0.001720 0.000858 0.000109 0.150039 0.008000 1.674981 2959.384729
0.839087 0.001868 0.001717 0.000854 0.000109 0.148365 0.008001 1.675161 2960.171808
0.840688 0.001886 0.001714 0.000853 0.000108 0.146748 0.008002 1.675342 2961.167611
0.842286 0.001894 0.001713 0.000854 0.000108 0.145141 0.008004 1.675531 2962.114352
0.843877 0.001899 0.001715 0.000855 0.000105 0.143542 0.008006 1.675725 2963.455632
0.845455 0.001914 0.001723 0.000857 0.000105 0.141940 0.008007 1.675916 2964.535501
0.846993 0.001933 0.001724 0.000867 0.000103 0.140371 0.008009 1.676108 2965.384797
0.848504 0.001951 0.001731 0.000864 0.000101 0.138839 0.008010 1.676288 2966.396275
0.849997 0.001977 0.001733 0.000871 0.000099 0.137311 0.008013 1.676482 2967.619434
0.851432 0.001992 0.001743 0.000879 0.000096 0.135844 0.008013 1.676675 2968.787291
0.852904 0.002000 0.001751 0.000883 0.000095 0.134351 0.008015 1.676870 2969.482242
0.854329 0.002004 0.001770 0.000883 0.000094 0.132903 0.008016 1.677071 2970.783153
0.855718 0.001998 0.001783 0.000891 0.000092 0.131501 0.008018 1.677279 2971.937027
0.857123 0.001994 0.001796 0.000898 0.000091 0.130079 0.008020 1.677481 2972.807244
0.858520 0.001989 0.001814 0.000910 0.000091 0.128656 0.008020 1.677694 2973.334167
0.859890 0.001998 0.001808 0.000917 0.000089 0.127276 0.008021 1.677888 2974.940713
0.861264 0.002000 0.001813 0.000918 0.000086 0.125893 0.008024 1.678092 2976.047372
0.862600 0.002019 0.001814 0.000919 0.000084 0.124538 0.008026 1.678284 2977.592662
0.863927 0.002015 0.001822 0.000927 0.000083 0.123201 0.008026 1.678494 2978.628991
0.865203 0.002040 0.001816 0.000922 0.000083 0.121907 0.008028 1.678686 2979.625276
0.866453 0.002054 0.001815 0.000916 0.000082 0.120649 0.008029 1.678882 2980.343795
0.867686 0.002076 0.001812 0.000911 0.000081 0.119402 0.008030 1.679079 2980.956500
0.868887 0.002099 0.001821 0.000911 0.000084 0.118167 0.008031 1.679284 2981.626343
0.870079 0.002106 0.001837 0.000920 0.000084 0.116942 0.008032 1.679505 2982.123642
0.871268 0.002124 0.001854 0.000927 0.000084 0.115709 0.008034 1.679721 2982.823047
0.872416 0.002137 0.001855 0.000928 0.000083 0.114544 0.008036 1.679934 2983.523787
0.873561 0.002164 0.001868 0.000940 0.000080 0.113349 0.008037 1.680147 2984.091025
0.874686 0.002187 0.001878 0.000944 0.000080 0.112187 0.008037 1.680359 2984.695323
0.875772 0.002211 0.001880 0.000954 0.000078 0.111067 0.008038 1.680577 2985.211652
0.876825 0.002240 0.001900 0.000956 0.000078 0.109962 0.008039 1.680807 2986.017778
0.877888 0.002260 0.001907 0.000958 0.000079 0.108867 0.008039 1.681034 2986.949164
0.878901 0.002277 0.001918 0.000971 0.000076 0.107816 0.008041 1.681265 2987.431708
0.879964 0.002285 0.001926 0.000979 0.000075 0.106729 0.008042 1.681495 2988.154322
0.880964 0.002303 0.001945 0.000992 0.000075 0.105678 0.008044 1.681728 2989.109156
0.881950 0.002347 0.001953 0.000994 0.000076 0.104634 0.008044 1.681955 2989.608501
0.882927 0.002365 0.001980 0.000997 0.000076 0.103610 0.008045 1.682196 2989.971376
0.883886 0.002398 0.001980 0.000996 0.000075 0.102618 0.008046 1.682417 2990.512062
0.884843 0.002428 0.001979 0.001014 0.000075 0.101613 0.008047 1.682642 2991.076329
0.885754 0.002463 0.001992 0.001007 0.000075 0.100662 0.008048 1.682872 2991.500360
0.886644 0.002487 0.002009 0.001026 0.000074 0.099711 0.008049 1.683117 2991.981964
0.887575 0.002497 0.002025 0.001033 0.000073 0.098745 0.008051 1.683363 2992.400321
0.888443 0.002517 0.002057 0.001043 0.000073 0.097815 0.008051 1.683617 2993.195262
0.889304 0.002545 0.002083 0.001044 0.000072 0.096899 0.008053 1.683869 2993.824447
0.890132 0.002564 0.002101 0.001040 0.000075 0.096035 0.008053 1.684115 2994.316865
0.890957 0.002589 0.002115 0.001050 0.000075 0.095161 0.008054 1.684358 2994.802826
0.891767 0.002622 0.002127 0.001048 0.000071 0.094308 0.008056 1.684597 2996.231127
0.892577 0.002644 0.002125 0.001064 0.000071 0.093459 0.008058 1.684840 2997.077692
0.893330 0.002674 0.002136 0.001080 0.000072 0.092649 0.008058 1.685097 2997.536619
0.894077 0.002700 0.002157 0.001087 0.000071 0.091847 0.008060 1.685364 2998.099749
0.894837 0.002734 0.002166 0.001108 0.000070 0.091025 0.008060 1.685618 2998.445957
0.895551 0.002763 0.002192 0.001110 0.000071 0.090253 0.008061 1.685888 2998.514905
0.896303 0.002754 0.002226 0.001115 0.000069 0.089470 0.008063 1.686168 2999.416631
0.897003 0.002753 0.002259 0.001128 0.000070 0.088724 0.008063 1.686448 2999.617426
0.897691 0.002780 0.002277 0.001137 0.000072 0.087979 0.008063 1.686726 2999.795555
0.898387 0.002806 0.002307 0.001150 0.000073 0.087212 0.008064 1.687003 3000.226100
0.899053 0.002809 0.002340 0.001165 0.000073 0.086493 0.008065 1.687293 3000.617901
0.899694 0.002839 0.002365 0.001174 0.000073 0.085787 0.008066 1.687576 3001.111658
0.900331 0.002867 0.002378 0.001180 0.000073 0.085104 0.008068 1.687843 3001.732319
0.900943 0.002894 0.002397 0.001195 0.000074 0.084428 0.008069 1.688125 3002.201125
0.901545 0.002920 0.002404 0.001203 0.000074 0.083783 0.008070 1.688401 3002.793022
0.902145 0.002929 0.002424 0.001207 0.000074 0.083150 0.008071 1.688695 3003.455375
0.902748 0.002953 0.002453 0.001212 0.000076 0.082486 0.008072 1.688979 3003.770849
0.903293 0.002988 0.002485 0.001223 0.000076 0.081862 0.008073 1.689269 3004.070424
0.903853 0.003007 0.002514 0.001227 0.000078 0.081248 0.008073 1.689574 3004.412191
0.904417 0.003015 0.002535 0.001234 0.000077 0.080647 0.008075 1.689878 3004.863383
0.904983 0.003039 0.002550 0.001241 0.000078 0.080033 0.008076 1.690176 3005.341639
0.905515 0.003056 0.002568 0.001249 0.000079 0.079456 0.008077 1.690472 3005.705726
0.906050 0.003070 0.002585 0.001262 0.000082 0.078873 0.008078 1.690778 3005.880852
0.906535 0.003097 0.002597 0.001272 0.000082 0.078337 0.008079 1.691088 3006.296484
0.907039 0.003131 0.002606 0.001274 0.000083 0.077788 0.008079 1.691379 3006.505212
0.907519 0.003156 0.002630 0.001286 0.000083 0.077247 0.008080 1.691690 3006.822951
0.907977 0.003187 0.002641 0.001301 0.000083 0.076730 0.008081 1.691994 3007.216101
0.908452 0.003196 0.002672 0.001310 0.000082 0.076205 0.008083 1.692317 3007.712026
0.908919 0.003198 0.002690 0.001310 0.000083 0.075716 0.008084 1.692649 3008.151422
0.909366 0.003212 0.002711 0.001320 0.000083 0.075223 0.008085 1.692965 3008.527029
0.909809 0.003249 0.002727 0.001324 0.000083 0.074722 0.008086 1.693278 3009.186046
0.910238 0.003284 0.002749 0.001345 0.000080 0.074217 0.008087 1.693598 3009.496433
0.910666 0.003274 0.002771 0.001358 0.000080 0.073762 0.008089 1.693937 3009.942915
0.911070 0.003285 0.002797 0.001369 0.000079 0.073310 0.008090 1.694266 3010.285335
0.911454 0.003322 0.002810 0.001372 0.000079 0.072872 0.008091 1.694586 3010.626329
0.911846 0.003351 0.002832 0.001374 0.000080 0.072424 0.008093 1.694912 3011.156565
0.912257 0.003350 0.002851 0.001395 0.000080 0.071973 0.008094 1.695260 3011.720813
0.912613 0.003382 0.002862 0.001407 0.000079 0.071560 0.008095 1.695592 3012.320650
0.912978 0.003390 0.002887 0.001421 0.000081 0.071145 0.008096 1.695937 3012.654294
0.913348 0.003414 0.002908 0.001420 0.000082 0.070730 0.008097 1.696267 3012.915682
0.913693 0.003440 0.002928 0.001422 0.000084 0.070335 0.008098 1.696600 3013.314148
0.914018 0.003474 0.002947 0.001423 0.000088 0.069949 0.008099 1.696942 3013.653151
0.914371 0.003470 0.002967 0.001440 0.000092 0.069561 0.008100 1.697290 3013.840847
0.914677 0.003489 0.002982 0.001447 0.000094 0.069210 0.008101 1.697640 3014.199607
0.915017 0.003518 0.002991 0.001453 0.000093 0.068825 0.008102 1.697983 3014.726352
0.915301 0.003556 0.003017 0.001455 0.000092 0.068475 0.008104 1.698324 3015.249937
0.915592 0.003597 0.003032 0.001468 0.000093 0.068112 0.008104 1.698667 3015.882598
0.915876 0.003602 0.003047 0.001484 0.000094 0.067792 0.008105 1.699030 3016.173057
0.916181 0.003613 0.003070 0.001493 0.000095 0.067442 0.008106 1.699385 3016.459812
0.916470 0.003622 0.003098 0.001491 0.000096 0.067114 0.008109 1.699746 3017.256873
0.916746 0.003634 0.003118 0.001507 0.000095 0.066790 0.008109 1.700093 3017.612569
0.917010 0.003656 0.003134 0.001519 0.000098 0.066473 0.008110 1.700453 3017.790852
0.917263 0.003672 0.003166 0.001528 0.000098 0.066161 0.008111 1.700821 3018.105591
0.917511 0.003693 0.003197 0.001540 0.000097 0.065849 0.008114 1.701178 3018.491976
0.917732 0.003732 0.003219 0.001546 0.000095 0.065561 0.008115 1.701550 3018.933177
0.917978 0.003755 0.003224 0.001561 0.000092 0.065274 0.008116 1.701911 3019.333368
0.918247 0.003756 0.003243 0.001565 0.000094 0.064979 0.008117 1.702279 3019.592749
0.918492 0.003784 0.003232 0.001572 0.000095 0.064707 0.008118 1.702629 3019.913927
0.918717 0.003791 0.003257 0.001585 0.000095 0.064434 0.008119 1.703014 3020.542961
0.918937 0.003835 0.003255 0.001578 0.000097 0.064177 0.008120 1.703361 3020.933939
0.919175 0.003838 0.003289 0.001591 0.000097 0.063889 0.008121 1.703744 3021.420678
0.919386 0.003845 0.003299 0.001599 0.000097 0.063650 0.008122 1.704122 3021.716153
0.919603 0.003881 0.003297 0.001609 0.000099 0.063386 0.008125 1.704489 3022.228618
0.919804 0.003892 0.003328 0.001617 0.000097 0.063135 0.008126 1.704885 3022.738835
0.920021 0.003867 0.003343 0.001636 0.000098 0.062907 0.008128 1.705279 3023.412459
0.920249 0.003863 0.003379 0.001641 0.000097 0.062642 0.008130 1.705664 3024.211174
0.920448 0.003872 0.003390 0.001639 0.000099 0.062422 0.008130 1.706042 3024.485511
0.920635 0.003892 0.003387 0.001640 0.000101 0.062214 0.008132 1.706415 3025.055763
0.920790 0.003921 0.003416 0.001647 0.000101 0.061992 0.008133 1.706803 3025.291652
0.920932 0.003959 0.003436 0.001648 0.000101 0.061790 0.008134 1.707175 3025.611997
0.921104 0.003949 0.003452 0.001667 0.000101 0.061591 0.008135 1.707581 3026.338551
0.921286 0.003942 0.003470 0.001679 0.000101 0.061385 0.008136 1.707976 3026.942901
0.921445 0.003972 0.003477 0.001688 0.000100 0.061180 0.008138 1.708356 3027.475087
0.921595 0.003974 0.003493 0.001708 0.000101 0.060989 0.008140 1.708748 3027.815004
0.921738 0.003992 0.003493 0.001728 0.000102 0.060807 0.008141 1.709139 3028.461961
0.921890 0.003986 0.003538 0.001734 0.000105 0.060605 0.008141 1.709539 3029.029256
0.922021 0.003991 0.003555 0.001754 0.000104 0.060433 0.008142 1.709946 3029.427367
0.922167 0.004003 0.003560 0.001760 0.000105 0.060263 0.008143 1.710339 3029.856157
0.922306 0.004017 0.003579 0.001770 0.000102 0.060081 0.008145 1.710730 3030.938813
0.922436 0.004031 0.003590 0.001770 0.000104 0.059922 0.008146 1.711135 3031.113883
0.922579 0.004041 0.003606 0.001766 0.000107 0.059754 0.008146 1.711528 3031.261356
0.922705 0.004054 0.003608 0.001781 0.000105 0.059598 0.008148 1.711930 3031.901570
0.922839 0.004081 0.003623 0.001780 0.000108 0.059419 0.008150 1.712329 3032.543183
0.922950 0.004087 0.003650 0.001779 0.000111 0.059272 0.008151 1.712733 3032.975301
0.923071 0.004104 0.003640 0.001772 0.000113 0.059147 0.008153 1.713129 3033.496373
0.923177 0.004118 0.003654 0.001777 0.000116 0.059004 0.008154 1.713536 3033.880334
0.923309 0.004131 0.003675 0.001770 0.000118 0.058841 0.008155 1.713932 3034.305747
0.923430 0.004143 0.003680 0.001778 0.000120 0.058694 0.008156 1.714339 3034.568573
0.923496 0.004165 0.003681 0.001784 0.000121 0.058596 0.008157 1.714742 3035.395783
0.923618 0.004165 0.003663 0.001789 0.000120 0.058488 0.008158 1.715139 3036.079187
0.923729 0.004164 0.003673 0.001790 0.000121 0.058364 0.008160 1.715558 3036.606712
0.923843 0.004196 0.003684 0.001798 0.000123 0.058194 0.008161 1.715949 3036.878149
0.923955 0.004211 0.003682 0.001819 0.000123 0.058047 0.008162 1.716349 3037.295554
0.924075 0.004208 0.003698 0.001830 0.000123 0.057903 0.008164 1.716768 3037.839392
0.924156 0.004213 0.003721 0.001833 0.000119 0.057793 0.008166 1.717187 3038.543682
0.924262 0.004213 0.003722 0.001832 0.000120 0.057683 0.008168 1.717590 3039.031707
0.924333 0.004217 0.003744 0.001850 0.000120 0.057568 0.008169 1.718023 3039.503544
0.924416 0.004217 0.003759 0.001838 0.000118 0.057480 0.008172 1.718436 3040.060413
0.924498 0.004227 0.003759 0.001843 0.000117 0.057382 0.008173 1.718845 3040.543542
0.924583 0.004248 0.003762 0.001837 0.000117 0.057278 0.008175 1.719257 3041.071431
0.924670 0.004238 0.003769 0.001850 0.000119 0.057176 0.008178 1.719677 3041.673788
0.924768 0.004241 0.003779 0.001841 0.000117 0.057074 0.008180 1.720087 3042.362565
0.924833 0.004260 0.003794 0.001842 0.000115 0.056975 0.008181 1.720507 3043.106480
0.924905 0.004276 0.003801 0.001842 0.000117 0.056877 0.008182 1.720919 3043.617744
0.924996 0.004266 0.003832 0.001850 0.000117 0.056754 0.008185 1.721354 3044.154186
0.925052 0.004287 0.003845 0.001848 0.000116 0.056665 0.008186 1.721775 3044.830118
0.925140 0.004265 0.003838 0.001871 0.000116 0.056582 0.008188 1.722209 3045.204269
0.925179 0.004272 0.003852 0.001867 0.000117 0.056522 0.008190 1.722635 3045.769115
0.925253 0.004265 0.003868 0.001877 0.000120 0.056425 0.008191 1.723066 3046.098283
0.925303 0.004275 0.003879 0.001866 0.000120 0.056364 0.008193 1.723485 3046.647756
0.925368 0.004292 0.003878 0.001874 0.000120 0.056273 0.008195 1.723909 3046.956171
0.925463 0.004288 0.003889 0.001864 0.000126 0.056175 0.008196 1.724326 3047.351540
0.925522 0.004287 0.003893 0.001875 0.000127 0.056099 0.008197 1.724739 3047.771160
0.925568 0.004280 0.003917 0.001875 0.000129 0.056033 0.008199 1.725170 3048.411877
0.925623 0.004288 0.003927 0.001878 0.000129 0.055954 0.008201 1.725598 3049.089598
0.925700 0.004275 0.003923 0.001884 0.000131 0.055884 0.008203 1.726026 3049.719525
0.925754 0.004282 0.003934 0.001877 0.000131 0.055817 0.008205 1.726458 3050.322891
0.925806 0.004301 0.003933 0.001879 0.000127 0.055746 0.008208 1.726869 3051.099822
0.925866 0.004309 0.003935 0.001880 0.000128 0.055674 0.008209 1.727278 3051.406230
0.925926 0.004323 0.003925 0.001882 0.000129 0.055605 0.008211 1.727695 3051.930665
0.925979 0.004312 0.003939 0.001888 0.000127 0.055542 0.008212 1.728123 3052.341308
0.926041 0.004324 0.003943 0.001895 0.000128 0.055455 0.008214 1.728546 3052.975891
0.926086 0.004315 0.003952 0.001891 0.000130 0.055411 0.008215 1.728979 3053.666732
0.926139 0.004303 0.003976 0.001890 0.000127 0.055349 0.008216 1.729416 3054.587488
0.926205 0.004301 0.003971 0.001894 0.000125 0.055286 0.008218 1.729839 3055.164648
0.926253 0.004304 0.003979 0.001889 0.000127 0.055230 0.008219 1.730270 3055.788396
0.926292 0.004304 0.003991 0.001901 0.000126 0.055166 0.008221 1.730693 3056.575110
0.926319 0.004292 0.004012 0.001893 0.000126 0.055136 0.008222 1.731130 3056.841991
0.926384 0.004296 0.004018 0.001880 0.000124 0.055074 0.008223 1.731551 3057.613930
0.926414 0.004319 0.004014 0.001875 0.000125 0.055028 0.008225 1.731973 3058.148770
0.926464 0.004316 0.004011 0.001881 0.000123 0.054977 0.008228 1.732406 3058.833681
0.926512 0.004337 0.004012 0.001885 0.000124 0.054902 0.008229 1.732832 3059.356823
0.926547 0.004358 0.004003 0.001878 0.000124 0.054859 0.008230 1.733256 3060.059124
0.926595 0.004365 0.004018 0.001882 0.000125 0.054784 0.008232 1.733689 3061.057898
0.926605 0.004371 0.004013 0.001894 0.000122 0.054760 0.008235 1.734116 3061.703534
0.926639 0.004380 0.004000 0.001894 0.000124 0.054726 0.008237 1.734540 3062.618957
0.926670 0.004400 0.003998 0.001886 0.000125 0.054684 0.008239 1.734963 3063.182999
0.926694 0.004408 0.004003 0.001883 0.000124 0.054647 0.008241 1.735388 3063.846493
0.926720 0.004416 0.004008 0.001877 0.000122 0.054614 0.008243 1.735815 3064.497622
0.926759 0.004432 0.003993 0.001889 0.000122 0.054561 0.008244 1.736228 3064.978887
0.926804 0.004421 0.004007 0.001890 0.000122 0.054510 0.008246 1.736674 3065.864090
0.926836 0.004415 0.004005 0.001882 0.000125 0.054490 0.008246 1.737104 3066.266367
0.926867 0.004420 0.004006 0.001884 0.000126 0.054451 0.008247 1.737537 3066.568487
0.926920 0.004394 0.004029 0.001894 0.000126 0.054387 0.008250 1.737976 3066.893813
0.926972 0.004385 0.004028 0.001907 0.000125 0.054330 0.008253 1.738410 3067.655040
0.927010 0.004385 0.004032 0.001894 0.000125 0.054300 0.008255 1.738837 3068.297473
0.927020 0.004411 0.004016 0.001889 0.000129 0.054280 0.008256 1.739248 3068.650651
0.927033 0.004411 0.004023 0.001911 0.000127 0.054234 0.008259 1.739692 3069.260003
0.927103 0.004404 0.004022 0.001917 0.000130 0.054165 0.008260 1.740120 3069.586310
0.927126 0.004411 0.004037 0.001912 0.000127 0.054125 0.008262 1.740548 3070.203539
0.927159 0.004406 0.004058 0.001913 0.000124 0.054075 0.008265 1.740983 3071.329226
0.927193 0.004409 0.004061 0.001936 0.000125 0.054008 0.008266 1.741416 3071.730595
0.927217 0.004416 0.004067 0.001943 0.000127 0.053961 0.008268 1.741850 3072.098369
0.927225 0.004435 0.004075 0.001938 0.000129 0.053929 0.008269 1.742275 3072.501698
0.927265 0.004421 0.004093 0.001942 0.000130 0.053879 0.008271 1.742721 3073.059356
0.927309 0.004421 0.004068 0.001932 0.000130 0.053868 0.008272 1.743149 3073.660580
0.927361 0.004422 0.004051 0.001927 0.000133 0.053832 0.008274 1.743563 3074.159551
0.927381 0.004404 0.004074 0.001939 0.000133 0.053792 0.008277 1.744024 3074.707258
0.927391 0.004415 0.004080 0.001944 0.000134 0.053756 0.008279 1.744461 3075.236152
0.927383 0.004416 0.004086 0.001953 0.000134 0.053747 0.008281 1.744903 3075.989019
0.927379 0.004443 0.004092 0.001957 0.000134 0.053714 0.008282 1.745337 3076.620092
0.927399 0.004450 0.004092 0.001961 0.000132 0.053683 0.008283 1.745772 3077.117027
0.927390 0.004479 0.004082 0.001963 0.000135 0.053665 0.008285 1.746197 3077.622035
0.927384 0.004507 0.004092 0.001951 0.000135 0.053643 0.008286 1.746624 3078.403174
0.927406 0.004506 0.004127 0.001963 0.000135 0.053575 0.008288 1.747076 3078.854972
0.927430 0.004501 0.004140 0.001979 0.000135 0.053526 0.008289 1.747529 3079.494315
0.927419 0.004522 0.004127 0.001989 0.000137 0.053514 0.008292 1.747974 3080.211473
0.927420 0.004540 0.004140 0.001989 0.000137 0.053481 0.008293 1.748415 3080.858909
0.927431 0.004538 0.004149 0.001994 0.000137 0.053455 0.008296 1.748866 3081.633242
0.927411 0.004562 0.004146 0.002001 0.000136 0.053446 0.008297 1.749302 3082.298870
0.927420 0.004553 0.004151 0.002015 0.000137 0.053425 0.008299 1.749753 3082.809386
0.927446 0.004548 0.004157 0.002019 0.000139 0.053389 0.008300 1.750190 3083.274538
0.927450 0.004561 0.004163 0.002014 0.000135 0.053375 0.008303 1.750641 3084.221294
0.927472 0.004541 0.004158 0.002013 0.000135 0.053376 0.008304 1.751080 3084.794017
0.927480 0.004538 0.004160 0.002021 0.000135 0.053359 0.008307 1.751522 3085.657244
0.927494 0.004530 0.004168 0.002008 0.000136 0.053355 0.008309 1.751963 3086.145684
0.927477 0.004540 0.004176 0.002012 0.000134 0.053352 0.008310 1.752406 3087.235688
0.927493 0.004523 0.004185 0.002014 0.000133 0.053341 0.008312 1.752855 3087.922715
0.927494 0.004517 0.004174 0.002024 0.000130 0.053346 0.008315 1.753301 3088.820150
0.927486 0.004507 0.004163 0.002012 0.000131 0.053385 0.008317 1.753748 3089.303489
0.927471 0.004514 0.004165 0.002017 0.000130 0.053385 0.008319 1.754202 3089.993802
0.927473 0.004503 0.004195 0.002021 0.000132 0.053355 0.008321 1.754657 3090.654008
0.927479 0.004484 0.004185 0.002013 0.000131 0.053386 0.008323 1.755105 3091.346542
0.927500 0.004475 0.004174 0.002034 0.000131 0.053359 0.008326 1.755555 3092.055977
0.927514 0.004474 0.004180 0.002026 0.000134 0.053345 0.008327 1.755995 3092.492380
0.927517 0.004476 0.004172 0.002034 0.000134 0.053338 0.008329 1.756448 3093.400052
0.927541 0.004442 0.004184 0.002044 0.000134 0.053326 0.008330 1.756916 3094.137474
0.927530 0.004438 0.004179 0.002053 0.000134 0.053335 0.008331 1.757367 3094.830181
0.927550 0.004450 0.004170 0.002045 0.000134 0.053319 0.008332 1.757793 3095.550893
0.927555 0.004471 0.004175 0.002041 0.000134 0.053291 0.008333 1.758224 3096.011040
0.927570 0.004443 0.004190 0.002045 0.000133 0.053284 0.008336 1.758683 3096.664648
0.927571 0.004461 0.004168 0.002050 0.000134 0.053279 0.008337 1.759119 3096.970291
0.927561 0.004477 0.004159 0.002056 0.000134 0.053273 0.008338 1.759556 3097.502486
0.927606 0.004491 0.004145 0.002053 0.000134 0.053231 0.008340 1.759978 3098.159770
0.927576 0.004515 0.004132 0.002049 0.000135 0.053252 0.008341 1.760415 3098.661553
0.927594 0.004534 0.004110 0.002035 0.000137 0.053247 0.008343 1.760843 3099.107843
0.927610 0.004542 0.004112 0.002030 0.000137 0.053223 0.008345 1.761280 3099.838399
0.927652 0.004515 0.004119 0.002030 0.000136 0.053200 0.008348 1.761737 3100.983910
0.927663 0.004528 0.004116 0.002023 0.000138 0.053182 0.008350 1.762161 3101.253713
0.927675 0.004504 0.004119 0.002027 0.000139 0.053183 0.008352 1.762616 3102.004578
0.927703 0.004502 0.004109 0.002021 0.000140 0.053171 0.008354 1.763043 3102.865543
0.927692 0.004513 0.004103 0.002017 0.000135 0.053183 0.008358 1.763479 3103.951255
0.927694 0.004518 0.004101 0.002014 0.000135 0.053179 0.008359 1.763913 3104.614318
0.927720 0.004513 0.004098 0.002020 0.000134 0.053153 0.008362 1.764354 3105.378985
0.927735 0.004504 0.004103 0.002010 0.000130 0.053154 0.008364 1.764802 3106.207021
0.927760 0.004490 0.004104 0.002006 0.000131 0.053144 0.008366 1.765240 3106.762192
0.927763 0.004488 0.004139 0.001991 0.000137 0.053113 0.008367 1.765691 3107.133990
0.927804 0.004478 0.004150 0.001980 0.000138 0.053082 0.008368 1.766130 3107.486328
0.927816 0.004473 0.004130 0.001981 0.000140 0.053092 0.008369 1.766564 3107.871850
0.927838 0.004463 0.004131 0.001975 0.000143 0.053079 0.008372 1.766998 3108.617406
0.927847 0.004449 0.004144 0.001974 0.000142 0.053071 0.008374 1.767457 3109.042680
0.927847 0.004440 0.004148 0.001969 0.000139 0.053082 0.008375 1.767902 3110.032284
0.927878 0.004435 0.004118 0.001970 0.000139 0.053082 0.008378 1.768324 3111.238087
0.927896 0.004409 0.004130 0.001990 0.000139 0.053057 0.008379 1.768767 3111.740907
0.927926 0.004412 0.004126 0.001975 0.000140 0.053041 0.008381 1.769190 3112.269464
0.927934 0.004417 0.004111 0.001975 0.000138 0.053041 0.008383 1.769620 3112.939397
0.927964 0.004424 0.004100 0.001971 0.000139 0.053017 0.008385 1.770056 3113.384351
0.927975 0.004415 0.004118 0.001959 0.000141 0.053007 0.008386 1.770499 3113.808144
0.927967 0.004422 0.004120 0.001963 0.000142 0.052998 0.008388 1.770940 3114.298288
0.927976 0.004433 0.004113 0.001967 0.000140 0.052980 0.008391 1.771370 3115.083841
0.928006 0.004432 0.004104 0.001968 0.000137 0.052960 0.008393 1.771798 3115.846302
0.928019 0.004428 0.004103 0.001960 0.000138 0.052958 0.008394 1.772233 3116.547480
0.928011 0.004427 0.004117 0.001964 0.000137 0.052949 0.008395 1.772682 3117.094583
0.928041 0.004402 0.004112 0.001979 0.000136 0.052933 0.008397 1.773132 3117.769139
0.928075 0.004376 0.004100 0.001992 0.000138 0.052919 0.008399 1.773572 3118.256549
0.928089 0.004387 0.004082 0.001987 0.000138 0.052916 0.008400 1.773986 3118.728994
0.928093 0.004406 0.004086 0.001975 0.000139 0.052899 0.008402 1.774415 3119.244723
0.928079 0.004412 0.004079 0.001977 0.000139 0.052911 0.008403 1.774857 3119.964049
0.928072 0.004423 0.004080 0.001962 0.000140 0.052918 0.008406 1.775283 3120.609890
0.928084 0.004390 0.004087 0.001967 0.000138 0.052924 0.008409 1.775738 3121.637263
0.928090 0.004387 0.004078 0.001984 0.000137 0.052913 0.008410 1.776175 3122.388535
0.928086 0.004389 0.004089 0.001974 0.000137 0.052914 0.008413 1.776613 3122.865889
0.928107 0.004371 0.004089 0.001982 0.000136 0.052901 0.008414 1.777056 3123.690624
0.928128 0.004350 0.004107 0.001976 0.000136 0.052887 0.008416 1.777504 3124.294814
0.928133 0.004359 0.004101 0.001976 0.000135 0.052877 0.008418 1.777938 3124.758620
0.928175 0.004314 0.004096 0.001982 0.000136 0.052878 0.008419 1.778388 3125.278839
0.928189 0.004310 0.004086 0.001986 0.000136 0.052873 0.008421 1.778816 3125.957054
0.928202 0.004313 0.004090 0.001991 0.000136 0.052845 0.008422 1.779233 3126.580204
0.928243 0.004292 0.004099 0.001984 0.000137 0.052822 0.008425 1.779660 3127.565654
0.928273 0.004280 0.004073 0.001984 0.000134 0.052829 0.008426 1.780078 3128.732554
0.928305 0.004283 0.004068 0.001975 0.000134 0.052808 0.008428 1.780484 3129.428946
0.928349 0.004270 0.004055 0.001974 0.000135 0.052788 0.008429 1.780904 3129.965637
0.928378 0.004269 0.004049 0.001966 0.000137 0.052769 0.008432 1.781323 3130.542026
0.928405 0.004256 0.004047 0.001961 0.000141 0.052757 0.008432 1.781753 3130.880447
0.928446 0.004245 0.004066 0.001962 0.000141 0.052708 0.008433 1.782187 3131.310467
0.928477 0.004225 0.004067 0.001963 0.000141 0.052692 0.008435 1.782622 3132.163082
0.928488 0.004233 0.004066 0.001958 0.000140 0.052680 0.008436 1.783033 3132.753887
0.928511 0.004236 0.004054 0.001939 0.000139 0.052684 0.008437 1.783456 3133.391540
0.928512 0.004244 0.004055 0.001948 0.000137 0.052666 0.008438 1.783885 3134.402023
0.928529 0.004247 0.004033 0.001955 0.000138 0.052658 0.008440 1.784301 3134.891824
0.928524 0.004265 0.004002 0.001963 0.000136 0.052668 0.008442 1.784717 3135.898529
0.928560 0.004286 0.003979 0.001967 0.000137 0.052628 0.008443 1.785112 3136.632631
0.928577 0.004282 0.003980 0.001971 0.000138 0.052608 0.008445 1.785536 3137.419893
0.928575 0.004281 0.004001 0.001966 0.000139 0.052593 0.008445 1.785959 3137.893479
0.928610 0.004261 0.003995 0.001970 0.000140 0.052576 0.008447 1.786391 3138.501209
0.928627 0.004265 0.003984 0.001959 0.000142 0.052574 0.008448 1.786799 3139.133284
0.928664 0.004283 0.003968 0.001949 0.000143 0.052543 0.008451 1.787203 3140.098863
0.928684 0.004287 0.003947 0.001946 0.000139 0.052543 0.008453 1.787619 3141.020358
0.928697 0.004288 0.003925 0.001944 0.000138 0.052553 0.008455 1.788038 3142.027679
0.928719 0.004308 0.003916 0.001938 0.000138 0.052525 0.008456 1.788440 3142.503527
0.928751 0.004298 0.003907 0.001945 0.000137 0.052504 0.008458 1.788854 3143.680340
0.928766 0.004285 0.003926 0.001948 0.000136 0.052479 0.008460 1.789282 3144.166962
0.928790 0.004268 0.003928 0.001931 0.000137 0.052484 0.008461 1.789702 3144.745582
0.928818 0.004279 0.003926 0.001921 0.000136 0.052457 0.008463 1.790100 3145.464407
0.928837 0.004281 0.003918 0.001915 0.000140 0.052444 0.008465 1.790517 3145.996981
0.928854 0.004287 0.003921 0.001907 0.000140 0.052427 0.008466 1.790926 3146.689522
0.928872 0.004301 0.003927 0.001903 0.000138 0.052390 0.008469 1.791343 3147.458868
0.928880 0.004251 0.003962 0.001914 0.000137 0.052385 0.008470 1.791797 3148.372531
0.928894 0.004263 0.003966 0.001906 0.000135 0.052362 0.008472 1.792213 3149.131604
0.928889 0.004290 0.003958 0.001905 0.000136 0.052348 0.008474 1.792631 3149.582621
0.928885 0.004278 0.003967 0.001914 0.000137 0.052344 0.008475 1.793052 3150.118109
0.928941 0.004253 0.003952 0.001919 0.000139 0.052320 0.008476 1.793472 3150.808415
0.928981 0.004234 0.003970 0.001919 0.000142 0.052275 0.008477 1.793903 3151.237375
0.929025 0.004229 0.003954 0.001917 0.000142 0.052254 0.008479 1.794313 3151.867651
0.929060 0.004192 0.003979 0.001922 0.000144 0.052222 0.008481 1.794758 3152.319378
0.929080 0.004198 0.003964 0.001922 0.000141 0.052213 0.008483 1.795167 3153.120616
0.929101 0.004197 0.003939 0.001920 0.000140 0.052217 0.008486 1.795572 3154.299834
0.929103 0.004202 0.003925 0.001913 0.000138 0.052230 0.008488 1.795979 3155.123473
0.929128 0.004189 0.003921 0.001903 0.000137 0.052232 0.008489 1.796397 3155.686542
0.929154 0.004173 0.003928 0.001907 0.000136 0.052210 0.008491 1.796811 3156.270812
0.929182 0.004161 0.003937 0.001905 0.000135 0.052187 0.008492 1.797227 3156.748168
0.929215 0.004155 0.003929 0.001898 0.000138 0.052171 0.008494 1.797641 3157.385396
0.929227 0.004151 0.003925 0.001907 0.000136 0.052158 0.008496 1.798057 3157.736895
0.929234 0.004164 0.003918 0.001898 0.000136 0.052154 0.008497 1.798456 3158.146396
0.929256 0.004158 0.003933 0.001890 0.000136 0.052128 0.008499 1.798864 3158.942165
0.929291 0.004151 0.003914 0.001899 0.000140 0.052104 0.008501 1.799270 3159.830741
0.929290 0.004184 0.003912 0.001892 0.000138 0.052082 0.008503 1.799672 3160.399866
0.929311 0.004178 0.003909 0.001897 0.000137 0.052063 0.008504 1.800095 3161.394804
0.929331 0.004159 0.003919 0.001905 0.000138 0.052042 0.008506 1.800515 3162.019989
0.929347 0.004186 0.003891 0.001898 0.000136 0.052033 0.008508 1.800905 3162.962158
0.929379 0.004167 0.003883 0.001893 0.000135 0.052033 0.008510 1.801320 3163.547631
0.929416 0.004158 0.003897 0.001882 0.000134 0.052001 0.008512 1.801737 3164.258649
0.929415 0.004172 0.003897 0.001876 0.000133 0.051992 0.008514 1.802139 3165.279798
0.929436 0.004165 0.003902 0.001879 0.000133 0.051969 0.008515 1.802555 3165.979625
0.929466 0.004166 0.003893 0.001865 0.000131 0.051962 0.008518 1.802960 3166.928258
0.929463 0.004160 0.003881 0.001861 0.000131 0.051983 0.008521 1.803373 3167.785975
0.929488 0.004156 0.003864 0.001858 0.000132 0.051979 0.008523 1.803784 3168.430479
0.929483 0.004164 0.003865 0.001853 0.000132 0.051979 0.008524 1.804191 3169.040479
0.929505 0.004174 0.003843 0.001864 0.000132 0.051956 0.008526 1.804595 3169.623103
0.929559 0.004151 0.003861 0.001861 0.000131 0.051907 0.008530 1.805012 3170.713149
0.929578 0.004155 0.003848 0.001864 0.000131 0.051892 0.008532 1.805412 3171.302184
0.929604 0.004130 0.003848 0.001871 0.000129 0.051885 0.008533 1.805829 3172.040506
0.929616 0.004140 0.003846 0.001867 0.000128 0.051868 0.008535 1.806227 3172.929793
0.929646 0.004138 0.003844 0.001857 0.000129 0.051848 0.008539 1.806623 3173.739217
0.929642 0.004139 0.003856 0.001852 0.000129 0.051840 0.008541 1.807032 3174.253851
0.929657 0.004137 0.003852 0.001856 0.000129 0.051829 0.008541 1.807450 3174.826707
0.929671 0.004135 0.003850 0.001874 0.000127 0.051799 0.008544 1.807862 3175.765638
0.929678 0.004139 0.003848 0.001861 0.000128 0.051801 0.008546 1.808271 3176.476644
0.929719 0.004113 0.003853 0.001867 0.000127 0.051772 0.008549 1.808684 3176.857330
0.929758 0.004094 0.003840 0.001870 0.000126 0.051761 0.008551 1.809101 3177.792460
0.929757 0.004091 0.003841 0.001867 0.000126 0.051766 0.008552 1.809514 3178.451106
0.929805 0.004100 0.003831 0.001870 0.000126 0.051714 0.008553 1.809902 3178.862327
0.929832 0.004091 0.003862 0.001868 0.000123 0.051669 0.008554 1.810311 3179.397028
0.929874 0.004100 0.003860 0.001872 0.000126 0.051612 0.008556 1.810710 3179.865784
0.929891 0.004104 0.003848 0.001868 0.000124 0.051608 0.008557 1.811110 3180.974410
0.929916 0.004111 0.003821 0.001871 0.000122 0.051601 0.008559 1.811503 3181.987123
0.929927 0.004098 0.003822 0.001868 0.000120 0.051603 0.008561 1.811917 3182.858173
0.929959 0.004106 0.003828 0.001857 0.000121 0.051567 0.008562 1.812315 3183.771429
0.929989 0.004118 0.003818 0.001854 0.000123 0.051534 0.008563 1.812710 3184.297675
0.929998 0.004128 0.003818 0.001855 0.000122 0.051514 0.008565 1.813112 3185.143703
0.930014 0.004136 0.003833 0.001849 0.000122 0.051476 0.008569 1.813527 3186.169426
0.930048 0.004129 0.003837 0.001847 0.000124 0.051445 0.008570 1.813930 3186.561103
0.930095 0.004112 0.003834 0.001844 0.000124 0.051420 0.008571 1.814335 3187.034840
0.930102 0.004123 0.003823 0.001833 0.000126 0.051421 0.008572 1.814727 3187.412886
0.930122 0.004135 0.003818 0.001845 0.000128 0.051380 0.008574 1.815126 3187.728325
0.930131 0.004132 0.003824 0.001837 0.000125 0.051375 0.008576 1.815523 3188.448438
0.930176 0.004122 0.003822 0.001839 0.000125 0.051340 0.008577 1.815926 3188.792132
0.930184 0.004123 0.003805 0.001856 0.000125 0.051329 0.008578 1.816336 3189.559807
0.930199 0.004095 0.003820 0.001859 0.000127 0.051321 0.008579 1.816759 3190.050862
0.930247 0.004071 0.003814 0.001863 0.000126 0.051297 0.008581 1.817161 3190.466144
0.930272 0.004050 0.003814 0.001868 0.000126 0.051287 0.008583 1.817567 3190.953939
0.930316 0.004040 0.003807 0.001874 0.000125 0.051253 0.008585 1.817964 3191.388063
0.930329 0.004032 0.003794 0.001863 0.000127 0.051268 0.008588 1.818355 3192.009846
0.930358 0.004033 0.003796 0.001854 0.000128 0.051241 0.008589 1.818747 3192.452517
0.930390 0.004035 0.003783 0.001858 0.000129 0.051214 0.008592 1.819139 3193.585010
0.930414 0.004031 0.003774 0.001857 0.000131 0.051200 0.008593 1.819545 3194.149946
0.930447 0.004024 0.003756 0.001856 0.000132 0.051190 0.008595 1.819936 3194.797751
0.930463 0.004024 0.003757 0.001846 0.000136 0.051178 0.008596 1.820326 3195.111586
0.930497 0.004011 0.003774 0.001841 0.000136 0.051144 0.008599 1.820738 3196.039315
0.930510 0.004027 0.003768 0.001828 0.000135 0.051130 0.008600 1.821123 3196.758859
0.930536 0.004012 0.003795 0.001825 0.000132 0.051097 0.008603 1.821533 3197.201789
0.930556 0.004008 0.003791 0.001821 0.000133 0.051087 0.008605 1.821939 3197.788052
0.930575 0.004010 0.003796 0.001824 0.000135 0.051056 0.008605 1.822336 3198.417062
0.930624 0.004006 0.003791 0.001823 0.000138 0.051013 0.008606 1.822729 3198.621008
0.930655 0.004010 0.003779 0.001814 0.000138 0.050997 0.008608 1.823112 3199.293502
0.930669 0.004035 0.003781 0.001794 0.000142 0.050970 0.008609 1.823486 3199.427732
0.930669 0.004048 0.003789 0.001796 0.000141 0.050945 0.008611 1.823879 3200.241861
0.930671 0.004052 0.003787 0.001795 0.000141 0.050941 0.008614 1.824284 3200.940859
0.930674 0.004077 0.003772 0.001797 0.000143 0.050921 0.008615 1.824669 3201.721298
0.930667 0.004088 0.003769 0.001797 0.000146 0.050918 0.008616 1.825064 3202.167754
0.930699 0.004057 0.003771 0.001811 0.000148 0.050896 0.008617 1.825476 3202.587844
0.930727 0.004060 0.003780 0.001812 0.000145 0.050855 0.008620 1.825877 3203.334980
0.930734 0.004087 0.003748 0.001819 0.000148 0.050843 0.008621 1.826260 3203.559672
0.930759 0.004087 0.003759 0.001818 0.000147 0.050806 0.008624 1.826663 3204.516976
0.930759 0.004089 0.003744 0.001821 0.000146 0.050816 0.008625 1.827066 3205.320427
0.930789 0.004078 0.003761 0.001818 0.000148 0.050780 0.008626 1.827476 3205.987512
0.930802 0.004084 0.003765 0.001819 0.000148 0.050755 0.008628 1.827879 3206.759521
0.930825 0.004082 0.003760 0.001813 0.000147 0.050744 0.008630 1.828283 3207.577220
0.930856 0.004075 0.003744 0.001822 0.000146 0.050726 0.008630 1.828679 3208.129584
0.930907 0.004044 0.003749 0.001822 0.000145 0.050699 0.008633 1.829082 3209.167651
0.930925 0.004042 0.003761 0.001811 0.000145 0.050682 0.008634 1.829484 3209.820336
0.930920 0.004058 0.003766 0.001802 0.000144 0.050674 0.008637 1.829878 3210.609284
0.930947 0.004051 0.003769 0.001815 0.000145 0.050637 0.008637 1.830277 3210.967426
0.930986 0.004033 0.003772 0.001826 0.000144 0.050600 0.008638 1.830684 3211.706959
0.931036 0.004026 0.003764 0.001833 0.000143 0.050558 0.008641 1.831072 3212.431016
0.931052 0.004051 0.003740 0.001830 0.000141 0.050543 0.008643 1.831450 3213.618598
0.931062 0.004028 0.003741 0.001832 0.000141 0.050553 0.008644 1.831865 3214.159628
0.931083 0.004023 0.003751 0.001836 0.000141 0.050520 0.008646 1.832264 3215.041861
0.931111 0.004021 0.003762 0.001826 0.000140 0.050491 0.008649 1.832657 3216.053814
0.931124 0.004021 0.003767 0.001827 0.000140 0.050470 0.008651 1.833050 3216.439362
0.931144 0.004013 0.003767 0.001831 0.000140 0.050454 0.008652 1.833446 3217.253771
0.931182 0.004010 0.003758 0.001839 0.000136 0.050421 0.008655 1.833831 3217.953175
0.931198 0.004008 0.003760 0.001846 0.000135 0.050396 0.008657 1.834231 3218.534942
0.931226 0.004004 0.003754 0.001831 0.000135 0.050392 0.008659 1.834621 3219.198489
0.931214 0.004020 0.003751 0.001835 0.000133 0.050386 0.008661 1.835021 3220.254871
0.931240 0.004008 0.003759 0.001834 0.000133 0.050364 0.008662 1.835427 3220.631116
0.931221 0.004028 0.003776 0.001831 0.000134 0.050347 0.008664 1.835833 3221.407587
0.931230 0.004013 0.003778 0.001830 0.000132 0.050351 0.008665 1.836229 3222.086724
0.931244 0.003984 0.003791 0.001826 0.000132 0.050356 0.008668 1.836643 3222.789943
0.931259 0.003989 0.003781 0.001828 0.000132 0.050342 0.008668 1.837028 3223.411409
0.931255 0.003990 0.003771 0.001831 0.000133 0.050350 0.008670 1.837435 3223.928873
0.931277 0.003986 0.003738 0.001822 0.000132 0.050372 0.008672 1.837824 3224.924170
0.931278 0.003995 0.003729 0.001820 0.000132 0.050372 0.008674 1.838211 3225.611918
0.931256 0.004018 0.003729 0.001814 0.000132 0.050377 0.008675 1.838603 3226.138791
0.931294 0.004011 0.003729 0.001807 0.000131 0.050352 0.008676 1.838999 3226.701286
0.931322 0.004004 0.003737 0.001795 0.000129 0.050334 0.008679 1.839395 3227.660457
0.931333 0.004011 0.003746 0.001804 0.000132 0.050294 0.008681 1.839785 3228.140312
0.931352 0.003986 0.003752 0.001813 0.000130 0.050285 0.008682 1.840194 3228.611952
0.931370 0.003990 0.003743 0.001808 0.000129 0.050277 0.008684 1.840584 3229.168652
0.931392 0.003974 0.003736 0.001808 0.000131 0.050273 0.008686 1.840976 3229.909543
0.931430 0.003978 0.003737 0.001807 0.000130 0.050230 0.008687 1.841360 3230.315694
0.931452 0.003989 0.003739 0.001806 0.000129 0.050195 0.008690 1.841749 3231.187481
0.931446 0.004008 0.003733 0.001795 0.000129 0.050198 0.008691 1.842130 3231.766122
0.931441 0.004013 0.003748 0.001786 0.000128 0.050192 0.008692 1.842535 3232.545028
0.931452 0.003999 0.003756 0.001785 0.000127 0.050185 0.008695 1.842941 3233.374561
0.931468 0.003983 0.003754 0.001792 0.000128 0.050180 0.008696 1.843342 3233.729608
0.931483 0.003971 0.003756 0.001793 0.000127 0.050173 0.008698 1.843741 3234.483311
0.931485 0.003981 0.003761 0.001797 0.000125 0.050151 0.008700 1.844136 3235.488840
0.931476 0.003985 0.003760 0.001792 0.000127 0.050158 0.008702 1.844534 3235.905287
0.931497 0.003978 0.003750 0.001790 0.000127 0.050155 0.008704 1.844933 3236.297572
0.931514 0.003988 0.003746 0.001786 0.000127 0.050134 0.008706 1.845320 3237.048995
0.931510 0.003989 0.003750 0.001778 0.000127 0.050139 0.008707 1.845715 3237.540928
0.931522 0.003985 0.003772 0.001784 0.000127 0.050100 0.008710 1.846120 3238.185086
0.931550 0.004003 0.003761 0.001786 0.000127 0.050060 0.008712 1.846508 3238.745657
0.931571 0.003985 0.003763 0.001775 0.000126 0.050064 0.008715 1.846907 3239.592345
0.931585 0.003985 0.003744 0.001774 0.000126 0.050069 0.008717 1.847290 3240.531257
0.931598 0.003976 0.003741 0.001775 0.000127 0.050065 0.008718 1.847688 3241.199008
0.931613 0.003981 0.003736 0.001778 0.000128 0.050046 0.008719 1.848075 3241.844148
0.931644 0.003977 0.003722 0.001769 0.000126 0.050041 0.008722 1.848453 3242.814973
0.931663 0.003964 0.003722 0.001778 0.000122 0.050025 0.008725 1.848849 3243.892215
0.931679 0.003983 0.003716 0.001769 0.000122 0.050005 0.008726 1.849237 3244.797253
0.931689 0.003985 0.003724 0.001791 0.000122 0.049962 0.008727 1.849637 3245.197867
0.931704 0.003990 0.003706 0.001790 0.000122 0.049959 0.008728 1.850026 3245.772712
0.931708 0.004012 0.003692 0.001785 0.000121 0.049952 0.008730 1.850407 3246.516372
0.931727 0.003993 0.003691 0.001785 0.000120 0.049951 0.008732 1.850805 3247.000099
0.931703 0.004018 0.003689 0.001790 0.000121 0.049945 0.008733 1.851191 3247.480738
0.931705 0.004011 0.003719 0.001783 0.000119 0.049926 0.008737 1.851596 3248.794321
0.931727 0.004012 0.003719 0.001788 0.000120 0.049896 0.008738 1.851980 3249.503074
0.931737 0.004004 0.003745 0.001788 0.000122 0.049864 0.008740 1.852385 3250.108504
0.931754 0.003992 0.003751 0.001790 0.000126 0.049846 0.008740 1.852783 3250.613285
0.931763 0.004003 0.003748 0.001790 0.000126 0.049829 0.008742 1.853172 3251.297128
0.931744 0.004013 0.003732 0.001786 0.000127 0.049854 0.008743 1.853571 3251.929387
0.931769 0.004016 0.003742 0.001790 0.000126 0.049813 0.008744 1.853964 3252.250459
0.931770 0.004019 0.003720 0.001784 0.000125 0.049835 0.008746 1.854348 3253.181240
0.931795 0.004019 0.003719 0.001776 0.000125 0.049819 0.008747 1.854731 3254.131151
0.931802 0.004002 0.003726 0.001780 0.000124 0.049817 0.008749 1.855129 3254.734030
0.931820 0.004005 0.003722 0.001775 0.000125 0.049802 0.008750 1.855516 3255.384762
0.931855 0.004001 0.003691 0.001779 0.000125 0.049797 0.008751 1.855905 3255.847525
0.931892 0.003979 0.003684 0.001781 0.000123 0.049789 0.008752 1.856311 3256.449915
0.931915 0.003969 0.003682 0.001790 0.000124 0.049767 0.008753 1.856709 3256.972362
0.931926 0.003958 0.003687 0.001803 0.000127 0.049744 0.008755 1.857106 3257.485759
0.931958 0.003963 0.003694 0.001787 0.000127 0.049714 0.008757 1.857496 3258.281929
0.931960 0.003975 0.003690 0.001792 0.000127 0.049698 0.008758 1.857881 3258.781132
0.931944 0.003997 0.003668 0.001812 0.000125 0.049694 0.008760 1.858272 3259.357526
0.931958 0.003989 0.003675 0.001822 0.000124 0.049671 0.008762 1.858669 3259.939684
0.931969 0.003969 0.003682 0.001838 0.000123 0.049655 0.008764 1.859076 3260.351804
0.931977 0.003963 0.003694 0.001831 0.000122 0.049648 0.008764 1.859470 3261.110987
0.931998 0.003959 0.003702 0.001813 0.000122 0.049641 0.008766 1.859862 3261.778130
0.931998 0.003971 0.003691 0.001808 0.000121 0.049643 0.008768 1.860237 3262.496488
0.932009 0.003970 0.003691 0.001810 0.000121 0.049631 0.008769 1.860631 3263.127392
0.932028 0.003954 0.003697 0.001822 0.000121 0.049609 0.008770 1.861039 3263.707438
0.932055 0.003928 0.003707 0.001808 0.000121 0.049608 0.008772 1.861440 3264.028338
0.932067 0.003925 0.003700 0.001805 0.000121 0.049609 0.008774 1.861826 3264.753939
0.932102 0.003899 0.003705 0.001809 0.000120 0.049589 0.008775 1.862222 3265.127741
0.932087 0.003892 0.003715 0.001800 0.000120 0.049608 0.008778 1.862625 3265.768775
0.932122 0.003887 0.003698 0.001799 0.000119 0.049594 0.008781 1.863000 3266.669545
0.932146 0.003867 0.003721 0.001795 0.000118 0.049570 0.008782 1.863400 3267.184257
0.932161 0.003868 0.003706 0.001782 0.000119 0.049580 0.008783 1.863775 3267.673159
0.932184 0.003868 0.003710 0.001790 0.000119 0.049543 0.008785 1.864164 3268.453694
0.932216 0.003850 0.003717 0.001806 0.000117 0.049508 0.008787 1.864562 3269.460175
0.932242 0.003827 0.003724 0.001795 0.000118 0.049505 0.008789 1.864956 3269.907934
0.932262 0.003828 0.003701 0.001794 0.000116 0.049508 0.008792 1.865334 3270.539511
0.932281 0.003865 0.003678 0.001782 0.000117 0.049484 0.008793 1.865689 3271.400217
0.932289 0.003866 0.003679 0.001765 0.000113 0.049492 0.008797 1.866064 3272.286666
0.932281 0.003890 0.003684 0.001762 0.000114 0.049471 0.008798 1.866437 3272.897081
0.932274 0.003902 0.003668 0.001767 0.000112 0.049476 0.008800 1.866825 3273.579972
0.932276 0.003922 0.003643 0.001770 0.000111 0.049476 0.008801 1.867202 3274.139788
0.932292 0.003927 0.003634 0.001761 0.000113 0.049470 0.008803 1.867575 3274.878753
0.932310 0.003926 0.003640 0.001756 0.000114 0.049449 0.008806 1.867968 3275.593764
0.932310 0.003931 0.003661 0.001741 0.000114 0.049434 0.008809 1.868360 3276.648451
0.932308 0.003953 0.003672 0.001729 0.000115 0.049413 0.008811 1.868747 3277.008912
0.932299 0.003980 0.003659 0.001720 0.000115 0.049415 0.008812 1.869121 3277.512883
0.932294 0.003991 0.003636 0.001727 0.000115 0.049424 0.008813 1.869507 3278.182429
0.932283 0.003998 0.003648 0.001729 0.000115 0.049413 0.008815 1.869899 3278.708916
0.932302 0.003984 0.003667 0.001723 0.000114 0.049394 0.008816 1.870299 3279.573436
0.932300 0.003988 0.003677 0.001734 0.000113 0.049370 0.008817 1.870703 3280.374533
0.932312 0.003993 0.003679 0.001734 0.000112 0.049352 0.008818 1.871089 3280.946902
0.932326 0.003989 0.003680 0.001732 0.000113 0.049338 0.008820 1.871476 3281.574426
0.932341 0.004001 0.003685 0.001731 0.000115 0.049306 0.008821 1.871861 3281.941234
0.932359 0.004000 0.003674 0.001735 0.000114 0.049294 0.008823 1.872257 3282.722028
0.932358 0.004014 0.003667 0.001741 0.000114 0.049281 0.008824 1.872640 3283.515076
0.932351 0.004051 0.003668 0.001731 0.000114 0.049259 0.008826 1.873013 3284.200565
0.932375 0.004056 0.003673 0.001725 0.000115 0.049229 0.008826 1.873394 3284.864821
0.932347 0.004065 0.003676 0.001725 0.000116 0.049244 0.008827 1.873800 3285.369631
0.932365 0.004069 0.003666 0.001722 0.000117 0.049232 0.008828 1.874179 3286.160283
0.932337 0.004066 0.003687 0.001719 0.000116 0.049245 0.008829 1.874588 3286.617779
0.932331 0.004051 0.003684 0.001748 0.000117 0.049239 0.008830 1.874990 3286.968156
0.932343 0.004031 0.003695 0.001758 0.000118 0.049224 0.008832 1.875398 3287.454338
0.932325 0.004046 0.003703 0.001757 0.000119 0.049217 0.008833 1.875788 3287.828771
0.932330 0.004052 0.003708 0.001740 0.000120 0.049217 0.008834 1.876173 3288.109062
0.932325 0.004073 0.003693 0.001737 0.000121 0.049215 0.008835 1.876564 3288.483046
0.932311 0.004083 0.003699 0.001738 0.000122 0.049211 0.008836 1.876957 3288.824717
0.932302 0.004084 0.003707 0.001745 0.000121 0.049203 0.008838 1.877359 3289.366610
0.932272 0.004089 0.003712 0.001742 0.000122 0.049224 0.008839 1.877757 3289.845313
0.932275 0.004098 0.003716 0.001729 0.000122 0.049220 0.008840 1.878145 3290.239764
0.932294 0.004095 0.003717 0.001722 0.000123 0.049208 0.008840 1.878534 3290.721718
0.932285 0.004072 0.003718 0.001738 0.000123 0.049222 0.008841 1.878950 3291.312255
0.932263 0.004084 0.003717 0.001745 0.000121 0.049226 0.008844 1.879353 3292.001607
0.932230 0.004079 0.003714 0.001757 0.000121 0.049254 0.008845 1.879755 3292.728656
0.932220 0.004103 0.003711 0.001750 0.000118 0.049251 0.008847 1.880154 3293.783255
0.932209 0.004105 0.003705 0.001751 0.000119 0.049262 0.008849 1.880558 3294.553172
0.932217 0.004106 0.003698 0.001752 0.000118 0.049259 0.008850 1.880950 3295.342519
0.932243 0.004094 0.003688 0.001771 0.000119 0.049234 0.008850 1.881347 3295.967785
0.932255 0.004076 0.003676 0.001783 0.000118 0.049240 0.008852 1.881751 3296.417158
0.932265 0.004056 0.003696 0.001785 0.000119 0.049226 0.008853 1.882163 3296.774445
0.932276 0.004054 0.003696 0.001784 0.000120 0.049215 0.008854 1.882563 3297.059039
0.932298 0.004036 0.003703 0.001777 0.000120 0.049211 0.008855 1.882957 3297.464532
0.932306 0.004031 0.003701 0.001765 0.000122 0.049218 0.008857 1.883346 3298.014634
0.932281 0.004042 0.003701 0.001764 0.000122 0.049232 0.008858 1.883738 3298.743685
0.932263 0.004044 0.003710 0.001766 0.000120 0.049236 0.008862 1.884136 3299.533055
0.932255 0.004040 0.003707 0.001780 0.000117 0.049237 0.008863 1.884538 3300.047602
0.932254 0.004048 0.003702 0.001783 0.000118 0.049230 0.008864 1.884929 3300.550851
0.932251 0.004037 0.003714 0.001776 0.000120 0.049235 0.008866 1.885328 3301.093406
0.932264 0.004012 0.003731 0.001779 0.000122 0.049224 0.008866 1.885735 3301.277630
0.932250 0.004008 0.003751 0.001786 0.000122 0.049216 0.008867 1.886143 3301.546282
0.932216 0.004010 0.003740 0.001793 0.000123 0.049250 0.008869 1.886553 3302.137115
0.932217 0.004021 0.003717 0.001788 0.000126 0.049260 0.008870 1.886942 3302.638605
0.932217 0.004016 0.003723 0.001781 0.000127 0.049265 0.008872 1.887343 3303.338478
0.932219 0.004027 0.003724 0.001786 0.000124 0.049246 0.008873 1.887734 3304.235997
0.932216 0.004032 0.003717 0.001791 0.000123 0.049245 0.008876 1.888125 3304.798628
0.932195 0.004052 0.003707 0.001798 0.000125 0.049246 0.008878 1.888513 3305.292061
0.932185 0.004048 0.003726 0.001805 0.000127 0.049230 0.008878 1.888918 3305.723905
0.932200 0.004044 0.003736 0.001802 0.000124 0.049214 0.008880 1.889309 3306.484517
0.932202 0.004032 0.003732 0.001812 0.000123 0.049220 0.008881 1.889721 3307.311894
0.932196 0.004032 0.003740 0.001809 0.000122 0.049218 0.008882 1.890116 3308.004143
0.932195 0.004018 0.003758 0.001816 0.000122 0.049207 0.008884 1.890529 3308.430541
0.932178 0.004020 0.003760 0.001816 0.000120 0.049218 0.008886 1.890926 3309.241031
0.932194 0.003995 0.003776 0.001817 0.000121 0.049209 0.008886 1.891335 3309.726632
0.932199 0.004008 0.003773 0.001801 0.000121 0.049209 0.008888 1.891718 3310.379440
0.932190 0.004017 0.003749 0.001807 0.000122 0.049226 0.008889 1.892106 3310.873820
0.932198 0.004031 0.003727 0.001797 0.000125 0.049233 0.008889 1.892481 3311.019654
0.932214 0.004018 0.003716 0.001796 0.000124 0.049241 0.008892 1.892871 3311.524969
0.932216 0.004018 0.003716 0.001801 0.000123 0.049233 0.008894 1.893266 3312.222333
0.932221 0.004000 0.003720 0.001803 0.000122 0.049239 0.008895 1.893667 3312.712527
0.932204 0.004023 0.003725 0.001782 0.000124 0.049246 0.008897 1.894051 3313.162882
0.932208 0.004031 0.003734 0.001769 0.000125 0.049236 0.008898 1.894448 3313.881994
0.932209 0.004018 0.003751 0.001773 0.000123 0.049227 0.008900 1.894855 3314.738320
0.932179 0.004043 0.003745 0.001766 0.000121 0.049243 0.008902 1.895245 3315.214296
0.932155 0.004047 0.003741 0.001767 0.000123 0.049265 0.008903 1.895638 3315.435474
0.932161 0.004033 0.003741 0.001775 0.000123 0.049263 0.008904 1.896036 3315.883245
0.932167 0.004017 0.003750 0.001792 0.000122 0.049246 0.008906 1.896442 3316.487855
0.932156 0.004014 0.003756 0.001786 0.000121 0.049259 0.008908 1.896845 3317.120570
0.932171 0.004014 0.003749 0.001788 0.000122 0.049247 0.008910 1.897236 3317.930857
0.932157 0.004014 0.003741 0.001777 0.000122 0.049277 0.008912 1.897636 3318.640490
0.932188 0.003985 0.003751 0.001787 0.000121 0.049254 0.008914 1.898055 3319.792416
0.932212 0.003974 0.003750 0.001797 0.000120 0.049232 0.008915 1.898453 3320.164540
0.932214 0.003978 0.003738 0.001787 0.000122 0.049245 0.008916 1.898846 3320.637811
0.932216 0.003974 0.003727 0.001791 0.000121 0.049253 0.008918 1.899238 3321.343552
0.932225 0.003981 0.003725 0.001795 0.000120 0.049235 0.008920 1.899626 3322.102786
0.932233 0.003973 0.003716 0.001790 0.000119 0.049247 0.008922 1.900020 3323.061910
0.932248 0.003973 0.003731 0.001785 0.000119 0.049219 0.008924 1.900420 3323.862151
0.932265 0.003959 0.003729 0.001798 0.000119 0.049205 0.008924 1.900812 3324.304191
0.932266 0.003967 0.003744 0.001779 0.000122 0.049196 0.008926 1.901209 3324.688326
0.932261 0.003984 0.003713 0.001778 0.000121 0.049214 0.008928 1.901593 3325.092665
0.932258 0.003973 0.003723 0.001774 0.000120 0.049222 0.008929 1.901993 3325.406254
0.932277 0.003958 0.003716 0.001779 0.000119 0.049220 0.008931 1.902398 3325.915790
0.932295 0.003957 0.003714 0.001784 0.000118 0.049198 0.008934 1.902783 3326.551661
0.932288 0.003972 0.003713 0.001781 0.000117 0.049194 0.008935 1.903166 3327.126600
0.932305 0.003955 0.003720 0.001780 0.000118 0.049184 0.008937 1.903560 3327.699718
0.932317 0.003944 0.003703 0.001779 0.000120 0.049197 0.008939 1.903959 3328.273627
0.932316 0.003946 0.003689 0.001781 0.000120 0.049207 0.008941 1.904351 3329.199483
0.932332 0.003945 0.003677 0.001790 0.000120 0.049195 0.008942 1.904726 3329.366555
0.932371 0.003910 0.003672 0.001798 0.000115 0.049190 0.008944 1.905123 3330.216874
0.932362 0.003946 0.003644 0.001791 0.000112 0.049198 0.008946 1.905483 3331.232271
0.932381 0.003928 0.003642 0.001796 0.000115 0.049190 0.008948 1.905879 3331.634203
0.932385 0.003925 0.003632 0.001791 0.000114 0.049203 0.008950 1.906260 3332.382029
