0.346040 0.063146 0.055862 0.031992 0.002142 0.494758 0.006060 1.613651 2087.914206
0.347463 0.061805 0.057224 0.030523 0.002136 0.494756 0.006093 1.619796 2100.379745
0.350510 0.058977 0.058284 0.029083 0.002136 0.494893 0.006115 1.625761 2111.550842
0.354448 0.055603 0.059041 0.027788 0.002121 0.494859 0.006140 1.631410 2123.092058
0.358895 0.051996 0.059390 0.026491 0.002104 0.494952 0.006171 1.636705 2135.523048
0.363844 0.048341 0.059538 0.025260 0.002089 0.494728 0.006200 1.641654 2147.170140
0.368994 0.044722 0.059325 0.024048 0.002075 0.494611 0.006224 1.646284 2156.775017
0.374305 0.041296 0.058826 0.022915 0.002056 0.494350 0.006252 1.650514 2167.140608
0.379853 0.038044 0.057987 0.021797 0.002033 0.494007 0.006279 1.654394 2178.877421
0.385516 0.034998 0.056959 0.020728 0.002018 0.493476 0.006305 1.657964 2188.280589
0.391210 0.032119 0.055785 0.019725 0.001997 0.492834 0.006331 1.661280 2198.172085
0.397000 0.029477 0.054430 0.018727 0.001974 0.492038 0.006354 1.664284 2207.461439
0.402848 0.027016 0.052964 0.017766 0.001951 0.491071 0.006383 1.667037 2218.774405
0.408736 0.024699 0.051450 0.016823 0.001915 0.489974 0.006403 1.669598 2228.871244
0.414610 0.022585 0.049909 0.015938 0.001872 0.488653 0.006433 1.671929 2240.371406
0.420555 0.020633 0.048284 0.015052 0.001844 0.487179 0.006453 1.674063 2249.540498
0.426483 0.018850 0.046610 0.014241 0.001818 0.485520 0.006478 1.676012 2258.098668
0.432414 0.017230 0.044873 0.013488 0.001779 0.483716 0.006500 1.677768 2269.385962
0.438356 0.015736 0.043151 0.012765 0.001737 0.481725 0.006529 1.679379 2280.954915
0.444256 0.014351 0.041478 0.012076 0.001697 0.479589 0.006553 1.680864 2291.613995
0.450219 0.013093 0.039774 0.011392 0.001654 0.477296 0.006573 1.682211 2303.395741
0.456167 0.011922 0.038070 0.010770 0.001618 0.474859 0.006593 1.683451 2312.776685
0.462058 0.010900 0.036432 0.010161 0.001589 0.472246 0.006613 1.684540 2321.291336
0.467879 0.009950 0.034772 0.009583 0.001550 0.469631 0.006636 1.685555 2331.786193
0.473715 0.009059 0.033204 0.009047 0.001513 0.466804 0.006658 1.686500 2342.039851
0.479461 0.008281 0.031589 0.008542 0.001476 0.463973 0.006678 1.687329 2352.448843
0.485135 0.007556 0.030063 0.008040 0.001443 0.461067 0.006695 1.688099 2361.351838
0.490831 0.006894 0.028558 0.007595 0.001410 0.458000 0.006712 1.688798 2370.446152
0.496487 0.006294 0.027134 0.007153 0.001375 0.454830 0.006727 1.689436 2379.523857
0.502061 0.005743 0.025721 0.006747 0.001334 0.451647 0.006748 1.690021 2389.656863
0.507645 0.005232 0.024399 0.006359 0.001293 0.448304 0.006767 1.690564 2399.153086
0.513189 0.004786 0.023101 0.005981 0.001261 0.444899 0.006782 1.691038 2407.663646
0.518780 0.004351 0.021905 0.005643 0.001220 0.441300 0.006802 1.691499 2417.823784
0.524252 0.003968 0.020731 0.005304 0.001186 0.437741 0.006817 1.691901 2426.931035
0.529711 0.003638 0.019644 0.004962 0.001150 0.434062 0.006834 1.692254 2434.976498
0.535045 0.003322 0.018593 0.004663 0.001120 0.430407 0.006850 1.692590 2441.533433
0.540402 0.003029 0.017587 0.004379 0.001090 0.426647 0.006866 1.692900 2450.783901
0.545647 0.002758 0.016616 0.004112 0.001057 0.422929 0.006882 1.693189 2460.201766
0.550941 0.002511 0.015668 0.003843 0.001023 0.419115 0.006898 1.693451 2468.897204
0.556107 0.002292 0.014809 0.003614 0.000990 0.415273 0.006915 1.693685 2477.492913
0.561327 0.002085 0.014017 0.003396 0.000964 0.411286 0.006927 1.693904 2485.487604
0.566424 0.001908 0.013191 0.003179 0.000938 0.407421 0.006939 1.694096 2492.957752
0.571573 0.001736 0.012443 0.002976 0.000906 0.403415 0.006952 1.694279 2501.856520
0.576572 0.001575 0.011723 0.002796 0.000880 0.399492 0.006962 1.694453 2509.934637
0.581493 0.001441 0.011035 0.002620 0.000856 0.395584 0.006971 1.694601 2516.754486
0.586391 0.001320 0.010357 0.002456 0.000833 0.391664 0.006979 1.694731 2523.505806
0.591245 0.001207 0.009760 0.002294 0.000805 0.387698 0.006991 1.694853 2531.315403
0.595971 0.001099 0.009188 0.002144 0.000779 0.383817 0.007002 1.694970 2538.533799
0.600754 0.001006 0.008636 0.002011 0.000753 0.379828 0.007013 1.695070 2544.659366
0.605457 0.000917 0.008113 0.001873 0.000734 0.375884 0.007021 1.695166 2550.829984
0.610102 0.000834 0.007639 0.001756 0.000713 0.371925 0.007031 1.695257 2556.913769
0.614685 0.000760 0.007185 0.001649 0.000688 0.367993 0.007040 1.695337 2564.929954
0.619290 0.000695 0.006742 0.001553 0.000664 0.364005 0.007050 1.695407 2572.067706
0.623811 0.000636 0.006334 0.001444 0.000641 0.360073 0.007061 1.695469 2579.060289
0.628286 0.000575 0.005951 0.001347 0.000619 0.356150 0.007072 1.695537 2585.306383
0.632693 0.000530 0.005590 0.001260 0.000595 0.352251 0.007081 1.695590 2591.788485
0.637073 0.000481 0.005252 0.001170 0.000575 0.348360 0.007090 1.695643 2597.474865
0.641422 0.000441 0.004951 0.001095 0.000558 0.344437 0.007097 1.695689 2603.262264
0.645695 0.000403 0.004645 0.001024 0.000537 0.340592 0.007105 1.695731 2610.115499
0.649871 0.000371 0.004364 0.000964 0.000521 0.336799 0.007111 1.695767 2615.294820
0.654057 0.000344 0.004104 0.000907 0.000508 0.332963 0.007117 1.695798 2619.082131
0.658203 0.000314 0.003865 0.000855 0.000489 0.329148 0.007125 1.695831 2625.622133
0.662285 0.000289 0.003623 0.000803 0.000472 0.325396 0.007132 1.695860 2631.343388
0.666355 0.000262 0.003399 0.000754 0.000454 0.321637 0.007138 1.695891 2636.584593
0.670353 0.000241 0.003173 0.000710 0.000439 0.317940 0.007144 1.695915 2641.054517
0.674330 0.000221 0.002968 0.000662 0.000425 0.314245 0.007149 1.695937 2645.871808
0.678286 0.000203 0.002771 0.000615 0.000411 0.310559 0.007155 1.695959 2650.060530
0.682108 0.000185 0.002595 0.000576 0.000398 0.306978 0.007160 1.695979 2654.080743
0.685948 0.000168 0.002440 0.000536 0.000384 0.303359 0.007165 1.695998 2658.410683
0.689699 0.000156 0.002296 0.000500 0.000375 0.299807 0.007169 1.696014 2661.855634
0.693458 0.000142 0.002162 0.000471 0.000362 0.296229 0.007175 1.696031 2666.132149
0.697144 0.000131 0.002029 0.000436 0.000350 0.292728 0.007181 1.696044 2670.229591
0.700745 0.000118 0.001905 0.000411 0.000335 0.289298 0.007188 1.696058 2674.749496
0.704417 0.000112 0.001778 0.000385 0.000325 0.285789 0.007193 1.696066 2678.528568
0.707958 0.000103 0.001659 0.000355 0.000313 0.282415 0.007198 1.696077 2683.449163
0.711458 0.000092 0.001550 0.000331 0.000299 0.279065 0.007206 1.696089 2687.993144
0.714923 0.000084 0.001449 0.000307 0.000292 0.275737 0.007209 1.696100 2690.822855
0.718371 0.000075 0.001365 0.000287 0.000279 0.272411 0.007212 1.696110 2694.910426
0.721732 0.000070 0.001278 0.000267 0.000268 0.269168 0.007217 1.696118 2698.780638
0.725129 0.000065 0.001195 0.000245 0.000258 0.265888 0.007221 1.696124 2702.857988
0.728472 0.000061 0.001110 0.000228 0.000243 0.262657 0.007229 1.696129 2707.905590
0.731704 0.000056 0.001039 0.000213 0.000235 0.259520 0.007232 1.696135 2710.576068
0.734904 0.000052 0.000976 0.000199 0.000229 0.256407 0.007234 1.696141 2713.129396
0.738069 0.000049 0.000913 0.000187 0.000221 0.253325 0.007238 1.696146 2715.791454
0.741179 0.000044 0.000858 0.000175 0.000211 0.250291 0.007242 1.696151 2719.598938
0.744270 0.000040 0.000801 0.000164 0.000204 0.247276 0.007245 1.696156 2722.212104
0.747347 0.000037 0.000750 0.000154 0.000195 0.244269 0.007249 1.696160 2725.253600
0.750385 0.000034 0.000700 0.000143 0.000188 0.241298 0.007252 1.696163 2728.473906
0.753385 0.000030 0.000658 0.000133 0.000180 0.238360 0.007254 1.696167 2731.231567
0.756396 0.000029 0.000611 0.000125 0.000173 0.235410 0.007257 1.696170 2734.225414
0.759347 0.000028 0.000580 0.000119 0.000164 0.232503 0.007259 1.696172 2737.239091
0.762198 0.000027 0.000536 0.000112 0.000159 0.229707 0.007262 1.696175 2739.652151
0.765060 0.000024 0.000501 0.000103 0.000153 0.226896 0.007264 1.696177 2742.536020
0.767893 0.000021 0.000469 0.000097 0.000147 0.224109 0.007265 1.696181 2745.337660
0.770656 0.000020 0.000437 0.000089 0.000141 0.221389 0.007267 1.696183 2747.690715
0.773401 0.000018 0.000412 0.000083 0.000138 0.218680 0.007268 1.696186 2749.313226
0.776128 0.000017 0.000385 0.000078 0.000132 0.215989 0.007271 1.696187 2751.884978
0.778807 0.000015 0.000362 0.000071 0.000128 0.213344 0.007273 1.696188 2753.459788
0.781480 0.000014 0.000342 0.000066 0.000122 0.210700 0.007275 1.696190 2756.297419
0.784099 0.000014 0.000321 0.000063 0.000117 0.208110 0.007276 1.696191 2758.558802
0.786655 0.000014 0.000297 0.000056 0.000113 0.205587 0.007278 1.696191 2760.407911
0.789163 0.000013 0.000277 0.000051 0.000110 0.203108 0.007279 1.696192 2761.545398
0.791638 0.000013 0.000259 0.000048 0.000106 0.200657 0.007280 1.696193 2763.290813
0.794084 0.000011 0.000241 0.000045 0.000102 0.198234 0.007282 1.696195 2764.862390
0.796468 0.000008 0.000225 0.000044 0.000098 0.195873 0.007283 1.696198 2766.513597
0.798865 0.000007 0.000206 0.000041 0.000093 0.193501 0.007286 1.696199 2769.057277
0.801182 0.000007 0.000193 0.000038 0.000090 0.191203 0.007287 1.696200 2770.458335
0.803420 0.000007 0.000179 0.000036 0.000087 0.188983 0.007288 1.696201 2771.988601
0.805654 0.000006 0.000169 0.000034 0.000084 0.186765 0.007288 1.696202 2773.134742
0.807832 0.000007 0.000159 0.000032 0.000082 0.184599 0.007289 1.696202 2774.710109
0.809972 0.000006 0.000148 0.000030 0.000080 0.182474 0.007290 1.696203 2775.798503
0.812049 0.000006 0.000139 0.000028 0.000078 0.180409 0.007290 1.696203 2776.754945
0.814069 0.000006 0.000130 0.000027 0.000076 0.178400 0.007291 1.696203 2778.183084
0.816026 0.000005 0.000125 0.000026 0.000072 0.176453 0.007293 1.696205 2780.202119
0.817916 0.000005 0.000118 0.000024 0.000070 0.174573 0.007294 1.696205 2781.373286
0.819771 0.000005 0.000110 0.000022 0.000066 0.172732 0.007294 1.696206 2783.299220
0.821545 0.000005 0.000101 0.000021 0.000062 0.170970 0.007296 1.696206 2785.190168
0.823278 0.000004 0.000095 0.000020 0.000059 0.169247 0.007297 1.696207 2787.640000
0.824962 0.000004 0.000090 0.000018 0.000057 0.167572 0.007297 1.696207 2788.147821
0.826581 0.000003 0.000086 0.000017 0.000055 0.165959 0.007299 1.696208 2789.237397
0.828145 0.000003 0.000083 0.000016 0.000052 0.164401 0.007300 1.696208 2790.914369
0.829672 0.000003 0.000077 0.000015 0.000051 0.162881 0.007301 1.696208 2791.383130
0.831091 0.000003 0.000072 0.000014 0.000049 0.161469 0.007301 1.696208 2792.481691
0.832499 0.000003 0.000068 0.000013 0.000047 0.160068 0.007302 1.696209 2793.735678
0.833855 0.000003 0.000065 0.000012 0.000045 0.158718 0.007303 1.696209 2794.662933
0.835173 0.000003 0.000061 0.000011 0.000044 0.157405 0.007304 1.696209 2795.375198
0.836432 0.000002 0.000060 0.000011 0.000043 0.156148 0.007304 1.696210 2795.920287
0.837657 0.000002 0.000056 0.000009 0.000042 0.154929 0.007305 1.696210 2796.411209
0.838848 0.000002 0.000052 0.000008 0.000041 0.153743 0.007306 1.696210 2796.884171
0.839975 0.000002 0.000049 0.000008 0.000039 0.152620 0.007306 1.696210 2797.753666
0.841077 0.000002 0.000045 0.000008 0.000038 0.151524 0.007307 1.696210 2798.859841
0.842118 0.000002 0.000042 0.000007 0.000036 0.150486 0.007307 1.696210 2799.615145
0.843125 0.000002 0.000041 0.000007 0.000034 0.149484 0.007308 1.696211 2801.168660
0.844108 0.000002 0.000039 0.000006 0.000032 0.148503 0.007310 1.696211 2802.157644
0.845029 0.000002 0.000037 0.000006 0.000030 0.147585 0.007310 1.696211 2803.069830
0.845900 0.000002 0.000034 0.000006 0.000028 0.146718 0.007312 1.696211 2804.273820
0.846748 0.000002 0.000031 0.000005 0.000027 0.145874 0.007312 1.696211 2805.003728
0.847500 0.000002 0.000029 0.000005 0.000026 0.145125 0.007313 1.696212 2805.873037
0.848239 0.000002 0.000028 0.000005 0.000024 0.144387 0.007314 1.696212 2806.675413
0.848945 0.000002 0.000026 0.000004 0.000023 0.143685 0.007315 1.696212 2807.659271
0.849641 0.000001 0.000024 0.000005 0.000022 0.142992 0.007315 1.696212 2807.727885
0.850280 0.000001 0.000022 0.000004 0.000021 0.142356 0.007317 1.696212 2808.764377
0.850869 0.000001 0.000021 0.000004 0.000020 0.141768 0.007317 1.696213 2809.423070
0.851443 0.000002 0.000020 0.000003 0.000019 0.141196 0.007317 1.696213 2809.793910
0.851971 0.000002 0.000018 0.000003 0.000019 0.140670 0.007318 1.696213 2810.053684
0.852458 0.000002 0.000016 0.000003 0.000018 0.140185 0.007318 1.696213 2810.380370
0.852926 0.000002 0.000014 0.000003 0.000018 0.139719 0.007318 1.696213 2810.647363
0.853394 0.000002 0.000013 0.000002 0.000017 0.139253 0.007318 1.696213 2810.986428
0.853823 0.000002 0.000013 0.000002 0.000017 0.138826 0.007319 1.696213 2811.090395
0.854234 0.000002 0.000012 0.000002 0.000016 0.138415 0.007319 1.696213 2811.422594
0.854623 0.000002 0.000011 0.000002 0.000015 0.138028 0.007319 1.696213 2812.062355
0.854999 0.000002 0.000011 0.000002 0.000015 0.137653 0.007319 1.696213 2812.062355
0.855366 0.000002 0.000010 0.000002 0.000015 0.137287 0.007319 1.696213 2812.062355
0.855718 0.000002 0.000009 0.000001 0.000014 0.136936 0.007319 1.696213 2812.736183
0.856033 0.000001 0.000010 0.000001 0.000014 0.136621 0.007319 1.696214 2812.736183
0.856328 0.000001 0.000009 0.000001 0.000013 0.136329 0.007319 1.696214 2813.292405
0.856605 0.000001 0.000008 0.000001 0.000013 0.136052 0.007320 1.696214 2813.798349
0.856860 0.000001 0.000008 0.000001 0.000012 0.135798 0.007320 1.696214 2814.099192
0.857116 0.000001 0.000007 0.000001 0.000012 0.135543 0.007320 1.696214 2814.302171
0.857345 0.000001 0.000007 0.000001 0.000011 0.135314 0.007320 1.696214 2814.437041
0.857582 0.000001 0.000006 0.000001 0.000011 0.135079 0.007321 1.696214 2814.705420
0.857787 0.000001 0.000006 0.000001 0.000010 0.134875 0.007321 1.696214 2815.286375
0.857992 0.000000 0.000006 0.000001 0.000010 0.134670 0.007321 1.696215 2815.361193
0.858184 0.000000 0.000005 0.000001 0.000009 0.134479 0.007322 1.696215 2815.887069
0.858340 0.000000 0.000005 0.000001 0.000008 0.134325 0.007322 1.696215 2816.593504
0.858482 0.000000 0.000005 0.000001 0.000008 0.134183 0.007322 1.696215 2816.593504
0.858627 0.000000 0.000005 0.000001 0.000008 0.134038 0.007322 1.696215 2816.593504
0.858756 0.000000 0.000004 0.000001 0.000007 0.133910 0.007322 1.696215 2817.377872
0.858880 0.000000 0.000004 0.000001 0.000007 0.133786 0.007322 1.696215 2817.600622
0.858992 0.000000 0.000004 0.000001 0.000006 0.133675 0.007323 1.696215 2817.681900
0.859116 0.000000 0.000003 0.000001 0.000006 0.133551 0.007323 1.696215 2817.873044
0.859226 0.000000 0.000003 0.000001 0.000006 0.133441 0.007323 1.696215 2817.873044
0.859325 0.000000 0.000003 0.000001 0.000006 0.133342 0.007323 1.696215 2817.873044
0.859419 0.000000 0.000003 0.000001 0.000006 0.133249 0.007323 1.696215 2818.217499
0.859509 0.000000 0.000003 0.000001 0.000005 0.133159 0.007323 1.696215 2818.727053
0.859584 0.000000 0.000003 0.000000 0.000005 0.133085 0.007323 1.696215 2818.947562
0.859659 0.000000 0.000003 0.000000 0.000005 0.133010 0.007323 1.696215 2818.947562
0.859731 0.000000 0.000002 0.000000 0.000005 0.132939 0.007323 1.696215 2818.973523
0.859791 0.000000 0.000002 0.000000 0.000005 0.132879 0.007323 1.696215 2818.973523
0.859844 0.000000 0.000002 0.000000 0.000004 0.132827 0.007324 1.696215 2819.369420
0.859899 0.000000 0.000001 0.000000 0.000004 0.132771 0.007324 1.696215 2819.369420
0.859948 0.000000 0.000001 0.000000 0.000004 0.132723 0.007324 1.696215 2819.369420
0.859997 0.000000 0.000001 0.000000 0.000004 0.132674 0.007324 1.696215 2819.369420
0.860039 0.000000 0.000001 0.000000 0.000004 0.132632 0.007324 1.696215 2819.369420
0.860085 0.000000 0.000001 0.000000 0.000004 0.132587 0.007324 1.696215 2819.609794
0.860121 0.000000 0.000001 0.000000 0.000004 0.132550 0.007324 1.696215 2819.856858
0.860162 0.000000 0.000001 0.000000 0.000004 0.132509 0.007324 1.696215 2819.856858
0.860202 0.000000 0.000001 0.000000 0.000003 0.132469 0.007324 1.696215 2819.893675
0.860236 0.000000 0.000001 0.000000 0.000003 0.132435 0.007324 1.696215 2820.070333
0.860266 0.000000 0.000001 0.000000 0.000003 0.132406 0.007324 1.696215 2820.481758
0.860296 0.000000 0.000001 0.000000 0.000003 0.132376 0.007324 1.696215 2820.481758
0.860327 0.000000 0.000001 0.000000 0.000003 0.132345 0.007324 1.696215 2820.481758
0.860351 0.000000 0.000001 0.000000 0.000003 0.132321 0.007324 1.696215 2820.481758
0.860381 0.000000 0.000001 0.000000 0.000003 0.132291 0.007324 1.696215 2820.481758
0.860411 0.000000 0.000001 0.000000 0.000003 0.132261 0.007324 1.696215 2820.481758
0.860437 0.000000 0.000001 0.000000 0.000002 0.132235 0.007324 1.696215 2820.579553
0.860461 0.000000 0.000000 0.000000 0.000002 0.132212 0.007324 1.696215 2820.736626
0.860484 0.000000 0.000000 0.000000 0.000002 0.132189 0.007324 1.696215 2820.736626
0.860505 0.000000 0.000000 0.000000 0.000002 0.132169 0.007324 1.696215 2820.736626
0.860519 0.000000 0.000000 0.000000 0.000002 0.132154 0.007325 1.696215 2821.211023
0.860533 0.000000 0.000000 0.000000 0.000002 0.132140 0.007325 1.696215 2821.211023
0.860548 0.000000 0.000000 0.000000 0.000001 0.132125 0.007325 1.696215 2821.237170
0.860558 0.000000 0.000000 0.000000 0.000001 0.132115 0.007325 1.696215 2821.237170
0.860569 0.000000 0.000000 0.000000 0.000001 0.132105 0.007325 1.696215 2821.237170
0.860576 0.000000 0.000000 0.000000 0.000001 0.132098 0.007325 1.696215 2821.237170
0.860586 0.000000 0.000000 0.000000 0.000001 0.132088 0.007325 1.696215 2821.237170
0.860594 0.000000 0.000000 0.000000 0.000001 0.132080 0.007325 1.696215 2821.237170
0.860603 0.000000 0.000000 0.000000 0.000001 0.132071 0.007325 1.696215 2821.237170
0.860611 0.000000 0.000000 0.000000 0.000001 0.132062 0.007325 1.696215 2821.237170
0.860620 0.000000 0.000000 0.000000 0.000001 0.132053 0.007325 1.696215 2821.237170
0.860626 0.000000 0.000000 0.000000 0.000001 0.132048 0.007325 1.696215 2821.237170
0.860634 0.000000 0.000000 0.000000 0.000001 0.132040 0.007325 1.696215 2821.237170
0.860640 0.000000 0.000000 0.000000 0.000001 0.132033 0.007325 1.696215 2821.237170
0.860647 0.000000 0.000000 0.000000 0.000001 0.132026 0.007325 1.696215 2821.237170
0.860655 0.000000 0.000000 0.000000 0.000001 0.132019 0.007325 1.696215 2821.237170
0.860661 0.000000 0.000000 0.000000 0.000001 0.132013 0.007325 1.696215 2821.237170
0.860668 0.000000 0.000000 0.000000 0.000001 0.132006 0.007325 1.696215 2821.259392
0.860674 0.000000 0.000000 0.000000 0.000001 0.132000 0.007325 1.696215 2821.259392
0.860680 0.000000 0.000000 0.000000 0.000001 0.131994 0.007325 1.696215 2821.259392
0.860685 0.000000 0.000000 0.000000 0.000001 0.131988 0.007325 1.696215 2821.259392
0.860691 0.000000 0.000000 0.000000 0.000001 0.131983 0.007325 1.696215 2821.402924
0.860695 0.000000 0.000000 0.000000 0.000001 0.131979 0.007325 1.696215 2821.402924
0.860700 0.000000 0.000000 0.000000 0.000001 0.131974 0.007325 1.696215 2821.402924
0.860704 0.000000 0.000000 0.000000 0.000001 0.131970 0.007325 1.696215 2821.402924
0.860707 0.000000 0.000000 0.000000 0.000001 0.131967 0.007325 1.696215 2821.402924
0.860711 0.000000 0.000000 0.000000 0.000001 0.131963 0.007325 1.696215 2821.402924
0.860717 0.000000 0.000000 0.000000 0.000001 0.131957 0.007325 1.696215 2821.402924
0.860721 0.000000 0.000000 0.000000 0.000001 0.131953 0.007325 1.696215 2821.402924
0.860727 0.000000 0.000000 0.000000 0.000001 0.131947 0.007325 1.696215 2821.402924
0.860730 0.000000 0.000000 0.000000 0.000001 0.131944 0.007325 1.696215 2821.402924
0.860733 0.000000 0.000000 0.000000 0.000001 0.131941 0.007325 1.696215 2821.402924
0.860738 0.000000 0.000000 0.000000 0.000001 0.131936 0.007325 1.696215 2821.402924
0.860740 0.000000 0.000000 0.000000 0.000001 0.131934 0.007325 1.696215 2821.402924
0.860743 0.000000 0.000000 0.000000 0.000001 0.131931 0.007325 1.696215 2821.402924
0.860748 0.000000 0.000000 0.000000 0.000001 0.131926 0.007325 1.696215 2821.402924
0.860751 0.000000 0.000000 0.000000 0.000001 0.131923 0.007325 1.696215 2821.402924
0.860754 0.000000 0.000000 0.000000 0.000001 0.131920 0.007325 1.696215 2821.402924
0.860759 0.000000 0.000000 0.000000 0.000001 0.131915 0.007325 1.696215 2821.402924
0.860762 0.000000 0.000000 0.000000 0.000001 0.131912 0.007325 1.696215 2821.402924
0.860765 0.000000 0.000000 0.000000 0.000001 0.131909 0.007325 1.696215 2821.402924
0.860768 0.000000 0.000000 0.000000 0.000001 0.131906 0.007325 1.696215 2821.402924
0.860771 0.000000 0.000000 0.000000 0.000001 0.131903 0.007325 1.696215 2821.402924
0.860773 0.000000 0.000000 0.000000 0.000001 0.131901 0.007325 1.696215 2821.402924
0.860775 0.000000 0.000000 0.000000 0.000001 0.131899 0.007325 1.696215 2821.402924
0.860778 0.000000 0.000000 0.000000 0.000001 0.131896 0.007325 1.696215 2821.402924
0.860781 0.000000 0.000000 0.000000 0.000000 0.131893 0.007326 1.696215 2821.484208
0.860782 0.000000 0.000000 0.000000 0.000000 0.131892 0.007326 1.696215 2821.484208
0.860784 0.000000 0.000000 0.000000 0.000000 0.131890 0.007326 1.696215 2821.627024
0.860785 0.000000 0.000000 0.000000 0.000000 0.131889 0.007326 1.696215 2821.627024
0.860786 0.000000 0.000000 0.000000 0.000000 0.131888 0.007326 1.696215 2821.627024
0.860787 0.000000 0.000000 0.000000 0.000000 0.131887 0.007326 1.696215 2821.627024
0.860788 0.000000 0.000000 0.000000 0.000000 0.131886 0.007326 1.696215 2821.627024
0.860789 0.000000 0.000000 0.000000 0.000000 0.131885 0.007326 1.696215 2821.627024
0.860790 0.000000 0.000000 0.000000 0.000000 0.131884 0.007326 1.696215 2821.627024
0.860791 0.000000 0.000000 0.000000 0.000000 0.131883 0.007326 1.696215 2821.627024
0.860791 0.000000 0.000000 0.000000 0.000000 0.131883 0.007326 1.696215 2821.627024
0.860792 0.000000 0.000000 0.000000 0.000000 0.131882 0.007326 1.696215 2821.627024
0.860792 0.000000 0.000000 0.000000 0.000000 0.131882 0.007326 1.696215 2821.627024
0.860792 0.000000 0.000000 0.000000 0.000000 0.131882 0.007326 1.696215 2821.627024
0.860793 0.000000 0.000000 0.000000 0.000000 0.131881 0.007326 1.696215 2821.627024
0.860793 0.000000 0.000000 0.000000 0.000000 0.131881 0.007326 1.696215 2821.627024
0.860794 0.000000 0.000000 0.000000 0.000000 0.131880 0.007326 1.696215 2821.627024
0.860795 0.000000 0.000000 0.000000 0.000000 0.131879 0.007326 1.696215 2821.627024
0.860795 0.000000 0.000000 0.000000 0.000000 0.131879 0.007326 1.696215 2821.761266
0.860795 0.000000 0.000000 0.000000 0.000000 0.131879 0.007326 1.696215 2821.761266
0.860795 0.000000 0.000000 0.000000 0.000000 0.131879 0.007326 1.696215 2821.761266
0.860795 0.000000 0.000000 0.000000 0.000000 0.131879 0.007326 1.696215 2821.761266
0.860795 0.000000 0.000000 0.000000 0.000000 0.131879 0.007326 1.696215 2821.761266
0.860795 0.000000 0.000000 0.000000 0.000000 0.131879 0.007326 1.696215 2821.761266
0.860795 0.000000 0.000000 0.000000 0.000000 0.131879 0.007326 1.696215 2821.761266
0.860795 0.000000 0.000000 0.000000 0.000000 0.131879 0.007326 1.696215 2821.761266
0.860795 0.000000 0.000000 0.000000 0.000000 0.131879 0.007326 1.696215 2821.761266
0.860795 0.000000 0.000000 0.000000 0.000000 0.131879 0.007326 1.696215 2821.761266
0.860795 0.000000 0.000000 0.000000 0.000000 0.131879 0.007326 1.696215 2821.761266
0.860795 0.000000 0.000000 0.000000 0.000000 0.131879 0.007326 1.696215 2821.761266
0.860795 0.000000 0.000000 0.000000 0.000000 0.131879 0.007326 1.696215 2821.761266
0.860795 0.000000 0.000000 0.000000 0.000000 0.131879 0.007326 1.696215 2821.761266
0.860795 0.000000 0.000000 0.000000 0.000000 0.131879 0.007326 1.696215 2821.761266
0.860795 0.000000 0.000000 0.000000 0.000000 0.131879 0.007326 1.696215 2821.761266
0.860795 0.000000 0.000000 0.000000 0.000000 0.131879 0.007326 1.696215 2821.761266
0.860795 0.000000 0.000000 0.000000 0.000000 0.131879 0.007326 1.696215 2821.761266
0.860795 0.000000 0.000000 0.000000 0.000000 0.131879 0.007326 1.696215 2821.761266
0.860795 0.000000 0.000000 0.000000 0.000000 0.131879 0.007326 1.696215 2821.761266
0.860795 0.000000 0.000000 0.000000 0.000000 0.131879 0.007326 1.696215 2821.761266
0.860795 0.000000 0.000000 0.000000 0.000000 0.131879 0.007326 1.696215 2821.761266
0.860795 0.000000 0.000000 0.000000 0.000000 0.131879 0.007326 1.696215 2821.761266
0.860795 0.000000 0.000000 0.000000 0.000000 0.131879 0.007326 1.696215 2821.761266
0.860795 0.000000 0.000000 0.000000 0.000000 0.131879 0.007326 1.696215 2821.761266
0.860795 0.000000 0.000000 0.000000 0.000000 0.131879 0.007326 1.696215 2821.761266
0.860795 0.000000 0.000000 0.000000 0.000000 0.131879 0.007326 1.696215 2821.761266
0.860795 0.000000 0.000000 0.000000 0.000000 0.131879 0.007326 1.696215 2821.761266
0.860795 0.000000 0.000000 0.000000 0.000000 0.131879 0.007326 1.696215 2821.761266
0.860795 0.000000 0.000000 0.000000 0.000000 0.131879 0.007326 1.696215 2821.761266
0.860795 0.000000 0.000000 0.000000 0.000000 0.131879 0.007326 1.696215 2821.761266
0.860795 0.000000 0.000000 0.000000 0.000000 0.131879 0.007326 1.696215 2821.761266
0.860795 0.000000 0.000000 0.000000 0.000000 0.131879 0.007326 1.696215 2821.761266
0.860795 0.000000 0.000000 0.000000 0.000000 0.131879 0.007326 1.696215 2821.761266
0.860795 0.000000 0.000000 0.000000 0.000000 0.131879 0.007326 1.696215 2821.761266
0.860795 0.000000 0.000000 0.000000 0.000000 0.131879 0.007326 1.696215 2821.761266
0.860795 0.000000 0.000000 0.000000 0.000000 0.131879 0.007326 1.696215 2821.761266
0.860795 0.000000 0.000000 0.000000 0.000000 0.131879 0.007326 1.696215 2821.761266
0.860795 0.000000 0.000000 0.000000 0.000000 0.131879 0.007326 1.696215 2821.761266
0.860795 0.000000 0.000000 0.000000 0.000000 0.131879 0.007326 1.696215 2821.761266
0.860795 0.000000 0.000000 0.000000 0.000000 0.131879 0.007326 1.696215 2821.761266
0.860795 0.000000 0.000000 0.000000 0.000000 0.131879 0.007326 1.696215 2821.761266
0.860795 0.000000 0.000000 0.000000 0.000000 0.131879 0.007326 1.696215 2821.761266
0.860795 0.000000 0.000000 0.000000 0.000000 0.131879 0.007326 1.696215 2821.761266
0.860795 0.000000 0.000000 0.000000 0.000000 0.131879 0.007326 1.696215 2821.761266
0.860795 0.000000 0.000000 0.000000 0.000000 0.131879 0.007326 1.696215 2821.761266
0.860795 0.000000 0.000000 0.000000 0.000000 0.131879 0.007326 1.696215 2821.761266
0.860795 0.000000 0.000000 0.000000 0.000000 0.131879 0.007326 1.696215 2821.761266
0.860795 0.000000 0.000000 0.000000 0.000000 0.131879 0.007326 1.696215 2821.761266
0.860795 0.000000 0.000000 0.000000 0.000000 0.131879 0.007326 1.696215 2821.761266
0.860795 0.000000 0.000000 0.000000 0.000000 0.131879 0.007326 1.696215 2821.761266
0.860795 0.000000 0.000000 0.000000 0.000000 0.131879 0.007326 1.696215 2821.761266
0.860795 0.000000 0.000000 0.000000 0.000000 0.131879 0.007326 1.696215 2821.761266
0.860795 0.000000 0.000000 0.000000 0.000000 0.131879 0.007326 1.696215 2821.761266
0.860795 0.000000 0.000000 0.000000 0.000000 0.131879 0.007326 1.696215 2821.761266
0.860795 0.000000 0.000000 0.000000 0.000000 0.131879 0.007326 1.696215 2821.761266
0.860795 0.000000 0.000000 0.000000 0.000000 0.131879 0.007326 1.696215 2821.761266
0.860795 0.000000 0.000000 0.000000 0.000000 0.131879 0.007326 1.696215 2821.761266
0.860795 0.000000 0.000000 0.000000 0.000000 0.131879 0.007326 1.696215 2821.761266
0.860795 0.000000 0.000000 0.000000 0.000000 0.131879 0.007326 1.696215 2821.761266
0.860795 0.000000 0.000000 0.000000 0.000000 0.131879 0.007326 1.696215 2821.761266
0.860795 0.000000 0.000000 0.000000 0.000000 0.131879 0.007326 1.696215 2821.761266
0.860795 0.000000 0.000000 0.000000 0.000000 0.131879 0.007326 1.696215 2821.761266
0.860795 0.000000 0.000000 0.000000 0.000000 0.131879 0.007326 1.696215 2821.761266
0.860795 0.000000 0.000000 0.000000 0.000000 0.131879 0.007326 1.696215 2821.761266
0.860795 0.000000 0.000000 0.000000 0.000000 0.131879 0.007326 1.696215 2821.761266
0.860795 0.000000 0.000000 0.000000 0.000000 0.131879 0.007326 1.696215 2821.761266
0.860795 0.000000 0.000000 0.000000 0.000000 0.131879 0.007326 1.696215 2821.761266
0.860795 0.000000 0.000000 0.000000 0.000000 0.131879 0.007326 1.696215 2821.761266
0.860795 0.000000 0.000000 0.000000 0.000000 0.131879 0.007326 1.696215 2821.761266
0.860795 0.000000 0.000000 0.000000 0.000000 0.131879 0.007326 1.696215 2821.761266
0.860795 0.000000 0.000000 0.000000 0.000000 0.131879 0.007326 1.696215 2821.761266
0.860795 0.000000 0.000000 0.000000 0.000000 0.131879 0.007326 1.696215 2821.761266
0.860795 0.000000 0.000000 0.000000 0.000000 0.131879 0.007326 1.696215 2821.761266
0.860795 0.000000 0.000000 0.000000 0.000000 0.131879 0.007326 1.696215 2821.761266
0.860795 0.000000 0.000000 0.000000 0.000000 0.131879 0.007326 1.696215 2821.761266
0.860795 0.000000 0.000000 0.000000 0.000000 0.131879 0.007326 1.696215 2821.761266
0.860795 0.000000 0.000000 0.000000 0.000000 0.131879 0.007326 1.696215 2821.761266
0.860795 0.000000 0.000000 0.000000 0.000000 0.131879 0.007326 1.696215 2821.761266
0.860795 0.000000 0.000000 0.000000 0.000000 0.131879 0.007326 1.696215 2821.761266
0.860795 0.000000 0.000000 0.000000 0.000000 0.131879 0.007326 1.696215 2821.761266
0.860795 0.000000 0.000000 0.000000 0.000000 0.131879 0.007326 1.696215 2821.761266
0.860795 0.000000 0.000000 0.000000 0.000000 0.131879 0.007326 1.696215 2821.761266
0.860795 0.000000 0.000000 0.000000 0.000000 0.131879 0.007326 1.696215 2821.761266
0.860795 0.000000 0.000000 0.000000 0.000000 0.131879 0.007326 1.696215 2821.761266
0.860795 0.000000 0.000000 0.000000 0.000000 0.131879 0.007326 1.696215 2821.761266
0.860795 0.000000 0.000000 0.000000 0.000000 0.131879 0.007326 1.696215 2821.761266
0.860795 0.000000 0.000000 0.000000 0.000000 0.131879 0.007326 1.696215 2821.761266
0.860795 0.000000 0.000000 0.000000 0.000000 0.131879 0.007326 1.696215 2821.761266
0.860795 0.000000 0.000000 0.000000 0.000000 0.131879 0.007326 1.696215 2821.761266
0.860795 0.000000 0.000000 0.000000 0.000000 0.131879 0.007326 1.696215 2821.761266
0.860795 0.000000 0.000000 0.000000 0.000000 0.131879 0.007326 1.696215 2821.761266
0.860795 0.000000 0.000000 0.000000 0.000000 0.131879 0.007326 1.696215 2821.761266
0.860795 0.000000 0.000000 0.000000 0.000000 0.131879 0.007326 1.696215 2821.761266
0.860795 0.000000 0.000000 0.000000 0.000000 0.131879 0.007326 1.696215 2821.761266
0.860795 0.000000 0.000000 0.000000 0.000000 0.131879 0.007326 1.696215 2821.761266
0.860795 0.000000 0.000000 0.000000 0.000000 0.131879 0.007326 1.696215 2821.761266
0.860795 0.000000 0.000000 0.000000 0.000000 0.131879 0.007326 1.696215 2821.761266
0.860795 0.000000 0.000000 0.000000 0.000000 0.131879 0.007326 1.696215 2821.761266
0.860795 0.000000 0.000000 0.000000 0.000000 0.131879 0.007326 1.696215 2821.761266
0.860795 0.000000 0.000000 0.000000 0.000000 0.131879 0.007326 1.696215 2821.761266
0.860795 0.000000 0.000000 0.000000 0.000000 0.131879 0.007326 1.696215 2821.761266
0.860795 0.000000 0.000000 0.000000 0.000000 0.131879 0.007326 1.696215 2821.761266
0.860795 0.000000 0.000000 0.000000 0.000000 0.131879 0.007326 1.696215 2821.761266
0.860795 0.000000 0.000000 0.000000 0.000000 0.131879 0.007326 1.696215 2821.761266
0.860795 0.000000 0.000000 0.000000 0.000000 0.131879 0.007326 1.696215 2821.761266
0.860795 0.000000 0.000000 0.000000 0.000000 0.131879 0.007326 1.696215 2821.761266
0.860795 0.000000 0.000000 0.000000 0.000000 0.131879 0.007326 1.696215 2821.761266
0.860795 0.000000 0.000000 0.000000 0.000000 0.131879 0.007326 1.696215 2821.761266
0.860795 0.000000 0.000000 0.000000 0.000000 0.131879 0.007326 1.696215 2821.761266
0.860795 0.000000 0.000000 0.000000 0.000000 0.131879 0.007326 1.696215 2821.761266
0.860795 0.000000 0.000000 0.000000 0.000000 0.131879 0.007326 1.696215 2821.761266
0.860795 0.000000 0.000000 0.000000 0.000000 0.131879 0.007326 1.696215 2821.761266
0.860795 0.000000 0.000000 0.000000 0.000000 0.131879 0.007326 1.696215 2821.761266
0.860795 0.000000 0.000000 0.000000 0.000000 0.131879 0.007326 1.696215 2821.761266
0.860795 0.000000 0.000000 0.000000 0.000000 0.131879 0.007326 1.696215 2821.761266
0.860795 0.000000 0.000000 0.000000 0.000000 0.131879 0.007326 1.696215 2821.761266
0.860795 0.000000 0.000000 0.000000 0.000000 0.131879 0.007326 1.696215 2821.761266
0.860795 0.000000 0.000000 0.000000 0.000000 0.131879 0.007326 1.696215 2821.761266
0.860795 0.000000 0.000000 0.000000 0.000000 0.131879 0.007326 1.696215 2821.761266
0.860795 0.000000 0.000000 0.000000 0.000000 0.131879 0.007326 1.696215 2821.761266
0.860795 0.000000 0.000000 0.000000 0.000000 0.131879 0.007326 1.696215 2821.761266
0.860795 0.000000 0.000000 0.000000 0.000000 0.131879 0.007326 1.696215 2821.761266
0.860795 0.000000 0.000000 0.000000 0.000000 0.131879 0.007326 1.696215 2821.761266
0.860795 0.000000 0.000000 0.000000 0.000000 0.131879 0.007326 1.696215 2821.761266
0.860795 0.000000 0.000000 0.000000 0.000000 0.131879 0.007326 1.696215 2821.761266
0.860795 0.000000 0.000000 0.000000 0.000000 0.131879 0.007326 1.696215 2821.761266
0.860795 0.000000 0.000000 0.000000 0.000000 0.131879 0.007326 1.696215 2821.761266
0.860795 0.000000 0.000000 0.000000 0.000000 0.131879 0.007326 1.696215 2821.761266
0.860795 0.000000 0.000000 0.000000 0.000000 0.131879 0.007326 1.696215 2821.761266
0.860795 0.000000 0.000000 0.000000 0.000000 0.131879 0.007326 1.696215 2821.761266
0.860795 0.000000 0.000000 0.000000 0.000000 0.131879 0.007326 1.696215 2821.761266
0.860795 0.000000 0.000000 0.000000 0.000000 0.131879 0.007326 1.696215 2821.761266
0.860795 0.000000 0.000000 0.000000 0.000000 0.131879 0.007326 1.696215 2821.761266
0.860795 0.000000 0.000000 0.000000 0.000000 0.131879 0.007326 1.696215 2821.761266
0.860795 0.000000 0.000000 0.000000 0.000000 0.131879 0.007326 1.696215 2821.761266
0.860795 0.000000 0.000000 0.000000 0.000000 0.131879 0.007326 1.696215 2821.761266
0.860795 0.000000 0.000000 0.000000 0.000000 0.131879 0.007326 1.696215 2821.761266
0.860795 0.000000 0.000000 0.000000 0.000000 0.131879 0.007326 1.696215 2821.761266
0.860795 0.000000 0.000000 0.000000 0.000000 0.131879 0.007326 1.696215 2821.761266
0.860795 0.000000 0.000000 0.000000 0.000000 0.131879 0.007326 1.696215 2821.761266
0.860795 0.000000 0.000000 0.000000 0.000000 0.131879 0.007326 1.696215 2821.761266
0.860795 0.000000 0.000000 0.000000 0.000000 0.131879 0.007326 1.696215 2821.761266
0.860795 0.000000 0.000000 0.000000 0.000000 0.131879 0.007326 1.696215 2821.761266
0.860795 0.000000 0.000000 0.000000 0.000000 0.131879 0.007326 1.696215 2821.761266
0.860795 0.000000 0.000000 0.000000 0.000000 0.131879 0.007326 1.696215 2821.761266
0.860795 0.000000 0.000000 0.000000 0.000000 0.131879 0.007326 1.696215 2821.761266
0.860795 0.000000 0.000000 0.000000 0.000000 0.131879 0.007326 1.696215 2821.761266
0.860795 0.000000 0.000000 0.000000 0.000000 0.131879 0.007326 1.696215 2821.761266
0.860795 0.000000 0.000000 0.000000 0.000000 0.131879 0.007326 1.696215 2821.761266
0.860795 0.000000 0.000000 0.000000 0.000000 0.131879 0.007326 1.696215 2821.761266
0.860795 0.000000 0.000000 0.000000 0.000000 0.131879 0.007326 1.696215 2821.761266
0.860795 0.000000 0.000000 0.000000 0.000000 0.131879 0.007326 1.696215 2821.761266
0.860795 0.000000 0.000000 0.000000 0.000000 0.131879 0.007326 1.696215 2821.761266
0.860795 0.000000 0.000000 0.000000 0.000000 0.131879 0.007326 1.696215 2821.761266
0.860795 0.000000 0.000000 0.000000 0.000000 0.131879 0.007326 1.696215 2821.761266
0.860795 0.000000 0.000000 0.000000 0.000000 0.131879 0.007326 1.696215 2821.761266
0.860795 0.000000 0.000000 0.000000 0.000000 0.131879 0.007326 1.696215 2821.761266
0.860795 0.000000 0.000000 0.000000 0.000000 0.131879 0.007326 1.696215 2821.761266
0.860795 0.000000 0.000000 0.000000 0.000000 0.131879 0.007326 1.696215 2821.761266
0.860795 0.000000 0.000000 0.000000 0.000000 0.131879 0.007326 1.696215 2821.761266
0.860795 0.000000 0.000000 0.000000 0.000000 0.131879 0.007326 1.696215 2821.761266
0.860795 0.000000 0.000000 0.000000 0.000000 0.131879 0.007326 1.696215 2821.761266
0.860795 0.000000 0.000000 0.000000 0.000000 0.131879 0.007326 1.696215 2821.761266
0.860795 0.000000 0.000000 0.000000 0.000000 0.131879 0.007326 1.696215 2821.761266
0.860795 0.000000 0.000000 0.000000 0.000000 0.131879 0.007326 1.696215 2821.761266
0.860795 0.000000 0.000000 0.000000 0.000000 0.131879 0.007326 1.696215 2821.761266
0.860795 0.000000 0.000000 0.000000 0.000000 0.131879 0.007326 1.696215 2821.761266
0.860795 0.000000 0.000000 0.000000 0.000000 0.131879 0.007326 1.696215 2821.761266
0.860795 0.000000 0.000000 0.000000 0.000000 0.131879 0.007326 1.696215 2821.761266
0.860795 0.000000 0.000000 0.000000 0.000000 0.131879 0.007326 1.696215 2821.761266
0.860795 0.000000 0.000000 0.000000 0.000000 0.131879 0.007326 1.696215 2821.761266
0.860795 0.000000 0.000000 0.000000 0.000000 0.131879 0.007326 1.696215 2821.761266
0.860795 0.000000 0.000000 0.000000 0.000000 0.131879 0.007326 1.696215 2821.761266
0.860795 0.000000 0.000000 0.000000 0.000000 0.131879 0.007326 1.696215 2821.761266
0.860795 0.000000 0.000000 0.000000 0.000000 0.131879 0.007326 1.696215 2821.761266
0.860795 0.000000 0.000000 0.000000 0.000000 0.131879 0.007326 1.696215 2821.761266
0.860795 0.000000 0.000000 0.000000 0.000000 0.131879 0.007326 1.696215 2821.761266
0.860795 0.000000 0.000000 0.000000 0.000000 0.131879 0.007326 1.696215 2821.761266
0.860795 0.000000 0.000000 0.000000 0.000000 0.131879 0.007326 1.696215 2821.761266
0.860795 0.000000 0.000000 0.000000 0.000000 0.131879 0.007326 1.696215 2821.761266
0.860795 0.000000 0.000000 0.000000 0.000000 0.131879 0.007326 1.696215 2821.761266
0.860795 0.000000 0.000000 0.000000 0.000000 0.131879 0.007326 1.696215 2821.761266
0.860795 0.000000 0.000000 0.000000 0.000000 0.131879 0.007326 1.696215 2821.761266
0.860795 0.000000 0.000000 0.000000 0.000000 0.131879 0.007326 1.696215 2821.761266
0.860795 0.000000 0.000000 0.000000 0.000000 0.131879 0.007326 1.696215 2821.761266
0.860795 0.000000 0.000000 0.000000 0.000000 0.131879 0.007326 1.696215 2821.761266
0.860795 0.000000 0.000000 0.000000 0.000000 0.131879 0.007326 1.696215 2821.761266
0.860795 0.000000 0.000000 0.000000 0.000000 0.131879 0.007326 1.696215 2821.761266
0.860795 0.000000 0.000000 0.000000 0.000000 0.131879 0.007326 1.696215 2821.761266
0.860795 0.000000 0.000000 0.000000 0.000000 0.131879 0.007326 1.696215 2821.761266
0.860795 0.000000 0.000000 0.000000 0.000000 0.131879 0.007326 1.696215 2821.761266
0.860795 0.000000 0.000000 0.000000 0.000000 0.131879 0.007326 1.696215 2821.761266
0.860795 0.000000 0.000000 0.000000 0.000000 0.131879 0.007326 1.696215 2821.761266
0.860795 0.000000 0.000000 0.000000 0.000000 0.131879 0.007326 1.696215 2821.761266
0.860795 0.000000 0.000000 0.000000 0.000000 0.131879 0.007326 1.696215 2821.761266
0.860795 0.000000 0.000000 0.000000 0.000000 0.131879 0.007326 1.696215 2821.761266
0.860795 0.000000 0.000000 0.000000 0.000000 0.131879 0.007326 1.696215 2821.761266
0.860795 0.000000 0.000000 0.000000 0.000000 0.131879 0.007326 1.696215 2821.761266
0.860795 0.000000 0.000000 0.000000 0.000000 0.131879 0.007326 1.696215 2821.761266
0.860795 0.000000 0.000000 0.000000 0.000000 0.131879 0.007326 1.696215 2821.761266
0.860795 0.000000 0.000000 0.000000 0.000000 0.131879 0.007326 1.696215 2821.761266
0.860795 0.000000 0.000000 0.000000 0.000000 0.131879 0.007326 1.696215 2821.761266
0.860795 0.000000 0.000000 0.000000 0.000000 0.131879 0.007326 1.696215 2821.761266
0.860795 0.000000 0.000000 0.000000 0.000000 0.131879 0.007326 1.696215 2821.761266
0.860795 0.000000 0.000000 0.000000 0.000000 0.131879 0.007326 1.696215 2821.761266
0.860795 0.000000 0.000000 0.000000 0.000000 0.131879 0.007326 1.696215 2821.761266
0.860795 0.000000 0.000000 0.000000 0.000000 0.131879 0.007326 1.696215 2821.761266
0.860795 0.000000 0.000000 0.000000 0.000000 0.131879 0.007326 1.696215 2821.761266
0.860795 0.000000 0.000000 0.000000 0.000000 0.131879 0.007326 1.696215 2821.761266
0.860795 0.000000 0.000000 0.000000 0.000000 0.131879 0.007326 1.696215 2821.761266
0.860795 0.000000 0.000000 0.000000 0.000000 0.131879 0.007326 1.696215 2821.761266
0.860795 0.000000 0.000000 0.000000 0.000000 0.131879 0.007326 1.696215 2821.761266
0.860795 0.000000 0.000000 0.000000 0.000000 0.131879 0.007326 1.696215 2821.761266
0.860795 0.000000 0.000000 0.000000 0.000000 0.131879 0.007326 1.696215 2821.761266
0.860795 0.000000 0.000000 0.000000 0.000000 0.131879 0.007326 1.696215 2821.761266
0.860795 0.000000 0.000000 0.000000 0.000000 0.131879 0.007326 1.696215 2821.761266
0.860795 0.000000 0.000000 0.000000 0.000000 0.131879 0.007326 1.696215 2821.761266
0.860795 0.000000 0.000000 0.000000 0.000000 0.131879 0.007326 1.696215 2821.761266
0.860795 0.000000 0.000000 0.000000 0.000000 0.131879 0.007326 1.696215 2821.761266
0.860795 0.000000 0.000000 0.000000 0.000000 0.131879 0.007326 1.696215 2821.761266
0.860795 0.000000 0.000000 0.000000 0.000000 0.131879 0.007326 1.696215 2821.761266
0.860795 0.000000 0.000000 0.000000 0.000000 0.131879 0.007326 1.696215 2821.761266
0.860795 0.000000 0.000000 0.000000 0.000000 0.131879 0.007326 1.696215 2821.761266
0.860795 0.000000 0.000000 0.000000 0.000000 0.131879 0.007326 1.696215 2821.761266
0.860795 0.000000 0.000000 0.000000 0.000000 0.131879 0.007326 1.696215 2821.761266
0.860795 0.000000 0.000000 0.000000 0.000000 0.131879 0.007326 1.696215 2821.761266
0.860795 0.000000 0.000000 0.000000 0.000000 0.131879 0.007326 1.696215 2821.761266
0.860795 0.000000 0.000000 0.000000 0.000000 0.131879 0.007326 1.696215 2821.761266
0.860795 0.000000 0.000000 0.000000 0.000000 0.131879 0.007326 1.696215 2821.761266
0.860795 0.000000 0.000000 0.000000 0.000000 0.131879 0.007326 1.696215 2821.761266
0.860795 0.000000 0.000000 0.000000 0.000000 0.131879 0.007326 1.696215 2821.761266
0.860795 0.000000 0.000000 0.000000 0.000000 0.131879 0.007326 1.696215 2821.761266
0.860795 0.000000 0.000000 0.000000 0.000000 0.131879 0.007326 1.696215 2821.761266
0.860795 0.000000 0.000000 0.000000 0.000000 0.131879 0.007326 1.696215 2821.761266
0.860795 0.000000 0.000000 0.000000 0.000000 0.131879 0.007326 1.696215 2821.761266
0.860795 0.000000 0.000000 0.000000 0.000000 0.131879 0.007326 1.696215 2821.761266
0.860795 0.000000 0.000000 0.000000 0.000000 0.131879 0.007326 1.696215 2821.761266
0.860795 0.000000 0.000000 0.000000 0.000000 0.131879 0.007326 1.696215 2821.761266
0.860795 0.000000 0.000000 0.000000 0.000000 0.131879 0.007326 1.696215 2821.761266
0.860795 0.000000 0.000000 0.000000 0.000000 0.131879 0.007326 1.696215 2821.761266
0.860795 0.000000 0.000000 0.000000 0.000000 0.131879 0.007326 1.696215 2821.761266
0.860795 0.000000 0.000000 0.000000 0.000000 0.131879 0.007326 1.696215 2821.761266
0.860795 0.000000 0.000000 0.000000 0.000000 0.131879 0.007326 1.696215 2821.761266
0.860795 0.000000 0.000000 0.000000 0.000000 0.131879 0.007326 1.696215 2821.761266
0.860795 0.000000 0.000000 0.000000 0.000000 0.131879 0.007326 1.696215 2821.761266
0.860795 0.000000 0.000000 0.000000 0.000000 0.131879 0.007326 1.696215 2821.761266
0.860795 0.000000 0.000000 0.000000 0.000000 0.131879 0.007326 1.696215 2821.761266
0.860795 0.000000 0.000000 0.000000 0.000000 0.131879 0.007326 1.696215 2821.761266
0.860795 0.000000 0.000000 0.000000 0.000000 0.131879 0.007326 1.696215 2821.761266
0.860795 0.000000 0.000000 0.000000 0.000000 0.131879 0.007326 1.696215 2821.761266
0.860795 0.000000 0.000000 0.000000 0.000000 0.131879 0.007326 1.696215 2821.761266
0.860795 0.000000 0.000000 0.000000 0.000000 0.131879 0.007326 1.696215 2821.761266
0.860795 0.000000 0.000000 0.000000 0.000000 0.131879 0.007326 1.696215 2821.761266
0.860795 0.000000 0.000000 0.000000 0.000000 0.131879 0.007326 1.696215 2821.761266
0.860795 0.000000 0.000000 0.000000 0.000000 0.131879 0.007326 1.696215 2821.761266
0.860795 0.000000 0.000000 0.000000 0.000000 0.131879 0.007326 1.696215 2821.761266
0.860795 0.000000 0.000000 0.000000 0.000000 0.131879 0.007326 1.696215 2821.761266
0.860795 0.000000 0.000000 0.000000 0.000000 0.131879 0.007326 1.696215 2821.761266
0.860795 0.000000 0.000000 0.000000 0.000000 0.131879 0.007326 1.696215 2821.761266
0.860795 0.000000 0.000000 0.000000 0.000000 0.131879 0.007326 1.696215 2821.761266
0.860795 0.000000 0.000000 0.000000 0.000000 0.131879 0.007326 1.696215 2821.761266
0.860795 0.000000 0.000000 0.000000 0.000000 0.131879 0.007326 1.696215 2821.761266
0.860795 0.000000 0.000000 0.000000 0.000000 0.131879 0.007326 1.696215 2821.761266
0.860795 0.000000 0.000000 0.000000 0.000000 0.131879 0.007326 1.696215 2821.761266
0.860795 0.000000 0.000000 0.000000 0.000000 0.131879 0.007326 1.696215 2821.761266
0.860795 0.000000 0.000000 0.000000 0.000000 0.131879 0.007326 1.696215 2821.761266
0.860795 0.000000 0.000000 0.000000 0.000000 0.131879 0.007326 1.696215 2821.761266
0.860795 0.000000 0.000000 0.000000 0.000000 0.131879 0.007326 1.696215 2821.761266
0.860795 0.000000 0.000000 0.000000 0.000000 0.131879 0.007326 1.696215 2821.761266
0.860795 0.000000 0.000000 0.000000 0.000000 0.131879 0.007326 1.696215 2821.761266
0.860795 0.000000 0.000000 0.000000 0.000000 0.131879 0.007326 1.696215 2821.761266
0.860795 0.000000 0.000000 0.000000 0.000000 0.131879 0.007326 1.696215 2821.761266
0.860795 0.000000 0.000000 0.000000 0.000000 0.131879 0.007326 1.696215 2821.761266
0.860795 0.000000 0.000000 0.000000 0.000000 0.131879 0.007326 1.696215 2821.761266
0.860795 0.000000 0.000000 0.000000 0.000000 0.131879 0.007326 1.696215 2821.761266
0.860795 0.000000 0.000000 0.000000 0.000000 0.131879 0.007326 1.696215 2821.761266
0.860795 0.000000 0.000000 0.000000 0.000000 0.131879 0.007326 1.696215 2821.761266
0.860795 0.000000 0.000000 0.000000 0.000000 0.131879 0.007326 1.696215 2821.761266
0.860795 0.000000 0.000000 0.000000 0.000000 0.131879 0.007326 1.696215 2821.761266
0.860795 0.000000 0.000000 0.000000 0.000000 0.131879 0.007326 1.696215 2821.761266
0.860795 0.000000 0.000000 0.000000 0.000000 0.131879 0.007326 1.696215 2821.761266
0.860795 0.000000 0.000000 0.000000 0.000000 0.131879 0.007326 1.696215 2821.761266
0.860795 0.000000 0.000000 0.000000 0.000000 0.131879 0.007326 1.696215 2821.761266
0.860795 0.000000 0.000000 0.000000 0.000000 0.131879 0.007326 1.696215 2821.761266
0.860795 0.000000 0.000000 0.000000 0.000000 0.131879 0.007326 1.696215 2821.761266
0.860795 0.000000 0.000000 0.000000 0.000000 0.131879 0.007326 1.696215 2821.761266
0.860795 0.000000 0.000000 0.000000 0.000000 0.131879 0.007326 1.696215 2821.761266
0.860795 0.000000 0.000000 0.000000 0.000000 0.131879 0.007326 1.696215 2821.761266
0.860795 0.000000 0.000000 0.000000 0.000000 0.131879 0.007326 1.696215 2821.761266
0.860795 0.000000 0.000000 0.000000 0.000000 0.131879 0.007326 1.696215 2821.761266
0.860795 0.000000 0.000000 0.000000 0.000000 0.131879 0.007326 1.696215 2821.761266
0.860795 0.000000 0.000000 0.000000 0.000000 0.131879 0.007326 1.696215 2821.761266
0.860795 0.000000 0.000000 0.000000 0.000000 0.131879 0.007326 1.696215 2821.761266
0.860795 0.000000 0.000000 0.000000 0.000000 0.131879 0.007326 1.696215 2821.761266
0.860795 0.000000 0.000000 0.000000 0.000000 0.131879 0.007326 1.696215 2821.761266
0.860795 0.000000 0.000000 0.000000 0.000000 0.131879 0.007326 1.696215 2821.761266
0.860795 0.000000 0.000000 0.000000 0.000000 0.131879 0.007326 1.696215 2821.761266
0.860795 0.000000 0.000000 0.000000 0.000000 0.131879 0.007326 1.696215 2821.761266
0.860795 0.000000 0.000000 0.000000 0.000000 0.131879 0.007326 1.696215 2821.761266
0.860795 0.000000 0.000000 0.000000 0.000000 0.131879 0.007326 1.696215 2821.761266
0.860795 0.000000 0.000000 0.000000 0.000000 0.131879 0.007326 1.696215 2821.761266
0.860795 0.000000 0.000000 0.000000 0.000000 0.131879 0.007326 1.696215 2821.761266
0.860795 0.000000 0.000000 0.000000 0.000000 0.131879 0.007326 1.696215 2821.761266
0.860795 0.000000 0.000000 0.000000 0.000000 0.131879 0.007326 1.696215 2821.761266
0.860795 0.000000 0.000000 0.000000 0.000000 0.131879 0.007326 1.696215 2821.761266
0.860795 0.000000 0.000000 0.000000 0.000000 0.131879 0.007326 1.696215 2821.761266
0.860795 0.000000 0.000000 0.000000 0.000000 0.131879 0.007326 1.696215 2821.761266
0.860795 0.000000 0.000000 0.000000 0.000000 0.131879 0.007326 1.696215 2821.761266
0.860795 0.000000 0.000000 0.000000 0.000000 0.131879 0.007326 1.696215 2821.761266
0.860795 0.000000 0.000000 0.000000 0.000000 0.131879 0.007326 1.696215 2821.761266
0.860795 0.000000 0.000000 0.000000 0.000000 0.131879 0.007326 1.696215 2821.761266
0.860795 0.000000 0.000000 0.000000 0.000000 0.131879 0.007326 1.696215 2821.761266
0.860795 0.000000 0.000000 0.000000 0.000000 0.131879 0.007326 1.696215 2821.761266
0.860795 0.000000 0.000000 0.000000 0.000000 0.131879 0.007326 1.696215 2821.761266
0.860795 0.000000 0.000000 0.000000 0.000000 0.131879 0.007326 1.696215 2821.761266
0.860795 0.000000 0.000000 0.000000 0.000000 0.131879 0.007326 1.696215 2821.761266
0.860795 0.000000 0.000000 0.000000 0.000000 0.131879 0.007326 1.696215 2821.761266
0.860795 0.000000 0.000000 0.000000 0.000000 0.131879 0.007326 1.696215 2821.761266
0.860795 0.000000 0.000000 0.000000 0.000000 0.131879 0.007326 1.696215 2821.761266
0.860795 0.000000 0.000000 0.000000 0.000000 0.131879 0.007326 1.696215 2821.761266
0.860795 0.000000 0.000000 0.000000 0.000000 0.131879 0.007326 1.696215 2821.761266
0.860795 0.000000 0.000000 0.000000 0.000000 0.131879 0.007326 1.696215 2821.761266
0.860795 0.000000 0.000000 0.000000 0.000000 0.131879 0.007326 1.696215 2821.761266
0.860795 0.000000 0.000000 0.000000 0.000000 0.131879 0.007326 1.696215 2821.761266
0.860795 0.000000 0.000000 0.000000 0.000000 0.131879 0.007326 1.696215 2821.761266
0.860795 0.000000 0.000000 0.000000 0.000000 0.131879 0.007326 1.696215 2821.761266
0.860795 0.000000 0.000000 0.000000 0.000000 0.131879 0.007326 1.696215 2821.761266
0.860795 0.000000 0.000000 0.000000 0.000000 0.131879 0.007326 1.696215 2821.761266
0.860795 0.000000 0.000000 0.000000 0.000000 0.131879 0.007326 1.696215 2821.761266
0.860795 0.000000 0.000000 0.000000 0.000000 0.131879 0.007326 1.696215 2821.761266
0.860795 0.000000 0.000000 0.000000 0.000000 0.131879 0.007326 1.696215 2821.761266
0.860795 0.000000 0.000000 0.000000 0.000000 0.131879 0.007326 1.696215 2821.761266
0.860795 0.000000 0.000000 0.000000 0.000000 0.131879 0.007326 1.696215 2821.761266
0.860795 0.000000 0.000000 0.000000 0.000000 0.131879 0.007326 1.696215 2821.761266
0.860795 0.000000 0.000000 0.000000 0.000000 0.131879 0.007326 1.696215 2821.761266
0.860795 0.000000 0.000000 0.000000 0.000000 0.131879 0.007326 1.696215 2821.761266
0.860795 0.000000 0.000000 0.000000 0.000000 0.131879 0.007326 1.696215 2821.761266
0.860795 0.000000 0.000000 0.000000 0.000000 0.131879 0.007326 1.696215 2821.761266
0.860795 0.000000 0.000000 0.000000 0.000000 0.131879 0.007326 1.696215 2821.761266
0.860795 0.000000 0.000000 0.000000 0.000000 0.131879 0.007326 1.696215 2821.761266
0.860795 0.000000 0.000000 0.000000 0.000000 0.131879 0.007326 1.696215 2821.761266
0.860795 0.000000 0.000000 0.000000 0.000000 0.131879 0.007326 1.696215 2821.761266
0.860795 0.000000 0.000000 0.000000 0.000000 0.131879 0.007326 1.696215 2821.761266
0.860795 0.000000 0.000000 0.000000 0.000000 0.131879 0.007326 1.696215 2821.761266
0.860795 0.000000 0.000000 0.000000 0.000000 0.131879 0.007326 1.696215 2821.761266
0.860795 0.000000 0.000000 0.000000 0.000000 0.131879 0.007326 1.696215 2821.761266
0.860795 0.000000 0.000000 0.000000 0.000000 0.131879 0.007326 1.696215 2821.761266
0.860795 0.000000 0.000000 0.000000 0.000000 0.131879 0.007326 1.696215 2821.761266
0.860795 0.000000 0.000000 0.000000 0.000000 0.131879 0.007326 1.696215 2821.761266
0.860795 0.000000 0.000000 0.000000 0.000000 0.131879 0.007326 1.696215 2821.761266
0.860795 0.000000 0.000000 0.000000 0.000000 0.131879 0.007326 1.696215 2821.761266
0.860795 0.000000 0.000000 0.000000 0.000000 0.131879 0.007326 1.696215 2821.761266
0.860795 0.000000 0.000000 0.000000 0.000000 0.131879 0.007326 1.696215 2821.761266
0.860795 0.000000 0.000000 0.000000 0.000000 0.131879 0.007326 1.696215 2821.761266
0.860795 0.000000 0.000000 0.000000 0.000000 0.131879 0.007326 1.696215 2821.761266
0.860795 0.000000 0.000000 0.000000 0.000000 0.131879 0.007326 1.696215 2821.761266
0.860795 0.000000 0.000000 0.000000 0.000000 0.131879 0.007326 1.696215 2821.761266
0.860795 0.000000 0.000000 0.000000 0.000000 0.131879 0.007326 1.696215 2821.761266
0.860795 0.000000 0.000000 0.000000 0.000000 0.131879 0.007326 1.696215 2821.761266
0.860795 0.000000 0.000000 0.000000 0.000000 0.131879 0.007326 1.696215 2821.761266
0.860795 0.000000 0.000000 0.000000 0.000000 0.131879 0.007326 1.696215 2821.761266
0.860795 0.000000 0.000000 0.000000 0.000000 0.131879 0.007326 1.696215 2821.761266
0.860795 0.000000 0.000000 0.000000 0.000000 0.131879 0.007326 1.696215 2821.761266
0.860795 0.000000 0.000000 0.000000 0.000000 0.131879 0.007326 1.696215 2821.761266
0.860795 0.000000 0.000000 0.000000 0.000000 0.131879 0.007326 1.696215 2821.761266
0.860795 0.000000 0.000000 0.000000 0.000000 0.131879 0.007326 1.696215 2821.761266
0.860795 0.000000 0.000000 0.000000 0.000000 0.131879 0.007326 1.696215 2821.761266
0.860795 0.000000 0.000000 0.000000 0.000000 0.131879 0.007326 1.696215 2821.761266
0.860795 0.000000 0.000000 0.000000 0.000000 0.131879 0.007326 1.696215 2821.761266
0.860795 0.000000 0.000000 0.000000 0.000000 0.131879 0.007326 1.696215 2821.761266
0.860795 0.000000 0.000000 0.000000 0.000000 0.131879 0.007326 1.696215 2821.761266
0.860795 0.000000 0.000000 0.000000 0.000000 0.131879 0.007326 1.696215 2821.761266
0.860795 0.000000 0.000000 0.000000 0.000000 0.131879 0.007326 1.696215 2821.761266
0.860795 0.000000 0.000000 0.000000 0.000000 0.131879 0.007326 1.696215 2821.761266
0.860795 0.000000 0.000000 0.000000 0.000000 0.131879 0.007326 1.696215 2821.761266
0.860795 0.000000 0.000000 0.000000 0.000000 0.131879 0.007326 1.696215 2821.761266
0.860795 0.000000 0.000000 0.000000 0.000000 0.131879 0.007326 1.696215 2821.761266
0.860795 0.000000 0.000000 0.000000 0.000000 0.131879 0.007326 1.696215 2821.761266
0.860795 0.000000 0.000000 0.000000 0.000000 0.131879 0.007326 1.696215 2821.761266
0.860795 0.000000 0.000000 0.000000 0.000000 0.131879 0.007326 1.696215 2821.761266
0.860795 0.000000 0.000000 0.000000 0.000000 0.131879 0.007326 1.696215 2821.761266
0.860795 0.000000 0.000000 0.000000 0.000000 0.131879 0.007326 1.696215 2821.761266
0.860795 0.000000 0.000000 0.000000 0.000000 0.131879 0.007326 1.696215 2821.761266
0.860795 0.000000 0.000000 0.000000 0.000000 0.131879 0.007326 1.696215 2821.761266
0.860795 0.000000 0.000000 0.000000 0.000000 0.131879 0.007326 1.696215 2821.761266
0.860795 0.000000 0.000000 0.000000 0.000000 0.131879 0.007326 1.696215 2821.761266
0.860795 0.000000 0.000000 0.000000 0.000000 0.131879 0.007326 1.696215 2821.761266
0.860795 0.000000 0.000000 0.000000 0.000000 0.131879 0.007326 1.696215 2821.761266
0.860795 0.000000 0.000000 0.000000 0.000000 0.131879 0.007326 1.696215 2821.761266
0.860795 0.000000 0.000000 0.000000 0.000000 0.131879 0.007326 1.696215 2821.761266
0.860795 0.000000 0.000000 0.000000 0.000000 0.131879 0.007326 1.696215 2821.761266
0.860795 0.000000 0.000000 0.000000 0.000000 0.131879 0.007326 1.696215 2821.761266
0.860795 0.000000 0.000000 0.000000 0.000000 0.131879 0.007326 1.696215 2821.761266
0.860795 0.000000 0.000000 0.000000 0.000000 0.131879 0.007326 1.696215 2821.761266
0.860795 0.000000 0.000000 0.000000 0.000000 0.131879 0.007326 1.696215 2821.761266
0.860795 0.000000 0.000000 0.000000 0.000000 0.131879 0.007326 1.696215 2821.761266
0.860795 0.000000 0.000000 0.000000 0.000000 0.131879 0.007326 1.696215 2821.761266
0.860795 0.000000 0.000000 0.000000 0.000000 0.131879 0.007326 1.696215 2821.761266
0.860795 0.000000 0.000000 0.000000 0.000000 0.131879 0.007326 1.696215 2821.761266
0.860795 0.000000 0.000000 0.000000 0.000000 0.131879 0.007326 1.696215 2821.761266
0.860795 0.000000 0.000000 0.000000 0.000000 0.131879 0.007326 1.696215 2821.761266
0.860795 0.000000 0.000000 0.000000 0.000000 0.131879 0.007326 1.696215 2821.761266
0.860795 0.000000 0.000000 0.000000 0.000000 0.131879 0.007326 1.696215 2821.761266
0.860795 0.000000 0.000000 0.000000 0.000000 0.131879 0.007326 1.696215 2821.761266
0.860795 0.000000 0.000000 0.000000 0.000000 0.131879 0.007326 1.696215 2821.761266
0.860795 0.000000 0.000000 0.000000 0.000000 0.131879 0.007326 1.696215 2821.761266
0.860795 0.000000 0.000000 0.000000 0.000000 0.131879 0.007326 1.696215 2821.761266
0.860795 0.000000 0.000000 0.000000 0.000000 0.131879 0.007326 1.696215 2821.761266
0.860795 0.000000 0.000000 0.000000 0.000000 0.131879 0.007326 1.696215 2821.761266
0.860795 0.000000 0.000000 0.000000 0.000000 0.131879 0.007326 1.696215 2821.761266
0.860795 0.000000 0.000000 0.000000 0.000000 0.131879 0.007326 1.696215 2821.761266
0.860795 0.000000 0.000000 0.000000 0.000000 0.131879 0.007326 1.696215 2821.761266
0.860795 0.000000 0.000000 0.000000 0.000000 0.131879 0.007326 1.696215 2821.761266
0.860795 0.000000 0.000000 0.000000 0.000000 0.131879 0.007326 1.696215 2821.761266
0.860795 0.000000 0.000000 0.000000 0.000000 0.131879 0.007326 1.696215 2821.761266
0.860795 0.000000 0.000000 0.000000 0.000000 0.131879 0.007326 1.696215 2821.761266
0.860795 0.000000 0.000000 0.000000 0.000000 0.131879 0.007326 1.696215 2821.761266
0.860795 0.000000 0.000000 0.000000 0.000000 0.131879 0.007326 1.696215 2821.761266
0.860795 0.000000 0.000000 0.000000 0.000000 0.131879 0.007326 1.696215 2821.761266
0.860795 0.000000 0.000000 0.000000 0.000000 0.131879 0.007326 1.696215 2821.761266
0.860795 0.000000 0.000000 0.000000 0.000000 0.131879 0.007326 1.696215 2821.761266
0.860795 0.000000 0.000000 0.000000 0.000000 0.131879 0.007326 1.696215 2821.761266
0.860795 0.000000 0.000000 0.000000 0.000000 0.131879 0.007326 1.696215 2821.761266
0.860795 0.000000 0.000000 0.000000 0.000000 0.131879 0.007326 1.696215 2821.761266
0.860795 0.000000 0.000000 0.000000 0.000000 0.131879 0.007326 1.696215 2821.761266
0.860795 0.000000 0.000000 0.000000 0.000000 0.131879 0.007326 1.696215 2821.761266
0.860795 0.000000 0.000000 0.000000 0.000000 0.131879 0.007326 1.696215 2821.761266
0.860795 0.000000 0.000000 0.000000 0.000000 0.131879 0.007326 1.696215 2821.761266
0.860795 0.000000 0.000000 0.000000 0.000000 0.131879 0.007326 1.696215 2821.761266
0.860795 0.000000 0.000000 0.000000 0.000000 0.131879 0.007326 1.696215 2821.761266
0.860795 0.000000 0.000000 0.000000 0.000000 0.131879 0.007326 1.696215 2821.761266
0.860795 0.000000 0.000000 0.000000 0.000000 0.131879 0.007326 1.696215 2821.761266
0.860795 0.000000 0.000000 0.000000 0.000000 0.131879 0.007326 1.696215 2821.761266
0.860795 0.000000 0.000000 0.000000 0.000000 0.131879 0.007326 1.696215 2821.761266
0.860795 0.000000 0.000000 0.000000 0.000000 0.131879 0.007326 1.696215 2821.761266
0.860795 0.000000 0.000000 0.000000 0.000000 0.131879 0.007326 1.696215 2821.761266
0.860795 0.000000 0.000000 0.000000 0.000000 0.131879 0.007326 1.696215 2821.761266
0.860795 0.000000 0.000000 0.000000 0.000000 0.131879 0.007326 1.696215 2821.761266
0.860795 0.000000 0.000000 0.000000 0.000000 0.131879 0.007326 1.696215 2821.761266
0.860795 0.000000 0.000000 0.000000 0.000000 0.131879 0.007326 1.696215 2821.761266
0.860795 0.000000 0.000000 0.000000 0.000000 0.131879 0.007326 1.696215 2821.761266
0.860795 0.000000 0.000000 0.000000 0.000000 0.131879 0.007326 1.696215 2821.761266
0.860795 0.000000 0.000000 0.000000 0.000000 0.131879 0.007326 1.696215 2821.761266
0.860795 0.000000 0.000000 0.000000 0.000000 0.131879 0.007326 1.696215 2821.761266
0.860795 0.000000 0.000000 0.000000 0.000000 0.131879 0.007326 1.696215 2821.761266
0.860795 0.000000 0.000000 0.000000 0.000000 0.131879 0.007326 1.696215 2821.761266
0.860795 0.000000 0.000000 0.000000 0.000000 0.131879 0.007326 1.696215 2821.761266
0.860795 0.000000 0.000000 0.000000 0.000000 0.131879 0.007326 1.696215 2821.761266
0.860795 0.000000 0.000000 0.000000 0.000000 0.131879 0.007326 1.696215 2821.761266
0.860795 0.000000 0.000000 0.000000 0.000000 0.131879 0.007326 1.696215 2821.761266
0.860795 0.000000 0.000000 0.000000 0.000000 0.131879 0.007326 1.696215 2821.761266
0.860795 0.000000 0.000000 0.000000 0.000000 0.131879 0.007326 1.696215 2821.761266
0.860795 0.000000 0.000000 0.000000 0.000000 0.131879 0.007326 1.696215 2821.761266
0.860795 0.000000 0.000000 0.000000 0.000000 0.131879 0.007326 1.696215 2821.761266
0.860795 0.000000 0.000000 0.000000 0.000000 0.131879 0.007326 1.696215 2821.761266
0.860795 0.000000 0.000000 0.000000 0.000000 0.131879 0.007326 1.696215 2821.761266
0.860795 0.000000 0.000000 0.000000 0.000000 0.131879 0.007326 1.696215 2821.761266
0.860795 0.000000 0.000000 0.000000 0.000000 0.131879 0.007326 1.696215 2821.761266
0.860795 0.000000 0.000000 0.000000 0.000000 0.131879 0.007326 1.696215 2821.761266
0.860795 0.000000 0.000000 0.000000 0.000000 0.131879 0.007326 1.696215 2821.761266
0.860795 0.000000 0.000000 0.000000 0.000000 0.131879 0.007326 1.696215 2821.761266
0.860795 0.000000 0.000000 0.000000 0.000000 0.131879 0.007326 1.696215 2821.761266
0.860795 0.000000 0.000000 0.000000 0.000000 0.131879 0.007326 1.696215 2821.761266
0.860795 0.000000 0.000000 0.000000 0.000000 0.131879 0.007326 1.696215 2821.761266
0.860795 0.000000 0.000000 0.000000 0.000000 0.131879 0.007326 1.696215 2821.761266
0.860795 0.000000 0.000000 0.000000 0.000000 0.131879 0.007326 1.696215 2821.761266
