0.359873 0.062425 0.055053 0.031474 0.002025 0.483377 0.005774 1.578770 2004.006173
0.360039 0.062200 0.055150 0.031214 0.002026 0.483571 0.005799 1.584844 2013.803515
0.360403 0.061862 0.055191 0.030957 0.002023 0.483737 0.005827 1.590832 2024.753739
0.360942 0.061345 0.055235 0.030730 0.002020 0.483877 0.005852 1.596837 2035.338768
0.361615 0.060722 0.055289 0.030511 0.002022 0.483961 0.005879 1.602823 2044.461376
0.362468 0.060079 0.055218 0.030350 0.002018 0.483956 0.005911 1.608721 2055.643203
0.363395 0.059329 0.055255 0.030166 0.002017 0.483901 0.005936 1.614591 2065.686190
0.364369 0.058719 0.055140 0.029940 0.002006 0.483862 0.005963 1.620308 2076.565935
0.365304 0.058137 0.054977 0.029728 0.001987 0.483876 0.005990 1.625982 2086.722355
0.366374 0.057463 0.054864 0.029498 0.001976 0.483805 0.006019 1.631641 2097.381186
0.367400 0.056873 0.054685 0.029324 0.001973 0.483699 0.006046 1.637220 2108.149247
0.368564 0.056287 0.054412 0.029127 0.001967 0.483568 0.006074 1.642757 2118.649634
0.369626 0.055689 0.054157 0.028974 0.001961 0.483494 0.006100 1.648258 2128.934473
0.370767 0.055237 0.053805 0.028737 0.001958 0.483372 0.006123 1.653592 2138.742110
0.371858 0.054810 0.053471 0.028540 0.001959 0.483215 0.006146 1.658953 2147.969423
0.373070 0.054288 0.053130 0.028404 0.001956 0.482981 0.006172 1.664330 2157.655905
0.374198 0.053939 0.052714 0.028259 0.001942 0.482748 0.006200 1.669580 2167.528614
0.375415 0.053428 0.052358 0.028085 0.001931 0.482558 0.006226 1.674862 2178.554446
0.376630 0.053058 0.052053 0.027939 0.001922 0.482143 0.006254 1.680093 2187.989729
0.377775 0.052774 0.051766 0.027766 0.001917 0.481723 0.006279 1.685269 2197.128560
0.379043 0.052460 0.051421 0.027598 0.001903 0.481271 0.006304 1.690441 2206.992925
0.380120 0.052125 0.051039 0.027455 0.001901 0.481035 0.006326 1.695612 2215.804710
0.381267 0.051864 0.050688 0.027357 0.001890 0.480587 0.006347 1.700717 2225.857502
0.382442 0.051682 0.050316 0.027204 0.001881 0.480104 0.006371 1.705714 2236.953524
0.383613 0.051487 0.049981 0.027117 0.001872 0.479534 0.006397 1.710735 2245.662544
0.384801 0.051298 0.049657 0.026991 0.001861 0.478972 0.006420 1.715761 2255.917831
0.385945 0.051169 0.049282 0.026778 0.001852 0.478530 0.006443 1.720673 2266.337625
0.387110 0.050985 0.048973 0.026658 0.001841 0.477968 0.006465 1.725672 2276.321059
0.388202 0.050855 0.048690 0.026518 0.001836 0.477414 0.006484 1.730655 2285.802969
0.389342 0.050729 0.048393 0.026389 0.001827 0.476813 0.006507 1.735632 2295.207310
0.390444 0.050625 0.048169 0.026277 0.001823 0.476135 0.006526 1.740624 2305.501781
0.391591 0.050489 0.047855 0.026175 0.001815 0.475527 0.006548 1.745591 2316.196881
0.392651 0.050411 0.047584 0.026043 0.001814 0.474927 0.006570 1.750496 2324.922322
0.393636 0.050332 0.047374 0.025997 0.001800 0.474269 0.006591 1.755450 2333.258900
0.394731 0.050307 0.047158 0.025878 0.001785 0.473522 0.006620 1.760344 2344.848053
0.395840 0.050231 0.046948 0.025818 0.001774 0.472744 0.006645 1.765270 2354.618390
0.396907 0.050134 0.046764 0.025761 0.001762 0.472005 0.006666 1.770234 2364.775834
0.397849 0.050149 0.046552 0.025710 0.001750 0.471303 0.006687 1.775139 2374.860186
0.398807 0.050107 0.046355 0.025623 0.001737 0.470665 0.006707 1.780057 2384.435696
0.399760 0.050061 0.046251 0.025617 0.001732 0.469848 0.006731 1.785039 2395.486708
0.400698 0.050088 0.046053 0.025552 0.001724 0.469132 0.006754 1.789898 2404.514585
0.401635 0.050016 0.045950 0.025496 0.001729 0.468406 0.006768 1.794823 2412.955278
0.402557 0.050056 0.045806 0.025479 0.001717 0.467596 0.006788 1.799696 2421.379961
0.403504 0.050062 0.045696 0.025441 0.001711 0.466780 0.006806 1.804594 2430.513762
0.404423 0.050074 0.045571 0.025431 0.001700 0.465973 0.006826 1.809517 2439.962252
0.405308 0.050082 0.045408 0.025417 0.001696 0.465244 0.006846 1.814423 2449.759889
0.406084 0.050152 0.045326 0.025416 0.001688 0.464468 0.006865 1.819341 2458.912523
0.406920 0.050234 0.045195 0.025390 0.001683 0.463694 0.006883 1.824223 2467.928854
0.407718 0.050245 0.045136 0.025389 0.001676 0.462933 0.006904 1.829170 2477.154286
0.408561 0.050348 0.045024 0.025351 0.001678 0.462119 0.006919 1.834079 2485.200370
0.409337 0.050470 0.044926 0.025332 0.001670 0.461326 0.006938 1.838962 2493.393031
0.410161 0.050516 0.044851 0.025336 0.001664 0.460515 0.006958 1.843895 2503.047414
0.410902 0.050590 0.044771 0.025278 0.001666 0.459818 0.006976 1.848790 2511.466865
0.411695 0.050588 0.044667 0.025306 0.001660 0.459092 0.006993 1.853749 2520.146498
0.412395 0.050623 0.044658 0.025325 0.001654 0.458331 0.007015 1.858735 2528.975461
0.413057 0.050768 0.044658 0.025304 0.001651 0.457526 0.007036 1.863657 2539.093358
0.413728 0.050805 0.044647 0.025293 0.001647 0.456826 0.007054 1.868641 2548.454677
0.414398 0.050801 0.044594 0.025298 0.001632 0.456206 0.007071 1.873625 2556.509691
0.414985 0.050873 0.044543 0.025301 0.001619 0.455584 0.007094 1.878624 2567.404338
0.415621 0.051019 0.044490 0.025316 0.001612 0.454824 0.007117 1.883583 2576.752424
0.416225 0.051097 0.044388 0.025394 0.001606 0.454159 0.007131 1.888580 2585.315627
0.416863 0.051140 0.044412 0.025411 0.001595 0.453427 0.007152 1.893586 2593.694505
0.417493 0.051162 0.044439 0.025431 0.001584 0.452718 0.007174 1.898632 2603.672551
0.418128 0.051249 0.044370 0.025429 0.001578 0.452051 0.007195 1.903591 2612.641155
0.418689 0.051254 0.044415 0.025457 0.001573 0.451400 0.007214 1.908600 2620.289231
0.419207 0.051273 0.044433 0.025452 0.001575 0.450828 0.007231 1.913638 2627.634873
0.419780 0.051359 0.044439 0.025434 0.001572 0.450168 0.007248 1.918621 2634.819061
0.420392 0.051319 0.044501 0.025425 0.001572 0.449525 0.007266 1.923677 2642.088995
0.420935 0.051387 0.044473 0.025408 0.001568 0.448946 0.007284 1.928692 2650.220379
0.421427 0.051379 0.044463 0.025475 0.001554 0.448394 0.007307 1.933775 2659.899348
0.421967 0.051436 0.044507 0.025488 0.001549 0.447725 0.007328 1.938820 2668.476566
0.422444 0.051497 0.044557 0.025505 0.001541 0.447109 0.007347 1.943834 2676.511364
0.422856 0.051588 0.044615 0.025487 0.001537 0.446554 0.007363 1.948881 2683.328457
0.423276 0.051674 0.044626 0.025541 0.001532 0.445968 0.007384 1.953935 2692.687567
0.423793 0.051709 0.044652 0.025572 0.001529 0.445341 0.007405 1.958994 2701.706040
0.424233 0.051726 0.044708 0.025606 0.001533 0.444771 0.007423 1.964082 2709.790759
0.424650 0.051789 0.044749 0.025589 0.001541 0.444242 0.007441 1.969132 2717.989354
0.425075 0.051800 0.044768 0.025658 0.001537 0.443703 0.007458 1.974220 2726.726724
0.425567 0.051754 0.044807 0.025725 0.001535 0.443132 0.007480 1.979362 2734.944621
0.425923 0.051765 0.044829 0.025727 0.001538 0.442721 0.007497 1.984444 2742.721848
0.426386 0.051748 0.044813 0.025794 0.001529 0.442215 0.007515 1.989543 2752.349235
0.426791 0.051746 0.044801 0.025841 0.001515 0.441774 0.007532 1.994641 2760.028727
0.427244 0.051804 0.044871 0.025827 0.001513 0.441190 0.007552 1.999659 2768.710301
0.427676 0.051802 0.044878 0.025840 0.001512 0.440724 0.007569 2.004776 2776.489411
0.428097 0.051753 0.044916 0.025855 0.001515 0.440278 0.007587 2.009871 2784.110729
0.428584 0.051728 0.044999 0.025858 0.001515 0.439712 0.007604 2.014922 2791.325699
0.429035 0.051796 0.044946 0.025847 0.001511 0.439241 0.007625 2.019931 2799.035476
0.429491 0.051786 0.044948 0.025885 0.001511 0.438737 0.007642 2.025012 2806.997287
0.429965 0.051745 0.044950 0.025846 0.001510 0.438324 0.007660 2.030070 2813.559571
0.430314 0.051771 0.044968 0.025862 0.001517 0.437891 0.007676 2.035161 2820.011099
0.430673 0.051795 0.044953 0.025860 0.001518 0.437504 0.007696 2.040217 2829.211932
0.431050 0.051866 0.044943 0.025829 0.001514 0.437081 0.007716 2.045262 2837.413623
0.431394 0.051844 0.044982 0.025849 0.001510 0.436686 0.007736 2.050387 2845.277081
0.431744 0.051908 0.044992 0.025842 0.001511 0.436250 0.007754 2.055428 2852.357492
0.432140 0.051926 0.044933 0.025904 0.001521 0.435804 0.007773 2.060481 2858.703998
0.432496 0.051992 0.044861 0.025902 0.001519 0.435438 0.007791 2.065493 2866.363136
0.432794 0.052032 0.044908 0.025862 0.001522 0.435076 0.007807 2.070560 2874.189837
0.433080 0.052048 0.044908 0.025868 0.001533 0.434739 0.007825 2.075659 2881.119381
0.433359 0.052129 0.044945 0.025878 0.001527 0.434319 0.007843 2.080709 2889.298852
0.433750 0.052127 0.044995 0.025843 0.001529 0.433898 0.007858 2.085739 2895.928017
0.434100 0.052092 0.045115 0.025866 0.001535 0.433421 0.007871 2.090864 2902.756730
0.434454 0.052073 0.045163 0.025811 0.001533 0.433079 0.007888 2.095954 2910.692595
0.434731 0.052088 0.045163 0.025798 0.001530 0.432781 0.007909 2.101032 2918.656951
0.435007 0.052084 0.045163 0.025842 0.001539 0.432438 0.007927 2.106175 2925.596255
0.435331 0.052107 0.045187 0.025896 0.001527 0.432006 0.007946 2.111251 2933.920223
0.435674 0.052014 0.045252 0.025898 0.001523 0.431676 0.007963 2.116395 2943.177886
0.435939 0.052083 0.045259 0.025901 0.001524 0.431315 0.007979 2.121443 2949.744443
0.436089 0.052137 0.045296 0.025957 0.001514 0.431008 0.007999 2.126546 2958.678495
0.436400 0.052174 0.045287 0.025936 0.001504 0.430683 0.008015 2.131601 2966.485270
0.436691 0.052179 0.045314 0.025933 0.001504 0.430347 0.008032 2.136702 2974.192029
0.437011 0.052054 0.045347 0.025967 0.001495 0.430074 0.008051 2.141843 2983.599163
0.437349 0.051994 0.045304 0.026023 0.001493 0.429769 0.008068 2.146906 2991.763007
0.437582 0.052046 0.045297 0.026049 0.001491 0.429451 0.008086 2.151996 2999.515336
0.437842 0.052073 0.045304 0.026019 0.001483 0.429171 0.008107 2.157064 3007.950717
0.438031 0.052065 0.045270 0.026049 0.001490 0.428970 0.008124 2.162141 3015.661886
0.438367 0.052056 0.045225 0.026064 0.001488 0.428660 0.008141 2.167220 3023.517854
0.438619 0.052033 0.045263 0.026068 0.001497 0.428365 0.008156 2.172319 3030.457596
0.438868 0.052031 0.045349 0.026081 0.001489 0.428006 0.008177 2.177427 3039.481439
0.439149 0.051947 0.045390 0.026073 0.001486 0.427760 0.008195 2.182565 3048.190821
0.439379 0.052006 0.045356 0.026043 0.001485 0.427514 0.008217 2.187627 3056.803520
0.439626 0.051935 0.045450 0.026041 0.001491 0.427223 0.008234 2.192752 3064.400614
0.439937 0.051937 0.045446 0.025992 0.001501 0.426936 0.008250 2.197803 3071.909597
0.440241 0.051902 0.045474 0.026009 0.001501 0.426608 0.008266 2.202880 3078.809168
0.440503 0.051829 0.045400 0.026032 0.001504 0.426450 0.008283 2.207976 3086.962205
0.440725 0.051774 0.045339 0.026057 0.001508 0.426299 0.008297 2.213069 3093.295080
0.440975 0.051774 0.045340 0.026040 0.001520 0.426040 0.008312 2.218131 3100.193765
0.441263 0.051764 0.045317 0.025988 0.001515 0.425823 0.008329 2.223158 3107.845476
0.441552 0.051679 0.045324 0.025988 0.001515 0.425600 0.008342 2.228257 3115.111390
0.441801 0.051568 0.045341 0.025984 0.001504 0.425436 0.008365 2.233379 3123.559972
0.442020 0.051587 0.045297 0.025942 0.001502 0.425271 0.008381 2.238420 3131.029683
0.442369 0.051511 0.045247 0.025902 0.001494 0.425079 0.008398 2.243442 3138.699766
0.442617 0.051564 0.045205 0.025880 0.001487 0.424826 0.008419 2.248468 3147.241065
0.442896 0.051517 0.045236 0.025832 0.001491 0.424593 0.008435 2.253553 3155.457188
0.443149 0.051501 0.045224 0.025817 0.001495 0.424360 0.008455 2.258610 3162.641802
0.443414 0.051489 0.045233 0.025776 0.001497 0.424122 0.008471 2.263643 3169.931023
0.443647 0.051527 0.045176 0.025705 0.001488 0.423966 0.008490 2.268631 3178.395275
0.443861 0.051596 0.045170 0.025710 0.001487 0.423672 0.008505 2.273651 3186.729412
0.444138 0.051520 0.045198 0.025670 0.001482 0.423471 0.008521 2.278725 3194.889241
0.444371 0.051544 0.045208 0.025700 0.001472 0.423164 0.008540 2.283749 3203.159429
0.444643 0.051418 0.045203 0.025737 0.001468 0.422972 0.008560 2.288879 3211.074785
0.444907 0.051425 0.045187 0.025742 0.001467 0.422697 0.008576 2.293949 3218.589755
0.445177 0.051386 0.045158 0.025786 0.001465 0.422429 0.008598 2.299015 3226.283791
0.445471 0.051376 0.045099 0.025829 0.001464 0.422149 0.008612 2.304034 3233.821186
0.445680 0.051425 0.045105 0.025816 0.001464 0.421882 0.008629 2.309060 3241.420665
0.445921 0.051456 0.045015 0.025788 0.001465 0.421710 0.008644 2.314067 3248.166747
0.446102 0.051508 0.045017 0.025762 0.001473 0.421475 0.008663 2.319124 3255.223843
0.446310 0.051464 0.045076 0.025731 0.001472 0.421263 0.008684 2.324201 3262.112471
0.446540 0.051455 0.045129 0.025707 0.001476 0.420994 0.008700 2.329275 3270.788020
0.446712 0.051537 0.045083 0.025703 0.001468 0.420779 0.008718 2.334276 3279.369575
0.446840 0.051575 0.045115 0.025699 0.001471 0.420564 0.008736 2.339322 3286.788871
0.447087 0.051544 0.045070 0.025773 0.001468 0.420305 0.008753 2.344368 3293.308067
0.447314 0.051570 0.045082 0.025730 0.001466 0.420069 0.008769 2.349381 3300.649188
0.447537 0.051565 0.045120 0.025699 0.001469 0.419825 0.008785 2.354421 3308.174977
0.447727 0.051617 0.045194 0.025617 0.001463 0.419578 0.008804 2.359448 3315.425171
0.447962 0.051629 0.045198 0.025586 0.001469 0.419339 0.008818 2.364495 3322.040147
0.448137 0.051608 0.045206 0.025601 0.001471 0.419140 0.008837 2.369566 3329.978617
0.448432 0.051593 0.045154 0.025603 0.001476 0.418893 0.008849 2.374554 3335.931757
0.448563 0.051639 0.045137 0.025600 0.001482 0.418714 0.008865 2.379584 3343.418623
0.448619 0.051733 0.045133 0.025585 0.001475 0.418573 0.008882 2.384613 3350.682564
0.448728 0.051707 0.045124 0.025605 0.001477 0.418461 0.008898 2.389709 3358.065693
0.448853 0.051645 0.045184 0.025622 0.001483 0.418296 0.008917 2.394830 3364.329075
0.449038 0.051629 0.045176 0.025600 0.001485 0.418142 0.008931 2.399907 3372.037380
0.449232 0.051548 0.045222 0.025597 0.001479 0.417969 0.008952 2.404995 3381.166544
0.449357 0.051542 0.045268 0.025603 0.001466 0.417793 0.008970 2.410091 3388.900354
0.449465 0.051581 0.045270 0.025620 0.001465 0.417609 0.008988 2.415149 3395.460790
0.449710 0.051625 0.045213 0.025603 0.001473 0.417369 0.009007 2.420157 3402.675781
0.449871 0.051641 0.045195 0.025602 0.001475 0.417189 0.009027 2.425211 3410.690113
0.449911 0.051725 0.045214 0.025582 0.001470 0.417055 0.009042 2.430274 3417.261954
0.450132 0.051690 0.045184 0.025598 0.001475 0.416864 0.009058 2.435321 3423.911727
0.450255 0.051819 0.045169 0.025579 0.001477 0.416624 0.009077 2.440323 3432.116753
0.450427 0.051761 0.045196 0.025618 0.001477 0.416424 0.009097 2.445440 3438.969728
0.450504 0.051764 0.045223 0.025605 0.001476 0.416316 0.009111 2.450544 3445.939168
0.450727 0.051701 0.045127 0.025642 0.001488 0.416186 0.009129 2.455628 3452.746037
0.450976 0.051659 0.045132 0.025628 0.001487 0.415974 0.009145 2.460692 3461.168275
0.451057 0.051678 0.045134 0.025634 0.001488 0.415845 0.009165 2.465774 3469.040965
0.451111 0.051814 0.045093 0.025615 0.001496 0.415688 0.009182 2.470802 3475.251829
0.451239 0.051761 0.045094 0.025618 0.001492 0.415597 0.009199 2.475892 3482.988920
0.451457 0.051726 0.045154 0.025609 0.001494 0.415342 0.009217 2.480975 3490.267201
0.451596 0.051775 0.045118 0.025562 0.001500 0.415216 0.009233 2.486012 3499.017382
0.451677 0.051813 0.045158 0.025561 0.001502 0.415034 0.009255 2.491095 3506.745143
0.451760 0.051826 0.045127 0.025595 0.001493 0.414926 0.009274 2.496137 3514.931813
0.451872 0.051823 0.045132 0.025629 0.001496 0.414760 0.009289 2.501222 3521.887611
0.451980 0.051846 0.045153 0.025649 0.001494 0.414573 0.009305 2.506281 3528.190625
0.452166 0.051747 0.045189 0.025660 0.001496 0.414419 0.009323 2.511401 3535.506242
0.452299 0.051695 0.045189 0.025653 0.001502 0.414322 0.009340 2.516519 3542.498614
0.452340 0.051844 0.045175 0.025624 0.001499 0.414163 0.009355 2.521539 3549.993974
0.452479 0.051812 0.045238 0.025601 0.001496 0.414001 0.009373 2.526637 3556.786787
0.452518 0.051815 0.045210 0.025626 0.001505 0.413937 0.009389 2.531706 3564.940198
0.452581 0.051855 0.045154 0.025655 0.001510 0.413843 0.009403 2.536750 3571.660973
0.452791 0.051810 0.045197 0.025665 0.001511 0.413609 0.009418 2.541834 3578.922161
0.452854 0.051861 0.045197 0.025659 0.001516 0.413478 0.009435 2.546893 3586.837842
0.452963 0.051877 0.045153 0.025641 0.001509 0.413401 0.009456 2.551950 3595.196646
0.452975 0.051963 0.045154 0.025673 0.001498 0.413263 0.009475 2.557018 3603.372501
0.453042 0.051899 0.045196 0.025675 0.001507 0.413187 0.009495 2.562133 3611.022537
0.453098 0.051837 0.045229 0.025716 0.001494 0.413114 0.009511 2.567259 3618.814729
0.453186 0.051778 0.045295 0.025735 0.001491 0.412983 0.009532 2.572358 3626.074786
0.453303 0.051746 0.045321 0.025765 0.001490 0.412821 0.009554 2.577485 3634.136155
0.453418 0.051755 0.045224 0.025765 0.001485 0.412775 0.009577 2.582541 3642.245725
0.453490 0.051758 0.045201 0.025781 0.001488 0.412691 0.009592 2.587611 3648.613213
0.453536 0.051787 0.045183 0.025760 0.001487 0.412640 0.009607 2.592639 3655.142182
0.453618 0.051820 0.045152 0.025768 0.001487 0.412529 0.009626 2.597657 3663.463624
0.453683 0.051718 0.045221 0.025807 0.001480 0.412446 0.009645 2.602830 3671.788717
0.453799 0.051655 0.045262 0.025822 0.001483 0.412316 0.009662 2.607939 3678.969822
0.453868 0.051686 0.045238 0.025826 0.001489 0.412216 0.009677 2.613019 3686.418649
0.453979 0.051663 0.045276 0.025814 0.001493 0.412085 0.009690 2.618124 3693.061893
0.454066 0.051684 0.045228 0.025811 0.001490 0.412011 0.009709 2.623170 3701.418900
0.454116 0.051678 0.045180 0.025819 0.001488 0.411992 0.009726 2.628226 3710.068403
0.454076 0.051750 0.045118 0.025864 0.001487 0.411963 0.009743 2.633284 3717.791167
0.454202 0.051691 0.045116 0.025900 0.001492 0.411840 0.009759 2.638353 3724.988524
0.454334 0.051616 0.045102 0.025855 0.001483 0.411833 0.009775 2.643387 3732.670045
0.454403 0.051617 0.045106 0.025835 0.001485 0.411760 0.009794 2.648423 3740.349824
0.454484 0.051513 0.045166 0.025869 0.001484 0.411671 0.009813 2.653583 3749.049377
0.454557 0.051490 0.045207 0.025892 0.001477 0.411547 0.009830 2.658675 3756.189106
0.454642 0.051491 0.045170 0.025911 0.001479 0.411460 0.009847 2.663711 3763.975513
0.454753 0.051478 0.045145 0.025890 0.001483 0.411388 0.009864 2.668763 3771.231749
0.454911 0.051468 0.045139 0.025889 0.001486 0.411225 0.009882 2.673838 3778.850363
0.454985 0.051505 0.045110 0.025871 0.001480 0.411151 0.009897 2.678854 3786.015787
0.455067 0.051416 0.045121 0.025904 0.001478 0.411104 0.009910 2.683957 3792.936917
0.455187 0.051403 0.045113 0.025888 0.001475 0.411008 0.009926 2.689033 3800.881545
0.455262 0.051437 0.045160 0.025829 0.001477 0.410895 0.009941 2.694072 3808.515439
0.455403 0.051349 0.045179 0.025894 0.001476 0.410740 0.009959 2.699179 3815.596459
0.455456 0.051383 0.045128 0.025891 0.001475 0.410694 0.009975 2.704235 3823.460583
0.455538 0.051392 0.045112 0.025905 0.001468 0.410589 0.009995 2.709278 3830.894984
0.455649 0.051331 0.045101 0.025889 0.001471 0.410548 0.010010 2.714332 3838.572866
0.455669 0.051416 0.045086 0.025874 0.001475 0.410452 0.010028 2.719351 3845.609192
0.455701 0.051371 0.045097 0.025867 0.001472 0.410449 0.010044 2.724442 3853.233345
0.455765 0.051456 0.045025 0.025826 0.001463 0.410405 0.010060 2.729414 3860.861837
0.455844 0.051415 0.045088 0.025800 0.001470 0.410307 0.010076 2.734486 3867.362302
0.455928 0.051322 0.045125 0.025818 0.001464 0.410253 0.010091 2.739569 3875.357105
0.456069 0.051283 0.045050 0.025861 0.001460 0.410169 0.010108 2.744600 3882.845497
0.456059 0.051347 0.045100 0.025809 0.001457 0.410103 0.010125 2.749616 3891.091859
0.456211 0.051307 0.045070 0.025823 0.001464 0.409981 0.010143 2.754659 3897.669342
0.456328 0.051229 0.045090 0.025802 0.001460 0.409930 0.010162 2.759715 3903.225660
0.456372 0.051284 0.045033 0.025727 0.001464 0.409943 0.010179 2.764724 3911.474134
0.456406 0.051349 0.044969 0.025724 0.001467 0.409886 0.010198 2.769707 3918.691796
0.456537 0.051345 0.045025 0.025689 0.001461 0.409729 0.010215 2.774751 3927.148613
0.456643 0.051283 0.045023 0.025677 0.001451 0.409689 0.010233 2.779802 3934.600170
0.456751 0.051293 0.044918 0.025623 0.001449 0.409716 0.010250 2.784800 3941.934419
0.456875 0.051289 0.044884 0.025634 0.001447 0.409606 0.010265 2.789800 3949.226298
0.456920 0.051269 0.044859 0.025654 0.001449 0.409568 0.010281 2.794848 3956.113825
0.457078 0.051233 0.044833 0.025700 0.001453 0.409403 0.010300 2.799882 3963.464683
0.457211 0.051111 0.044839 0.025711 0.001451 0.409359 0.010317 2.804976 3971.575522
0.457306 0.051173 0.044859 0.025741 0.001449 0.409137 0.010333 2.809941 3978.438553
0.457387 0.051097 0.044887 0.025714 0.001461 0.409107 0.010347 2.815010 3984.730887
0.457505 0.051117 0.044834 0.025652 0.001452 0.409076 0.010364 2.819970 3993.601754
0.457563 0.051120 0.044916 0.025601 0.001454 0.408966 0.010380 2.824985 4000.376348
0.457562 0.051122 0.044952 0.025588 0.001449 0.408932 0.010395 2.830065 4008.100775
0.457658 0.051072 0.044959 0.025578 0.001450 0.408872 0.010412 2.835111 4015.214853
0.457744 0.051116 0.044920 0.025597 0.001454 0.408744 0.010424 2.840118 4021.833017
0.457859 0.051105 0.044917 0.025606 0.001452 0.408624 0.010437 2.845124 4029.381068
0.457931 0.051104 0.044887 0.025623 0.001455 0.408549 0.010453 2.850131 4036.787823
0.457978 0.051094 0.044951 0.025635 0.001453 0.408421 0.010467 2.855190 4045.198894
0.458069 0.051156 0.044938 0.025579 0.001451 0.408324 0.010483 2.860139 4052.517805
0.458144 0.051129 0.044983 0.025562 0.001453 0.408233 0.010498 2.865174 4059.094584
0.458211 0.051138 0.044984 0.025553 0.001460 0.408139 0.010516 2.870199 4067.493107
0.458237 0.051175 0.044944 0.025495 0.001454 0.408161 0.010535 2.875191 4075.000393
0.458255 0.051227 0.044950 0.025497 0.001444 0.408076 0.010551 2.880197 4082.347163
0.458301 0.051245 0.044931 0.025517 0.001444 0.407993 0.010568 2.885243 4088.996288
0.458367 0.051217 0.044939 0.025501 0.001449 0.407943 0.010585 2.890272 4095.682135
0.458511 0.051128 0.044943 0.025474 0.001455 0.407887 0.010604 2.895321 4103.222529
0.458521 0.051122 0.044965 0.025460 0.001455 0.407856 0.010620 2.900387 4111.601611
0.458552 0.051159 0.044920 0.025434 0.001460 0.407836 0.010638 2.905384 4118.525913
0.458523 0.051253 0.044940 0.025381 0.001453 0.407793 0.010657 2.910395 4125.616995
0.458515 0.051280 0.045001 0.025408 0.001456 0.407670 0.010670 2.915472 4133.366692
0.458506 0.051269 0.045006 0.025382 0.001452 0.407700 0.010686 2.920542 4140.228391
0.458563 0.051221 0.044998 0.025437 0.001453 0.407628 0.010701 2.925645 4147.307210
0.458535 0.051290 0.045013 0.025469 0.001448 0.407529 0.010716 2.930664 4155.063965
0.458569 0.051301 0.045030 0.025457 0.001453 0.407459 0.010731 2.935683 4161.181752
0.458577 0.051316 0.045009 0.025448 0.001449 0.407452 0.010748 2.940717 4168.906879
0.458629 0.051294 0.045001 0.025486 0.001446 0.407377 0.010767 2.945771 4176.110850
0.458659 0.051284 0.045039 0.025482 0.001448 0.407302 0.010786 2.950827 4183.798648
0.458649 0.051288 0.045028 0.025457 0.001452 0.407322 0.010804 2.955884 4191.101943
0.458717 0.051328 0.045047 0.025467 0.001451 0.407172 0.010819 2.960882 4198.239169
0.458780 0.051311 0.044999 0.025444 0.001447 0.407179 0.010841 2.965908 4207.232434
0.458762 0.051361 0.044986 0.025452 0.001449 0.407131 0.010858 2.970938 4214.347027
0.458739 0.051414 0.045012 0.025447 0.001453 0.407061 0.010875 2.975951 4220.985064
0.458779 0.051451 0.045053 0.025442 0.001452 0.406932 0.010892 2.980982 4228.319566
0.458638 0.051596 0.045097 0.025468 0.001459 0.406835 0.010908 2.986028 4234.951923
0.458716 0.051656 0.045040 0.025480 0.001458 0.406728 0.010924 2.991004 4242.722741
0.458700 0.051700 0.045068 0.025457 0.001464 0.406673 0.010937 2.996043 4249.099353
0.458842 0.051651 0.045090 0.025495 0.001474 0.406492 0.010955 3.001109 4255.609469
0.458801 0.051699 0.045085 0.025520 0.001470 0.406451 0.010974 3.006172 4263.053063
0.458789 0.051765 0.045127 0.025502 0.001467 0.406357 0.010993 3.011201 4269.967750
0.458748 0.051850 0.045174 0.025464 0.001470 0.406284 0.011010 3.016262 4277.719650
0.458716 0.051898 0.045132 0.025511 0.001473 0.406245 0.011024 3.021312 4284.968886
0.458772 0.051837 0.045137 0.025550 0.001476 0.406190 0.011038 3.026388 4292.139090
0.458762 0.051837 0.045107 0.025582 0.001475 0.406182 0.011055 3.031469 4299.152342
0.458691 0.051849 0.045156 0.025625 0.001475 0.406133 0.011070 3.036590 4305.080078
0.458803 0.051776 0.045143 0.025619 0.001474 0.406098 0.011087 3.041670 4312.342243
0.458858 0.051718 0.045135 0.025686 0.001471 0.406030 0.011103 3.046771 4319.595302
0.458818 0.051713 0.045119 0.025693 0.001471 0.406064 0.011120 3.051852 4326.965142
0.458830 0.051759 0.045138 0.025667 0.001471 0.405997 0.011139 3.056903 4334.750629
0.458862 0.051808 0.045143 0.025681 0.001462 0.405887 0.011157 3.061920 4342.931597
0.458841 0.051769 0.045231 0.025696 0.001459 0.405834 0.011170 3.067022 4350.115783
0.458798 0.051749 0.045254 0.025751 0.001457 0.405803 0.011188 3.072151 4357.890478
0.458781 0.051817 0.045244 0.025760 0.001453 0.405741 0.011204 3.077181 4366.033376
0.458783 0.051818 0.045272 0.025687 0.001452 0.405765 0.011223 3.082229 4373.712853
0.458845 0.051822 0.045231 0.025725 0.001457 0.405684 0.011236 3.087283 4379.476845
0.458943 0.051803 0.045149 0.025747 0.001459 0.405648 0.011251 3.092321 4386.402319
0.458951 0.051752 0.045212 0.025775 0.001462 0.405582 0.011266 3.097425 4393.560377
0.458935 0.051743 0.045251 0.025782 0.001462 0.405545 0.011282 3.102529 4400.541638
0.458958 0.051728 0.045262 0.025798 0.001446 0.405505 0.011303 3.107613 4408.408653
0.458888 0.051758 0.045206 0.025802 0.001454 0.405571 0.011321 3.112670 4415.105301
0.458882 0.051721 0.045239 0.025821 0.001454 0.405548 0.011336 3.117751 4421.884200
0.458854 0.051740 0.045221 0.025841 0.001454 0.405535 0.011356 3.122850 4429.475510
0.458844 0.051729 0.045212 0.025861 0.001459 0.405522 0.011371 3.127935 4435.688280
0.458845 0.051738 0.045218 0.025773 0.001456 0.405576 0.011394 3.132986 4443.648972
0.458846 0.051779 0.045259 0.025764 0.001449 0.405490 0.011413 3.138032 4450.901563
0.458840 0.051796 0.045236 0.025755 0.001443 0.405503 0.011428 3.143094 4459.241124
0.458821 0.051739 0.045244 0.025789 0.001442 0.405521 0.011445 3.148188 4467.563584
0.458835 0.051695 0.045316 0.025806 0.001447 0.405440 0.011463 3.153280 4475.046259
0.458842 0.051652 0.045302 0.025802 0.001447 0.405475 0.011481 3.158358 4481.514516
0.458842 0.051640 0.045299 0.025784 0.001448 0.405488 0.011499 3.163426 4489.017298
0.458841 0.051616 0.045372 0.025749 0.001450 0.405458 0.011514 3.168503 4495.639171
0.458913 0.051539 0.045334 0.025781 0.001453 0.405452 0.011529 3.173600 4501.508090
0.458906 0.051541 0.045308 0.025803 0.001451 0.405442 0.011548 3.178646 4508.974875
0.458864 0.051694 0.045213 0.025714 0.001454 0.405499 0.011563 3.183596 4515.940109
0.458886 0.051664 0.045264 0.025723 0.001458 0.405423 0.011583 3.188688 4523.882149
0.458938 0.051663 0.045202 0.025748 0.001461 0.405388 0.011601 3.193714 4531.827109
0.459004 0.051608 0.045196 0.025752 0.001452 0.405370 0.011617 3.198776 4540.047918
0.459000 0.051672 0.045131 0.025698 0.001447 0.405415 0.011637 3.203759 4547.833723
0.459020 0.051628 0.045128 0.025689 0.001448 0.405436 0.011652 3.208853 4554.953745
0.459028 0.051525 0.045155 0.025760 0.001442 0.405420 0.011670 3.213951 4562.672583
0.459035 0.051530 0.045199 0.025792 0.001441 0.405316 0.011687 3.219040 4569.921254
0.459069 0.051498 0.045233 0.025760 0.001449 0.405289 0.011703 3.224113 4576.853481
0.459098 0.051491 0.045226 0.025781 0.001442 0.405243 0.011718 3.229139 4583.645828
0.459180 0.051435 0.045246 0.025755 0.001442 0.405206 0.011736 3.234221 4590.447887
0.459169 0.051370 0.045256 0.025759 0.001443 0.405252 0.011750 3.239311 4597.758485
0.459256 0.051334 0.045216 0.025733 0.001449 0.405249 0.011763 3.244322 4604.702660
0.459344 0.051367 0.045201 0.025694 0.001450 0.405165 0.011779 3.249301 4612.312313
0.459494 0.051293 0.045274 0.025638 0.001449 0.405059 0.011793 3.254363 4619.632389
0.459553 0.051329 0.045211 0.025637 0.001458 0.405003 0.011809 3.259363 4625.870596
0.459570 0.051326 0.045198 0.025631 0.001462 0.404988 0.011826 3.264416 4633.838518
0.459565 0.051343 0.045163 0.025571 0.001460 0.405054 0.011844 3.269433 4641.759662
0.459619 0.051243 0.045238 0.025560 0.001460 0.405020 0.011860 3.274562 4648.203452
0.459689 0.051230 0.045244 0.025507 0.001458 0.404992 0.011878 3.279612 4655.797509
0.459683 0.051215 0.045245 0.025545 0.001465 0.404953 0.011893 3.284669 4662.732706
0.459791 0.051140 0.045198 0.025590 0.001466 0.404906 0.011909 3.289700 4670.459379
0.459812 0.051108 0.045167 0.025597 0.001464 0.404925 0.011928 3.294744 4678.611317
0.459861 0.051139 0.045136 0.025610 0.001461 0.404849 0.011944 3.299739 4686.524348
0.459907 0.051133 0.045092 0.025616 0.001464 0.404829 0.011959 3.304740 4694.076719
0.459976 0.051097 0.045077 0.025598 0.001455 0.404820 0.011977 3.309803 4701.509866
0.459970 0.051101 0.045063 0.025620 0.001448 0.404802 0.011995 3.314799 4709.608807
0.460037 0.051144 0.044962 0.025606 0.001446 0.404792 0.012013 3.319783 4716.338738
0.460018 0.051169 0.044926 0.025617 0.001448 0.404793 0.012029 3.324802 4722.680000
0.460022 0.051179 0.044911 0.025618 0.001449 0.404781 0.012040 3.329845 4728.578272
0.460074 0.051209 0.044884 0.025669 0.001441 0.404664 0.012058 3.334847 4736.893979
0.460143 0.051237 0.044915 0.025626 0.001441 0.404566 0.012072 3.339847 4744.608938
0.460098 0.051283 0.044922 0.025591 0.001442 0.404573 0.012091 3.344848 4752.374727
0.460161 0.051268 0.044879 0.025629 0.001439 0.404516 0.012108 3.349893 4759.803778
0.460291 0.051247 0.044855 0.025554 0.001450 0.404477 0.012125 3.354922 4766.764224
0.460413 0.051192 0.044798 0.025553 0.001445 0.404458 0.012141 3.359925 4773.705004
0.460365 0.051226 0.044785 0.025537 0.001446 0.404479 0.012160 3.364952 4781.470603
0.460396 0.051227 0.044796 0.025556 0.001455 0.404398 0.012173 3.369983 4786.967472
0.460473 0.051290 0.044772 0.025486 0.001464 0.404329 0.012186 3.374935 4792.880009
0.460471 0.051337 0.044817 0.025465 0.001458 0.404248 0.012204 3.379932 4800.343602
0.460518 0.051412 0.044793 0.025439 0.001459 0.404158 0.012221 3.384911 4806.784982
0.460482 0.051433 0.044822 0.025436 0.001456 0.404130 0.012240 3.389967 4814.288049
0.460377 0.051538 0.044783 0.025470 0.001456 0.404115 0.012262 3.394956 4821.523386
0.460313 0.051573 0.044791 0.025489 0.001458 0.404099 0.012278 3.399992 4827.398317
0.460252 0.051565 0.044800 0.025499 0.001451 0.404135 0.012298 3.405068 4836.071990
0.460254 0.051591 0.044777 0.025513 0.001452 0.404099 0.012314 3.410101 4843.321324
0.460314 0.051506 0.044882 0.025524 0.001447 0.403996 0.012331 3.415200 4850.266520
0.460295 0.051492 0.044891 0.025503 0.001453 0.404020 0.012346 3.420259 4857.192468
0.460324 0.051449 0.044875 0.025524 0.001445 0.404019 0.012365 3.425323 4864.376190
0.460327 0.051439 0.044874 0.025516 0.001435 0.404025 0.012385 3.430365 4873.195800
0.460328 0.051430 0.044955 0.025496 0.001437 0.403950 0.012404 3.435424 4881.111942
0.460332 0.051466 0.044928 0.025514 0.001443 0.403896 0.012421 3.440430 4888.189561
0.460340 0.051509 0.044948 0.025466 0.001450 0.403851 0.012434 3.445446 4895.458276
0.460246 0.051619 0.044938 0.025368 0.001455 0.403922 0.012450 3.450428 4902.669122
0.460155 0.051633 0.044898 0.025433 0.001443 0.403971 0.012467 3.455504 4910.811070
0.460128 0.051641 0.044968 0.025499 0.001441 0.403840 0.012484 3.460586 4917.377504
0.460122 0.051611 0.044975 0.025550 0.001438 0.403805 0.012500 3.465649 4924.979779
0.460117 0.051582 0.045038 0.025538 0.001437 0.403773 0.012514 3.470724 4931.829619
0.460136 0.051566 0.045040 0.025549 0.001429 0.403750 0.012531 3.475759 4939.442922
0.460066 0.051707 0.045005 0.025519 0.001430 0.403727 0.012546 3.480722 4945.709618
0.460050 0.051692 0.045011 0.025537 0.001430 0.403718 0.012560 3.485803 4952.599456
0.460017 0.051664 0.045027 0.025581 0.001431 0.403704 0.012576 3.490894 4959.860472
0.459944 0.051722 0.045009 0.025624 0.001434 0.403674 0.012593 3.495964 4966.568294
0.459909 0.051671 0.045109 0.025601 0.001431 0.403668 0.012610 3.501037 4972.935075
0.459941 0.051652 0.045092 0.025593 0.001435 0.403662 0.012626 3.506103 4980.126178
0.459948 0.051618 0.045164 0.025594 0.001434 0.403601 0.012642 3.511195 4987.255195
0.459925 0.051744 0.045130 0.025586 0.001428 0.403526 0.012660 3.516167 4996.343237
0.459886 0.051762 0.045164 0.025631 0.001426 0.403456 0.012675 3.521234 5003.740031
0.459882 0.051738 0.045139 0.025657 0.001425 0.403466 0.012692 3.526301 5010.783377
0.459824 0.051779 0.045165 0.025666 0.001426 0.403430 0.012710 3.531385 5018.452359
0.459927 0.051732 0.045149 0.025599 0.001428 0.403436 0.012729 3.536404 5025.446816
0.459912 0.051654 0.045108 0.025657 0.001433 0.403491 0.012745 3.541511 5031.908359
0.459915 0.051672 0.045046 0.025631 0.001441 0.403533 0.012761 3.546499 5038.689180
0.459908 0.051665 0.045065 0.025621 0.001446 0.403519 0.012777 3.551556 5045.186903
0.459931 0.051668 0.045035 0.025669 0.001446 0.403463 0.012788 3.556599 5051.285320
0.459836 0.051698 0.045048 0.025658 0.001436 0.403521 0.012803 3.561682 5058.749602
0.459831 0.051714 0.045026 0.025657 0.001438 0.403516 0.012819 3.566713 5065.728611
0.459823 0.051660 0.045129 0.025647 0.001439 0.403465 0.012837 3.571803 5072.387286
0.459814 0.051673 0.045077 0.025679 0.001441 0.403460 0.012855 3.576823 5079.964842
0.459864 0.051638 0.045073 0.025691 0.001444 0.403416 0.012874 3.581858 5087.194466
0.459867 0.051573 0.045111 0.025721 0.001451 0.403391 0.012885 3.586940 5092.892670
0.459792 0.051606 0.045092 0.025742 0.001452 0.403415 0.012901 3.591955 5100.428586
0.459889 0.051454 0.045065 0.025790 0.001454 0.403431 0.012918 3.597060 5107.569321
0.459883 0.051423 0.045065 0.025793 0.001454 0.403451 0.012931 3.602120 5114.714491
0.459909 0.051420 0.045071 0.025735 0.001465 0.403456 0.012943 3.607135 5121.242403
0.459837 0.051499 0.044992 0.025742 0.001459 0.403510 0.012961 3.612130 5129.333900
0.459796 0.051454 0.045019 0.025748 0.001457 0.403547 0.012979 3.617271 5137.568812
0.459919 0.051338 0.045070 0.025724 0.001463 0.403494 0.012993 3.622319 5143.639113
0.460015 0.051288 0.045061 0.025742 0.001473 0.403415 0.013006 3.627360 5150.598335
0.459961 0.051345 0.045057 0.025733 0.001469 0.403413 0.013021 3.632369 5157.515278
0.459910 0.051403 0.045047 0.025748 0.001469 0.403386 0.013036 3.637398 5164.716570
0.459944 0.051417 0.044986 0.025752 0.001472 0.403379 0.013049 3.642424 5171.533207
0.459916 0.051403 0.044977 0.025780 0.001465 0.403393 0.013066 3.647489 5179.896899
0.459946 0.051352 0.045001 0.025785 0.001468 0.403367 0.013080 3.652540 5185.838575
0.460034 0.051305 0.044961 0.025816 0.001480 0.403313 0.013091 3.657577 5191.650312
0.460061 0.051212 0.044957 0.025778 0.001480 0.403403 0.013108 3.662647 5199.919160
0.460123 0.051206 0.044908 0.025781 0.001486 0.403372 0.013124 3.667665 5206.265711
0.460061 0.051350 0.044806 0.025778 0.001483 0.403382 0.013141 3.672594 5213.472261
0.460136 0.051279 0.044799 0.025804 0.001489 0.403336 0.013157 3.677664 5220.112816
0.460115 0.051360 0.044774 0.025745 0.001483 0.403344 0.013178 3.682623 5228.264132
0.460187 0.051339 0.044745 0.025731 0.001474 0.403328 0.013196 3.687649 5236.580874
0.460249 0.051337 0.044735 0.025737 0.001468 0.403263 0.013211 3.692677 5244.387182
0.460311 0.051257 0.044775 0.025745 0.001470 0.403212 0.013230 3.697725 5251.651462
0.460262 0.051189 0.044819 0.025756 0.001462 0.403264 0.013249 3.702802 5259.967289
0.460283 0.051280 0.044813 0.025706 0.001458 0.403193 0.013267 3.707747 5268.633603
0.460209 0.051357 0.044741 0.025685 0.001448 0.403274 0.013285 3.712729 5276.568584
0.460179 0.051310 0.044829 0.025701 0.001448 0.403232 0.013300 3.717816 5283.147730
0.460232 0.051285 0.044871 0.025652 0.001462 0.403189 0.013310 3.722836 5289.895212
0.460276 0.051323 0.044821 0.025609 0.001464 0.403182 0.013324 3.727830 5296.935251
0.460278 0.051371 0.044822 0.025586 0.001462 0.403137 0.013344 3.732825 5304.143594
0.460319 0.051339 0.044858 0.025622 0.001461 0.403039 0.013360 3.737885 5312.143405
0.460335 0.051369 0.044771 0.025643 0.001460 0.403043 0.013379 3.742897 5319.419126
0.460352 0.051366 0.044752 0.025669 0.001458 0.403008 0.013395 3.747940 5326.378102
0.460403 0.051260 0.044785 0.025673 0.001460 0.403009 0.013411 3.753024 5334.250646
0.460444 0.051228 0.044823 0.025646 0.001456 0.402975 0.013428 3.758048 5341.508913
0.460447 0.051201 0.044795 0.025619 0.001457 0.403038 0.013444 3.763026 5348.129559
0.460480 0.051202 0.044711 0.025723 0.001451 0.402972 0.013460 3.768021 5355.595492
0.460469 0.051251 0.044680 0.025730 0.001456 0.402942 0.013472 3.773014 5362.599206
0.460532 0.051125 0.044697 0.025757 0.001448 0.402949 0.013492 3.778084 5370.109273
0.460550 0.051126 0.044661 0.025749 0.001453 0.402955 0.013507 3.783077 5376.662108
0.460550 0.051147 0.044687 0.025747 0.001448 0.402895 0.013526 3.788081 5384.531847
0.460560 0.051219 0.044599 0.025720 0.001437 0.402922 0.013543 3.793025 5391.228229
0.460647 0.051222 0.044608 0.025690 0.001429 0.402845 0.013558 3.798016 5399.127932
0.460690 0.051218 0.044638 0.025690 0.001419 0.402768 0.013577 3.803039 5406.822850
0.460721 0.051257 0.044575 0.025696 0.001418 0.402735 0.013598 3.808019 5415.407541
0.460737 0.051228 0.044553 0.025711 0.001416 0.402743 0.013613 3.813053 5422.740191
0.460719 0.051288 0.044491 0.025689 0.001415 0.402764 0.013634 3.817989 5431.000599
0.460770 0.051227 0.044611 0.025618 0.001414 0.402709 0.013650 3.823005 5438.649566
0.460861 0.051236 0.044626 0.025595 0.001417 0.402601 0.013666 3.827996 5445.220758
0.460872 0.051201 0.044627 0.025643 0.001415 0.402560 0.013682 3.833042 5452.161300
0.460849 0.051132 0.044664 0.025654 0.001419 0.402582 0.013699 3.838108 5458.820114
0.460870 0.051179 0.044631 0.025620 0.001419 0.402567 0.013715 3.843060 5465.592920
0.460960 0.051114 0.044679 0.025635 0.001407 0.402476 0.013729 3.848095 5473.309657
0.460922 0.051163 0.044678 0.025606 0.001412 0.402472 0.013746 3.853093 5480.806347
0.460899 0.051194 0.044660 0.025598 0.001409 0.402475 0.013766 3.858083 5487.499520
0.460996 0.051148 0.044676 0.025590 0.001415 0.402393 0.013782 3.863093 5494.588956
0.460976 0.051158 0.044644 0.025596 0.001422 0.402407 0.013797 3.868103 5501.355372
0.460938 0.051193 0.044620 0.025560 0.001417 0.402459 0.013812 3.873108 5507.959778
0.460944 0.051179 0.044647 0.025535 0.001423 0.402448 0.013823 3.878126 5514.842507
0.460948 0.051218 0.044649 0.025491 0.001423 0.402431 0.013841 3.883106 5522.801157
0.461028 0.051187 0.044662 0.025470 0.001426 0.402373 0.013855 3.888139 5529.269865
0.461004 0.051173 0.044691 0.025466 0.001422 0.402373 0.013872 3.893214 5538.071802
0.461025 0.051117 0.044710 0.025517 0.001414 0.402329 0.013889 3.898274 5546.424577
0.461027 0.051081 0.044653 0.025540 0.001421 0.402373 0.013905 3.903300 5553.091868
0.461077 0.051147 0.044562 0.025565 0.001422 0.402308 0.013919 3.908237 5559.824497
0.461163 0.051168 0.044559 0.025535 0.001423 0.402216 0.013936 3.913209 5566.732362
0.461107 0.051179 0.044631 0.025499 0.001414 0.402212 0.013958 3.918234 5574.477808
0.461141 0.051205 0.044603 0.025541 0.001402 0.402132 0.013977 3.923214 5582.171635
0.461057 0.051313 0.044628 0.025518 0.001396 0.402095 0.013994 3.928164 5589.859319
0.461043 0.051326 0.044623 0.025533 0.001395 0.402070 0.014009 3.933194 5597.043685
0.461056 0.051300 0.044618 0.025528 0.001396 0.402079 0.014024 3.938220 5605.039012
0.461088 0.051262 0.044717 0.025519 0.001393 0.401978 0.014044 3.943265 5613.596142
0.461023 0.051250 0.044717 0.025583 0.001398 0.401968 0.014062 3.948345 5620.676514
0.460975 0.051289 0.044709 0.025554 0.001389 0.402003 0.014081 3.953400 5628.216733
0.460998 0.051291 0.044720 0.025543 0.001393 0.401959 0.014097 3.958427 5634.580053
0.461029 0.051249 0.044697 0.025562 0.001390 0.401960 0.014113 3.963453 5641.575598
0.461051 0.051258 0.044706 0.025525 0.001394 0.401935 0.014130 3.968504 5648.005204
0.461008 0.051303 0.044627 0.025544 0.001394 0.401976 0.014146 3.973512 5653.527195
0.460954 0.051347 0.044613 0.025553 0.001397 0.401975 0.014161 3.978529 5660.198689
0.460939 0.051378 0.044574 0.025559 0.001398 0.401974 0.014178 3.983535 5667.450095
0.460899 0.051458 0.044624 0.025492 0.001406 0.401925 0.014194 3.988529 5673.680065
0.460886 0.051469 0.044677 0.025512 0.001410 0.401834 0.014212 3.993542 5681.125846
0.460944 0.051468 0.044687 0.025486 0.001419 0.401766 0.014229 3.998565 5687.957390
0.460839 0.051557 0.044649 0.025498 0.001414 0.401799 0.014244 4.003563 5694.552986
0.460816 0.051602 0.044614 0.025493 0.001425 0.401788 0.014260 4.008587 5701.978229
0.460759 0.051627 0.044660 0.025472 0.001433 0.401772 0.014277 4.013657 5708.582433
0.460703 0.051664 0.044704 0.025472 0.001436 0.401728 0.014294 4.018711 5715.197747
0.460694 0.051553 0.044721 0.025519 0.001437 0.401768 0.014309 4.023813 5721.469254
0.460741 0.051451 0.044730 0.025512 0.001438 0.401802 0.014327 4.028893 5728.495098
0.460719 0.051434 0.044779 0.025528 0.001439 0.401758 0.014344 4.033974 5735.913756
0.460703 0.051476 0.044722 0.025562 0.001433 0.401741 0.014362 4.038986 5744.333611
0.460723 0.051503 0.044669 0.025539 0.001430 0.401753 0.014381 4.043994 5751.397602
0.460724 0.051455 0.044679 0.025529 0.001428 0.401787 0.014397 4.049035 5758.168506
0.460727 0.051483 0.044688 0.025523 0.001425 0.401737 0.014416 4.054069 5765.875679
0.460657 0.051526 0.044800 0.025552 0.001434 0.401600 0.014431 4.059130 5773.628578
0.460623 0.051454 0.044879 0.025608 0.001421 0.401565 0.014450 4.064262 5782.202348
0.460623 0.051457 0.044867 0.025617 0.001419 0.401553 0.014464 4.069296 5790.093457
0.460578 0.051430 0.044956 0.025622 0.001422 0.401511 0.014482 4.074383 5796.782148
0.460540 0.051474 0.044977 0.025633 0.001415 0.401464 0.014498 4.079412 5803.447619
0.460465 0.051501 0.044926 0.025656 0.001419 0.401519 0.014514 4.084446 5810.218670
0.460427 0.051490 0.044945 0.025679 0.001415 0.401513 0.014531 4.089517 5817.283221
0.460411 0.051487 0.044969 0.025711 0.001414 0.401461 0.014546 4.094583 5824.202755
0.460355 0.051556 0.044979 0.025660 0.001415 0.401469 0.014565 4.099558 5830.425907
0.460316 0.051574 0.044939 0.025621 0.001412 0.401559 0.014581 4.104560 5838.042699
0.460345 0.051595 0.044948 0.025663 0.001415 0.401438 0.014596 4.109593 5844.960773
0.460286 0.051643 0.044940 0.025684 0.001414 0.401419 0.014613 4.114615 5852.704967
0.460265 0.051572 0.044989 0.025736 0.001418 0.401390 0.014630 4.119725 5859.530820
0.460244 0.051536 0.045009 0.025733 0.001425 0.401406 0.014647 4.124816 5867.176973
0.460211 0.051522 0.044979 0.025769 0.001432 0.401426 0.014661 4.129878 5873.323975
0.460201 0.051540 0.044988 0.025771 0.001430 0.401391 0.014679 4.134894 5881.625934
0.460177 0.051522 0.045022 0.025796 0.001423 0.401357 0.014701 4.139975 5888.867345
0.460170 0.051544 0.045025 0.025761 0.001431 0.401352 0.014718 4.144999 5896.629190
0.460147 0.051567 0.045069 0.025741 0.001430 0.401313 0.014732 4.150045 5904.000343
0.460147 0.051491 0.045068 0.025760 0.001424 0.401363 0.014748 4.155116 5910.852904
0.460002 0.051601 0.045029 0.025747 0.001426 0.401433 0.014763 4.160105 5918.156141
0.459985 0.051584 0.045043 0.025713 0.001426 0.401477 0.014773 4.165127 5924.382965
0.460012 0.051497 0.045080 0.025685 0.001427 0.401508 0.014792 4.170194 5931.327623
0.459944 0.051526 0.045143 0.025680 0.001422 0.401477 0.014808 4.175250 5938.480963
0.459907 0.051505 0.045122 0.025667 0.001424 0.401550 0.014825 4.180319 5945.753628
0.459970 0.051398 0.045106 0.025665 0.001426 0.401593 0.014840 4.185397 5951.930484
0.459983 0.051354 0.045107 0.025694 0.001420 0.401585 0.014857 4.190458 5959.727205
0.459960 0.051416 0.045112 0.025651 0.001431 0.401562 0.014869 4.195425 5965.272701
0.459850 0.051474 0.045067 0.025626 0.001426 0.401670 0.014887 4.200438 5973.127786
0.459865 0.051414 0.045061 0.025584 0.001425 0.401746 0.014905 4.205479 5981.127824
0.459922 0.051395 0.045036 0.025579 0.001415 0.401730 0.014922 4.210483 5989.079487
0.459923 0.051379 0.045077 0.025556 0.001420 0.401707 0.014938 4.215511 5995.286231
0.459953 0.051378 0.045033 0.025577 0.001412 0.401693 0.014954 4.220554 6002.827997
0.459903 0.051346 0.045024 0.025654 0.001415 0.401689 0.014970 4.225631 6009.861916
0.459938 0.051297 0.045034 0.025614 0.001412 0.401720 0.014986 4.230680 6017.614087
0.459993 0.051258 0.045014 0.025582 0.001415 0.401738 0.015000 4.235706 6023.997620
0.459985 0.051196 0.045055 0.025597 0.001411 0.401737 0.015017 4.240760 6031.206501
0.459981 0.051266 0.044992 0.025584 0.001417 0.401727 0.015032 4.245737 6038.264678
0.460021 0.051236 0.044997 0.025605 0.001420 0.401671 0.015050 4.250780 6044.294014
0.460025 0.051276 0.044973 0.025575 0.001426 0.401659 0.015067 4.255751 6051.495871
0.459997 0.051301 0.044938 0.025578 0.001426 0.401675 0.015085 4.260770 6058.238021
0.459974 0.051265 0.044940 0.025586 0.001428 0.401706 0.015102 4.265832 6065.336074
0.459963 0.051280 0.044912 0.025593 0.001424 0.401708 0.015120 4.270830 6073.233379
0.459942 0.051357 0.044854 0.025609 0.001428 0.401673 0.015137 4.275807 6080.152677
0.459979 0.051348 0.044862 0.025562 0.001422 0.401674 0.015153 4.280815 6086.826014
0.460109 0.051272 0.044892 0.025538 0.001423 0.401598 0.015168 4.285852 6093.572982
0.460117 0.051241 0.044893 0.025538 0.001425 0.401603 0.015183 4.290892 6100.021619
0.460071 0.051235 0.044898 0.025538 0.001419 0.401639 0.015201 4.295936 6107.638393
0.460112 0.051201 0.044897 0.025554 0.001420 0.401597 0.015220 4.300940 6114.605927
0.460111 0.051221 0.044860 0.025561 0.001419 0.401592 0.015237 4.305933 6122.333892
0.460094 0.051241 0.044866 0.025545 0.001431 0.401572 0.015251 4.310941 6129.456911
0.460069 0.051254 0.044797 0.025541 0.001436 0.401638 0.015266 4.315945 6135.888369
0.460118 0.051219 0.044812 0.025565 0.001438 0.401569 0.015280 4.321002 6143.218691
0.460121 0.051223 0.044811 0.025568 0.001438 0.401548 0.015293 4.326007 6149.662211
0.460194 0.051170 0.044802 0.025575 0.001440 0.401513 0.015307 4.331052 6156.103281
0.460194 0.051207 0.044817 0.025559 0.001436 0.401464 0.015323 4.336064 6162.862405
0.460172 0.051178 0.044814 0.025609 0.001439 0.401451 0.015338 4.341130 6169.868823
0.460121 0.051169 0.044798 0.025610 0.001446 0.401503 0.015354 4.346145 6176.280673
0.460074 0.051140 0.044745 0.025646 0.001453 0.401573 0.015369 4.351197 6183.542220
0.460132 0.051115 0.044785 0.025659 0.001451 0.401472 0.015386 4.356192 6191.582192
0.460097 0.051030 0.044876 0.025662 0.001450 0.401483 0.015401 4.361270 6198.235837
0.460108 0.050984 0.044888 0.025688 0.001448 0.401466 0.015418 4.366309 6205.500419
0.460172 0.050964 0.044874 0.025702 0.001444 0.401409 0.015435 4.371338 6213.148055
0.460198 0.050969 0.044809 0.025652 0.001455 0.401469 0.015448 4.376323 6219.274132
0.460304 0.050901 0.044801 0.025616 0.001459 0.401454 0.015464 4.381338 6227.277134
0.460349 0.050934 0.044761 0.025594 0.001458 0.401423 0.015482 4.386283 6234.815724
0.460411 0.050843 0.044731 0.025565 0.001455 0.401497 0.015498 4.391276 6241.435561
0.460455 0.050806 0.044720 0.025581 0.001449 0.401476 0.015514 4.396298 6249.614552
0.460534 0.050868 0.044624 0.025540 0.001443 0.401460 0.015531 4.401213 6257.897029
0.460609 0.050883 0.044682 0.025533 0.001440 0.401306 0.015546 4.406213 6265.253008
0.460629 0.050873 0.044610 0.025527 0.001447 0.401350 0.015563 4.411199 6272.344504
0.460699 0.050915 0.044576 0.025513 0.001446 0.401271 0.015580 4.416166 6280.015214
0.460759 0.050890 0.044582 0.025569 0.001442 0.401159 0.015598 4.421172 6286.665886
0.460823 0.050904 0.044576 0.025527 0.001456 0.401103 0.015611 4.426142 6292.595178
0.460888 0.050935 0.044624 0.025516 0.001452 0.400954 0.015632 4.431133 6300.800850
0.460913 0.050949 0.044568 0.025495 0.001446 0.400982 0.015647 4.436131 6309.815562
0.460888 0.050986 0.044560 0.025478 0.001446 0.400977 0.015665 4.441123 6316.155790
0.460976 0.050960 0.044535 0.025462 0.001441 0.400943 0.015682 4.446132 6323.655516
0.460919 0.050995 0.044508 0.025413 0.001439 0.401032 0.015694 4.451120 6330.089182
0.461000 0.051004 0.044500 0.025402 0.001441 0.400940 0.015713 4.456092 6337.473913
0.461024 0.050998 0.044476 0.025387 0.001442 0.400943 0.015730 4.461077 6344.071247
0.461008 0.051020 0.044446 0.025403 0.001433 0.400946 0.015745 4.466050 6351.487681
0.460943 0.051178 0.044384 0.025409 0.001433 0.400893 0.015761 4.470986 6358.567220
0.460903 0.051164 0.044414 0.025410 0.001435 0.400897 0.015776 4.476016 6365.053174
0.460867 0.051111 0.044487 0.025406 0.001435 0.400903 0.015791 4.481068 6372.844401
0.460846 0.051056 0.044569 0.025425 0.001434 0.400863 0.015808 4.486105 6380.787453
0.460877 0.051005 0.044562 0.025460 0.001431 0.400842 0.015823 4.491137 6388.572385
0.460741 0.051110 0.044532 0.025443 0.001432 0.400900 0.015841 4.496087 6395.689945
0.460763 0.051118 0.044558 0.025429 0.001432 0.400844 0.015855 4.501063 6402.921432
0.460884 0.051072 0.044510 0.025429 0.001437 0.400797 0.015870 4.506020 6409.762308
0.460947 0.051033 0.044543 0.025454 0.001431 0.400705 0.015886 4.511051 6416.420631
0.460904 0.051107 0.044492 0.025465 0.001435 0.400695 0.015903 4.516038 6422.574434
0.460881 0.051158 0.044534 0.025478 0.001437 0.400596 0.015916 4.521031 6427.652084
0.460900 0.051135 0.044603 0.025515 0.001434 0.400480 0.015932 4.526072 6434.537978
0.460915 0.051086 0.044644 0.025527 0.001431 0.400449 0.015948 4.531153 6442.190822
0.460883 0.051034 0.044718 0.025555 0.001433 0.400410 0.015967 4.536234 6449.998604
0.460892 0.051146 0.044702 0.025503 0.001437 0.400338 0.015982 4.541185 6457.087563
0.460924 0.051078 0.044729 0.025478 0.001437 0.400357 0.015998 4.546237 6463.407377
0.461006 0.051011 0.044712 0.025497 0.001419 0.400335 0.016020 4.551246 6472.569524
0.460995 0.050991 0.044706 0.025490 0.001409 0.400372 0.016036 4.556272 6480.531759
0.460942 0.050978 0.044656 0.025508 0.001408 0.400456 0.016052 4.561284 6487.379169
0.460964 0.050951 0.044625 0.025540 0.001399 0.400451 0.016070 4.566314 6494.281060
0.460971 0.050962 0.044605 0.025583 0.001394 0.400396 0.016087 4.571320 6502.288342
0.460985 0.050965 0.044646 0.025534 0.001395 0.400374 0.016102 4.576308 6509.506633
0.460967 0.050959 0.044647 0.025563 0.001395 0.400352 0.016117 4.581343 6516.119833
0.460969 0.050907 0.044689 0.025529 0.001399 0.400375 0.016132 4.586356 6523.258965
0.461040 0.050878 0.044692 0.025493 0.001404 0.400343 0.016150 4.591356 6530.406520
0.461066 0.050839 0.044672 0.025508 0.001405 0.400345 0.016165 4.596385 6537.219371
0.461001 0.050826 0.044630 0.025507 0.001399 0.400456 0.016181 4.601398 6545.202013
0.461051 0.050849 0.044611 0.025438 0.001399 0.400455 0.016197 4.606380 6551.245477
0.461050 0.050931 0.044544 0.025425 0.001406 0.400435 0.016210 4.611338 6557.637799
0.461083 0.050933 0.044529 0.025429 0.001406 0.400396 0.016225 4.616306 6564.991564
0.461067 0.050976 0.044534 0.025450 0.001395 0.400332 0.016246 4.621308 6573.445771
0.461003 0.051103 0.044469 0.025419 0.001398 0.400346 0.016262 4.626233 6579.038279
0.460939 0.051237 0.044434 0.025462 0.001400 0.400246 0.016283 4.631187 6585.638423
0.460938 0.051249 0.044447 0.025524 0.001397 0.400144 0.016302 4.636225 6592.855836
0.460909 0.051245 0.044433 0.025527 0.001400 0.400168 0.016318 4.641261 6600.326773
0.460886 0.051208 0.044397 0.025511 0.001403 0.400258 0.016337 4.646280 6607.118498
0.460939 0.051208 0.044475 0.025479 0.001407 0.400139 0.016354 4.651298 6614.999833
0.460939 0.051275 0.044427 0.025459 0.001408 0.400122 0.016370 4.656244 6622.072307
0.460856 0.051291 0.044424 0.025494 0.001415 0.400136 0.016384 4.661271 6628.610044
0.460961 0.051294 0.044349 0.025495 0.001420 0.400083 0.016398 4.666213 6634.637430
0.460927 0.051256 0.044387 0.025515 0.001422 0.400080 0.016414 4.671253 6640.651914
0.460912 0.051238 0.044357 0.025542 0.001423 0.400096 0.016431 4.676243 6647.503615
0.460778 0.051293 0.044389 0.025547 0.001427 0.400126 0.016442 4.681251 6653.785101
0.460768 0.051291 0.044454 0.025586 0.001415 0.400028 0.016458 4.686284 6662.593554
0.460776 0.051285 0.044488 0.025644 0.001418 0.399908 0.016481 4.691299 6670.133430
0.460674 0.051391 0.044449 0.025639 0.001415 0.399933 0.016498 4.696296 6677.628156
0.460633 0.051301 0.044482 0.025639 0.001407 0.400021 0.016516 4.701380 6686.066275
0.460647 0.051209 0.044562 0.025673 0.001403 0.399971 0.016534 4.706461 6693.505191
0.460692 0.051157 0.044573 0.025660 0.001411 0.399958 0.016549 4.711502 6698.835167
0.460681 0.051179 0.044535 0.025673 0.001408 0.399956 0.016568 4.716448 6706.222390
0.460645 0.051142 0.044596 0.025643 0.001415 0.399972 0.016587 4.721493 6712.580600
0.460646 0.051149 0.044589 0.025634 0.001418 0.399960 0.016603 4.726489 6719.784122
0.460548 0.051168 0.044603 0.025631 0.001411 0.400017 0.016622 4.731507 6727.176341
0.460467 0.051207 0.044547 0.025625 0.001417 0.400100 0.016637 4.736495 6733.542812
0.460434 0.051202 0.044591 0.025605 0.001420 0.400094 0.016653 4.741547 6739.820140
0.460428 0.051173 0.044601 0.025615 0.001418 0.400096 0.016668 4.746581 6747.892907
0.460461 0.051104 0.044598 0.025667 0.001422 0.400068 0.016681 4.751642 6755.549996
0.460468 0.051082 0.044625 0.025631 0.001432 0.400068 0.016694 4.756670 6762.360166
0.460499 0.051009 0.044635 0.025638 0.001430 0.400079 0.016711 4.761705 6769.052052
0.460538 0.050922 0.044697 0.025606 0.001437 0.400074 0.016727 4.766752 6776.205519
0.460543 0.050952 0.044751 0.025592 0.001444 0.399976 0.016743 4.771782 6783.635051
0.460495 0.050989 0.044742 0.025572 0.001434 0.400011 0.016757 4.776777 6791.524070
0.460515 0.051020 0.044731 0.025560 0.001428 0.399974 0.016772 4.781733 6798.498600
0.460537 0.051002 0.044739 0.025523 0.001424 0.399986 0.016788 4.786729 6805.610041
0.460532 0.050977 0.044695 0.025493 0.001429 0.400075 0.016801 4.791748 6812.313063
0.460493 0.051073 0.044616 0.025444 0.001426 0.400130 0.016819 4.796653 6820.123853
0.460495 0.051071 0.044549 0.025464 0.001422 0.400161 0.016837 4.801649 6828.904382
0.460522 0.051098 0.044580 0.025481 0.001426 0.400040 0.016853 4.806654 6836.130074
0.460527 0.051132 0.044578 0.025388 0.001428 0.400076 0.016870 4.811589 6843.360461
0.460464 0.051174 0.044602 0.025375 0.001424 0.400077 0.016883 4.816638 6850.504539
0.460466 0.051226 0.044636 0.025385 0.001425 0.399962 0.016899 4.821614 6857.427177
0.460587 0.051116 0.044645 0.025434 0.001429 0.399874 0.016915 4.826662 6864.096211
0.460572 0.051120 0.044603 0.025414 0.001418 0.399941 0.016932 4.831649 6872.117640
0.460530 0.051166 0.044571 0.025450 0.001411 0.399924 0.016948 4.836656 6879.129359
0.460425 0.051235 0.044568 0.025431 0.001403 0.399973 0.016964 4.841665 6886.514268
0.460416 0.051257 0.044542 0.025408 0.001410 0.399986 0.016981 4.846641 6894.010937
0.460419 0.051269 0.044599 0.025364 0.001406 0.399940 0.017003 4.851620 6901.624921
0.460386 0.051272 0.044577 0.025365 0.001409 0.399971 0.017019 4.856619 6908.741947
0.460361 0.051311 0.044640 0.025347 0.001403 0.399901 0.017036 4.861617 6916.432682
0.460324 0.051198 0.044727 0.025381 0.001410 0.399912 0.017047 4.866726 6923.153535
0.460292 0.051194 0.044744 0.025416 0.001411 0.399881 0.017062 4.871756 6929.599334
0.460319 0.051138 0.044739 0.025385 0.001421 0.399924 0.017075 4.876790 6936.644963
0.460278 0.051127 0.044721 0.025423 0.001418 0.399940 0.017094 4.881830 6944.270106
0.460218 0.051258 0.044676 0.025372 0.001417 0.399947 0.017110 4.886737 6951.374849
0.460320 0.051196 0.044719 0.025375 0.001417 0.399845 0.017128 4.891777 6959.150810
0.460274 0.051225 0.044778 0.025316 0.001420 0.399840 0.017147 4.896778 6966.134130
0.460193 0.051255 0.044790 0.025329 0.001421 0.399850 0.017163 4.901793 6972.817123
0.460118 0.051250 0.044800 0.025383 0.001414 0.399854 0.017182 4.906846 6979.660758
0.460040 0.051281 0.044852 0.025399 0.001415 0.399813 0.017200 4.911897 6987.226345
0.460020 0.051224 0.044909 0.025446 0.001416 0.399770 0.017215 4.916996 6994.181396
0.459941 0.051234 0.044948 0.025398 0.001414 0.399834 0.017232 4.922011 7001.692986
0.460030 0.051169 0.044896 0.025438 0.001408 0.399808 0.017250 4.927039 7009.241851
0.459999 0.051192 0.044826 0.025475 0.001414 0.399830 0.017264 4.932015 7016.406902
0.459956 0.051170 0.044848 0.025467 0.001433 0.399850 0.017276 4.937033 7021.825867
0.459979 0.051164 0.044851 0.025468 0.001438 0.399807 0.017293 4.941998 7028.485246
0.459943 0.051154 0.044852 0.025442 0.001439 0.399866 0.017304 4.946992 7035.085834
0.459976 0.051070 0.044830 0.025529 0.001439 0.399834 0.017322 4.952032 7041.972835
0.459947 0.051065 0.044837 0.025514 0.001440 0.399857 0.017340 4.957056 7048.623825
0.459975 0.051017 0.044752 0.025527 0.001437 0.399936 0.017356 4.962039 7056.907897
0.459993 0.050942 0.044729 0.025486 0.001444 0.400032 0.017374 4.967046 7063.215948
0.460024 0.050975 0.044755 0.025459 0.001448 0.399949 0.017389 4.972019 7069.436289
0.460038 0.051023 0.044735 0.025440 0.001447 0.399913 0.017404 4.976999 7076.062125
0.460026 0.051043 0.044730 0.025438 0.001449 0.399894 0.017420 4.981994 7083.450320
0.459988 0.051123 0.044694 0.025472 0.001446 0.399840 0.017438 4.986974 7090.632978
0.460031 0.051032 0.044722 0.025499 0.001452 0.399811 0.017453 4.992014 7097.171670
0.460084 0.051008 0.044706 0.025488 0.001455 0.399788 0.017471 4.996992 7103.959409
0.460141 0.050923 0.044674 0.025501 0.001450 0.399822 0.017488 5.001976 7111.501460
0.460258 0.050863 0.044674 0.025554 0.001451 0.399696 0.017504 5.007000 7117.583665
0.460270 0.050901 0.044647 0.025532 0.001448 0.399685 0.017517 5.011953 7125.350020
0.460347 0.050814 0.044608 0.025479 0.001447 0.399777 0.017530 5.016926 7132.012127
0.460362 0.050786 0.044599 0.025453 0.001451 0.399800 0.017549 5.021900 7139.606286
0.460386 0.050795 0.044621 0.025401 0.001442 0.399788 0.017565 5.026864 7146.958158
0.460381 0.050809 0.044673 0.025439 0.001432 0.399685 0.017581 5.031878 7154.956172
0.460315 0.050834 0.044633 0.025445 0.001424 0.399753 0.017596 5.036874 7162.886539
0.460366 0.050741 0.044640 0.025434 0.001431 0.399778 0.017609 5.041898 7169.650245
0.460356 0.050764 0.044666 0.025425 0.001434 0.399728 0.017627 5.046887 7176.944491
0.460396 0.050751 0.044658 0.025406 0.001439 0.399709 0.017641 5.051848 7183.508200
0.460421 0.050789 0.044672 0.025390 0.001435 0.399634 0.017658 5.056822 7191.001418
0.460417 0.050776 0.044614 0.025412 0.001437 0.399669 0.017675 5.061819 7197.635355
0.460408 0.050786 0.044657 0.025420 0.001430 0.399607 0.017691 5.066809 7206.551410
0.460339 0.050871 0.044648 0.025415 0.001434 0.399587 0.017705 5.071781 7213.206043
0.460399 0.050830 0.044650 0.025396 0.001434 0.399573 0.017716 5.076789 7220.154757
0.460386 0.050882 0.044638 0.025395 0.001424 0.399542 0.017732 5.081759 7228.364764
0.460373 0.050914 0.044688 0.025349 0.001419 0.399507 0.017751 5.086756 7235.410461
0.460342 0.050965 0.044642 0.025360 0.001424 0.399500 0.017767 5.091728 7242.323483
0.460420 0.050948 0.044626 0.025324 0.001432 0.399466 0.017784 5.096683 7248.382930
0.460466 0.050915 0.044595 0.025357 0.001431 0.399433 0.017803 5.101647 7255.962124
0.460447 0.050897 0.044545 0.025365 0.001429 0.399500 0.017818 5.106635 7264.194769
0.460438 0.050869 0.044562 0.025418 0.001432 0.399448 0.017832 5.111662 7271.066023
0.460476 0.050805 0.044550 0.025383 0.001432 0.399506 0.017848 5.116661 7278.139900
0.460446 0.050870 0.044519 0.025357 0.001430 0.399513 0.017866 5.121628 7285.694208
0.460397 0.050903 0.044518 0.025329 0.001421 0.399544 0.017887 5.126576 7293.248289
0.460481 0.050944 0.044456 0.025327 0.001419 0.399469 0.017904 5.131497 7299.549600
0.460465 0.050905 0.044455 0.025350 0.001411 0.399493 0.017921 5.136503 7307.136513
0.460563 0.050846 0.044460 0.025370 0.001412 0.399411 0.017937 5.141517 7314.640219
0.460475 0.050938 0.044461 0.025352 0.001419 0.399407 0.017948 5.146466 7320.704066
0.460557 0.050950 0.044495 0.025311 0.001420 0.399302 0.017965 5.151416 7327.789444
0.460577 0.050953 0.044487 0.025359 0.001421 0.399222 0.017980 5.156415 7334.403301
0.460593 0.050982 0.044476 0.025326 0.001422 0.399207 0.017993 5.161385 7341.003312
0.460574 0.050960 0.044584 0.025316 0.001428 0.399132 0.018006 5.166427 7347.031342
0.460619 0.050961 0.044565 0.025348 0.001423 0.399062 0.018021 5.171435 7354.276149
0.460562 0.050937 0.044596 0.025362 0.001427 0.399080 0.018036 5.176434 7361.497017
0.460581 0.050905 0.044628 0.025339 0.001427 0.399070 0.018049 5.181444 7367.314144
0.460558 0.050923 0.044639 0.025372 0.001432 0.399011 0.018065 5.186441 7374.273701
0.460512 0.050886 0.044668 0.025369 0.001431 0.399052 0.018082 5.191481 7381.544017
0.460504 0.050832 0.044712 0.025349 0.001428 0.399076 0.018099 5.196507 7390.291495
0.460462 0.050904 0.044683 0.025309 0.001432 0.399093 0.018117 5.201438 7396.637350
0.460508 0.050856 0.044699 0.025278 0.001428 0.399099 0.018131 5.206420 7404.036066
0.460466 0.050867 0.044701 0.025250 0.001413 0.399150 0.018152 5.211400 7411.697264
0.460459 0.050839 0.044734 0.025218 0.001421 0.399163 0.018167 5.216391 7418.895685
0.460410 0.050845 0.044797 0.025216 0.001419 0.399131 0.018182 5.221393 7424.688111
0.460399 0.050872 0.044738 0.025254 0.001420 0.399120 0.018197 5.226395 7432.340292
0.460331 0.050963 0.044775 0.025243 0.001417 0.399058 0.018213 5.231387 7439.511116
0.460367 0.050868 0.044759 0.025237 0.001422 0.399120 0.018227 5.236403 7446.094647
0.460351 0.051004 0.044687 0.025198 0.001423 0.399093 0.018245 5.241298 7453.135077
0.460297 0.051068 0.044648 0.025140 0.001424 0.399162 0.018261 5.246255 7460.243397
0.460295 0.051003 0.044660 0.025159 0.001431 0.399179 0.018274 5.251302 7466.533109
0.460303 0.050986 0.044643 0.025127 0.001433 0.399221 0.018287 5.256291 7473.872026
