0.359580 0.062572 0.055080 0.031618 0.002066 0.483349 0.005735 1.579191 2018.361813
0.360826 0.061226 0.056470 0.030191 0.002060 0.483464 0.005763 1.585330 2028.642927
0.363758 0.058451 0.057585 0.028895 0.002051 0.483474 0.005785 1.591239 2037.993068
0.367641 0.055084 0.058338 0.027619 0.002034 0.483471 0.005812 1.596812 2049.698883
0.371980 0.051527 0.058745 0.026322 0.002025 0.483561 0.005840 1.602008 2058.697928
0.376755 0.047969 0.058795 0.025079 0.002011 0.483527 0.005865 1.606827 2068.873441
0.381810 0.044388 0.058542 0.023933 0.001995 0.483444 0.005888 1.611346 2079.493087
0.387093 0.040948 0.058047 0.022825 0.001969 0.483204 0.005914 1.615535 2088.912635
0.392479 0.037707 0.057318 0.021717 0.001957 0.482885 0.005938 1.619405 2099.307578
0.397994 0.034680 0.056386 0.020657 0.001945 0.482373 0.005964 1.622938 2108.858903
0.403541 0.031877 0.055238 0.019649 0.001916 0.481789 0.005989 1.626161 2119.290515
0.409189 0.029168 0.053995 0.018657 0.001885 0.481094 0.006013 1.629222 2129.180070
0.414840 0.026737 0.052571 0.017686 0.001858 0.480270 0.006039 1.631947 2139.351232
0.420614 0.024485 0.051050 0.016822 0.001827 0.479139 0.006064 1.634446 2149.430074
0.426355 0.022397 0.049473 0.015945 0.001799 0.477947 0.006084 1.636741 2158.883069
0.432112 0.020509 0.047822 0.015093 0.001759 0.476592 0.006113 1.638812 2170.631386
0.437890 0.018750 0.046089 0.014302 0.001724 0.475109 0.006136 1.640731 2179.922908
0.443675 0.017095 0.044376 0.013532 0.001696 0.473465 0.006161 1.642526 2190.264995
0.449483 0.015601 0.042647 0.012804 0.001663 0.471616 0.006186 1.644139 2200.294442
0.455265 0.014255 0.040922 0.012087 0.001629 0.469635 0.006206 1.645576 2209.516997
0.461096 0.012998 0.039212 0.011418 0.001597 0.467451 0.006228 1.646923 2219.278508
0.466818 0.011826 0.037583 0.010783 0.001565 0.465176 0.006249 1.648175 2228.297260
0.472567 0.010763 0.035977 0.010178 0.001531 0.462713 0.006272 1.649306 2238.308956
0.478258 0.009795 0.034399 0.009593 0.001499 0.460165 0.006290 1.650338 2247.829412
0.484012 0.008934 0.032819 0.009042 0.001468 0.457419 0.006308 1.651253 2256.872830
0.489622 0.008150 0.031244 0.008524 0.001426 0.454708 0.006327 1.652085 2268.556453
0.495226 0.007451 0.029705 0.008036 0.001395 0.451841 0.006345 1.652828 2277.053585
0.500834 0.006785 0.028192 0.007569 0.001354 0.448901 0.006365 1.653537 2286.322328
0.506388 0.006200 0.026771 0.007088 0.001315 0.445856 0.006382 1.654154 2296.154611
0.511931 0.005660 0.025428 0.006668 0.001288 0.442625 0.006400 1.654733 2305.153861
0.517449 0.005149 0.024099 0.006279 0.001250 0.439359 0.006416 1.655275 2314.300285
0.522944 0.004694 0.022869 0.005891 0.001213 0.435958 0.006430 1.655759 2323.388931
0.528342 0.004274 0.021667 0.005539 0.001176 0.432554 0.006449 1.656203 2332.751609
0.533701 0.003890 0.020523 0.005222 0.001142 0.429060 0.006462 1.656612 2341.634058
0.538968 0.003557 0.019382 0.004917 0.001103 0.425594 0.006477 1.656966 2350.319929
0.544205 0.003241 0.018331 0.004624 0.001081 0.422028 0.006490 1.657300 2357.106401
0.549380 0.002948 0.017328 0.004350 0.001047 0.418441 0.006506 1.657613 2365.793350
0.554609 0.002672 0.016382 0.004089 0.001012 0.414714 0.006522 1.657908 2374.044108
0.559732 0.002421 0.015487 0.003842 0.000979 0.411004 0.006536 1.658171 2382.337762
0.564834 0.002220 0.014590 0.003615 0.000954 0.407238 0.006549 1.658390 2389.441494
0.569855 0.002015 0.013771 0.003405 0.000929 0.403467 0.006558 1.658605 2396.064166
0.574865 0.001832 0.012993 0.003200 0.000908 0.399635 0.006568 1.658796 2401.805505
0.579821 0.001666 0.012256 0.003013 0.000884 0.395780 0.006580 1.658973 2408.459156
0.584661 0.001509 0.011541 0.002830 0.000858 0.392008 0.006593 1.659139 2416.267005
0.589546 0.001390 0.010854 0.002662 0.000826 0.388118 0.006605 1.659269 2424.534874
0.594334 0.001276 0.010206 0.002492 0.000801 0.384277 0.006615 1.659394 2431.860063
0.599148 0.001157 0.009603 0.002339 0.000770 0.380356 0.006627 1.659519 2439.805317
0.603799 0.001060 0.009036 0.002183 0.000741 0.376543 0.006638 1.659626 2446.532026
0.608551 0.000973 0.008495 0.002056 0.000718 0.372560 0.006648 1.659721 2452.629493
0.613167 0.000889 0.008006 0.001925 0.000695 0.368661 0.006657 1.659814 2459.622740
0.617719 0.000822 0.007522 0.001800 0.000675 0.364795 0.006666 1.659888 2465.880721
0.622240 0.000752 0.007076 0.001692 0.000653 0.360910 0.006678 1.659964 2472.396430
0.626664 0.000687 0.006642 0.001590 0.000632 0.357100 0.006685 1.660034 2478.291571
0.631075 0.000626 0.006230 0.001491 0.000612 0.353272 0.006694 1.660101 2484.653702
0.635434 0.000574 0.005837 0.001401 0.000593 0.349462 0.006699 1.660158 2490.299002
0.639767 0.000529 0.005478 0.001305 0.000571 0.345643 0.006707 1.660208 2496.489768
0.644040 0.000479 0.005139 0.001223 0.000554 0.341850 0.006714 1.660261 2501.454670
0.648282 0.000440 0.004811 0.001141 0.000536 0.338068 0.006722 1.660306 2506.726214
0.652458 0.000403 0.004510 0.001071 0.000519 0.334313 0.006727 1.660345 2511.448939
0.656634 0.000374 0.004231 0.001000 0.000501 0.330526 0.006735 1.660378 2516.907542
0.660706 0.000338 0.003973 0.000931 0.000488 0.326824 0.006741 1.660416 2521.563851
0.664716 0.000311 0.003718 0.000869 0.000471 0.323169 0.006746 1.660447 2527.389752
0.668676 0.000290 0.003473 0.000816 0.000455 0.319536 0.006753 1.660472 2532.186528
0.672649 0.000264 0.003267 0.000761 0.000445 0.315857 0.006758 1.660501 2536.004563
0.676562 0.000245 0.003063 0.000709 0.000431 0.312226 0.006764 1.660523 2540.809395
0.680430 0.000227 0.002872 0.000664 0.000415 0.308623 0.006770 1.660543 2545.587880
0.684290 0.000213 0.002686 0.000617 0.000403 0.305016 0.006774 1.660561 2549.569951
0.688073 0.000192 0.002520 0.000577 0.000389 0.301471 0.006779 1.660585 2553.698224
0.691765 0.000172 0.002362 0.000539 0.000378 0.298002 0.006782 1.660608 2558.203846
0.695472 0.000158 0.002220 0.000501 0.000361 0.294500 0.006788 1.660625 2562.940496
0.699093 0.000146 0.002073 0.000469 0.000349 0.291077 0.006793 1.660639 2566.642315
0.702717 0.000137 0.001943 0.000437 0.000339 0.287630 0.006798 1.660651 2570.619238
0.706295 0.000128 0.001812 0.000410 0.000327 0.284226 0.006803 1.660664 2574.106134
0.709808 0.000118 0.001699 0.000386 0.000314 0.280867 0.006809 1.660676 2578.987430
0.713303 0.000109 0.001586 0.000360 0.000302 0.277527 0.006813 1.660687 2583.357155
0.716724 0.000103 0.001477 0.000334 0.000289 0.274258 0.006816 1.660695 2587.903371
0.720097 0.000097 0.001387 0.000313 0.000276 0.271013 0.006817 1.660702 2592.118247
0.723408 0.000091 0.001312 0.000295 0.000266 0.267807 0.006821 1.660711 2595.460520
0.726757 0.000086 0.001229 0.000277 0.000257 0.264570 0.006825 1.660719 2598.720214
0.730034 0.000079 0.001151 0.000263 0.000247 0.261397 0.006829 1.660727 2602.376239
0.733264 0.000073 0.001075 0.000247 0.000235 0.258272 0.006835 1.660734 2605.981372
0.736489 0.000068 0.000995 0.000229 0.000226 0.255157 0.006836 1.660740 2609.245238
0.739686 0.000062 0.000934 0.000217 0.000218 0.252044 0.006839 1.660748 2612.677175
0.742833 0.000055 0.000871 0.000202 0.000208 0.248988 0.006844 1.660755 2616.812803
0.745965 0.000051 0.000812 0.000190 0.000200 0.245936 0.006847 1.660761 2619.507013
0.748981 0.000048 0.000760 0.000179 0.000190 0.242991 0.006850 1.660766 2623.714628
0.752024 0.000045 0.000711 0.000169 0.000183 0.240016 0.006853 1.660770 2626.458500
0.754981 0.000041 0.000660 0.000158 0.000179 0.237127 0.006854 1.660774 2628.214152
0.757923 0.000038 0.000616 0.000149 0.000174 0.234245 0.006855 1.660778 2630.528984
0.760836 0.000035 0.000580 0.000142 0.000168 0.231381 0.006857 1.660781 2632.555217
0.763718 0.000034 0.000544 0.000131 0.000162 0.228553 0.006859 1.660783 2635.088717
0.766555 0.000032 0.000512 0.000120 0.000156 0.225764 0.006861 1.660786 2637.081041
0.769303 0.000030 0.000482 0.000113 0.000150 0.223059 0.006863 1.660789 2639.524963
0.772021 0.000027 0.000451 0.000102 0.000146 0.220389 0.006864 1.660792 2641.236386
0.774797 0.000024 0.000426 0.000096 0.000141 0.217651 0.006865 1.660796 2643.373693
0.777463 0.000022 0.000399 0.000090 0.000134 0.215023 0.006869 1.660799 2645.977475
0.780158 0.000020 0.000374 0.000084 0.000130 0.212364 0.006871 1.660801 2647.708650
0.782777 0.000019 0.000351 0.000077 0.000125 0.209780 0.006872 1.660803 2649.936852
0.785342 0.000018 0.000327 0.000071 0.000119 0.207249 0.006875 1.660804 2652.649019
0.787902 0.000016 0.000307 0.000064 0.000114 0.204720 0.006878 1.660806 2654.731133
0.790388 0.000015 0.000288 0.000058 0.000109 0.202262 0.006880 1.660808 2657.258379
0.792821 0.000014 0.000271 0.000055 0.000104 0.199854 0.006881 1.660808 2659.617797
0.795252 0.000013 0.000252 0.000051 0.000101 0.197449 0.006882 1.660810 2660.536990
0.797649 0.000012 0.000238 0.000049 0.000098 0.195071 0.006884 1.660811 2662.332982
0.799973 0.000011 0.000223 0.000046 0.000095 0.192767 0.006885 1.660812 2663.189937
0.802302 0.000010 0.000208 0.000043 0.000091 0.190458 0.006887 1.660814 2664.792770
0.804567 0.000009 0.000195 0.000040 0.000088 0.188213 0.006888 1.660815 2666.504497
0.806781 0.000010 0.000180 0.000037 0.000083 0.186019 0.006889 1.660815 2668.539909
0.808958 0.000008 0.000169 0.000036 0.000079 0.183858 0.006891 1.660816 2670.834806
0.811051 0.000008 0.000157 0.000034 0.000076 0.181781 0.006892 1.660817 2672.342328
0.813140 0.000008 0.000149 0.000031 0.000072 0.179705 0.006895 1.660817 2673.824478
0.815149 0.000008 0.000141 0.000028 0.000070 0.177707 0.006896 1.660817 2674.575834
0.817083 0.000007 0.000132 0.000026 0.000067 0.175787 0.006897 1.660818 2676.037482
0.818934 0.000006 0.000122 0.000024 0.000064 0.173951 0.006898 1.660819 2677.290856
0.820774 0.000006 0.000116 0.000022 0.000061 0.172122 0.006899 1.660820 2678.649627
0.822539 0.000006 0.000107 0.000020 0.000058 0.170369 0.006901 1.660820 2680.372813
0.824247 0.000006 0.000100 0.000018 0.000056 0.168672 0.006902 1.660821 2681.642306
0.825899 0.000005 0.000093 0.000018 0.000053 0.167028 0.006904 1.660821 2682.943774
0.827496 0.000005 0.000087 0.000017 0.000052 0.165440 0.006904 1.660822 2683.583114
0.829035 0.000005 0.000083 0.000016 0.000049 0.163908 0.006904 1.660822 2685.207334
0.830538 0.000004 0.000079 0.000016 0.000048 0.162410 0.006905 1.660823 2686.095959
0.831966 0.000004 0.000073 0.000015 0.000046 0.160989 0.006906 1.660824 2687.108397
0.833362 0.000004 0.000067 0.000014 0.000044 0.159602 0.006906 1.660824 2687.999381
0.834652 0.000004 0.000064 0.000013 0.000041 0.158318 0.006907 1.660824 2689.409962
0.835927 0.000003 0.000060 0.000012 0.000040 0.157050 0.006908 1.660825 2690.251754
0.837153 0.000003 0.000057 0.000011 0.000037 0.155830 0.006909 1.660826 2691.752598
0.838295 0.000003 0.000054 0.000011 0.000036 0.154692 0.006909 1.660826 2692.338438
0.839369 0.000003 0.000050 0.000010 0.000033 0.153623 0.006911 1.660826 2693.859947
0.840421 0.000002 0.000048 0.000010 0.000032 0.152575 0.006911 1.660826 2694.607264
0.841427 0.000002 0.000044 0.000009 0.000031 0.151574 0.006911 1.660826 2694.820067
0.842380 0.000002 0.000040 0.000009 0.000030 0.150627 0.006912 1.660827 2695.438463
0.843275 0.000003 0.000036 0.000008 0.000030 0.149736 0.006912 1.660827 2695.659001
0.844123 0.000003 0.000033 0.000007 0.000029 0.148893 0.006912 1.660827 2696.178890
0.844952 0.000003 0.000031 0.000007 0.000027 0.148068 0.006913 1.660827 2697.177010
0.845719 0.000002 0.000029 0.000006 0.000026 0.147304 0.006913 1.660827 2697.628098
0.846470 0.000002 0.000028 0.000006 0.000025 0.146554 0.006914 1.660827 2698.425242
0.847158 0.000002 0.000026 0.000006 0.000023 0.145871 0.006915 1.660828 2699.579432
0.847806 0.000002 0.000025 0.000006 0.000023 0.145224 0.006915 1.660828 2699.601096
0.848407 0.000002 0.000024 0.000005 0.000021 0.144626 0.006915 1.660828 2700.430528
0.848993 0.000002 0.000023 0.000005 0.000020 0.144042 0.006916 1.660828 2701.518481
0.849562 0.000002 0.000022 0.000005 0.000018 0.143476 0.006917 1.660828 2702.477105
0.850090 0.000002 0.000021 0.000004 0.000017 0.142949 0.006918 1.660828 2703.361052
0.850597 0.000002 0.000020 0.000004 0.000015 0.142445 0.006918 1.660828 2704.303924
0.851050 0.000002 0.000018 0.000004 0.000014 0.141995 0.006918 1.660829 2704.722435
0.851473 0.000002 0.000017 0.000003 0.000014 0.141573 0.006918 1.660829 2704.902401
0.851874 0.000001 0.000017 0.000003 0.000013 0.141173 0.006919 1.660829 2705.026268
0.852271 0.000001 0.000016 0.000003 0.000014 0.140777 0.006919 1.660829 2705.161663
0.852630 0.000001 0.000014 0.000003 0.000013 0.140420 0.006919 1.660829 2705.750233
0.852971 0.000001 0.000014 0.000003 0.000012 0.140080 0.006919 1.660829 2705.987412
0.853297 0.000001 0.000014 0.000002 0.000011 0.139755 0.006920 1.660830 2706.340795
0.853610 0.000001 0.000014 0.000002 0.000011 0.139443 0.006920 1.660830 2706.362653
0.853907 0.000001 0.000013 0.000002 0.000010 0.139147 0.006920 1.660830 2706.884731
0.854173 0.000001 0.000012 0.000002 0.000010 0.138882 0.006921 1.660830 2707.370356
0.854432 0.000001 0.000012 0.000002 0.000010 0.138624 0.006921 1.660830 2707.569297
0.854688 0.000001 0.000011 0.000001 0.000010 0.138368 0.006921 1.660830 2707.569297
0.854925 0.000001 0.000010 0.000001 0.000009 0.138133 0.006921 1.660830 2708.120403
0.855143 0.000001 0.000009 0.000001 0.000008 0.137916 0.006922 1.660830 2708.745055
0.855336 0.000001 0.000009 0.000001 0.000008 0.137724 0.006922 1.660830 2708.765695
0.855528 0.000001 0.000008 0.000000 0.000008 0.137532 0.006922 1.660830 2708.765695
0.855708 0.000001 0.000008 0.000000 0.000007 0.137353 0.006922 1.660830 2708.895959
0.855887 0.000001 0.000007 0.000000 0.000007 0.137176 0.006922 1.660830 2709.109171
0.856042 0.000001 0.000006 0.000000 0.000007 0.137021 0.006922 1.660830 2709.247948
0.856183 0.000001 0.000006 0.000000 0.000006 0.136881 0.006922 1.660830 2709.703692
0.856323 0.000001 0.000006 0.000000 0.000006 0.136741 0.006922 1.660831 2709.703692
0.856472 0.000000 0.000006 0.000000 0.000006 0.136593 0.006922 1.660831 2709.703692
0.856587 0.000001 0.000006 0.000000 0.000005 0.136478 0.006923 1.660831 2710.144586
0.856704 0.000001 0.000006 0.000000 0.000005 0.136361 0.006923 1.660831 2710.144586
0.856821 0.000001 0.000006 0.000000 0.000005 0.136245 0.006923 1.660831 2710.144586
0.856935 0.000000 0.000006 0.000000 0.000005 0.136131 0.006923 1.660831 2710.144586
0.857040 0.000000 0.000005 0.000000 0.000005 0.136027 0.006923 1.660831 2710.322016
0.857139 0.000000 0.000005 0.000000 0.000005 0.135928 0.006923 1.660831 2710.322016
0.857235 0.000000 0.000005 0.000000 0.000005 0.135832 0.006923 1.660831 2710.515645
0.857322 0.000000 0.000005 0.000000 0.000005 0.135746 0.006923 1.660831 2710.544946
0.857409 0.000000 0.000005 0.000000 0.000005 0.135658 0.006923 1.660831 2710.544946
0.857489 0.000000 0.000004 0.000000 0.000005 0.135579 0.006923 1.660831 2710.544946
0.857565 0.000000 0.000004 0.000000 0.000004 0.135503 0.006923 1.660831 2710.685891
0.857643 0.000000 0.000004 0.000000 0.000004 0.135426 0.006923 1.660831 2710.685891
0.857706 0.000000 0.000003 0.000000 0.000004 0.135364 0.006923 1.660831 2711.059965
0.857772 0.000000 0.000003 0.000000 0.000004 0.135299 0.006923 1.660832 2711.290620
0.857824 0.000000 0.000002 0.000000 0.000004 0.135247 0.006923 1.660832 2711.290620
0.857876 0.000000 0.000002 0.000000 0.000004 0.135195 0.006923 1.660832 2711.290620
0.857920 0.000000 0.000002 0.000000 0.000003 0.135151 0.006923 1.660832 2711.425118
0.857967 0.000000 0.000002 0.000000 0.000003 0.135104 0.006923 1.660832 2711.425118
0.858013 0.000000 0.000002 0.000000 0.000003 0.135058 0.006924 1.660832 2711.867163
0.858057 0.000000 0.000002 0.000000 0.000003 0.135015 0.006924 1.660832 2711.867163
0.858101 0.000000 0.000002 0.000000 0.000003 0.134971 0.006924 1.660832 2711.867163
0.858141 0.000000 0.000002 0.000000 0.000003 0.134931 0.006924 1.660832 2711.867163
0.858176 0.000000 0.000002 0.000000 0.000003 0.134896 0.006924 1.660832 2711.867163
0.858209 0.000000 0.000001 0.000000 0.000003 0.134863 0.006924 1.660832 2711.867163
0.858240 0.000000 0.000001 0.000000 0.000003 0.134832 0.006924 1.660832 2711.867163
0.858275 0.000000 0.000001 0.000000 0.000003 0.134798 0.006924 1.660832 2711.867163
0.858305 0.000000 0.000001 0.000000 0.000003 0.134768 0.006924 1.660832 2711.867163
0.858335 0.000000 0.000001 0.000000 0.000003 0.134737 0.006924 1.660832 2711.867163
0.858364 0.000000 0.000001 0.000000 0.000003 0.134709 0.006924 1.660832 2711.867163
0.858396 0.000000 0.000001 0.000000 0.000003 0.134677 0.006924 1.660832 2711.867163
0.858420 0.000000 0.000001 0.000000 0.000003 0.134653 0.006924 1.660832 2711.898854
0.858446 0.000000 0.000001 0.000000 0.000003 0.134627 0.006924 1.660832 2711.898854
0.858471 0.000000 0.000000 0.000000 0.000002 0.134602 0.006924 1.660832 2711.903726
0.858488 0.000000 0.000000 0.000000 0.000002 0.134585 0.006924 1.660832 2711.903726
0.858506 0.000000 0.000000 0.000000 0.000002 0.134568 0.006925 1.660832 2711.942210
0.858522 0.000000 0.000000 0.000000 0.000002 0.134552 0.006925 1.660832 2712.227618
0.858534 0.000000 0.000000 0.000000 0.000002 0.134540 0.006925 1.660832 2712.227618
0.858545 0.000000 0.000000 0.000000 0.000002 0.134528 0.006925 1.660832 2712.227618
0.858558 0.000000 0.000000 0.000000 0.000002 0.134516 0.006925 1.660832 2712.227618
0.858571 0.000000 0.000000 0.000000 0.000002 0.134502 0.006925 1.660832 2712.227618
0.858586 0.000000 0.000000 0.000000 0.000002 0.134488 0.006925 1.660832 2712.227618
0.858597 0.000000 0.000000 0.000000 0.000001 0.134477 0.006925 1.660832 2712.303310
0.858604 0.000000 0.000000 0.000000 0.000001 0.134470 0.006925 1.660832 2712.472565
0.858613 0.000000 0.000000 0.000000 0.000001 0.134460 0.006925 1.660832 2712.472565
0.858621 0.000000 0.000000 0.000000 0.000001 0.134453 0.006925 1.660832 2712.472565
0.858629 0.000000 0.000000 0.000000 0.000001 0.134444 0.006925 1.660832 2712.472565
0.858636 0.000000 0.000000 0.000000 0.000001 0.134437 0.006925 1.660832 2712.472565
0.858645 0.000000 0.000000 0.000000 0.000001 0.134429 0.006925 1.660832 2712.472565
0.858653 0.000000 0.000000 0.000000 0.000001 0.134421 0.006925 1.660832 2712.472565
0.858659 0.000000 0.000000 0.000000 0.000001 0.134415 0.006925 1.660832 2712.472565
0.858669 0.000000 0.000000 0.000000 0.000001 0.134405 0.006925 1.660832 2712.472565
0.858676 0.000000 0.000000 0.000000 0.000001 0.134398 0.006925 1.660832 2712.472565
0.858682 0.000000 0.000000 0.000000 0.000001 0.134392 0.006925 1.660832 2712.731336
0.858685 0.000000 0.000000 0.000000 0.000001 0.134389 0.006925 1.660832 2712.731336
0.858690 0.000000 0.000000 0.000000 0.000001 0.134384 0.006925 1.660832 2712.731336
0.858696 0.000000 0.000000 0.000000 0.000001 0.134379 0.006925 1.660832 2712.731336
0.858699 0.000000 0.000000 0.000000 0.000001 0.134375 0.006925 1.660832 2712.731336
0.858703 0.000000 0.000000 0.000000 0.000001 0.134371 0.006925 1.660832 2712.731336
0.858708 0.000000 0.000000 0.000000 0.000001 0.134367 0.006925 1.660832 2712.731336
0.858711 0.000000 0.000000 0.000000 0.000001 0.134363 0.006925 1.660832 2712.731336
0.858714 0.000000 0.000000 0.000000 0.000001 0.134361 0.006925 1.660832 2712.731336
0.858718 0.000000 0.000000 0.000000 0.000001 0.134356 0.006925 1.660832 2712.731336
0.858721 0.000000 0.000000 0.000000 0.000001 0.134353 0.006925 1.660832 2712.731336
0.858725 0.000000 0.000000 0.000000 0.000001 0.134350 0.006925 1.660832 2712.731336
0.858729 0.000000 0.000000 0.000000 0.000001 0.134345 0.006925 1.660832 2712.731336
0.858733 0.000000 0.000000 0.000000 0.000001 0.134341 0.006925 1.660832 2712.731336
0.858738 0.000000 0.000000 0.000000 0.000001 0.134336 0.006925 1.660832 2712.731336
0.858741 0.000000 0.000000 0.000000 0.000001 0.134333 0.006925 1.660832 2712.731336
0.858744 0.000000 0.000000 0.000000 0.000001 0.134330 0.006925 1.660832 2712.731336
0.858748 0.000000 0.000000 0.000000 0.000001 0.134327 0.006925 1.660832 2712.731336
0.858750 0.000000 0.000000 0.000000 0.000001 0.134324 0.006925 1.660832 2712.731336
0.858753 0.000000 0.000000 0.000000 0.000001 0.134321 0.006925 1.660832 2712.731336
0.858758 0.000000 0.000000 0.000000 0.000001 0.134317 0.006925 1.660832 2712.731336
0.858761 0.000000 0.000000 0.000000 0.000001 0.134314 0.006925 1.660832 2712.731336
0.858764 0.000000 0.000000 0.000000 0.000001 0.134310 0.006925 1.660832 2712.731336
0.858768 0.000000 0.000000 0.000000 0.000001 0.134307 0.006925 1.660832 2712.731336
0.858770 0.000000 0.000000 0.000000 0.000000 0.134304 0.006925 1.660832 2712.845110
0.858773 0.000000 0.000000 0.000000 0.000000 0.134302 0.006925 1.660832 2712.845110
0.858775 0.000000 0.000000 0.000000 0.000000 0.134300 0.006925 1.660832 2712.845110
0.858777 0.000000 0.000000 0.000000 0.000000 0.134298 0.006925 1.660832 2712.845110
0.858779 0.000000 0.000000 0.000000 0.000000 0.134295 0.006925 1.660832 2712.845110
0.858782 0.000000 0.000000 0.000000 0.000000 0.134293 0.006925 1.660832 2712.845110
0.858783 0.000000 0.000000 0.000000 0.000000 0.134292 0.006925 1.660832 2713.138373
0.858784 0.000000 0.000000 0.000000 0.000000 0.134291 0.006925 1.660832 2713.138373
0.858785 0.000000 0.000000 0.000000 0.000000 0.134290 0.006925 1.660832 2713.138373
0.858785 0.000000 0.000000 0.000000 0.000000 0.134290 0.006925 1.660832 2713.394955
0.858785 0.000000 0.000000 0.000000 0.000000 0.134290 0.006925 1.660832 2713.394955
0.858785 0.000000 0.000000 0.000000 0.000000 0.134290 0.006925 1.660832 2713.394955
0.858785 0.000000 0.000000 0.000000 0.000000 0.134290 0.006925 1.660832 2713.394955
0.858785 0.000000 0.000000 0.000000 0.000000 0.134290 0.006925 1.660832 2713.394955
0.858785 0.000000 0.000000 0.000000 0.000000 0.134290 0.006925 1.660832 2713.394955
0.858785 0.000000 0.000000 0.000000 0.000000 0.134290 0.006925 1.660832 2713.394955
0.858785 0.000000 0.000000 0.000000 0.000000 0.134290 0.006925 1.660832 2713.394955
0.858785 0.000000 0.000000 0.000000 0.000000 0.134290 0.006925 1.660832 2713.394955
0.858785 0.000000 0.000000 0.000000 0.000000 0.134290 0.006925 1.660832 2713.394955
0.858785 0.000000 0.000000 0.000000 0.000000 0.134290 0.006925 1.660832 2713.394955
0.858785 0.000000 0.000000 0.000000 0.000000 0.134290 0.006925 1.660832 2713.394955
0.858785 0.000000 0.000000 0.000000 0.000000 0.134290 0.006925 1.660832 2713.394955
0.858785 0.000000 0.000000 0.000000 0.000000 0.134290 0.006925 1.660832 2713.394955
0.858785 0.000000 0.000000 0.000000 0.000000 0.134290 0.006925 1.660832 2713.394955
0.858785 0.000000 0.000000 0.000000 0.000000 0.134290 0.006925 1.660832 2713.394955
0.858785 0.000000 0.000000 0.000000 0.000000 0.134290 0.006925 1.660832 2713.394955
0.858785 0.000000 0.000000 0.000000 0.000000 0.134290 0.006925 1.660832 2713.394955
0.858785 0.000000 0.000000 0.000000 0.000000 0.134290 0.006925 1.660832 2713.394955
0.858785 0.000000 0.000000 0.000000 0.000000 0.134290 0.006925 1.660832 2713.394955
0.858785 0.000000 0.000000 0.000000 0.000000 0.134290 0.006925 1.660832 2713.394955
0.858785 0.000000 0.000000 0.000000 0.000000 0.134290 0.006925 1.660832 2713.394955
0.858785 0.000000 0.000000 0.000000 0.000000 0.134290 0.006925 1.660832 2713.394955
0.858785 0.000000 0.000000 0.000000 0.000000 0.134290 0.006925 1.660832 2713.394955
0.858785 0.000000 0.000000 0.000000 0.000000 0.134290 0.006925 1.660832 2713.394955
0.858785 0.000000 0.000000 0.000000 0.000000 0.134290 0.006925 1.660832 2713.394955
0.858785 0.000000 0.000000 0.000000 0.000000 0.134290 0.006925 1.660832 2713.394955
0.858785 0.000000 0.000000 0.000000 0.000000 0.134290 0.006925 1.660832 2713.394955
0.858785 0.000000 0.000000 0.000000 0.000000 0.134290 0.006925 1.660832 2713.394955
0.858785 0.000000 0.000000 0.000000 0.000000 0.134290 0.006925 1.660832 2713.394955
0.858785 0.000000 0.000000 0.000000 0.000000 0.134290 0.006925 1.660832 2713.394955
0.858785 0.000000 0.000000 0.000000 0.000000 0.134290 0.006925 1.660832 2713.394955
0.858785 0.000000 0.000000 0.000000 0.000000 0.134290 0.006925 1.660832 2713.394955
0.858785 0.000000 0.000000 0.000000 0.000000 0.134290 0.006925 1.660832 2713.394955
0.858785 0.000000 0.000000 0.000000 0.000000 0.134290 0.006925 1.660832 2713.394955
0.858785 0.000000 0.000000 0.000000 0.000000 0.134290 0.006925 1.660832 2713.394955
0.858785 0.000000 0.000000 0.000000 0.000000 0.134290 0.006925 1.660832 2713.394955
0.858785 0.000000 0.000000 0.000000 0.000000 0.134290 0.006925 1.660832 2713.394955
0.858785 0.000000 0.000000 0.000000 0.000000 0.134290 0.006925 1.660832 2713.394955
0.858785 0.000000 0.000000 0.000000 0.000000 0.134290 0.006925 1.660832 2713.394955
0.858785 0.000000 0.000000 0.000000 0.000000 0.134290 0.006925 1.660832 2713.394955
0.858785 0.000000 0.000000 0.000000 0.000000 0.134290 0.006925 1.660832 2713.394955
0.858785 0.000000 0.000000 0.000000 0.000000 0.134290 0.006925 1.660832 2713.394955
0.858785 0.000000 0.000000 0.000000 0.000000 0.134290 0.006925 1.660832 2713.394955
0.858785 0.000000 0.000000 0.000000 0.000000 0.134290 0.006925 1.660832 2713.394955
0.858785 0.000000 0.000000 0.000000 0.000000 0.134290 0.006925 1.660832 2713.394955
0.858785 0.000000 0.000000 0.000000 0.000000 0.134290 0.006925 1.660832 2713.394955
0.858785 0.000000 0.000000 0.000000 0.000000 0.134290 0.006925 1.660832 2713.394955
0.858785 0.000000 0.000000 0.000000 0.000000 0.134290 0.006925 1.660832 2713.394955
0.858785 0.000000 0.000000 0.000000 0.000000 0.134290 0.006925 1.660832 2713.394955
0.858785 0.000000 0.000000 0.000000 0.000000 0.134290 0.006925 1.660832 2713.394955
0.858785 0.000000 0.000000 0.000000 0.000000 0.134290 0.006925 1.660832 2713.394955
0.858785 0.000000 0.000000 0.000000 0.000000 0.134290 0.006925 1.660832 2713.394955
0.858785 0.000000 0.000000 0.000000 0.000000 0.134290 0.006925 1.660832 2713.394955
0.858785 0.000000 0.000000 0.000000 0.000000 0.134290 0.006925 1.660832 2713.394955
0.858785 0.000000 0.000000 0.000000 0.000000 0.134290 0.006925 1.660832 2713.394955
0.858785 0.000000 0.000000 0.000000 0.000000 0.134290 0.006925 1.660832 2713.394955
0.858785 0.000000 0.000000 0.000000 0.000000 0.134290 0.006925 1.660832 2713.394955
0.858785 0.000000 0.000000 0.000000 0.000000 0.134290 0.006925 1.660832 2713.394955
0.858785 0.000000 0.000000 0.000000 0.000000 0.134290 0.006925 1.660832 2713.394955
0.858785 0.000000 0.000000 0.000000 0.000000 0.134290 0.006925 1.660832 2713.394955
0.858785 0.000000 0.000000 0.000000 0.000000 0.134290 0.006925 1.660832 2713.394955
0.858785 0.000000 0.000000 0.000000 0.000000 0.134290 0.006925 1.660832 2713.394955
0.858785 0.000000 0.000000 0.000000 0.000000 0.134290 0.006925 1.660832 2713.394955
0.858785 0.000000 0.000000 0.000000 0.000000 0.134290 0.006925 1.660832 2713.394955
0.858785 0.000000 0.000000 0.000000 0.000000 0.134290 0.006925 1.660832 2713.394955
0.858785 0.000000 0.000000 0.000000 0.000000 0.134290 0.006925 1.660832 2713.394955
0.858785 0.000000 0.000000 0.000000 0.000000 0.134290 0.006925 1.660832 2713.394955
0.858785 0.000000 0.000000 0.000000 0.000000 0.134290 0.006925 1.660832 2713.394955
0.858785 0.000000 0.000000 0.000000 0.000000 0.134290 0.006925 1.660832 2713.394955
0.858785 0.000000 0.000000 0.000000 0.000000 0.134290 0.006925 1.660832 2713.394955
0.858785 0.000000 0.000000 0.000000 0.000000 0.134290 0.006925 1.660832 2713.394955
0.858785 0.000000 0.000000 0.000000 0.000000 0.134290 0.006925 1.660832 2713.394955
0.858785 0.000000 0.000000 0.000000 0.000000 0.134290 0.006925 1.660832 2713.394955
0.858785 0.000000 0.000000 0.000000 0.000000 0.134290 0.006925 1.660832 2713.394955
0.858785 0.000000 0.000000 0.000000 0.000000 0.134290 0.006925 1.660832 2713.394955
0.858785 0.000000 0.000000 0.000000 0.000000 0.134290 0.006925 1.660832 2713.394955
0.858785 0.000000 0.000000 0.000000 0.000000 0.134290 0.006925 1.660832 2713.394955
0.858785 0.000000 0.000000 0.000000 0.000000 0.134290 0.006925 1.660832 2713.394955
0.858785 0.000000 0.000000 0.000000 0.000000 0.134290 0.006925 1.660832 2713.394955
0.858785 0.000000 0.000000 0.000000 0.000000 0.134290 0.006925 1.660832 2713.394955
0.858785 0.000000 0.000000 0.000000 0.000000 0.134290 0.006925 1.660832 2713.394955
0.858785 0.000000 0.000000 0.000000 0.000000 0.134290 0.006925 1.660832 2713.394955
0.858785 0.000000 0.000000 0.000000 0.000000 0.134290 0.006925 1.660832 2713.394955
0.858785 0.000000 0.000000 0.000000 0.000000 0.134290 0.006925 1.660832 2713.394955
0.858785 0.000000 0.000000 0.000000 0.000000 0.134290 0.006925 1.660832 2713.394955
0.858785 0.000000 0.000000 0.000000 0.000000 0.134290 0.006925 1.660832 2713.394955
0.858785 0.000000 0.000000 0.000000 0.000000 0.134290 0.006925 1.660832 2713.394955
0.858785 0.000000 0.000000 0.000000 0.000000 0.134290 0.006925 1.660832 2713.394955
0.858785 0.000000 0.000000 0.000000 0.000000 0.134290 0.006925 1.660832 2713.394955
0.858785 0.000000 0.000000 0.000000 0.000000 0.134290 0.006925 1.660832 2713.394955
0.858785 0.000000 0.000000 0.000000 0.000000 0.134290 0.006925 1.660832 2713.394955
0.858785 0.000000 0.000000 0.000000 0.000000 0.134290 0.006925 1.660832 2713.394955
0.858785 0.000000 0.000000 0.000000 0.000000 0.134290 0.006925 1.660832 2713.394955
0.858785 0.000000 0.000000 0.000000 0.000000 0.134290 0.006925 1.660832 2713.394955
0.858785 0.000000 0.000000 0.000000 0.000000 0.134290 0.006925 1.660832 2713.394955
0.858785 0.000000 0.000000 0.000000 0.000000 0.134290 0.006925 1.660832 2713.394955
0.858785 0.000000 0.000000 0.000000 0.000000 0.134290 0.006925 1.660832 2713.394955
0.858785 0.000000 0.000000 0.000000 0.000000 0.134290 0.006925 1.660832 2713.394955
0.858785 0.000000 0.000000 0.000000 0.000000 0.134290 0.006925 1.660832 2713.394955
0.858785 0.000000 0.000000 0.000000 0.000000 0.134290 0.006925 1.660832 2713.394955
0.858785 0.000000 0.000000 0.000000 0.000000 0.134290 0.006925 1.660832 2713.394955
0.858785 0.000000 0.000000 0.000000 0.000000 0.134290 0.006925 1.660832 2713.394955
0.858785 0.000000 0.000000 0.000000 0.000000 0.134290 0.006925 1.660832 2713.394955
0.858785 0.000000 0.000000 0.000000 0.000000 0.134290 0.006925 1.660832 2713.394955
0.858785 0.000000 0.000000 0.000000 0.000000 0.134290 0.006925 1.660832 2713.394955
0.858785 0.000000 0.000000 0.000000 0.000000 0.134290 0.006925 1.660832 2713.394955
0.858785 0.000000 0.000000 0.000000 0.000000 0.134290 0.006925 1.660832 2713.394955
0.858785 0.000000 0.000000 0.000000 0.000000 0.134290 0.006925 1.660832 2713.394955
0.858785 0.000000 0.000000 0.000000 0.000000 0.134290 0.006925 1.660832 2713.394955
0.858785 0.000000 0.000000 0.000000 0.000000 0.134290 0.006925 1.660832 2713.394955
0.858785 0.000000 0.000000 0.000000 0.000000 0.134290 0.006925 1.660832 2713.394955
0.858785 0.000000 0.000000 0.000000 0.000000 0.134290 0.006925 1.660832 2713.394955
0.858785 0.000000 0.000000 0.000000 0.000000 0.134290 0.006925 1.660832 2713.394955
0.858785 0.000000 0.000000 0.000000 0.000000 0.134290 0.006925 1.660832 2713.394955
0.858785 0.000000 0.000000 0.000000 0.000000 0.134290 0.006925 1.660832 2713.394955
0.858785 0.000000 0.000000 0.000000 0.000000 0.134290 0.006925 1.660832 2713.394955
0.858785 0.000000 0.000000 0.000000 0.000000 0.134290 0.006925 1.660832 2713.394955
0.858785 0.000000 0.000000 0.000000 0.000000 0.134290 0.006925 1.660832 2713.394955
0.858785 0.000000 0.000000 0.000000 0.000000 0.134290 0.006925 1.660832 2713.394955
0.858785 0.000000 0.000000 0.000000 0.000000 0.134290 0.006925 1.660832 2713.394955
0.858785 0.000000 0.000000 0.000000 0.000000 0.134290 0.006925 1.660832 2713.394955
0.858785 0.000000 0.000000 0.000000 0.000000 0.134290 0.006925 1.660832 2713.394955
0.858785 0.000000 0.000000 0.000000 0.000000 0.134290 0.006925 1.660832 2713.394955
0.858785 0.000000 0.000000 0.000000 0.000000 0.134290 0.006925 1.660832 2713.394955
0.858785 0.000000 0.000000 0.000000 0.000000 0.134290 0.006925 1.660832 2713.394955
0.858785 0.000000 0.000000 0.000000 0.000000 0.134290 0.006925 1.660832 2713.394955
0.858785 0.000000 0.000000 0.000000 0.000000 0.134290 0.006925 1.660832 2713.394955
0.858785 0.000000 0.000000 0.000000 0.000000 0.134290 0.006925 1.660832 2713.394955
0.858785 0.000000 0.000000 0.000000 0.000000 0.134290 0.006925 1.660832 2713.394955
0.858785 0.000000 0.000000 0.000000 0.000000 0.134290 0.006925 1.660832 2713.394955
0.858785 0.000000 0.000000 0.000000 0.000000 0.134290 0.006925 1.660832 2713.394955
0.858785 0.000000 0.000000 0.000000 0.000000 0.134290 0.006925 1.660832 2713.394955
0.858785 0.000000 0.000000 0.000000 0.000000 0.134290 0.006925 1.660832 2713.394955
0.858785 0.000000 0.000000 0.000000 0.000000 0.134290 0.006925 1.660832 2713.394955
0.858785 0.000000 0.000000 0.000000 0.000000 0.134290 0.006925 1.660832 2713.394955
0.858785 0.000000 0.000000 0.000000 0.000000 0.134290 0.006925 1.660832 2713.394955
0.858785 0.000000 0.000000 0.000000 0.000000 0.134290 0.006925 1.660832 2713.394955
0.858785 0.000000 0.000000 0.000000 0.000000 0.134290 0.006925 1.660832 2713.394955
0.858785 0.000000 0.000000 0.000000 0.000000 0.134290 0.006925 1.660832 2713.394955
0.858785 0.000000 0.000000 0.000000 0.000000 0.134290 0.006925 1.660832 2713.394955
0.858785 0.000000 0.000000 0.000000 0.000000 0.134290 0.006925 1.660832 2713.394955
0.858785 0.000000 0.000000 0.000000 0.000000 0.134290 0.006925 1.660832 2713.394955
0.858785 0.000000 0.000000 0.000000 0.000000 0.134290 0.006925 1.660832 2713.394955
0.858785 0.000000 0.000000 0.000000 0.000000 0.134290 0.006925 1.660832 2713.394955
0.858785 0.000000 0.000000 0.000000 0.000000 0.134290 0.006925 1.660832 2713.394955
0.858785 0.000000 0.000000 0.000000 0.000000 0.134290 0.006925 1.660832 2713.394955
0.858785 0.000000 0.000000 0.000000 0.000000 0.134290 0.006925 1.660832 2713.394955
0.858785 0.000000 0.000000 0.000000 0.000000 0.134290 0.006925 1.660832 2713.394955
0.858785 0.000000 0.000000 0.000000 0.000000 0.134290 0.006925 1.660832 2713.394955
0.858785 0.000000 0.000000 0.000000 0.000000 0.134290 0.006925 1.660832 2713.394955
0.858785 0.000000 0.000000 0.000000 0.000000 0.134290 0.006925 1.660832 2713.394955
0.858785 0.000000 0.000000 0.000000 0.000000 0.134290 0.006925 1.660832 2713.394955
0.858785 0.000000 0.000000 0.000000 0.000000 0.134290 0.006925 1.660832 2713.394955
0.858785 0.000000 0.000000 0.000000 0.000000 0.134290 0.006925 1.660832 2713.394955
0.858785 0.000000 0.000000 0.000000 0.000000 0.134290 0.006925 1.660832 2713.394955
0.858785 0.000000 0.000000 0.000000 0.000000 0.134290 0.006925 1.660832 2713.394955
0.858785 0.000000 0.000000 0.000000 0.000000 0.134290 0.006925 1.660832 2713.394955
0.858785 0.000000 0.000000 0.000000 0.000000 0.134290 0.006925 1.660832 2713.394955
0.858785 0.000000 0.000000 0.000000 0.000000 0.134290 0.006925 1.660832 2713.394955
0.858785 0.000000 0.000000 0.000000 0.000000 0.134290 0.006925 1.660832 2713.394955
0.858785 0.000000 0.000000 0.000000 0.000000 0.134290 0.006925 1.660832 2713.394955
0.858785 0.000000 0.000000 0.000000 0.000000 0.134290 0.006925 1.660832 2713.394955
0.858785 0.000000 0.000000 0.000000 0.000000 0.134290 0.006925 1.660832 2713.394955
0.858785 0.000000 0.000000 0.000000 0.000000 0.134290 0.006925 1.660832 2713.394955
0.858785 0.000000 0.000000 0.000000 0.000000 0.134290 0.006925 1.660832 2713.394955
0.858785 0.000000 0.000000 0.000000 0.000000 0.134290 0.006925 1.660832 2713.394955
0.858785 0.000000 0.000000 0.000000 0.000000 0.134290 0.006925 1.660832 2713.394955
0.858785 0.000000 0.000000 0.000000 0.000000 0.134290 0.006925 1.660832 2713.394955
0.858785 0.000000 0.000000 0.000000 0.000000 0.134290 0.006925 1.660832 2713.394955
0.858785 0.000000 0.000000 0.000000 0.000000 0.134290 0.006925 1.660832 2713.394955
0.858785 0.000000 0.000000 0.000000 0.000000 0.134290 0.006925 1.660832 2713.394955
0.858785 0.000000 0.000000 0.000000 0.000000 0.134290 0.006925 1.660832 2713.394955
0.858785 0.000000 0.000000 0.000000 0.000000 0.134290 0.006925 1.660832 2713.394955
0.858785 0.000000 0.000000 0.000000 0.000000 0.134290 0.006925 1.660832 2713.394955
0.858785 0.000000 0.000000 0.000000 0.000000 0.134290 0.006925 1.660832 2713.394955
0.858785 0.000000 0.000000 0.000000 0.000000 0.134290 0.006925 1.660832 2713.394955
0.858785 0.000000 0.000000 0.000000 0.000000 0.134290 0.006925 1.660832 2713.394955
0.858785 0.000000 0.000000 0.000000 0.000000 0.134290 0.006925 1.660832 2713.394955
0.858785 0.000000 0.000000 0.000000 0.000000 0.134290 0.006925 1.660832 2713.394955
0.858785 0.000000 0.000000 0.000000 0.000000 0.134290 0.006925 1.660832 2713.394955
0.858785 0.000000 0.000000 0.000000 0.000000 0.134290 0.006925 1.660832 2713.394955
0.858785 0.000000 0.000000 0.000000 0.000000 0.134290 0.006925 1.660832 2713.394955
0.858785 0.000000 0.000000 0.000000 0.000000 0.134290 0.006925 1.660832 2713.394955
0.858785 0.000000 0.000000 0.000000 0.000000 0.134290 0.006925 1.660832 2713.394955
0.858785 0.000000 0.000000 0.000000 0.000000 0.134290 0.006925 1.660832 2713.394955
0.858785 0.000000 0.000000 0.000000 0.000000 0.134290 0.006925 1.660832 2713.394955
0.858785 0.000000 0.000000 0.000000 0.000000 0.134290 0.006925 1.660832 2713.394955
0.858785 0.000000 0.000000 0.000000 0.000000 0.134290 0.006925 1.660832 2713.394955
0.858785 0.000000 0.000000 0.000000 0.000000 0.134290 0.006925 1.660832 2713.394955
0.858785 0.000000 0.000000 0.000000 0.000000 0.134290 0.006925 1.660832 2713.394955
0.858785 0.000000 0.000000 0.000000 0.000000 0.134290 0.006925 1.660832 2713.394955
0.858785 0.000000 0.000000 0.000000 0.000000 0.134290 0.006925 1.660832 2713.394955
0.858785 0.000000 0.000000 0.000000 0.000000 0.134290 0.006925 1.660832 2713.394955
0.858785 0.000000 0.000000 0.000000 0.000000 0.134290 0.006925 1.660832 2713.394955
0.858785 0.000000 0.000000 0.000000 0.000000 0.134290 0.006925 1.660832 2713.394955
0.858785 0.000000 0.000000 0.000000 0.000000 0.134290 0.006925 1.660832 2713.394955
0.858785 0.000000 0.000000 0.000000 0.000000 0.134290 0.006925 1.660832 2713.394955
0.858785 0.000000 0.000000 0.000000 0.000000 0.134290 0.006925 1.660832 2713.394955
0.858785 0.000000 0.000000 0.000000 0.000000 0.134290 0.006925 1.660832 2713.394955
0.858785 0.000000 0.000000 0.000000 0.000000 0.134290 0.006925 1.660832 2713.394955
0.858785 0.000000 0.000000 0.000000 0.000000 0.134290 0.006925 1.660832 2713.394955
0.858785 0.000000 0.000000 0.000000 0.000000 0.134290 0.006925 1.660832 2713.394955
0.858785 0.000000 0.000000 0.000000 0.000000 0.134290 0.006925 1.660832 2713.394955
0.858785 0.000000 0.000000 0.000000 0.000000 0.134290 0.006925 1.660832 2713.394955
0.858785 0.000000 0.000000 0.000000 0.000000 0.134290 0.006925 1.660832 2713.394955
0.858785 0.000000 0.000000 0.000000 0.000000 0.134290 0.006925 1.660832 2713.394955
0.858785 0.000000 0.000000 0.000000 0.000000 0.134290 0.006925 1.660832 2713.394955
0.858785 0.000000 0.000000 0.000000 0.000000 0.134290 0.006925 1.660832 2713.394955
0.858785 0.000000 0.000000 0.000000 0.000000 0.134290 0.006925 1.660832 2713.394955
0.858785 0.000000 0.000000 0.000000 0.000000 0.134290 0.006925 1.660832 2713.394955
0.858785 0.000000 0.000000 0.000000 0.000000 0.134290 0.006925 1.660832 2713.394955
0.858785 0.000000 0.000000 0.000000 0.000000 0.134290 0.006925 1.660832 2713.394955
0.858785 0.000000 0.000000 0.000000 0.000000 0.134290 0.006925 1.660832 2713.394955
0.858785 0.000000 0.000000 0.000000 0.000000 0.134290 0.006925 1.660832 2713.394955
0.858785 0.000000 0.000000 0.000000 0.000000 0.134290 0.006925 1.660832 2713.394955
0.858785 0.000000 0.000000 0.000000 0.000000 0.134290 0.006925 1.660832 2713.394955
0.858785 0.000000 0.000000 0.000000 0.000000 0.134290 0.006925 1.660832 2713.394955
0.858785 0.000000 0.000000 0.000000 0.000000 0.134290 0.006925 1.660832 2713.394955
0.858785 0.000000 0.000000 0.000000 0.000000 0.134290 0.006925 1.660832 2713.394955
0.858785 0.000000 0.000000 0.000000 0.000000 0.134290 0.006925 1.660832 2713.394955
0.858785 0.000000 0.000000 0.000000 0.000000 0.134290 0.006925 1.660832 2713.394955
0.858785 0.000000 0.000000 0.000000 0.000000 0.134290 0.006925 1.660832 2713.394955
0.858785 0.000000 0.000000 0.000000 0.000000 0.134290 0.006925 1.660832 2713.394955
0.858785 0.000000 0.000000 0.000000 0.000000 0.134290 0.006925 1.660832 2713.394955
0.858785 0.000000 0.000000 0.000000 0.000000 0.134290 0.006925 1.660832 2713.394955
0.858785 0.000000 0.000000 0.000000 0.000000 0.134290 0.006925 1.660832 2713.394955
0.858785 0.000000 0.000000 0.000000 0.000000 0.134290 0.006925 1.660832 2713.394955
0.858785 0.000000 0.000000 0.000000 0.000000 0.134290 0.006925 1.660832 2713.394955
0.858785 0.000000 0.000000 0.000000 0.000000 0.134290 0.006925 1.660832 2713.394955
0.858785 0.000000 0.000000 0.000000 0.000000 0.134290 0.006925 1.660832 2713.394955
0.858785 0.000000 0.000000 0.000000 0.000000 0.134290 0.006925 1.660832 2713.394955
0.858785 0.000000 0.000000 0.000000 0.000000 0.134290 0.006925 1.660832 2713.394955
0.858785 0.000000 0.000000 0.000000 0.000000 0.134290 0.006925 1.660832 2713.394955
0.858785 0.000000 0.000000 0.000000 0.000000 0.134290 0.006925 1.660832 2713.394955
0.858785 0.000000 0.000000 0.000000 0.000000 0.134290 0.006925 1.660832 2713.394955
0.858785 0.000000 0.000000 0.000000 0.000000 0.134290 0.006925 1.660832 2713.394955
0.858785 0.000000 0.000000 0.000000 0.000000 0.134290 0.006925 1.660832 2713.394955
0.858785 0.000000 0.000000 0.000000 0.000000 0.134290 0.006925 1.660832 2713.394955
0.858785 0.000000 0.000000 0.000000 0.000000 0.134290 0.006925 1.660832 2713.394955
0.858785 0.000000 0.000000 0.000000 0.000000 0.134290 0.006925 1.660832 2713.394955
0.858785 0.000000 0.000000 0.000000 0.000000 0.134290 0.006925 1.660832 2713.394955
0.858785 0.000000 0.000000 0.000000 0.000000 0.134290 0.006925 1.660832 2713.394955
0.858785 0.000000 0.000000 0.000000 0.000000 0.134290 0.006925 1.660832 2713.394955
0.858785 0.000000 0.000000 0.000000 0.000000 0.134290 0.006925 1.660832 2713.394955
0.858785 0.000000 0.000000 0.000000 0.000000 0.134290 0.006925 1.660832 2713.394955
0.858785 0.000000 0.000000 0.000000 0.000000 0.134290 0.006925 1.660832 2713.394955
0.858785 0.000000 0.000000 0.000000 0.000000 0.134290 0.006925 1.660832 2713.394955
0.858785 0.000000 0.000000 0.000000 0.000000 0.134290 0.006925 1.660832 2713.394955
0.858785 0.000000 0.000000 0.000000 0.000000 0.134290 0.006925 1.660832 2713.394955
0.858785 0.000000 0.000000 0.000000 0.000000 0.134290 0.006925 1.660832 2713.394955
0.858785 0.000000 0.000000 0.000000 0.000000 0.134290 0.006925 1.660832 2713.394955
0.858785 0.000000 0.000000 0.000000 0.000000 0.134290 0.006925 1.660832 2713.394955
0.858785 0.000000 0.000000 0.000000 0.000000 0.134290 0.006925 1.660832 2713.394955
0.858785 0.000000 0.000000 0.000000 0.000000 0.134290 0.006925 1.660832 2713.394955
0.858785 0.000000 0.000000 0.000000 0.000000 0.134290 0.006925 1.660832 2713.394955
0.858785 0.000000 0.000000 0.000000 0.000000 0.134290 0.006925 1.660832 2713.394955
0.858785 0.000000 0.000000 0.000000 0.000000 0.134290 0.006925 1.660832 2713.394955
0.858785 0.000000 0.000000 0.000000 0.000000 0.134290 0.006925 1.660832 2713.394955
0.858785 0.000000 0.000000 0.000000 0.000000 0.134290 0.006925 1.660832 2713.394955
0.858785 0.000000 0.000000 0.000000 0.000000 0.134290 0.006925 1.660832 2713.394955
0.858785 0.000000 0.000000 0.000000 0.000000 0.134290 0.006925 1.660832 2713.394955
0.858785 0.000000 0.000000 0.000000 0.000000 0.134290 0.006925 1.660832 2713.394955
0.858785 0.000000 0.000000 0.000000 0.000000 0.134290 0.006925 1.660832 2713.394955
0.858785 0.000000 0.000000 0.000000 0.000000 0.134290 0.006925 1.660832 2713.394955
0.858785 0.000000 0.000000 0.000000 0.000000 0.134290 0.006925 1.660832 2713.394955
0.858785 0.000000 0.000000 0.000000 0.000000 0.134290 0.006925 1.660832 2713.394955
0.858785 0.000000 0.000000 0.000000 0.000000 0.134290 0.006925 1.660832 2713.394955
0.858785 0.000000 0.000000 0.000000 0.000000 0.134290 0.006925 1.660832 2713.394955
0.858785 0.000000 0.000000 0.000000 0.000000 0.134290 0.006925 1.660832 2713.394955
0.858785 0.000000 0.000000 0.000000 0.000000 0.134290 0.006925 1.660832 2713.394955
0.858785 0.000000 0.000000 0.000000 0.000000 0.134290 0.006925 1.660832 2713.394955
0.858785 0.000000 0.000000 0.000000 0.000000 0.134290 0.006925 1.660832 2713.394955
0.858785 0.000000 0.000000 0.000000 0.000000 0.134290 0.006925 1.660832 2713.394955
0.858785 0.000000 0.000000 0.000000 0.000000 0.134290 0.006925 1.660832 2713.394955
0.858785 0.000000 0.000000 0.000000 0.000000 0.134290 0.006925 1.660832 2713.394955
0.858785 0.000000 0.000000 0.000000 0.000000 0.134290 0.006925 1.660832 2713.394955
0.858785 0.000000 0.000000 0.000000 0.000000 0.134290 0.006925 1.660832 2713.394955
0.858785 0.000000 0.000000 0.000000 0.000000 0.134290 0.006925 1.660832 2713.394955
0.858785 0.000000 0.000000 0.000000 0.000000 0.134290 0.006925 1.660832 2713.394955
0.858785 0.000000 0.000000 0.000000 0.000000 0.134290 0.006925 1.660832 2713.394955
0.858785 0.000000 0.000000 0.000000 0.000000 0.134290 0.006925 1.660832 2713.394955
0.858785 0.000000 0.000000 0.000000 0.000000 0.134290 0.006925 1.660832 2713.394955
0.858785 0.000000 0.000000 0.000000 0.000000 0.134290 0.006925 1.660832 2713.394955
0.858785 0.000000 0.000000 0.000000 0.000000 0.134290 0.006925 1.660832 2713.394955
0.858785 0.000000 0.000000 0.000000 0.000000 0.134290 0.006925 1.660832 2713.394955
0.858785 0.000000 0.000000 0.000000 0.000000 0.134290 0.006925 1.660832 2713.394955
0.858785 0.000000 0.000000 0.000000 0.000000 0.134290 0.006925 1.660832 2713.394955
0.858785 0.000000 0.000000 0.000000 0.000000 0.134290 0.006925 1.660832 2713.394955
0.858785 0.000000 0.000000 0.000000 0.000000 0.134290 0.006925 1.660832 2713.394955
0.858785 0.000000 0.000000 0.000000 0.000000 0.134290 0.006925 1.660832 2713.394955
0.858785 0.000000 0.000000 0.000000 0.000000 0.134290 0.006925 1.660832 2713.394955
0.858785 0.000000 0.000000 0.000000 0.000000 0.134290 0.006925 1.660832 2713.394955
0.858785 0.000000 0.000000 0.000000 0.000000 0.134290 0.006925 1.660832 2713.394955
0.858785 0.000000 0.000000 0.000000 0.000000 0.134290 0.006925 1.660832 2713.394955
0.858785 0.000000 0.000000 0.000000 0.000000 0.134290 0.006925 1.660832 2713.394955
0.858785 0.000000 0.000000 0.000000 0.000000 0.134290 0.006925 1.660832 2713.394955
0.858785 0.000000 0.000000 0.000000 0.000000 0.134290 0.006925 1.660832 2713.394955
0.858785 0.000000 0.000000 0.000000 0.000000 0.134290 0.006925 1.660832 2713.394955
0.858785 0.000000 0.000000 0.000000 0.000000 0.134290 0.006925 1.660832 2713.394955
0.858785 0.000000 0.000000 0.000000 0.000000 0.134290 0.006925 1.660832 2713.394955
0.858785 0.000000 0.000000 0.000000 0.000000 0.134290 0.006925 1.660832 2713.394955
0.858785 0.000000 0.000000 0.000000 0.000000 0.134290 0.006925 1.660832 2713.394955
0.858785 0.000000 0.000000 0.000000 0.000000 0.134290 0.006925 1.660832 2713.394955
0.858785 0.000000 0.000000 0.000000 0.000000 0.134290 0.006925 1.660832 2713.394955
0.858785 0.000000 0.000000 0.000000 0.000000 0.134290 0.006925 1.660832 2713.394955
0.858785 0.000000 0.000000 0.000000 0.000000 0.134290 0.006925 1.660832 2713.394955
0.858785 0.000000 0.000000 0.000000 0.000000 0.134290 0.006925 1.660832 2713.394955
0.858785 0.000000 0.000000 0.000000 0.000000 0.134290 0.006925 1.660832 2713.394955
0.858785 0.000000 0.000000 0.000000 0.000000 0.134290 0.006925 1.660832 2713.394955
0.858785 0.000000 0.000000 0.000000 0.000000 0.134290 0.006925 1.660832 2713.394955
0.858785 0.000000 0.000000 0.000000 0.000000 0.134290 0.006925 1.660832 2713.394955
0.858785 0.000000 0.000000 0.000000 0.000000 0.134290 0.006925 1.660832 2713.394955
0.858785 0.000000 0.000000 0.000000 0.000000 0.134290 0.006925 1.660832 2713.394955
0.858785 0.000000 0.000000 0.000000 0.000000 0.134290 0.006925 1.660832 2713.394955
0.858785 0.000000 0.000000 0.000000 0.000000 0.134290 0.006925 1.660832 2713.394955
0.858785 0.000000 0.000000 0.000000 0.000000 0.134290 0.006925 1.660832 2713.394955
0.858785 0.000000 0.000000 0.000000 0.000000 0.134290 0.006925 1.660832 2713.394955
0.858785 0.000000 0.000000 0.000000 0.000000 0.134290 0.006925 1.660832 2713.394955
0.858785 0.000000 0.000000 0.000000 0.000000 0.134290 0.006925 1.660832 2713.394955
0.858785 0.000000 0.000000 0.000000 0.000000 0.134290 0.006925 1.660832 2713.394955
0.858785 0.000000 0.000000 0.000000 0.000000 0.134290 0.006925 1.660832 2713.394955
0.858785 0.000000 0.000000 0.000000 0.000000 0.134290 0.006925 1.660832 2713.394955
0.858785 0.000000 0.000000 0.000000 0.000000 0.134290 0.006925 1.660832 2713.394955
0.858785 0.000000 0.000000 0.000000 0.000000 0.134290 0.006925 1.660832 2713.394955
0.858785 0.000000 0.000000 0.000000 0.000000 0.134290 0.006925 1.660832 2713.394955
0.858785 0.000000 0.000000 0.000000 0.000000 0.134290 0.006925 1.660832 2713.394955
0.858785 0.000000 0.000000 0.000000 0.000000 0.134290 0.006925 1.660832 2713.394955
0.858785 0.000000 0.000000 0.000000 0.000000 0.134290 0.006925 1.660832 2713.394955
0.858785 0.000000 0.000000 0.000000 0.000000 0.134290 0.006925 1.660832 2713.394955
0.858785 0.000000 0.000000 0.000000 0.000000 0.134290 0.006925 1.660832 2713.394955
0.858785 0.000000 0.000000 0.000000 0.000000 0.134290 0.006925 1.660832 2713.394955
0.858785 0.000000 0.000000 0.000000 0.000000 0.134290 0.006925 1.660832 2713.394955
0.858785 0.000000 0.000000 0.000000 0.000000 0.134290 0.006925 1.660832 2713.394955
0.858785 0.000000 0.000000 0.000000 0.000000 0.134290 0.006925 1.660832 2713.394955
0.858785 0.000000 0.000000 0.000000 0.000000 0.134290 0.006925 1.660832 2713.394955
0.858785 0.000000 0.000000 0.000000 0.000000 0.134290 0.006925 1.660832 2713.394955
0.858785 0.000000 0.000000 0.000000 0.000000 0.134290 0.006925 1.660832 2713.394955
0.858785 0.000000 0.000000 0.000000 0.000000 0.134290 0.006925 1.660832 2713.394955
0.858785 0.000000 0.000000 0.000000 0.000000 0.134290 0.006925 1.660832 2713.394955
0.858785 0.000000 0.000000 0.000000 0.000000 0.134290 0.006925 1.660832 2713.394955
0.858785 0.000000 0.000000 0.000000 0.000000 0.134290 0.006925 1.660832 2713.394955
0.858785 0.000000 0.000000 0.000000 0.000000 0.134290 0.006925 1.660832 2713.394955
0.858785 0.000000 0.000000 0.000000 0.000000 0.134290 0.006925 1.660832 2713.394955
0.858785 0.000000 0.000000 0.000000 0.000000 0.134290 0.006925 1.660832 2713.394955
0.858785 0.000000 0.000000 0.000000 0.000000 0.134290 0.006925 1.660832 2713.394955
0.858785 0.000000 0.000000 0.000000 0.000000 0.134290 0.006925 1.660832 2713.394955
0.858785 0.000000 0.000000 0.000000 0.000000 0.134290 0.006925 1.660832 2713.394955
0.858785 0.000000 0.000000 0.000000 0.000000 0.134290 0.006925 1.660832 2713.394955
0.858785 0.000000 0.000000 0.000000 0.000000 0.134290 0.006925 1.660832 2713.394955
0.858785 0.000000 0.000000 0.000000 0.000000 0.134290 0.006925 1.660832 2713.394955
0.858785 0.000000 0.000000 0.000000 0.000000 0.134290 0.006925 1.660832 2713.394955
0.858785 0.000000 0.000000 0.000000 0.000000 0.134290 0.006925 1.660832 2713.394955
0.858785 0.000000 0.000000 0.000000 0.000000 0.134290 0.006925 1.660832 2713.394955
0.858785 0.000000 0.000000 0.000000 0.000000 0.134290 0.006925 1.660832 2713.394955
0.858785 0.000000 0.000000 0.000000 0.000000 0.134290 0.006925 1.660832 2713.394955
0.858785 0.000000 0.000000 0.000000 0.000000 0.134290 0.006925 1.660832 2713.394955
0.858785 0.000000 0.000000 0.000000 0.000000 0.134290 0.006925 1.660832 2713.394955
0.858785 0.000000 0.000000 0.000000 0.000000 0.134290 0.006925 1.660832 2713.394955
0.858785 0.000000 0.000000 0.000000 0.000000 0.134290 0.006925 1.660832 2713.394955
0.858785 0.000000 0.000000 0.000000 0.000000 0.134290 0.006925 1.660832 2713.394955
0.858785 0.000000 0.000000 0.000000 0.000000 0.134290 0.006925 1.660832 2713.394955
0.858785 0.000000 0.000000 0.000000 0.000000 0.134290 0.006925 1.660832 2713.394955
0.858785 0.000000 0.000000 0.000000 0.000000 0.134290 0.006925 1.660832 2713.394955
0.858785 0.000000 0.000000 0.000000 0.000000 0.134290 0.006925 1.660832 2713.394955
0.858785 0.000000 0.000000 0.000000 0.000000 0.134290 0.006925 1.660832 2713.394955
0.858785 0.000000 0.000000 0.000000 0.000000 0.134290 0.006925 1.660832 2713.394955
0.858785 0.000000 0.000000 0.000000 0.000000 0.134290 0.006925 1.660832 2713.394955
0.858785 0.000000 0.000000 0.000000 0.000000 0.134290 0.006925 1.660832 2713.394955
0.858785 0.000000 0.000000 0.000000 0.000000 0.134290 0.006925 1.660832 2713.394955
0.858785 0.000000 0.000000 0.000000 0.000000 0.134290 0.006925 1.660832 2713.394955
0.858785 0.000000 0.000000 0.000000 0.000000 0.134290 0.006925 1.660832 2713.394955
0.858785 0.000000 0.000000 0.000000 0.000000 0.134290 0.006925 1.660832 2713.394955
0.858785 0.000000 0.000000 0.000000 0.000000 0.134290 0.006925 1.660832 2713.394955
0.858785 0.000000 0.000000 0.000000 0.000000 0.134290 0.006925 1.660832 2713.394955
0.858785 0.000000 0.000000 0.000000 0.000000 0.134290 0.006925 1.660832 2713.394955
0.858785 0.000000 0.000000 0.000000 0.000000 0.134290 0.006925 1.660832 2713.394955
0.858785 0.000000 0.000000 0.000000 0.000000 0.134290 0.006925 1.660832 2713.394955
0.858785 0.000000 0.000000 0.000000 0.000000 0.134290 0.006925 1.660832 2713.394955
0.858785 0.000000 0.000000 0.000000 0.000000 0.134290 0.006925 1.660832 2713.394955
0.858785 0.000000 0.000000 0.000000 0.000000 0.134290 0.006925 1.660832 2713.394955
0.858785 0.000000 0.000000 0.000000 0.000000 0.134290 0.006925 1.660832 2713.394955
0.858785 0.000000 0.000000 0.000000 0.000000 0.134290 0.006925 1.660832 2713.394955
0.858785 0.000000 0.000000 0.000000 0.000000 0.134290 0.006925 1.660832 2713.394955
0.858785 0.000000 0.000000 0.000000 0.000000 0.134290 0.006925 1.660832 2713.394955
0.858785 0.000000 0.000000 0.000000 0.000000 0.134290 0.006925 1.660832 2713.394955
0.858785 0.000000 0.000000 0.000000 0.000000 0.134290 0.006925 1.660832 2713.394955
0.858785 0.000000 0.000000 0.000000 0.000000 0.134290 0.006925 1.660832 2713.394955
0.858785 0.000000 0.000000 0.000000 0.000000 0.134290 0.006925 1.660832 2713.394955
0.858785 0.000000 0.000000 0.000000 0.000000 0.134290 0.006925 1.660832 2713.394955
0.858785 0.000000 0.000000 0.000000 0.000000 0.134290 0.006925 1.660832 2713.394955
0.858785 0.000000 0.000000 0.000000 0.000000 0.134290 0.006925 1.660832 2713.394955
0.858785 0.000000 0.000000 0.000000 0.000000 0.134290 0.006925 1.660832 2713.394955
0.858785 0.000000 0.000000 0.000000 0.000000 0.134290 0.006925 1.660832 2713.394955
0.858785 0.000000 0.000000 0.000000 0.000000 0.134290 0.006925 1.660832 2713.394955
0.858785 0.000000 0.000000 0.000000 0.000000 0.134290 0.006925 1.660832 2713.394955
0.858785 0.000000 0.000000 0.000000 0.000000 0.134290 0.006925 1.660832 2713.394955
0.858785 0.000000 0.000000 0.000000 0.000000 0.134290 0.006925 1.660832 2713.394955
0.858785 0.000000 0.000000 0.000000 0.000000 0.134290 0.006925 1.660832 2713.394955
0.858785 0.000000 0.000000 0.000000 0.000000 0.134290 0.006925 1.660832 2713.394955
0.858785 0.000000 0.000000 0.000000 0.000000 0.134290 0.006925 1.660832 2713.394955
0.858785 0.000000 0.000000 0.000000 0.000000 0.134290 0.006925 1.660832 2713.394955
0.858785 0.000000 0.000000 0.000000 0.000000 0.134290 0.006925 1.660832 2713.394955
0.858785 0.000000 0.000000 0.000000 0.000000 0.134290 0.006925 1.660832 2713.394955
0.858785 0.000000 0.000000 0.000000 0.000000 0.134290 0.006925 1.660832 2713.394955
0.858785 0.000000 0.000000 0.000000 0.000000 0.134290 0.006925 1.660832 2713.394955
0.858785 0.000000 0.000000 0.000000 0.000000 0.134290 0.006925 1.660832 2713.394955
0.858785 0.000000 0.000000 0.000000 0.000000 0.134290 0.006925 1.660832 2713.394955
0.858785 0.000000 0.000000 0.000000 0.000000 0.134290 0.006925 1.660832 2713.394955
0.858785 0.000000 0.000000 0.000000 0.000000 0.134290 0.006925 1.660832 2713.394955
0.858785 0.000000 0.000000 0.000000 0.000000 0.134290 0.006925 1.660832 2713.394955
0.858785 0.000000 0.000000 0.000000 0.000000 0.134290 0.006925 1.660832 2713.394955
0.858785 0.000000 0.000000 0.000000 0.000000 0.134290 0.006925 1.660832 2713.394955
0.858785 0.000000 0.000000 0.000000 0.000000 0.134290 0.006925 1.660832 2713.394955
0.858785 0.000000 0.000000 0.000000 0.000000 0.134290 0.006925 1.660832 2713.394955
0.858785 0.000000 0.000000 0.000000 0.000000 0.134290 0.006925 1.660832 2713.394955
0.858785 0.000000 0.000000 0.000000 0.000000 0.134290 0.006925 1.660832 2713.394955
0.858785 0.000000 0.000000 0.000000 0.000000 0.134290 0.006925 1.660832 2713.394955
0.858785 0.000000 0.000000 0.000000 0.000000 0.134290 0.006925 1.660832 2713.394955
0.858785 0.000000 0.000000 0.000000 0.000000 0.134290 0.006925 1.660832 2713.394955
0.858785 0.000000 0.000000 0.000000 0.000000 0.134290 0.006925 1.660832 2713.394955
0.858785 0.000000 0.000000 0.000000 0.000000 0.134290 0.006925 1.660832 2713.394955
0.858785 0.000000 0.000000 0.000000 0.000000 0.134290 0.006925 1.660832 2713.394955
0.858785 0.000000 0.000000 0.000000 0.000000 0.134290 0.006925 1.660832 2713.394955
0.858785 0.000000 0.000000 0.000000 0.000000 0.134290 0.006925 1.660832 2713.394955
0.858785 0.000000 0.000000 0.000000 0.000000 0.134290 0.006925 1.660832 2713.394955
0.858785 0.000000 0.000000 0.000000 0.000000 0.134290 0.006925 1.660832 2713.394955
0.858785 0.000000 0.000000 0.000000 0.000000 0.134290 0.006925 1.660832 2713.394955
0.858785 0.000000 0.000000 0.000000 0.000000 0.134290 0.006925 1.660832 2713.394955
0.858785 0.000000 0.000000 0.000000 0.000000 0.134290 0.006925 1.660832 2713.394955
0.858785 0.000000 0.000000 0.000000 0.000000 0.134290 0.006925 1.660832 2713.394955
0.858785 0.000000 0.000000 0.000000 0.000000 0.134290 0.006925 1.660832 2713.394955
0.858785 0.000000 0.000000 0.000000 0.000000 0.134290 0.006925 1.660832 2713.394955
0.858785 0.000000 0.000000 0.000000 0.000000 0.134290 0.006925 1.660832 2713.394955
0.858785 0.000000 0.000000 0.000000 0.000000 0.134290 0.006925 1.660832 2713.394955
0.858785 0.000000 0.000000 0.000000 0.000000 0.134290 0.006925 1.660832 2713.394955
0.858785 0.000000 0.000000 0.000000 0.000000 0.134290 0.006925 1.660832 2713.394955
0.858785 0.000000 0.000000 0.000000 0.000000 0.134290 0.006925 1.660832 2713.394955
0.858785 0.000000 0.000000 0.000000 0.000000 0.134290 0.006925 1.660832 2713.394955
0.858785 0.000000 0.000000 0.000000 0.000000 0.134290 0.006925 1.660832 2713.394955
0.858785 0.000000 0.000000 0.000000 0.000000 0.134290 0.006925 1.660832 2713.394955
0.858785 0.000000 0.000000 0.000000 0.000000 0.134290 0.006925 1.660832 2713.394955
0.858785 0.000000 0.000000 0.000000 0.000000 0.134290 0.006925 1.660832 2713.394955
0.858785 0.000000 0.000000 0.000000 0.000000 0.134290 0.006925 1.660832 2713.394955
0.858785 0.000000 0.000000 0.000000 0.000000 0.134290 0.006925 1.660832 2713.394955
0.858785 0.000000 0.000000 0.000000 0.000000 0.134290 0.006925 1.660832 2713.394955
0.858785 0.000000 0.000000 0.000000 0.000000 0.134290 0.006925 1.660832 2713.394955
0.858785 0.000000 0.000000 0.000000 0.000000 0.134290 0.006925 1.660832 2713.394955
0.858785 0.000000 0.000000 0.000000 0.000000 0.134290 0.006925 1.660832 2713.394955
0.858785 0.000000 0.000000 0.000000 0.000000 0.134290 0.006925 1.660832 2713.394955
0.858785 0.000000 0.000000 0.000000 0.000000 0.134290 0.006925 1.660832 2713.394955
0.858785 0.000000 0.000000 0.000000 0.000000 0.134290 0.006925 1.660832 2713.394955
0.858785 0.000000 0.000000 0.000000 0.000000 0.134290 0.006925 1.660832 2713.394955
0.858785 0.000000 0.000000 0.000000 0.000000 0.134290 0.006925 1.660832 2713.394955
0.858785 0.000000 0.000000 0.000000 0.000000 0.134290 0.006925 1.660832 2713.394955
0.858785 0.000000 0.000000 0.000000 0.000000 0.134290 0.006925 1.660832 2713.394955
0.858785 0.000000 0.000000 0.000000 0.000000 0.134290 0.006925 1.660832 2713.394955
0.858785 0.000000 0.000000 0.000000 0.000000 0.134290 0.006925 1.660832 2713.394955
0.858785 0.000000 0.000000 0.000000 0.000000 0.134290 0.006925 1.660832 2713.394955
0.858785 0.000000 0.000000 0.000000 0.000000 0.134290 0.006925 1.660832 2713.394955
0.858785 0.000000 0.000000 0.000000 0.000000 0.134290 0.006925 1.660832 2713.394955
0.858785 0.000000 0.000000 0.000000 0.000000 0.134290 0.006925 1.660832 2713.394955
0.858785 0.000000 0.000000 0.000000 0.000000 0.134290 0.006925 1.660832 2713.394955
0.858785 0.000000 0.000000 0.000000 0.000000 0.134290 0.006925 1.660832 2713.394955
0.858785 0.000000 0.000000 0.000000 0.000000 0.134290 0.006925 1.660832 2713.394955
0.858785 0.000000 0.000000 0.000000 0.000000 0.134290 0.006925 1.660832 2713.394955
0.858785 0.000000 0.000000 0.000000 0.000000 0.134290 0.006925 1.660832 2713.394955
0.858785 0.000000 0.000000 0.000000 0.000000 0.134290 0.006925 1.660832 2713.394955
0.858785 0.000000 0.000000 0.000000 0.000000 0.134290 0.006925 1.660832 2713.394955
0.858785 0.000000 0.000000 0.000000 0.000000 0.134290 0.006925 1.660832 2713.394955
0.858785 0.000000 0.000000 0.000000 0.000000 0.134290 0.006925 1.660832 2713.394955
0.858785 0.000000 0.000000 0.000000 0.000000 0.134290 0.006925 1.660832 2713.394955
0.858785 0.000000 0.000000 0.000000 0.000000 0.134290 0.006925 1.660832 2713.394955
0.858785 0.000000 0.000000 0.000000 0.000000 0.134290 0.006925 1.660832 2713.394955
0.858785 0.000000 0.000000 0.000000 0.000000 0.134290 0.006925 1.660832 2713.394955
0.858785 0.000000 0.000000 0.000000 0.000000 0.134290 0.006925 1.660832 2713.394955
0.858785 0.000000 0.000000 0.000000 0.000000 0.134290 0.006925 1.660832 2713.394955
0.858785 0.000000 0.000000 0.000000 0.000000 0.134290 0.006925 1.660832 2713.394955
0.858785 0.000000 0.000000 0.000000 0.000000 0.134290 0.006925 1.660832 2713.394955
0.858785 0.000000 0.000000 0.000000 0.000000 0.134290 0.006925 1.660832 2713.394955
