0.376280 0.061392 0.053613 0.031011 0.002148 0.469155 0.006402 1.535920 2146.437071
0.377137 0.060505 0.054286 0.030224 0.002149 0.469269 0.006431 1.541837 2156.747172
0.379308 0.058434 0.054727 0.029487 0.002147 0.469435 0.006462 1.547646 2168.025999
0.382180 0.055804 0.055133 0.028733 0.002144 0.469519 0.006488 1.553312 2177.734053
0.385342 0.053080 0.055237 0.028065 0.002127 0.469632 0.006517 1.558722 2189.761869
0.388804 0.050419 0.055095 0.027348 0.002115 0.469675 0.006544 1.563761 2201.009282
0.392472 0.047706 0.054725 0.026577 0.002118 0.469834 0.006569 1.568559 2210.294349
0.396392 0.045143 0.054233 0.025782 0.002112 0.469742 0.006595 1.573071 2220.620845
0.400475 0.042647 0.053596 0.024976 0.002112 0.469571 0.006623 1.577395 2231.010187
0.404631 0.040327 0.052848 0.024312 0.002105 0.469127 0.006649 1.581467 2241.076490
0.408899 0.038135 0.051955 0.023588 0.002091 0.468655 0.006677 1.585319 2251.457565
0.413162 0.036073 0.050842 0.022882 0.002061 0.468269 0.006712 1.588939 2264.011689
0.417491 0.034155 0.049777 0.022171 0.002037 0.467630 0.006739 1.592380 2276.068219
0.421930 0.032386 0.048637 0.021492 0.002020 0.466768 0.006767 1.595638 2285.741973
0.426377 0.030751 0.047468 0.020820 0.002000 0.465792 0.006792 1.598704 2295.663769
0.430837 0.029166 0.046309 0.020137 0.001981 0.464752 0.006818 1.601655 2305.227405
0.435262 0.027706 0.045039 0.019508 0.001967 0.463673 0.006846 1.604472 2315.690959
0.439817 0.026369 0.043840 0.018884 0.001934 0.462280 0.006876 1.607141 2327.929094
0.444254 0.025110 0.042608 0.018332 0.001904 0.460885 0.006907 1.609699 2339.161757
0.448765 0.024005 0.041271 0.017710 0.001879 0.459435 0.006934 1.612058 2349.512976
0.453249 0.022962 0.039981 0.017134 0.001852 0.457857 0.006965 1.614366 2361.240830
0.457772 0.021930 0.038676 0.016567 0.001826 0.456236 0.006993 1.616583 2371.641761
0.462272 0.021050 0.037398 0.016025 0.001796 0.454439 0.007019 1.618661 2382.287168
0.466741 0.020233 0.036128 0.015527 0.001769 0.452557 0.007045 1.620669 2391.376284
0.471217 0.019483 0.034951 0.015032 0.001749 0.450499 0.007069 1.622611 2401.455657
0.475687 0.018759 0.033804 0.014532 0.001720 0.448406 0.007092 1.624484 2410.994564
0.480184 0.018089 0.032699 0.014059 0.001691 0.446163 0.007116 1.626284 2421.282402
0.484697 0.017448 0.031643 0.013605 0.001662 0.443807 0.007138 1.628041 2432.385345
0.489170 0.016819 0.030589 0.013152 0.001640 0.441473 0.007158 1.629741 2442.107147
0.493562 0.016283 0.029508 0.012743 0.001607 0.439117 0.007180 1.631363 2452.164740
0.497987 0.015772 0.028523 0.012316 0.001581 0.436621 0.007201 1.632935 2462.056783
0.502348 0.015299 0.027559 0.011930 0.001548 0.434089 0.007226 1.634476 2472.891489
0.506701 0.014898 0.026655 0.011548 0.001517 0.431431 0.007249 1.635957 2482.603973
0.510958 0.014503 0.025793 0.011182 0.001488 0.428805 0.007271 1.637414 2491.871500
0.515230 0.014160 0.024886 0.010846 0.001462 0.426123 0.007293 1.638802 2502.055768
0.519543 0.013813 0.024089 0.010528 0.001430 0.423285 0.007313 1.640163 2510.885615
0.523733 0.013495 0.023284 0.010234 0.001399 0.420522 0.007333 1.641506 2521.086513
0.528047 0.013200 0.022524 0.009939 0.001369 0.417567 0.007354 1.642806 2531.454767
0.532176 0.012919 0.021780 0.009675 0.001341 0.414740 0.007370 1.644110 2540.035217
0.536380 0.012624 0.021061 0.009406 0.001309 0.411832 0.007389 1.645365 2548.852070
0.540520 0.012397 0.020361 0.009141 0.001285 0.408887 0.007408 1.646595 2557.696130
0.544607 0.012168 0.019704 0.008892 0.001263 0.405942 0.007425 1.647786 2566.639006
0.548685 0.011955 0.019111 0.008667 0.001237 0.402898 0.007446 1.648959 2576.029357
0.552774 0.011721 0.018561 0.008453 0.001212 0.399814 0.007465 1.650135 2584.999083
0.556820 0.011495 0.018022 0.008250 0.001193 0.396741 0.007479 1.651296 2593.151080
0.560901 0.011322 0.017507 0.008026 0.001167 0.393585 0.007492 1.652405 2602.597923
0.564808 0.011198 0.016979 0.007839 0.001141 0.390526 0.007510 1.653503 2610.841429
0.568765 0.011056 0.016483 0.007642 0.001116 0.387416 0.007524 1.654583 2619.578700
0.572728 0.010904 0.016024 0.007482 0.001098 0.384225 0.007541 1.655663 2626.845573
0.576502 0.010815 0.015585 0.007297 0.001078 0.381167 0.007557 1.656707 2635.407821
0.580303 0.010718 0.015228 0.007121 0.001058 0.378002 0.007572 1.657752 2642.700858
0.584101 0.010596 0.014809 0.006959 0.001040 0.374910 0.007585 1.658779 2649.397635
0.587824 0.010479 0.014402 0.006807 0.001011 0.371880 0.007599 1.659803 2658.059237
0.591568 0.010376 0.014059 0.006689 0.000988 0.368708 0.007614 1.660820 2665.427585
0.595187 0.010278 0.013698 0.006555 0.000970 0.365688 0.007625 1.661828 2671.951797
0.598846 0.010172 0.013403 0.006456 0.000952 0.362531 0.007640 1.662836 2678.840051
0.602507 0.010046 0.013075 0.006371 0.000935 0.359413 0.007653 1.663838 2686.069401
0.606096 0.009956 0.012797 0.006258 0.000924 0.356306 0.007663 1.664821 2693.313664
0.609579 0.009893 0.012516 0.006153 0.000908 0.353278 0.007674 1.665786 2700.129378
0.613073 0.009777 0.012290 0.006041 0.000887 0.350246 0.007687 1.666772 2707.431271
0.616565 0.009701 0.012053 0.005943 0.000869 0.347170 0.007699 1.667732 2714.435185
0.620027 0.009671 0.011807 0.005839 0.000854 0.344092 0.007710 1.668655 2720.698204
0.623476 0.009580 0.011592 0.005747 0.000835 0.341047 0.007723 1.669598 2728.416217
0.626820 0.009497 0.011378 0.005694 0.000818 0.338060 0.007733 1.670562 2735.118753
0.630201 0.009417 0.011204 0.005619 0.000796 0.335018 0.007746 1.671509 2742.725990
0.633455 0.009387 0.011050 0.005540 0.000781 0.332031 0.007756 1.672432 2749.170825
0.636763 0.009342 0.010847 0.005471 0.000768 0.329039 0.007770 1.673359 2756.197053
0.640029 0.009285 0.010650 0.005403 0.000755 0.326099 0.007780 1.674276 2761.293103
0.643244 0.009251 0.010463 0.005349 0.000739 0.323164 0.007790 1.675168 2766.815112
0.646325 0.009209 0.010329 0.005296 0.000724 0.320319 0.007800 1.676088 2772.767852
0.649412 0.009171 0.010185 0.005237 0.000713 0.317473 0.007808 1.677006 2778.648390
0.652455 0.009189 0.010030 0.005182 0.000697 0.314630 0.007817 1.677892 2784.075674
0.655498 0.009139 0.009949 0.005125 0.000682 0.311778 0.007828 1.678802 2790.494077
0.658528 0.009151 0.009810 0.005075 0.000671 0.308925 0.007839 1.679674 2796.910428
0.661490 0.009153 0.009702 0.005042 0.000661 0.306104 0.007849 1.680571 2803.297810
0.664360 0.009138 0.009590 0.005001 0.000649 0.303405 0.007857 1.681486 2808.162945
0.667240 0.009134 0.009480 0.004953 0.000638 0.300693 0.007864 1.682387 2813.591706
0.670046 0.009173 0.009343 0.004909 0.000627 0.298028 0.007874 1.683258 2819.319842
0.672853 0.009140 0.009294 0.004861 0.000609 0.295356 0.007886 1.684176 2825.009481
0.675678 0.009172 0.009199 0.004822 0.000598 0.292637 0.007894 1.685051 2829.704457
0.678398 0.009190 0.009105 0.004787 0.000591 0.290026 0.007902 1.685917 2833.725857
0.681137 0.009206 0.009044 0.004743 0.000582 0.287375 0.007912 1.686808 2839.801150
0.683832 0.009219 0.008978 0.004721 0.000577 0.284753 0.007920 1.687701 2843.877951
0.686511 0.009221 0.008907 0.004695 0.000567 0.282171 0.007928 1.688596 2848.301505
0.689071 0.009236 0.008875 0.004677 0.000558 0.279650 0.007934 1.689498 2852.470666
0.691606 0.009255 0.008840 0.004638 0.000552 0.277167 0.007942 1.690408 2856.494342
0.694200 0.009231 0.008801 0.004631 0.000545 0.274643 0.007949 1.691330 2861.427612
0.696749 0.009241 0.008765 0.004598 0.000534 0.272155 0.007957 1.692229 2866.599151
0.699214 0.009249 0.008729 0.004589 0.000524 0.269730 0.007966 1.693130 2871.137706
0.701587 0.009264 0.008687 0.004580 0.000519 0.267392 0.007971 1.694040 2874.990925
0.703994 0.009288 0.008658 0.004566 0.000509 0.265008 0.007977 1.694945 2879.829336
0.706369 0.009267 0.008658 0.004568 0.000502 0.262652 0.007986 1.695886 2883.454657
0.708708 0.009248 0.008689 0.004569 0.000496 0.260299 0.007992 1.696829 2886.640928
0.710984 0.009268 0.008689 0.004575 0.000489 0.257998 0.007998 1.697764 2890.662062
0.713252 0.009302 0.008668 0.004568 0.000480 0.255725 0.008005 1.698671 2894.831731
0.715459 0.009323 0.008677 0.004542 0.000479 0.253508 0.008012 1.699586 2899.124564
0.717687 0.009314 0.008671 0.004529 0.000471 0.251308 0.008019 1.700530 2903.274621
0.719851 0.009333 0.008651 0.004540 0.000465 0.249135 0.008025 1.701445 2906.645606
0.721952 0.009378 0.008634 0.004534 0.000460 0.247010 0.008032 1.702366 2910.734578
0.724031 0.009435 0.008630 0.004538 0.000450 0.244877 0.008039 1.703291 2914.614630
0.726112 0.009446 0.008631 0.004548 0.000445 0.242772 0.008046 1.704229 2918.062211
0.728205 0.009510 0.008589 0.004547 0.000439 0.240659 0.008051 1.705132 2920.919743
0.730218 0.009550 0.008604 0.004528 0.000435 0.238608 0.008056 1.706062 2924.945067
0.732202 0.009619 0.008609 0.004537 0.000435 0.236538 0.008061 1.706996 2927.762663
0.734146 0.009682 0.008628 0.004552 0.000435 0.234492 0.008065 1.707951 2930.304731
0.736078 0.009735 0.008664 0.004539 0.000428 0.232485 0.008071 1.708895 2934.233794
0.738002 0.009759 0.008677 0.004549 0.000422 0.230514 0.008076 1.709864 2937.289127
0.739820 0.009795 0.008710 0.004551 0.000418 0.228625 0.008081 1.710834 2939.965235
0.741668 0.009913 0.008689 0.004585 0.000411 0.226645 0.008089 1.711777 2944.079543
0.743421 0.010013 0.008687 0.004604 0.000405 0.224775 0.008096 1.712725 2947.399090
0.745184 0.010089 0.008708 0.004604 0.000405 0.222909 0.008101 1.713702 2948.984848
0.746943 0.010129 0.008716 0.004632 0.000403 0.221072 0.008106 1.714691 2951.324832
0.748612 0.010216 0.008748 0.004651 0.000400 0.219265 0.008110 1.715677 2953.491880
0.750236 0.010274 0.008786 0.004678 0.000399 0.217511 0.008115 1.716705 2956.802401
0.751892 0.010338 0.008810 0.004701 0.000395 0.215743 0.008122 1.717709 2960.417692
0.753530 0.010402 0.008817 0.004713 0.000396 0.214015 0.008127 1.718717 2963.986496
0.755094 0.010476 0.008869 0.004712 0.000395 0.212324 0.008131 1.719744 2967.030019
0.756646 0.010550 0.008879 0.004743 0.000398 0.210651 0.008135 1.720757 2969.657163
0.758172 0.010590 0.008938 0.004767 0.000395 0.209000 0.008139 1.721811 2971.920558
0.759724 0.010661 0.008962 0.004786 0.000392 0.207330 0.008144 1.722829 2975.394253
0.761165 0.010764 0.008958 0.004815 0.000389 0.205759 0.008150 1.723837 2978.106332
0.762569 0.010818 0.009011 0.004829 0.000386 0.204232 0.008156 1.724880 2981.077410
0.763992 0.010873 0.009042 0.004872 0.000385 0.202675 0.008161 1.725944 2983.371322
0.765342 0.010941 0.009076 0.004901 0.000384 0.201190 0.008165 1.727002 2985.562774
0.766721 0.010995 0.009145 0.004927 0.000384 0.199659 0.008169 1.728069 2988.265934
0.768050 0.011032 0.009218 0.004961 0.000383 0.198182 0.008174 1.729181 2990.876025
0.769374 0.011112 0.009252 0.004996 0.000383 0.196705 0.008178 1.730275 2993.673300
0.770644 0.011211 0.009254 0.005020 0.000387 0.195302 0.008182 1.731351 2995.620442
0.771870 0.011301 0.009312 0.005045 0.000388 0.193900 0.008185 1.732458 2997.660730
0.773184 0.011322 0.009376 0.005063 0.000388 0.192476 0.008191 1.733565 3000.220263
0.774434 0.011383 0.009444 0.005080 0.000388 0.191076 0.008196 1.734676 3001.862844
0.775618 0.011431 0.009532 0.005120 0.000386 0.189712 0.008201 1.735813 3004.720841
0.776792 0.011492 0.009574 0.005139 0.000389 0.188408 0.008205 1.736944 3006.727267
0.777925 0.011540 0.009637 0.005156 0.000393 0.187140 0.008211 1.738096 3007.994232
0.779063 0.011581 0.009689 0.005185 0.000389 0.185875 0.008218 1.739244 3010.649754
0.780175 0.011645 0.009742 0.005223 0.000387 0.184603 0.008224 1.740388 3013.010873
0.781278 0.011686 0.009803 0.005261 0.000387 0.183358 0.008228 1.741556 3015.474012
0.782355 0.011746 0.009868 0.005291 0.000386 0.182123 0.008231 1.742719 3018.105852
0.783371 0.011822 0.009926 0.005305 0.000386 0.180954 0.008236 1.743883 3020.578425
0.784387 0.011905 0.009978 0.005321 0.000384 0.179785 0.008241 1.745061 3023.894288
0.785335 0.012034 0.010014 0.005340 0.000383 0.178646 0.008248 1.746220 3026.469604
0.786301 0.012110 0.010025 0.005384 0.000387 0.177541 0.008253 1.747388 3027.899467
0.787219 0.012242 0.010040 0.005431 0.000388 0.176423 0.008257 1.748538 3029.894391
0.788132 0.012345 0.010128 0.005476 0.000387 0.175270 0.008262 1.749751 3032.286190
0.789036 0.012449 0.010184 0.005518 0.000384 0.174161 0.008268 1.750963 3034.736557
0.789907 0.012504 0.010295 0.005556 0.000387 0.173078 0.008273 1.752207 3036.524766
0.790688 0.012601 0.010346 0.005608 0.000385 0.172094 0.008278 1.753448 3038.460960
0.791495 0.012685 0.010378 0.005650 0.000385 0.171124 0.008282 1.754677 3040.745376
0.792310 0.012785 0.010416 0.005676 0.000393 0.170135 0.008285 1.755909 3041.690941
0.793099 0.012894 0.010503 0.005684 0.000391 0.169139 0.008291 1.757140 3044.542919
0.793887 0.012972 0.010560 0.005706 0.000390 0.168188 0.008296 1.758402 3047.130450
0.794596 0.013038 0.010682 0.005729 0.000390 0.167262 0.008303 1.759712 3049.652422
0.795303 0.013121 0.010748 0.005776 0.000386 0.166355 0.008311 1.761011 3052.565509
0.796006 0.013207 0.010783 0.005827 0.000383 0.165477 0.008318 1.762291 3054.595777
0.796705 0.013298 0.010864 0.005848 0.000388 0.164576 0.008322 1.763583 3056.081604
0.797337 0.013404 0.010939 0.005876 0.000393 0.163726 0.008326 1.764891 3057.905346
0.797982 0.013471 0.011059 0.005894 0.000390 0.162875 0.008331 1.766219 3059.970597
0.798598 0.013566 0.011104 0.005932 0.000391 0.162073 0.008336 1.767551 3061.865695
0.799236 0.013634 0.011144 0.005979 0.000394 0.161273 0.008341 1.768885 3064.053089
0.799806 0.013784 0.011169 0.006017 0.000389 0.160488 0.008347 1.770180 3067.381536
0.800442 0.013804 0.011271 0.006044 0.000390 0.159697 0.008352 1.771542 3070.213349
0.801024 0.013878 0.011353 0.006083 0.000393 0.158914 0.008356 1.772904 3071.881999
0.801520 0.013979 0.011430 0.006136 0.000396 0.158178 0.008361 1.774269 3073.925787
0.801977 0.014109 0.011476 0.006174 0.000397 0.157502 0.008366 1.775618 3075.386349
0.802437 0.014240 0.011552 0.006227 0.000400 0.156774 0.008370 1.776987 3078.538034
0.802894 0.014308 0.011634 0.006259 0.000405 0.156125 0.008375 1.778386 3080.310775
0.803365 0.014318 0.011757 0.006298 0.000405 0.155476 0.008381 1.779846 3082.968386
0.803824 0.014357 0.011822 0.006320 0.000411 0.154879 0.008386 1.781253 3084.729173
0.804311 0.014406 0.011911 0.006371 0.000413 0.154197 0.008392 1.782698 3086.892080
0.804679 0.014510 0.011970 0.006425 0.000418 0.153601 0.008397 1.784126 3088.741949
0.805062 0.014584 0.012061 0.006451 0.000425 0.153015 0.008401 1.785558 3090.610798
0.805502 0.014672 0.012110 0.006479 0.000426 0.152404 0.008407 1.786972 3092.658988
0.805837 0.014780 0.012176 0.006504 0.000425 0.151865 0.008413 1.788389 3094.775500
0.806203 0.014863 0.012242 0.006550 0.000425 0.151298 0.008418 1.789829 3097.557142
0.806544 0.014955 0.012311 0.006578 0.000428 0.150764 0.008421 1.791295 3099.568046
0.806906 0.015020 0.012375 0.006620 0.000430 0.150221 0.008427 1.792771 3101.992784
0.807222 0.015103 0.012469 0.006655 0.000436 0.149682 0.008432 1.794270 3104.339665
0.807498 0.015200 0.012580 0.006683 0.000437 0.149165 0.008438 1.795760 3106.095139
0.807791 0.015291 0.012637 0.006718 0.000437 0.148680 0.008445 1.797230 3108.955580
0.808110 0.015362 0.012724 0.006752 0.000437 0.148161 0.008453 1.798731 3111.302020
0.808352 0.015482 0.012800 0.006768 0.000436 0.147704 0.008460 1.800216 3113.917737
0.808600 0.015572 0.012881 0.006802 0.000439 0.147242 0.008464 1.801743 3116.063561
0.808859 0.015618 0.012977 0.006846 0.000441 0.146789 0.008470 1.803273 3117.947946
0.809085 0.015716 0.013084 0.006862 0.000444 0.146332 0.008477 1.804817 3120.495042
0.809253 0.015840 0.013156 0.006905 0.000448 0.145916 0.008483 1.806355 3122.883311
0.809430 0.015900 0.013205 0.006969 0.000448 0.145559 0.008489 1.807917 3124.697991
0.809640 0.015977 0.013232 0.007009 0.000449 0.145197 0.008496 1.809455 3126.494970
0.809764 0.016098 0.013301 0.007067 0.000454 0.144813 0.008504 1.811022 3128.174844
0.809898 0.016169 0.013427 0.007111 0.000456 0.144429 0.008510 1.812617 3129.920933
0.810053 0.016207 0.013502 0.007168 0.000456 0.144097 0.008517 1.814214 3131.325793
0.810203 0.016252 0.013604 0.007227 0.000459 0.143732 0.008522 1.815827 3133.732238
0.810369 0.016321 0.013672 0.007275 0.000459 0.143376 0.008528 1.817410 3136.209979
0.810500 0.016404 0.013718 0.007307 0.000460 0.143079 0.008533 1.819018 3138.396085
0.810611 0.016494 0.013769 0.007334 0.000460 0.142793 0.008540 1.820601 3140.434218
0.810661 0.016553 0.013870 0.007377 0.000462 0.142532 0.008546 1.822248 3142.568354
0.810743 0.016666 0.013935 0.007421 0.000467 0.142218 0.008550 1.823853 3143.934619
0.810858 0.016729 0.014007 0.007460 0.000467 0.141921 0.008558 1.825489 3145.722952
0.810848 0.016817 0.014094 0.007483 0.000470 0.141723 0.008565 1.827130 3147.734340
0.810883 0.016864 0.014176 0.007524 0.000472 0.141508 0.008573 1.828805 3150.356169
0.810920 0.016898 0.014257 0.007580 0.000471 0.141296 0.008578 1.830506 3152.372583
0.810910 0.016943 0.014346 0.007612 0.000480 0.141125 0.008584 1.832200 3154.311318
0.811007 0.016976 0.014405 0.007630 0.000482 0.140910 0.008590 1.833868 3156.568969
0.811077 0.016981 0.014480 0.007678 0.000480 0.140704 0.008600 1.835557 3159.187796
0.811119 0.017018 0.014572 0.007695 0.000485 0.140507 0.008606 1.837229 3161.570945
0.811134 0.017096 0.014611 0.007733 0.000487 0.140325 0.008613 1.838892 3163.901125
0.811134 0.017156 0.014677 0.007760 0.000492 0.140164 0.008617 1.840571 3166.269405
0.811146 0.017211 0.014723 0.007798 0.000495 0.140004 0.008623 1.842254 3168.635498
0.811172 0.017253 0.014772 0.007829 0.000495 0.139850 0.008630 1.843933 3170.780331
0.811206 0.017273 0.014805 0.007864 0.000498 0.139718 0.008636 1.845645 3173.535820
0.811233 0.017275 0.014877 0.007891 0.000497 0.139585 0.008643 1.847349 3175.945997
0.811269 0.017302 0.014913 0.007911 0.000495 0.139460 0.008649 1.849048 3178.236578
0.811234 0.017361 0.014961 0.007897 0.000497 0.139396 0.008654 1.850735 3180.112799
0.811233 0.017439 0.014995 0.007912 0.000499 0.139263 0.008660 1.852419 3182.619479
0.811241 0.017462 0.015037 0.007965 0.000499 0.139129 0.008668 1.854138 3184.788462
0.811242 0.017488 0.015097 0.007974 0.000505 0.139022 0.008673 1.855845 3187.144830
0.811237 0.017522 0.015164 0.007988 0.000510 0.138900 0.008679 1.857560 3188.894182
0.811215 0.017569 0.015207 0.008039 0.000509 0.138775 0.008688 1.859279 3191.363902
0.811159 0.017584 0.015260 0.008041 0.000513 0.138747 0.008695 1.861027 3193.573108
0.811118 0.017637 0.015283 0.008064 0.000516 0.138678 0.008703 1.862739 3195.760475
0.811145 0.017667 0.015332 0.008091 0.000516 0.138539 0.008711 1.864481 3198.325225
0.811126 0.017726 0.015346 0.008072 0.000519 0.138496 0.008715 1.866193 3199.947123
0.811117 0.017751 0.015383 0.008083 0.000519 0.138424 0.008723 1.867924 3202.961228
0.811073 0.017745 0.015405 0.008078 0.000527 0.138442 0.008730 1.869662 3205.931846
0.811036 0.017814 0.015408 0.008094 0.000528 0.138382 0.008737 1.871365 3207.881732
0.810979 0.017812 0.015474 0.008118 0.000533 0.138343 0.008742 1.873140 3209.822392
0.810923 0.017810 0.015537 0.008157 0.000535 0.138288 0.008749 1.874898 3212.281920
0.810929 0.017830 0.015576 0.008187 0.000533 0.138190 0.008756 1.876642 3214.256723
0.810880 0.017869 0.015605 0.008202 0.000534 0.138149 0.008761 1.878380 3216.806025
0.810862 0.017828 0.015649 0.008213 0.000541 0.138138 0.008770 1.880155 3218.719132
0.810787 0.017822 0.015697 0.008237 0.000542 0.138139 0.008777 1.881948 3221.334500
0.810720 0.017853 0.015726 0.008223 0.000540 0.138154 0.008785 1.883699 3223.579110
0.810738 0.017826 0.015754 0.008243 0.000543 0.138104 0.008793 1.885463 3225.617384
0.810744 0.017841 0.015776 0.008234 0.000546 0.138058 0.008800 1.887184 3228.410754
0.810718 0.017836 0.015786 0.008238 0.000546 0.138070 0.008807 1.888933 3231.539440
0.810684 0.017902 0.015760 0.008273 0.000551 0.138018 0.008812 1.890659 3234.149640
0.810658 0.017922 0.015796 0.008262 0.000556 0.137988 0.008817 1.892419 3235.834973
0.810624 0.017918 0.015794 0.008293 0.000554 0.137992 0.008825 1.894190 3238.936992
0.810572 0.017930 0.015823 0.008299 0.000557 0.137987 0.008833 1.895955 3241.590613
0.810510 0.017961 0.015855 0.008314 0.000560 0.137960 0.008840 1.897730 3243.953540
0.810444 0.017973 0.015867 0.008329 0.000564 0.137979 0.008845 1.899490 3246.303158
0.810391 0.017974 0.015898 0.008329 0.000561 0.137996 0.008851 1.901253 3249.273403
0.810350 0.018009 0.015884 0.008341 0.000559 0.137997 0.008860 1.903007 3252.468991
0.810293 0.018010 0.015898 0.008374 0.000555 0.138003 0.008866 1.904776 3255.436807
0.810209 0.018038 0.015916 0.008350 0.000552 0.138063 0.008872 1.906522 3258.404475
0.810144 0.018048 0.015956 0.008366 0.000553 0.138055 0.008878 1.908318 3261.163542
0.810082 0.018038 0.015979 0.008386 0.000553 0.138079 0.008884 1.910118 3263.559019
0.810096 0.018054 0.015969 0.008395 0.000561 0.138036 0.008890 1.911847 3265.903710
0.810032 0.018035 0.015997 0.008393 0.000567 0.138082 0.008896 1.913612 3267.960648
0.810003 0.017993 0.016024 0.008431 0.000565 0.138081 0.008903 1.915402 3270.370626
0.809978 0.017996 0.016055 0.008440 0.000566 0.138053 0.008911 1.917198 3273.171565
0.809981 0.018003 0.016060 0.008453 0.000570 0.138016 0.008918 1.918957 3275.385075
0.809928 0.017986 0.016076 0.008449 0.000563 0.138073 0.008926 1.920739 3278.740661
0.809903 0.018003 0.016069 0.008415 0.000566 0.138111 0.008933 1.922490 3280.893535
0.809869 0.018042 0.016043 0.008412 0.000570 0.138123 0.008941 1.924227 3283.429069
0.809852 0.018005 0.016024 0.008429 0.000573 0.138172 0.008945 1.926003 3285.996024
0.809855 0.017997 0.015987 0.008417 0.000576 0.138216 0.008952 1.927733 3288.936511
0.809865 0.017955 0.016000 0.008437 0.000575 0.138209 0.008959 1.929514 3291.612161
0.809911 0.017936 0.015984 0.008417 0.000576 0.138209 0.008966 1.931260 3294.234342
0.809858 0.017967 0.015941 0.008419 0.000580 0.138262 0.008973 1.932990 3296.537071
0.809846 0.017926 0.015950 0.008459 0.000573 0.138265 0.008980 1.934771 3299.849878
0.809844 0.017895 0.015988 0.008443 0.000576 0.138269 0.008987 1.936539 3302.916668
0.809838 0.017851 0.016019 0.008434 0.000581 0.138282 0.008995 1.938317 3305.434181
0.809865 0.017831 0.016047 0.008427 0.000584 0.138243 0.009002 1.940070 3308.280213
0.809831 0.017883 0.016008 0.008435 0.000585 0.138253 0.009007 1.941779 3311.160047
0.809876 0.017844 0.016013 0.008437 0.000582 0.138233 0.009015 1.943538 3313.539089
0.809914 0.017854 0.015988 0.008414 0.000584 0.138224 0.009022 1.945267 3316.069406
0.809861 0.017878 0.015968 0.008418 0.000590 0.138256 0.009030 1.946987 3318.390985
0.809906 0.017884 0.015954 0.008380 0.000589 0.138248 0.009039 1.948690 3321.904836
0.809923 0.017862 0.015976 0.008373 0.000588 0.138231 0.009048 1.950446 3324.481965
0.809916 0.017866 0.015979 0.008358 0.000590 0.138235 0.009056 1.952177 3327.065214
0.809873 0.017878 0.015979 0.008382 0.000584 0.138239 0.009065 1.953943 3330.358545
0.809922 0.017814 0.015962 0.008380 0.000586 0.138263 0.009074 1.955700 3333.034210
0.809941 0.017773 0.015978 0.008375 0.000594 0.138260 0.009080 1.957461 3335.637054
0.809955 0.017764 0.015972 0.008361 0.000593 0.138268 0.009087 1.959211 3337.792120
0.810004 0.017739 0.015939 0.008354 0.000601 0.138269 0.009094 1.960922 3340.388064
0.810040 0.017723 0.015939 0.008358 0.000599 0.138242 0.009101 1.962652 3343.623939
0.810063 0.017699 0.015931 0.008375 0.000597 0.138225 0.009110 1.964381 3346.735264
0.810059 0.017684 0.015945 0.008394 0.000593 0.138210 0.009116 1.966133 3349.830376
0.810033 0.017698 0.015886 0.008394 0.000598 0.138266 0.009125 1.967847 3352.899771
0.810011 0.017703 0.015888 0.008389 0.000608 0.138270 0.009132 1.969589 3355.116846
0.810044 0.017692 0.015884 0.008407 0.000606 0.138225 0.009142 1.971315 3358.333868
0.810089 0.017643 0.015885 0.008404 0.000603 0.138226 0.009150 1.973063 3361.223646
0.810144 0.017579 0.015908 0.008424 0.000605 0.138179 0.009160 1.974829 3364.225991
0.810192 0.017531 0.015931 0.008424 0.000609 0.138144 0.009169 1.976566 3366.627006
0.810189 0.017500 0.015922 0.008408 0.000613 0.138191 0.009177 1.978297 3369.716625
0.810227 0.017488 0.015914 0.008373 0.000608 0.138204 0.009185 1.980005 3372.874028
0.810244 0.017524 0.015884 0.008359 0.000605 0.138192 0.009192 1.981690 3375.820627
0.810283 0.017516 0.015924 0.008347 0.000606 0.138124 0.009199 1.983407 3378.166770
0.810271 0.017539 0.015886 0.008363 0.000608 0.138124 0.009209 1.985112 3380.542480
0.810293 0.017545 0.015845 0.008354 0.000607 0.138139 0.009218 1.986835 3383.444665
0.810354 0.017569 0.015792 0.008329 0.000601 0.138129 0.009226 1.988499 3386.309426
0.810377 0.017516 0.015837 0.008316 0.000605 0.138117 0.009233 1.990244 3389.254609
0.810397 0.017533 0.015811 0.008318 0.000600 0.138099 0.009242 1.991945 3391.817540
0.810405 0.017551 0.015810 0.008303 0.000598 0.138083 0.009250 1.993645 3395.072217
0.810418 0.017538 0.015856 0.008333 0.000596 0.138001 0.009258 1.995389 3398.144574
0.810418 0.017509 0.015868 0.008334 0.000595 0.138009 0.009266 1.997132 3400.732464
0.810398 0.017559 0.015827 0.008341 0.000592 0.138009 0.009274 1.998842 3403.639155
0.810400 0.017485 0.015855 0.008355 0.000590 0.138030 0.009285 2.000619 3407.310626
0.810440 0.017484 0.015861 0.008349 0.000593 0.137979 0.009294 2.002328 3410.504899
0.810412 0.017471 0.015884 0.008342 0.000596 0.137998 0.009298 2.004062 3412.834864
0.810479 0.017451 0.015875 0.008302 0.000599 0.137989 0.009305 2.005739 3415.671367
0.810556 0.017419 0.015852 0.008319 0.000592 0.137948 0.009312 2.007453 3418.358269
0.810631 0.017391 0.015827 0.008331 0.000590 0.137912 0.009318 2.009147 3421.648147
0.810661 0.017408 0.015799 0.008319 0.000588 0.137900 0.009325 2.010842 3424.421437
0.810704 0.017433 0.015770 0.008293 0.000584 0.137882 0.009334 2.012530 3428.149992
0.810697 0.017431 0.015790 0.008275 0.000585 0.137881 0.009341 2.014244 3430.933792
0.810695 0.017456 0.015780 0.008285 0.000588 0.137851 0.009346 2.015952 3433.194561
0.810703 0.017434 0.015776 0.008301 0.000585 0.137846 0.009355 2.017676 3436.632896
0.810767 0.017421 0.015761 0.008270 0.000589 0.137829 0.009364 2.019359 3440.080295
0.810817 0.017409 0.015729 0.008252 0.000587 0.137833 0.009372 2.021061 3443.024272
0.810862 0.017405 0.015705 0.008265 0.000583 0.137797 0.009382 2.022763 3446.593962
0.810921 0.017432 0.015629 0.008254 0.000588 0.137786 0.009390 2.024436 3449.637274
0.810965 0.017424 0.015637 0.008241 0.000591 0.137744 0.009399 2.026139 3452.084560
0.811010 0.017398 0.015650 0.008258 0.000586 0.137691 0.009407 2.027851 3455.015600
0.811052 0.017387 0.015629 0.008273 0.000586 0.137660 0.009415 2.029571 3458.528098
0.811120 0.017355 0.015591 0.008267 0.000579 0.137666 0.009422 2.031258 3462.200068
0.811133 0.017335 0.015630 0.008264 0.000574 0.137632 0.009431 2.032970 3465.278548
0.811222 0.017301 0.015611 0.008243 0.000577 0.137611 0.009437 2.034650 3468.176091
0.811223 0.017299 0.015620 0.008244 0.000580 0.137591 0.009443 2.036360 3470.836073
0.811244 0.017251 0.015660 0.008221 0.000575 0.137598 0.009452 2.038083 3473.704181
0.811296 0.017243 0.015619 0.008216 0.000575 0.137592 0.009460 2.039757 3476.253857
0.811344 0.017216 0.015593 0.008226 0.000572 0.137582 0.009467 2.041450 3478.965239
0.811367 0.017231 0.015549 0.008197 0.000581 0.137604 0.009472 2.043116 3481.148098
0.811436 0.017196 0.015538 0.008209 0.000578 0.137562 0.009482 2.044794 3484.520356
0.811562 0.017125 0.015530 0.008208 0.000579 0.137506 0.009490 2.046499 3487.285671
0.811595 0.017133 0.015517 0.008189 0.000582 0.137485 0.009499 2.048165 3490.551615
0.811650 0.017121 0.015492 0.008163 0.000581 0.137490 0.009503 2.049835 3492.949154
0.811706 0.017071 0.015499 0.008162 0.000582 0.137468 0.009512 2.051536 3495.646907
0.811758 0.017024 0.015493 0.008175 0.000582 0.137450 0.009518 2.053233 3498.773518
0.811800 0.017008 0.015461 0.008155 0.000582 0.137466 0.009527 2.054894 3501.863596
0.811836 0.016987 0.015460 0.008161 0.000580 0.137442 0.009534 2.056551 3505.050675
0.811963 0.016922 0.015475 0.008171 0.000583 0.137345 0.009540 2.058234 3507.680602
0.812019 0.016918 0.015455 0.008173 0.000585 0.137302 0.009548 2.059907 3510.455854
0.812109 0.016891 0.015437 0.008156 0.000581 0.137270 0.009556 2.061570 3513.423682
0.812235 0.016859 0.015386 0.008144 0.000577 0.137233 0.009566 2.063221 3517.056467
0.812354 0.016800 0.015404 0.008132 0.000583 0.137155 0.009571 2.064890 3519.118584
0.812446 0.016795 0.015367 0.008119 0.000585 0.137111 0.009577 2.066525 3522.096083
0.812525 0.016766 0.015328 0.008117 0.000585 0.137096 0.009583 2.068187 3524.826471
0.812601 0.016740 0.015302 0.008097 0.000586 0.137084 0.009591 2.069858 3527.197147
0.812664 0.016797 0.015277 0.008072 0.000591 0.136999 0.009600 2.071478 3529.531944
0.812773 0.016776 0.015239 0.008048 0.000590 0.136967 0.009608 2.073104 3532.359522
0.812895 0.016720 0.015253 0.008037 0.000595 0.136887 0.009614 2.074780 3535.135651
0.812969 0.016726 0.015243 0.008025 0.000596 0.136818 0.009623 2.076422 3537.822993
0.813039 0.016720 0.015221 0.008028 0.000601 0.136764 0.009629 2.078064 3540.457062
0.813192 0.016666 0.015222 0.008034 0.000595 0.136654 0.009637 2.079706 3543.894920
0.813251 0.016653 0.015204 0.008015 0.000590 0.136639 0.009648 2.081339 3547.040178
0.813286 0.016657 0.015179 0.008005 0.000589 0.136631 0.009654 2.082974 3549.567396
0.813328 0.016646 0.015158 0.007996 0.000590 0.136622 0.009659 2.084641 3552.132803
0.813430 0.016636 0.015126 0.007984 0.000593 0.136562 0.009668 2.086281 3554.534615
0.813506 0.016607 0.015137 0.007975 0.000590 0.136510 0.009675 2.087928 3558.352761
0.813564 0.016609 0.015141 0.007957 0.000590 0.136457 0.009683 2.089560 3561.411828
0.813608 0.016617 0.015149 0.007948 0.000585 0.136402 0.009692 2.091205 3565.075860
0.813717 0.016597 0.015161 0.007946 0.000585 0.136298 0.009697 2.092840 3568.350893
0.813793 0.016558 0.015165 0.007951 0.000580 0.136248 0.009705 2.094497 3571.081228
0.813891 0.016566 0.015127 0.007917 0.000578 0.136208 0.009713 2.096109 3574.362397
0.813988 0.016546 0.015113 0.007896 0.000579 0.136157 0.009720 2.097734 3577.397020
0.814064 0.016559 0.015088 0.007916 0.000575 0.136068 0.009731 2.099362 3580.836767
0.814163 0.016512 0.015082 0.007906 0.000567 0.136032 0.009738 2.101005 3583.595578
0.814256 0.016523 0.015102 0.007889 0.000567 0.135918 0.009744 2.102644 3586.636769
0.814335 0.016548 0.015046 0.007874 0.000564 0.135881 0.009754 2.104221 3590.345486
0.814458 0.016478 0.015056 0.007886 0.000561 0.135800 0.009761 2.105874 3593.720009
0.814511 0.016503 0.015019 0.007857 0.000561 0.135778 0.009770 2.107476 3596.564749
0.814587 0.016532 0.015001 0.007840 0.000565 0.135700 0.009776 2.109072 3598.929009
0.814641 0.016544 0.014973 0.007834 0.000562 0.135661 0.009784 2.110683 3601.172072
0.814748 0.016552 0.014968 0.007832 0.000556 0.135552 0.009791 2.112283 3603.602196
0.814855 0.016456 0.014992 0.007840 0.000554 0.135503 0.009800 2.113947 3606.304821
0.814976 0.016442 0.015001 0.007826 0.000545 0.135402 0.009809 2.115547 3609.451269
0.815052 0.016471 0.014978 0.007823 0.000543 0.135315 0.009817 2.117131 3612.425502
0.815137 0.016492 0.014984 0.007771 0.000537 0.135254 0.009825 2.118714 3615.922921
0.815223 0.016493 0.014968 0.007796 0.000537 0.135153 0.009830 2.120319 3618.557500
0.815283 0.016491 0.014946 0.007793 0.000538 0.135113 0.009836 2.121932 3621.474822
0.815377 0.016488 0.014909 0.007783 0.000542 0.135059 0.009843 2.123516 3623.980498
0.815432 0.016516 0.014898 0.007784 0.000540 0.134981 0.009850 2.125129 3627.155640
0.815499 0.016516 0.014892 0.007814 0.000531 0.134891 0.009859 2.126747 3630.239531
0.815623 0.016462 0.014872 0.007813 0.000530 0.134838 0.009863 2.128372 3633.150571
0.815715 0.016422 0.014896 0.007800 0.000528 0.134767 0.009872 2.129982 3635.995318
0.815865 0.016380 0.014917 0.007822 0.000528 0.134608 0.009881 2.131611 3639.069689
0.816007 0.016298 0.014902 0.007829 0.000532 0.134544 0.009887 2.133231 3641.436607
0.816080 0.016304 0.014883 0.007800 0.000533 0.134506 0.009893 2.134804 3644.183579
0.816203 0.016271 0.014852 0.007798 0.000537 0.134437 0.009902 2.136400 3646.690114
0.816265 0.016234 0.014827 0.007801 0.000535 0.134429 0.009909 2.138011 3649.527987
0.816372 0.016217 0.014806 0.007782 0.000529 0.134376 0.009918 2.139594 3653.027341
0.816418 0.016252 0.014835 0.007773 0.000525 0.134272 0.009926 2.141204 3656.128288
0.816519 0.016199 0.014854 0.007764 0.000527 0.134206 0.009931 2.142829 3658.248736
0.816615 0.016195 0.014831 0.007788 0.000523 0.134109 0.009939 2.144429 3661.388913
0.816614 0.016282 0.014791 0.007770 0.000530 0.134068 0.009945 2.145983 3663.820375
0.816703 0.016262 0.014808 0.007783 0.000529 0.133965 0.009950 2.147589 3665.743987
0.816792 0.016259 0.014800 0.007810 0.000528 0.133854 0.009957 2.149191 3668.482338
0.816844 0.016261 0.014789 0.007824 0.000525 0.133794 0.009964 2.150794 3671.519884
0.816890 0.016262 0.014789 0.007843 0.000525 0.133722 0.009969 2.152419 3674.463732
0.816927 0.016273 0.014796 0.007813 0.000522 0.133691 0.009976 2.154016 3677.876434
0.817042 0.016290 0.014776 0.007799 0.000520 0.133591 0.009982 2.155601 3680.792568
0.817134 0.016280 0.014788 0.007794 0.000524 0.133495 0.009986 2.157204 3682.727962
0.817184 0.016250 0.014830 0.007795 0.000527 0.133423 0.009991 2.158843 3685.170378
0.817255 0.016281 0.014799 0.007773 0.000526 0.133367 0.009999 2.160419 3688.302381
0.817316 0.016301 0.014739 0.007787 0.000526 0.133325 0.010006 2.162002 3691.039357
0.817383 0.016301 0.014717 0.007781 0.000528 0.133276 0.010014 2.163600 3693.416751
0.817433 0.016287 0.014725 0.007760 0.000531 0.133243 0.010022 2.165194 3696.222203
0.817510 0.016243 0.014714 0.007773 0.000529 0.133203 0.010029 2.166822 3699.256357
0.817577 0.016248 0.014702 0.007775 0.000530 0.133132 0.010036 2.168408 3702.032508
0.817668 0.016264 0.014698 0.007744 0.000527 0.133056 0.010043 2.169988 3705.450452
0.817795 0.016195 0.014703 0.007769 0.000528 0.132960 0.010050 2.171608 3708.459233
0.817874 0.016187 0.014724 0.007736 0.000534 0.132889 0.010056 2.173197 3710.970581
0.817975 0.016176 0.014713 0.007721 0.000537 0.132817 0.010062 2.174759 3713.240259
0.818037 0.016198 0.014665 0.007703 0.000541 0.132788 0.010067 2.176324 3715.362946
0.818128 0.016203 0.014641 0.007709 0.000536 0.132708 0.010075 2.177919 3719.005674
0.818159 0.016197 0.014665 0.007694 0.000534 0.132670 0.010081 2.179521 3720.980800
0.818222 0.016161 0.014678 0.007692 0.000530 0.132626 0.010091 2.181120 3724.104206
0.818295 0.016156 0.014642 0.007676 0.000532 0.132600 0.010098 2.182694 3726.528080
0.818306 0.016167 0.014624 0.007679 0.000533 0.132585 0.010105 2.184293 3729.440823
0.818428 0.016164 0.014609 0.007666 0.000532 0.132490 0.010113 2.185853 3731.760981
0.818520 0.016159 0.014561 0.007656 0.000535 0.132448 0.010120 2.187420 3734.559503
0.818578 0.016155 0.014598 0.007648 0.000531 0.132364 0.010127 2.189036 3737.838863
0.818646 0.016134 0.014604 0.007675 0.000526 0.132282 0.010133 2.190640 3740.240330
0.818745 0.016112 0.014625 0.007682 0.000529 0.132168 0.010140 2.192229 3741.954280
0.818853 0.016138 0.014593 0.007660 0.000526 0.132083 0.010148 2.193762 3744.552599
0.818876 0.016144 0.014634 0.007634 0.000527 0.132027 0.010158 2.195348 3746.924174
0.818957 0.016118 0.014653 0.007646 0.000528 0.131935 0.010163 2.196941 3749.576890
0.818983 0.016164 0.014650 0.007631 0.000532 0.131874 0.010168 2.198516 3751.257243
0.819037 0.016169 0.014660 0.007605 0.000537 0.131819 0.010173 2.200116 3753.764336
0.819093 0.016163 0.014666 0.007591 0.000541 0.131766 0.010179 2.201713 3755.811373
0.819118 0.016191 0.014615 0.007611 0.000537 0.131741 0.010186 2.203284 3758.957730
0.819196 0.016185 0.014638 0.007618 0.000535 0.131634 0.010194 2.204899 3761.825905
0.819219 0.016214 0.014649 0.007584 0.000536 0.131597 0.010200 2.206468 3764.906081
0.819230 0.016279 0.014623 0.007599 0.000539 0.131523 0.010207 2.208038 3767.370410
0.819293 0.016282 0.014608 0.007604 0.000540 0.131459 0.010213 2.209629 3770.103496
0.819346 0.016266 0.014635 0.007607 0.000546 0.131379 0.010222 2.211234 3773.289708
0.819369 0.016313 0.014657 0.007620 0.000551 0.131260 0.010229 2.212813 3775.801828
0.819417 0.016344 0.014650 0.007635 0.000550 0.131169 0.010235 2.214402 3778.365737
0.819450 0.016331 0.014659 0.007632 0.000549 0.131138 0.010241 2.215996 3780.873547
0.819502 0.016337 0.014672 0.007637 0.000550 0.131053 0.010249 2.217602 3783.871079
0.819510 0.016368 0.014682 0.007638 0.000552 0.130996 0.010255 2.219205 3786.345804
0.819537 0.016402 0.014669 0.007651 0.000553 0.130927 0.010262 2.220798 3789.083102
0.819517 0.016446 0.014657 0.007653 0.000558 0.130900 0.010268 2.222398 3791.190515
0.819534 0.016451 0.014646 0.007689 0.000557 0.130849 0.010274 2.224018 3794.151558
0.819587 0.016445 0.014710 0.007721 0.000555 0.130700 0.010282 2.225658 3796.694438
0.819599 0.016511 0.014707 0.007715 0.000555 0.130625 0.010288 2.227234 3799.685638
0.819569 0.016577 0.014702 0.007713 0.000554 0.130591 0.010296 2.228829 3802.259745
0.819553 0.016614 0.014702 0.007711 0.000554 0.130564 0.010303 2.230414 3804.139790
0.819548 0.016630 0.014703 0.007714 0.000548 0.130546 0.010311 2.232016 3807.856220
0.819531 0.016640 0.014720 0.007696 0.000550 0.130545 0.010319 2.233636 3811.121289
0.819553 0.016629 0.014748 0.007703 0.000553 0.130489 0.010324 2.235265 3813.746441
0.819621 0.016561 0.014808 0.007716 0.000549 0.130413 0.010332 2.236933 3817.315582
0.819626 0.016558 0.014812 0.007704 0.000549 0.130413 0.010340 2.238544 3819.862435
0.819690 0.016533 0.014799 0.007734 0.000551 0.130347 0.010346 2.240168 3821.810169
0.819719 0.016523 0.014830 0.007758 0.000554 0.130267 0.010350 2.241794 3824.218634
0.819753 0.016477 0.014842 0.007768 0.000549 0.130253 0.010357 2.243438 3827.740633
0.819713 0.016505 0.014840 0.007791 0.000552 0.130236 0.010363 2.245067 3830.007008
0.819718 0.016509 0.014831 0.007807 0.000558 0.130205 0.010372 2.246686 3832.608978
0.819751 0.016513 0.014815 0.007792 0.000563 0.130190 0.010377 2.248301 3834.403611
0.819756 0.016563 0.014793 0.007772 0.000562 0.130171 0.010384 2.249878 3836.903160
0.819774 0.016526 0.014814 0.007802 0.000565 0.130128 0.010391 2.251538 3839.203542
0.819766 0.016497 0.014846 0.007784 0.000571 0.130138 0.010397 2.253175 3841.885003
0.819826 0.016462 0.014861 0.007792 0.000575 0.130082 0.010402 2.254785 3844.518212
0.819798 0.016490 0.014859 0.007764 0.000580 0.130102 0.010407 2.256395 3846.893775
0.819808 0.016492 0.014847 0.007761 0.000572 0.130105 0.010415 2.257989 3850.406043
0.819848 0.016463 0.014846 0.007771 0.000567 0.130079 0.010425 2.259614 3853.957774
0.819819 0.016500 0.014843 0.007769 0.000568 0.130069 0.010432 2.261211 3856.730352
0.819823 0.016547 0.014828 0.007749 0.000572 0.130042 0.010440 2.262781 3859.615200
0.819843 0.016565 0.014837 0.007755 0.000566 0.129984 0.010449 2.264391 3862.651601
0.819887 0.016523 0.014866 0.007768 0.000566 0.129933 0.010457 2.266035 3865.281594
0.819941 0.016498 0.014894 0.007774 0.000564 0.129864 0.010464 2.267662 3868.279452
0.819976 0.016500 0.014877 0.007772 0.000556 0.129845 0.010474 2.269270 3872.194612
0.819959 0.016504 0.014849 0.007759 0.000555 0.129894 0.010481 2.270873 3874.731856
0.819997 0.016490 0.014863 0.007758 0.000560 0.129846 0.010486 2.272479 3877.746723
0.819996 0.016483 0.014883 0.007760 0.000562 0.129823 0.010493 2.274106 3880.126865
0.820024 0.016502 0.014873 0.007742 0.000562 0.129794 0.010503 2.275722 3882.617700
0.820034 0.016502 0.014886 0.007750 0.000561 0.129760 0.010508 2.277342 3885.621160
0.820050 0.016512 0.014848 0.007772 0.000559 0.129746 0.010515 2.278947 3887.947210
0.820057 0.016510 0.014848 0.007770 0.000552 0.129740 0.010524 2.280551 3890.737709
0.820077 0.016525 0.014840 0.007752 0.000553 0.129721 0.010531 2.282142 3893.187207
0.820029 0.016517 0.014810 0.007765 0.000547 0.129792 0.010540 2.283771 3896.248749
0.820042 0.016511 0.014797 0.007753 0.000545 0.129806 0.010546 2.285390 3899.074562
0.820048 0.016501 0.014822 0.007747 0.000546 0.129781 0.010554 2.287022 3902.917785
0.820102 0.016451 0.014840 0.007733 0.000544 0.129768 0.010562 2.288627 3906.438856
0.820108 0.016461 0.014837 0.007734 0.000542 0.129749 0.010570 2.290241 3909.223103
0.820066 0.016480 0.014862 0.007725 0.000540 0.129750 0.010577 2.291861 3912.108487
0.820068 0.016494 0.014853 0.007760 0.000540 0.129703 0.010583 2.293491 3914.498883
0.820036 0.016495 0.014838 0.007776 0.000543 0.129722 0.010590 2.295115 3917.661468
0.820080 0.016439 0.014876 0.007784 0.000542 0.129681 0.010597 2.296742 3919.942574
0.820094 0.016413 0.014903 0.007784 0.000542 0.129661 0.010604 2.298388 3923.007837
0.820059 0.016399 0.014861 0.007772 0.000537 0.129759 0.010613 2.300000 3926.187134
0.820117 0.016375 0.014883 0.007757 0.000532 0.129717 0.010620 2.301616 3929.314933
0.820098 0.016403 0.014880 0.007752 0.000534 0.129709 0.010625 2.303214 3931.837366
0.820055 0.016441 0.014873 0.007776 0.000529 0.129692 0.010634 2.304816 3934.767669
0.820093 0.016448 0.014861 0.007787 0.000529 0.129641 0.010642 2.306436 3937.531213
0.820108 0.016406 0.014853 0.007807 0.000523 0.129653 0.010650 2.308072 3940.527209
0.820133 0.016390 0.014837 0.007836 0.000527 0.129623 0.010655 2.309698 3942.799779
0.820134 0.016395 0.014841 0.007809 0.000533 0.129629 0.010660 2.311315 3945.434224
0.820164 0.016385 0.014839 0.007800 0.000529 0.129613 0.010669 2.312935 3948.326108
0.820206 0.016370 0.014858 0.007824 0.000526 0.129540 0.010675 2.314561 3950.801971
0.820234 0.016355 0.014870 0.007826 0.000528 0.129504 0.010683 2.316180 3953.192289
0.820291 0.016359 0.014855 0.007815 0.000528 0.129462 0.010690 2.317768 3955.718557
0.820291 0.016354 0.014829 0.007822 0.000526 0.129482 0.010695 2.319378 3958.497208
0.820328 0.016377 0.014799 0.007776 0.000528 0.129490 0.010702 2.320944 3961.419966
0.820379 0.016360 0.014805 0.007780 0.000532 0.129437 0.010707 2.322544 3964.743272
0.820401 0.016334 0.014788 0.007796 0.000541 0.129428 0.010712 2.324173 3967.056379
0.820405 0.016321 0.014788 0.007790 0.000540 0.129438 0.010718 2.325798 3969.600166
0.820435 0.016237 0.014794 0.007807 0.000537 0.129467 0.010724 2.327434 3972.016318
0.820419 0.016273 0.014755 0.007768 0.000542 0.129511 0.010732 2.329009 3975.080098
0.820477 0.016211 0.014767 0.007781 0.000543 0.129479 0.010742 2.330644 3977.628915
0.820574 0.016186 0.014738 0.007781 0.000541 0.129430 0.010750 2.332228 3980.502477
0.820566 0.016176 0.014753 0.007800 0.000542 0.129408 0.010757 2.333845 3983.004640
0.820594 0.016182 0.014746 0.007800 0.000539 0.129374 0.010765 2.335427 3986.316741
0.820633 0.016174 0.014745 0.007796 0.000537 0.129343 0.010772 2.337025 3988.597887
0.820616 0.016177 0.014749 0.007789 0.000538 0.129353 0.010778 2.338639 3991.404168
0.820624 0.016191 0.014756 0.007776 0.000532 0.129334 0.010786 2.340230 3994.031810
0.820682 0.016135 0.014759 0.007781 0.000533 0.129317 0.010793 2.341860 3997.237901
0.820705 0.016129 0.014722 0.007795 0.000529 0.129320 0.010801 2.343445 4000.080840
0.820741 0.016138 0.014691 0.007794 0.000525 0.129301 0.010810 2.345031 4003.229350
0.820792 0.016129 0.014659 0.007823 0.000532 0.129247 0.010817 2.346623 4005.047149
0.820813 0.016095 0.014666 0.007787 0.000530 0.129285 0.010823 2.348234 4007.445422
0.820824 0.016129 0.014647 0.007780 0.000529 0.129260 0.010831 2.349795 4010.060263
0.820920 0.016119 0.014612 0.007759 0.000525 0.129226 0.010840 2.351379 4013.898311
0.820939 0.016111 0.014580 0.007738 0.000526 0.129260 0.010846 2.352967 4016.178721
0.820958 0.016132 0.014571 0.007718 0.000524 0.129245 0.010853 2.354535 4019.252104
0.820995 0.016143 0.014579 0.007704 0.000523 0.129196 0.010860 2.356103 4022.024366
0.821062 0.016181 0.014532 0.007705 0.000525 0.129126 0.010869 2.357651 4024.960317
0.821144 0.016157 0.014548 0.007709 0.000527 0.129040 0.010875 2.359232 4026.759880
0.821217 0.016132 0.014566 0.007703 0.000524 0.128975 0.010883 2.360817 4029.458042
0.821260 0.016130 0.014551 0.007692 0.000525 0.128953 0.010890 2.362408 4032.121009
0.821249 0.016139 0.014559 0.007661 0.000529 0.128966 0.010898 2.364002 4034.665497
0.821298 0.016141 0.014584 0.007639 0.000531 0.128903 0.010905 2.365588 4036.904317
0.821306 0.016120 0.014601 0.007655 0.000528 0.128879 0.010912 2.367180 4039.535953
0.821356 0.016153 0.014605 0.007628 0.000525 0.128812 0.010921 2.368751 4042.891285
0.821372 0.016165 0.014652 0.007608 0.000527 0.128748 0.010927 2.370327 4044.812051
0.821392 0.016189 0.014614 0.007601 0.000524 0.128745 0.010935 2.371895 4047.730396
0.821401 0.016209 0.014615 0.007594 0.000520 0.128717 0.010943 2.373451 4051.032083
0.821410 0.016226 0.014612 0.007602 0.000521 0.128679 0.010950 2.375042 4053.577340
0.821429 0.016230 0.014591 0.007605 0.000518 0.128672 0.010956 2.376627 4056.491284
0.821386 0.016241 0.014584 0.007609 0.000518 0.128700 0.010962 2.378242 4059.373507
0.821362 0.016272 0.014600 0.007612 0.000524 0.128663 0.010967 2.379824 4061.297732
0.821372 0.016318 0.014614 0.007601 0.000525 0.128597 0.010973 2.381410 4064.250681
0.821449 0.016305 0.014619 0.007591 0.000520 0.128535 0.010982 2.383006 4067.184687
0.821427 0.016338 0.014623 0.007616 0.000517 0.128489 0.010990 2.384617 4069.889115
0.821438 0.016277 0.014667 0.007632 0.000517 0.128472 0.010999 2.386262 4072.847710
0.821464 0.016290 0.014646 0.007634 0.000518 0.128441 0.011006 2.387845 4075.108092
0.821452 0.016289 0.014663 0.007605 0.000523 0.128456 0.011013 2.389425 4077.096242
0.821463 0.016311 0.014676 0.007587 0.000524 0.128420 0.011019 2.391013 4079.583226
0.821415 0.016370 0.014731 0.007566 0.000526 0.128367 0.011024 2.392597 4082.826737
0.821407 0.016353 0.014748 0.007585 0.000530 0.128347 0.011031 2.394211 4084.801969
0.821451 0.016306 0.014721 0.007595 0.000527 0.128363 0.011038 2.395814 4087.836197
0.821463 0.016331 0.014705 0.007586 0.000525 0.128348 0.011043 2.397379 4090.090453
0.821465 0.016328 0.014704 0.007591 0.000519 0.128342 0.011051 2.398975 4093.213514
0.821400 0.016373 0.014685 0.007593 0.000515 0.128376 0.011058 2.400553 4096.521798
0.821412 0.016391 0.014697 0.007589 0.000519 0.128328 0.011063 2.402156 4098.877619
0.821407 0.016373 0.014678 0.007601 0.000518 0.128353 0.011070 2.403776 4101.579951
0.821461 0.016336 0.014693 0.007597 0.000519 0.128317 0.011077 2.405389 4104.244529
0.821484 0.016296 0.014679 0.007612 0.000518 0.128327 0.011084 2.406989 4106.463450
0.821548 0.016329 0.014640 0.007594 0.000520 0.128278 0.011092 2.408539 4109.215938
0.821536 0.016326 0.014651 0.007609 0.000520 0.128260 0.011098 2.410168 4112.068149
0.821519 0.016342 0.014669 0.007619 0.000524 0.128223 0.011104 2.411773 4113.997996
0.821531 0.016293 0.014691 0.007644 0.000528 0.128202 0.011111 2.413390 4116.816871
0.821497 0.016328 0.014681 0.007659 0.000531 0.128186 0.011118 2.414965 4119.215026
0.821523 0.016288 0.014700 0.007659 0.000528 0.128176 0.011127 2.416572 4122.240118
0.821544 0.016311 0.014644 0.007688 0.000533 0.128147 0.011133 2.418159 4124.470250
0.821504 0.016330 0.014654 0.007662 0.000538 0.128173 0.011140 2.419770 4127.432919
0.821439 0.016347 0.014680 0.007652 0.000532 0.128202 0.011148 2.421371 4130.542471
0.821426 0.016361 0.014654 0.007623 0.000536 0.128245 0.011155 2.422961 4132.816885
0.821446 0.016382 0.014635 0.007644 0.000538 0.128195 0.011161 2.424556 4134.837279
0.821457 0.016361 0.014662 0.007657 0.000537 0.128159 0.011168 2.426166 4137.965125
0.821506 0.016357 0.014689 0.007654 0.000542 0.128079 0.011175 2.427745 4140.254051
0.821523 0.016375 0.014667 0.007650 0.000539 0.128063 0.011182 2.429324 4142.695399
0.821537 0.016372 0.014689 0.007672 0.000532 0.128010 0.011189 2.430924 4145.352353
0.821523 0.016366 0.014707 0.007702 0.000530 0.127975 0.011197 2.432546 4147.766805
0.821483 0.016403 0.014748 0.007706 0.000525 0.127929 0.011206 2.434156 4151.049045
0.821491 0.016408 0.014772 0.007697 0.000528 0.127891 0.011212 2.435761 4153.386784
0.821522 0.016405 0.014735 0.007691 0.000529 0.127900 0.011218 2.437349 4155.982077
0.821524 0.016359 0.014715 0.007733 0.000526 0.127919 0.011226 2.438991 4158.698458
0.821502 0.016350 0.014707 0.007725 0.000529 0.127957 0.011230 2.440603 4160.697246
0.821502 0.016344 0.014712 0.007749 0.000531 0.127926 0.011236 2.442222 4162.428042
0.821541 0.016360 0.014684 0.007734 0.000527 0.127912 0.011243 2.443788 4165.405923
0.821540 0.016360 0.014680 0.007739 0.000525 0.127904 0.011251 2.445388 4169.075301
0.821538 0.016356 0.014682 0.007750 0.000530 0.127887 0.011258 2.446996 4171.193002
0.821566 0.016332 0.014697 0.007746 0.000532 0.127862 0.011265 2.448606 4173.911944
0.821538 0.016387 0.014691 0.007726 0.000531 0.127856 0.011271 2.450175 4176.791850
0.821518 0.016378 0.014726 0.007725 0.000536 0.127840 0.011277 2.451812 4179.300720
0.821463 0.016404 0.014732 0.007732 0.000538 0.127848 0.011283 2.453411 4181.774542
0.821477 0.016397 0.014707 0.007718 0.000537 0.127871 0.011292 2.455002 4184.559540
0.821473 0.016393 0.014697 0.007756 0.000534 0.127846 0.011300 2.456609 4187.255386
0.821431 0.016421 0.014704 0.007768 0.000538 0.127833 0.011305 2.458236 4189.931446
0.821422 0.016419 0.014687 0.007751 0.000535 0.127872 0.011314 2.459820 4192.823512
0.821426 0.016397 0.014678 0.007762 0.000536 0.127880 0.011322 2.461449 4195.670683
0.821381 0.016409 0.014690 0.007771 0.000539 0.127879 0.011331 2.463077 4198.299112
0.821421 0.016442 0.014683 0.007784 0.000542 0.127793 0.011336 2.464669 4200.794816
0.821412 0.016448 0.014680 0.007793 0.000544 0.127781 0.011342 2.466261 4203.302849
0.821431 0.016442 0.014674 0.007778 0.000550 0.127774 0.011350 2.467842 4205.592060
0.821423 0.016437 0.014677 0.007768 0.000542 0.127793 0.011360 2.469440 4209.212223
0.821416 0.016436 0.014673 0.007784 0.000541 0.127785 0.011365 2.471068 4211.504669
0.821326 0.016463 0.014723 0.007789 0.000541 0.127785 0.011372 2.472693 4213.630824
0.821367 0.016423 0.014723 0.007804 0.000538 0.127766 0.011379 2.474317 4216.169693
0.821380 0.016445 0.014694 0.007785 0.000542 0.127768 0.011387 2.475895 4218.228906
0.821362 0.016449 0.014685 0.007797 0.000544 0.127770 0.011393 2.477490 4220.640415
0.821355 0.016476 0.014659 0.007761 0.000544 0.127806 0.011399 2.479071 4223.348255
0.821330 0.016501 0.014635 0.007777 0.000544 0.127807 0.011405 2.480648 4225.669882
0.821329 0.016498 0.014643 0.007755 0.000547 0.127813 0.011414 2.482264 4228.511636
0.821263 0.016505 0.014663 0.007775 0.000545 0.127826 0.011423 2.483897 4231.060891
0.821344 0.016480 0.014655 0.007758 0.000545 0.127789 0.011429 2.485480 4233.652086
0.821347 0.016476 0.014659 0.007756 0.000547 0.127779 0.011436 2.487085 4235.988735
0.821279 0.016528 0.014686 0.007736 0.000545 0.127785 0.011442 2.488693 4238.934101
0.821260 0.016515 0.014699 0.007738 0.000542 0.127798 0.011448 2.490304 4241.384725
0.821241 0.016495 0.014714 0.007730 0.000540 0.127824 0.011456 2.491919 4244.259851
0.821195 0.016492 0.014743 0.007754 0.000541 0.127812 0.011463 2.493553 4246.931677
0.821148 0.016493 0.014709 0.007765 0.000541 0.127873 0.011471 2.495186 4249.806119
0.821159 0.016439 0.014731 0.007765 0.000543 0.127886 0.011476 2.496832 4252.509127
0.821128 0.016441 0.014720 0.007780 0.000539 0.127908 0.011484 2.498443 4256.069762
0.821143 0.016428 0.014720 0.007773 0.000548 0.127895 0.011493 2.500065 4258.382920
0.821155 0.016373 0.014728 0.007794 0.000546 0.127902 0.011502 2.501709 4261.465730
0.821183 0.016343 0.014703 0.007789 0.000541 0.127933 0.011509 2.503319 4264.639415
0.821168 0.016353 0.014689 0.007773 0.000540 0.127960 0.011516 2.504906 4267.162348
0.821186 0.016368 0.014694 0.007752 0.000537 0.127940 0.011524 2.506488 4270.095392
0.821178 0.016377 0.014655 0.007751 0.000540 0.127968 0.011531 2.508079 4272.015932
0.821132 0.016373 0.014649 0.007768 0.000546 0.127995 0.011538 2.509712 4274.276170
0.821113 0.016394 0.014643 0.007771 0.000542 0.127991 0.011546 2.511274 4276.825893
0.821163 0.016366 0.014688 0.007749 0.000541 0.127939 0.011554 2.512873 4279.253610
0.821193 0.016314 0.014669 0.007755 0.000542 0.127968 0.011560 2.514485 4282.304982
0.821179 0.016320 0.014644 0.007775 0.000541 0.127975 0.011565 2.516052 4284.647837
0.821171 0.016326 0.014636 0.007782 0.000547 0.127967 0.011570 2.517653 4286.471045
0.821123 0.016339 0.014662 0.007773 0.000545 0.127980 0.011578 2.519280 4289.559657
0.821169 0.016303 0.014685 0.007762 0.000542 0.127954 0.011586 2.520882 4292.675703
0.821185 0.016327 0.014658 0.007740 0.000537 0.127958 0.011594 2.522430 4295.492061
0.821164 0.016309 0.014706 0.007720 0.000537 0.127963 0.011603 2.524045 4298.191878
0.821181 0.016305 0.014691 0.007725 0.000536 0.127953 0.011610 2.525646 4301.041555
0.821196 0.016270 0.014675 0.007732 0.000534 0.127975 0.011619 2.527269 4304.253490
0.821225 0.016304 0.014624 0.007720 0.000540 0.127962 0.011624 2.528817 4306.660703
0.821194 0.016310 0.014609 0.007722 0.000547 0.127988 0.011631 2.530415 4309.692739
0.821173 0.016340 0.014624 0.007703 0.000551 0.127975 0.011635 2.532018 4312.767666
0.821208 0.016355 0.014589 0.007687 0.000548 0.127969 0.011643 2.533593 4315.318655
0.821247 0.016363 0.014563 0.007702 0.000546 0.127929 0.011650 2.535178 4317.853800
0.821234 0.016335 0.014581 0.007713 0.000545 0.127936 0.011656 2.536801 4320.597358
0.821246 0.016338 0.014586 0.007713 0.000542 0.127910 0.011664 2.538405 4323.816626
0.821255 0.016351 0.014576 0.007720 0.000541 0.127886 0.011671 2.539993 4326.644260
0.821251 0.016328 0.014560 0.007756 0.000542 0.127884 0.011678 2.541604 4328.885981
0.821274 0.016304 0.014579 0.007727 0.000543 0.127888 0.011685 2.543211 4331.262958
0.821281 0.016307 0.014588 0.007714 0.000541 0.127875 0.011693 2.544818 4334.739983
0.821274 0.016339 0.014585 0.007714 0.000543 0.127846 0.011699 2.546388 4337.400458
0.821314 0.016336 0.014571 0.007685 0.000543 0.127845 0.011705 2.547962 4339.971650
0.821302 0.016313 0.014610 0.007680 0.000540 0.127844 0.011712 2.549572 4342.965375
0.821348 0.016303 0.014590 0.007661 0.000537 0.127840 0.011720 2.551125 4346.093396
0.821352 0.016338 0.014590 0.007650 0.000539 0.127802 0.011728 2.552692 4348.586889
0.821354 0.016304 0.014625 0.007654 0.000535 0.127791 0.011736 2.554336 4351.065952
0.821346 0.016299 0.014668 0.007634 0.000537 0.127774 0.011742 2.555958 4353.238390
0.821404 0.016265 0.014655 0.007631 0.000539 0.127756 0.011750 2.557552 4355.850258
0.821395 0.016231 0.014616 0.007654 0.000533 0.127812 0.011759 2.559153 4359.075011
0.821443 0.016187 0.014635 0.007653 0.000532 0.127784 0.011767 2.560769 4361.705548
0.821464 0.016180 0.014671 0.007645 0.000531 0.127733 0.011775 2.562373 4364.446952
0.821518 0.016122 0.014700 0.007648 0.000528 0.127701 0.011783 2.563991 4367.219089
0.821566 0.016102 0.014699 0.007628 0.000528 0.127686 0.011791 2.565582 4370.089889
0.821534 0.016090 0.014703 0.007635 0.000520 0.127718 0.011800 2.567174 4373.494247
0.821611 0.016076 0.014713 0.007627 0.000523 0.127643 0.011808 2.568745 4376.034624
0.821654 0.016087 0.014672 0.007641 0.000525 0.127608 0.011814 2.570321 4378.734650
0.821650 0.016134 0.014630 0.007646 0.000524 0.127597 0.011820 2.571863 4380.700892
0.821673 0.016155 0.014626 0.007632 0.000528 0.127562 0.011825 2.573427 4383.421653
0.821661 0.016155 0.014661 0.007644 0.000525 0.127523 0.011831 2.575030 4386.451873
0.821709 0.016129 0.014616 0.007630 0.000527 0.127552 0.011837 2.576593 4388.655564
0.821744 0.016142 0.014605 0.007625 0.000527 0.127514 0.011845 2.578174 4391.936363
0.821756 0.016149 0.014596 0.007635 0.000522 0.127489 0.011852 2.579745 4395.010977
0.821771 0.016156 0.014553 0.007652 0.000518 0.127493 0.011858 2.581311 4398.331595
0.821803 0.016132 0.014563 0.007662 0.000518 0.127458 0.011863 2.582923 4400.846626
0.821833 0.016098 0.014538 0.007664 0.000516 0.127481 0.011870 2.584508 4403.188220
0.821877 0.016110 0.014520 0.007659 0.000514 0.127444 0.011876 2.586078 4405.687193
0.821906 0.016112 0.014508 0.007637 0.000515 0.127440 0.011883 2.587652 4408.323732
0.821951 0.016113 0.014490 0.007670 0.000520 0.127366 0.011889 2.589212 4410.446452
0.821996 0.016112 0.014476 0.007685 0.000520 0.127315 0.011897 2.590783 4413.506779
0.821992 0.016115 0.014485 0.007707 0.000518 0.127278 0.011905 2.592369 4416.517871
0.822036 0.016114 0.014458 0.007701 0.000520 0.127261 0.011911 2.593918 4419.283260
0.822019 0.016117 0.014457 0.007670 0.000526 0.127295 0.011916 2.595501 4421.157709
0.822052 0.016103 0.014472 0.007653 0.000527 0.127268 0.011923 2.597072 4423.777677
0.821991 0.016134 0.014460 0.007662 0.000529 0.127294 0.011930 2.598637 4426.525408
0.822001 0.016113 0.014448 0.007665 0.000526 0.127310 0.011937 2.600220 4429.146344
0.821991 0.016091 0.014453 0.007661 0.000524 0.127338 0.011943 2.601822 4431.401422
0.822035 0.016079 0.014457 0.007684 0.000526 0.127271 0.011948 2.603412 4433.719481
0.822021 0.016107 0.014459 0.007670 0.000527 0.127261 0.011956 2.604992 4436.602006
0.822048 0.016125 0.014418 0.007643 0.000522 0.127282 0.011962 2.606553 4439.634064
0.822083 0.016100 0.014407 0.007616 0.000521 0.127304 0.011969 2.608117 4442.369895
0.822106 0.016118 0.014403 0.007618 0.000520 0.127260 0.011976 2.609691 4444.798325
0.822150 0.016129 0.014420 0.007628 0.000522 0.127169 0.011982 2.611251 4447.673205
0.822171 0.016109 0.014468 0.007589 0.000524 0.127149 0.011990 2.612827 4450.531769
0.822197 0.016080 0.014465 0.007601 0.000527 0.127133 0.011997 2.614421 4452.923610
0.822260 0.016071 0.014433 0.007590 0.000528 0.127114 0.012005 2.615967 4456.101122
0.822286 0.016078 0.014464 0.007600 0.000526 0.127033 0.012013 2.617556 4458.390445
0.822301 0.016079 0.014459 0.007572 0.000531 0.127039 0.012019 2.619134 4461.254722
0.822242 0.016138 0.014426 0.007567 0.000532 0.127070 0.012025 2.620703 4464.344426
0.822252 0.016098 0.014427 0.007576 0.000534 0.127082 0.012031 2.622314 4466.776520
0.822238 0.016118 0.014417 0.007554 0.000534 0.127103 0.012035 2.623878 4470.068093
0.822274 0.016115 0.014424 0.007555 0.000529 0.127061 0.012043 2.625453 4473.200334
0.822275 0.016098 0.014446 0.007569 0.000531 0.127030 0.012050 2.627054 4475.423436
0.822251 0.016160 0.014439 0.007545 0.000529 0.127017 0.012058 2.628600 4477.710157
0.822248 0.016139 0.014428 0.007560 0.000528 0.127032 0.012065 2.630205 4479.832674
0.822260 0.016127 0.014416 0.007568 0.000529 0.127031 0.012070 2.631793 4481.955993
0.822203 0.016183 0.014445 0.007557 0.000527 0.127008 0.012076 2.633351 4484.175822
0.822211 0.016189 0.014472 0.007550 0.000531 0.126963 0.012084 2.634927 4486.378341
0.822162 0.016235 0.014498 0.007539 0.000529 0.126947 0.012091 2.636529 4489.466918
0.822116 0.016230 0.014507 0.007555 0.000530 0.126962 0.012099 2.638135 4492.299403
0.822133 0.016175 0.014532 0.007577 0.000528 0.126950 0.012105 2.639772 4494.679787
0.822104 0.016199 0.014526 0.007581 0.000526 0.126954 0.012109 2.641356 4497.041781
0.822113 0.016189 0.014516 0.007626 0.000529 0.126912 0.012116 2.642954 4499.410038
0.822116 0.016207 0.014469 0.007633 0.000536 0.126915 0.012123 2.644532 4501.453461
0.822073 0.016222 0.014462 0.007627 0.000536 0.126947 0.012132 2.646123 4504.482042
0.822079 0.016219 0.014465 0.007625 0.000532 0.126940 0.012140 2.647716 4507.567352
0.822102 0.016224 0.014518 0.007630 0.000531 0.126848 0.012146 2.649328 4510.009896
0.822095 0.016228 0.014564 0.007652 0.000532 0.126775 0.012153 2.650942 4512.492653
0.822076 0.016231 0.014580 0.007645 0.000532 0.126776 0.012161 2.652536 4515.080693
0.822070 0.016238 0.014594 0.007646 0.000531 0.126752 0.012170 2.654123 4517.663020
0.822018 0.016233 0.014600 0.007646 0.000533 0.126793 0.012176 2.655712 4519.443432
0.822005 0.016231 0.014590 0.007640 0.000532 0.126822 0.012182 2.657318 4521.803710
0.821975 0.016223 0.014619 0.007644 0.000529 0.126821 0.012188 2.658932 4525.157690
0.821978 0.016234 0.014628 0.007667 0.000531 0.126767 0.012195 2.660522 4528.022448
0.821945 0.016256 0.014632 0.007650 0.000535 0.126778 0.012204 2.662108 4530.635398
0.821931 0.016235 0.014637 0.007677 0.000535 0.126775 0.012211 2.663735 4533.233589
0.821933 0.016200 0.014659 0.007692 0.000540 0.126759 0.012217 2.665344 4535.909330
0.821972 0.016178 0.014660 0.007705 0.000536 0.126725 0.012224 2.666922 4538.200661
0.821955 0.016173 0.014616 0.007715 0.000536 0.126776 0.012230 2.668496 4541.302503
0.821938 0.016195 0.014599 0.007701 0.000546 0.126785 0.012236 2.670057 4543.344114
0.821942 0.016229 0.014573 0.007688 0.000546 0.126780 0.012242 2.671611 4545.997540
0.821944 0.016206 0.014549 0.007695 0.000545 0.126811 0.012250 2.673197 4548.877792
0.821864 0.016266 0.014550 0.007682 0.000548 0.126833 0.012256 2.674774 4550.536659
0.821833 0.016270 0.014558 0.007688 0.000553 0.126836 0.012264 2.676369 4553.309850
0.821857 0.016235 0.014583 0.007692 0.000546 0.126818 0.012270 2.677983 4556.541573
0.821830 0.016234 0.014565 0.007701 0.000547 0.126849 0.012275 2.679573 4559.159084
0.821808 0.016233 0.014604 0.007690 0.000551 0.126832 0.012282 2.681182 4561.383465
0.821832 0.016220 0.014615 0.007691 0.000548 0.126806 0.012289 2.682779 4564.223071
0.821858 0.016198 0.014609 0.007712 0.000550 0.126777 0.012295 2.684378 4566.363423
0.821863 0.016245 0.014546 0.007717 0.000546 0.126779 0.012304 2.685952 4570.196651
0.821861 0.016227 0.014566 0.007724 0.000543 0.126769 0.012311 2.687548 4573.725034
0.821838 0.016219 0.014575 0.007721 0.000546 0.126784 0.012318 2.689170 4576.202794
0.821848 0.016203 0.014588 0.007696 0.000546 0.126793 0.012326 2.690759 4579.208680
0.821853 0.016143 0.014619 0.007684 0.000541 0.126826 0.012335 2.692390 4582.242040
0.821872 0.016151 0.014626 0.007692 0.000539 0.126777 0.012342 2.693973 4584.646403
0.821935 0.016140 0.014621 0.007684 0.000538 0.126733 0.012350 2.695550 4587.478398
