0.370814 0.060904 0.053926 0.030933 0.001890 0.476076 0.005456 1.562212 1938.792101
0.372128 0.059604 0.055034 0.029697 0.001889 0.476170 0.005478 1.568160 1948.800402
0.374957 0.056987 0.055888 0.028490 0.001893 0.476283 0.005503 1.573871 1958.620137
0.378721 0.053714 0.056410 0.027339 0.001883 0.476406 0.005527 1.579322 1967.039369
0.383010 0.050278 0.056656 0.026204 0.001873 0.476428 0.005550 1.584370 1975.986826
0.387668 0.046838 0.056553 0.025141 0.001873 0.476352 0.005574 1.589090 1985.066804
0.392694 0.043442 0.056219 0.024084 0.001856 0.476108 0.005596 1.593450 1995.679297
0.397905 0.040132 0.055619 0.023097 0.001842 0.475782 0.005622 1.597534 2006.086468
0.403168 0.037008 0.054848 0.022079 0.001823 0.475430 0.005644 1.601302 2015.057397
0.408551 0.034036 0.053918 0.021122 0.001804 0.474903 0.005667 1.604813 2024.330527
0.414053 0.031320 0.052747 0.020198 0.001794 0.474202 0.005685 1.607995 2033.287048
0.419623 0.028735 0.051490 0.019289 0.001779 0.473376 0.005708 1.610976 2041.933259
0.425199 0.026346 0.050158 0.018407 0.001755 0.472405 0.005730 1.613676 2052.663672
0.430893 0.024160 0.048638 0.017543 0.001727 0.471287 0.005751 1.616134 2062.184243
0.436492 0.022154 0.047058 0.016696 0.001699 0.470127 0.005774 1.618385 2073.534181
0.442074 0.020298 0.045462 0.015886 0.001676 0.468808 0.005796 1.620462 2083.160167
0.447734 0.018603 0.043828 0.015126 0.001653 0.467240 0.005816 1.622345 2092.514360
0.453368 0.017023 0.042208 0.014396 0.001626 0.465546 0.005833 1.624095 2100.826522
0.458936 0.015532 0.040585 0.013659 0.001600 0.463839 0.005848 1.625733 2110.456433
0.464616 0.014198 0.038962 0.012946 0.001570 0.461839 0.005869 1.627200 2118.369989
0.470242 0.013014 0.037329 0.012284 0.001547 0.459694 0.005889 1.628503 2126.591471
0.475907 0.011911 0.035724 0.011674 0.001517 0.457359 0.005908 1.629713 2135.404240
0.481480 0.010892 0.034184 0.011063 0.001485 0.454968 0.005928 1.630834 2144.798326
0.487119 0.009975 0.032660 0.010485 0.001451 0.452363 0.005946 1.631845 2153.666872
0.492761 0.009128 0.031156 0.009912 0.001416 0.449662 0.005966 1.632770 2164.123680
0.498268 0.008355 0.029694 0.009348 0.001378 0.446972 0.005985 1.633614 2174.684364
0.503723 0.007640 0.028267 0.008858 0.001345 0.444165 0.006003 1.634397 2183.718846
0.509196 0.006980 0.026918 0.008345 0.001306 0.441234 0.006022 1.635123 2193.782332
0.514627 0.006376 0.025582 0.007883 0.001273 0.438218 0.006041 1.635781 2202.198285
0.519998 0.005832 0.024278 0.007457 0.001237 0.435137 0.006060 1.636376 2210.256728
0.525366 0.005354 0.023011 0.007035 0.001206 0.431950 0.006078 1.636903 2218.785190
0.530742 0.004901 0.021832 0.006623 0.001181 0.428629 0.006093 1.637403 2227.562579
0.536040 0.004492 0.020673 0.006260 0.001149 0.425276 0.006110 1.637859 2235.762439
0.541362 0.004098 0.019604 0.005898 0.001115 0.421797 0.006127 1.638292 2245.196971
0.546543 0.003748 0.018559 0.005563 0.001084 0.418358 0.006145 1.638677 2253.477638
0.551699 0.003431 0.017594 0.005251 0.001053 0.414811 0.006161 1.639030 2261.545291
0.556941 0.003152 0.016642 0.004930 0.001025 0.411138 0.006172 1.639347 2268.936548
0.562057 0.002887 0.015740 0.004644 0.000993 0.407493 0.006185 1.639646 2276.558413
0.567106 0.002654 0.014878 0.004371 0.000965 0.403825 0.006201 1.639909 2284.959323
0.572129 0.002449 0.014029 0.004126 0.000935 0.400115 0.006216 1.640144 2292.211789
0.577020 0.002243 0.013249 0.003891 0.000905 0.396461 0.006231 1.640376 2300.654288
0.581951 0.002057 0.012524 0.003666 0.000878 0.392679 0.006245 1.640590 2308.048881
0.586801 0.001875 0.011795 0.003456 0.000847 0.388967 0.006258 1.640797 2315.755869
0.591640 0.001711 0.011147 0.003254 0.000825 0.385156 0.006268 1.640980 2322.458977
0.596401 0.001574 0.010464 0.003068 0.000798 0.381417 0.006278 1.641138 2330.188268
0.601157 0.001454 0.009848 0.002879 0.000775 0.377596 0.006291 1.641279 2336.653251
0.605848 0.001348 0.009296 0.002710 0.000754 0.373743 0.006301 1.641407 2342.054333
0.610490 0.001232 0.008767 0.002545 0.000733 0.369922 0.006312 1.641541 2348.129070
0.615112 0.001138 0.008269 0.002392 0.000708 0.366058 0.006323 1.641652 2355.022051
0.619687 0.001045 0.007792 0.002245 0.000689 0.362212 0.006330 1.641762 2360.189100
0.624150 0.000967 0.007327 0.002114 0.000667 0.358439 0.006338 1.641859 2366.060277
0.628572 0.000891 0.006883 0.001996 0.000645 0.354666 0.006347 1.641947 2372.110215
0.632971 0.000819 0.006485 0.001872 0.000625 0.350872 0.006356 1.642038 2377.696890
0.637304 0.000748 0.006105 0.001756 0.000604 0.347117 0.006365 1.642119 2383.791001
0.641620 0.000693 0.005723 0.001653 0.000588 0.343348 0.006374 1.642188 2389.649189
0.645857 0.000636 0.005383 0.001542 0.000573 0.339627 0.006382 1.642256 2394.867853
0.650113 0.000589 0.005039 0.001455 0.000550 0.335863 0.006391 1.642314 2401.157660
0.654291 0.000550 0.004732 0.001362 0.000532 0.332134 0.006399 1.642367 2406.064132
0.658388 0.000510 0.004442 0.001283 0.000514 0.328456 0.006408 1.642419 2411.411433
0.662501 0.000469 0.004163 0.001198 0.000498 0.324757 0.006414 1.642469 2416.281365
0.666540 0.000440 0.003911 0.001126 0.000483 0.321079 0.006421 1.642509 2420.563942
0.670569 0.000408 0.003658 0.001048 0.000470 0.317421 0.006426 1.642549 2423.978216
0.674428 0.000378 0.003438 0.000982 0.000452 0.313888 0.006435 1.642587 2428.707333
0.678310 0.000347 0.003227 0.000919 0.000438 0.310320 0.006440 1.642624 2433.077774
0.682205 0.000318 0.003038 0.000871 0.000427 0.306696 0.006445 1.642657 2436.105366
0.685985 0.000296 0.002848 0.000820 0.000412 0.303186 0.006452 1.642686 2440.490964
0.689759 0.000269 0.002677 0.000765 0.000399 0.299674 0.006458 1.642718 2444.439859
0.693472 0.000249 0.002515 0.000724 0.000384 0.296195 0.006462 1.642745 2449.148736
0.697113 0.000232 0.002350 0.000680 0.000369 0.292787 0.006468 1.642767 2453.306771
0.700781 0.000214 0.002206 0.000643 0.000354 0.289329 0.006473 1.642791 2457.284905
0.704411 0.000200 0.002063 0.000600 0.000344 0.285903 0.006479 1.642810 2460.679689
0.707926 0.000190 0.001933 0.000570 0.000333 0.282563 0.006485 1.642826 2464.692121
0.711472 0.000180 0.001811 0.000538 0.000325 0.279185 0.006489 1.642841 2468.636698
0.714927 0.000170 0.001691 0.000507 0.000314 0.275898 0.006493 1.642856 2472.181701
0.718277 0.000159 0.001589 0.000478 0.000304 0.272697 0.006496 1.642871 2475.525572
0.721661 0.000149 0.001496 0.000447 0.000292 0.269455 0.006501 1.642886 2479.468839
0.724990 0.000138 0.001405 0.000420 0.000284 0.266260 0.006505 1.642900 2482.162074
0.728271 0.000125 0.001315 0.000398 0.000274 0.263109 0.006509 1.642916 2485.396105
0.731519 0.000120 0.001226 0.000370 0.000264 0.259988 0.006512 1.642926 2489.559865
0.734730 0.000111 0.001155 0.000345 0.000255 0.256889 0.006516 1.642938 2492.889688
0.737910 0.000101 0.001089 0.000324 0.000245 0.253813 0.006518 1.642953 2496.328089
0.741059 0.000097 0.001021 0.000308 0.000235 0.250759 0.006522 1.642963 2499.231949
0.744181 0.000091 0.000959 0.000290 0.000227 0.247726 0.006526 1.642973 2502.288659
0.747233 0.000083 0.000900 0.000271 0.000218 0.244766 0.006529 1.642982 2505.768583
0.750301 0.000077 0.000846 0.000255 0.000209 0.241780 0.006532 1.642992 2508.598493
0.753315 0.000073 0.000788 0.000240 0.000200 0.238849 0.006535 1.642998 2511.842547
0.756230 0.000069 0.000738 0.000224 0.000192 0.236010 0.006537 1.643004 2514.872259
0.759119 0.000066 0.000693 0.000206 0.000186 0.233190 0.006540 1.643010 2516.999693
0.762049 0.000061 0.000653 0.000193 0.000179 0.230323 0.006543 1.643016 2519.850668
0.764930 0.000058 0.000609 0.000181 0.000172 0.227505 0.006547 1.643021 2522.509598
0.767800 0.000053 0.000576 0.000169 0.000167 0.224686 0.006549 1.643027 2524.642158
0.770585 0.000050 0.000540 0.000156 0.000161 0.221955 0.006552 1.643031 2527.042407
0.773360 0.000046 0.000509 0.000147 0.000155 0.219229 0.006555 1.643037 2529.273669
0.776095 0.000043 0.000472 0.000137 0.000148 0.216547 0.006558 1.643041 2531.654361
0.778788 0.000040 0.000444 0.000130 0.000143 0.213896 0.006560 1.643046 2533.904124
0.781446 0.000038 0.000411 0.000120 0.000138 0.211285 0.006562 1.643049 2535.846637
0.784087 0.000034 0.000382 0.000113 0.000132 0.208688 0.006563 1.643053 2538.099772
0.786691 0.000033 0.000357 0.000106 0.000129 0.206121 0.006564 1.643056 2539.751675
0.789197 0.000030 0.000336 0.000097 0.000126 0.203650 0.006565 1.643059 2540.919973
0.791731 0.000027 0.000315 0.000090 0.000121 0.201148 0.006567 1.643063 2543.043537
0.794242 0.000027 0.000293 0.000085 0.000117 0.198668 0.006568 1.643064 2544.725231
0.796650 0.000026 0.000273 0.000080 0.000116 0.196287 0.006569 1.643066 2545.720827
0.799059 0.000023 0.000256 0.000075 0.000110 0.193907 0.006571 1.643069 2548.108489
0.801383 0.000022 0.000240 0.000069 0.000105 0.191608 0.006572 1.643071 2550.665573
0.803715 0.000021 0.000224 0.000066 0.000101 0.189301 0.006574 1.643074 2552.859274
0.806001 0.000019 0.000211 0.000061 0.000097 0.187036 0.006574 1.643076 2554.018743
0.808284 0.000017 0.000196 0.000057 0.000093 0.184777 0.006576 1.643079 2555.886750
0.810470 0.000016 0.000184 0.000053 0.000089 0.182610 0.006578 1.643081 2557.580474
0.812631 0.000016 0.000172 0.000050 0.000085 0.180468 0.006579 1.643081 2559.971558
0.814749 0.000015 0.000159 0.000046 0.000081 0.178369 0.006581 1.643084 2561.705382
0.816804 0.000015 0.000150 0.000041 0.000078 0.176331 0.006581 1.643084 2563.019778
0.818851 0.000013 0.000140 0.000040 0.000075 0.174299 0.006582 1.643087 2564.166718
0.820864 0.000012 0.000134 0.000038 0.000072 0.172296 0.006584 1.643088 2565.842645
0.822780 0.000011 0.000127 0.000037 0.000068 0.170392 0.006586 1.643089 2567.454928
0.824645 0.000010 0.000120 0.000033 0.000065 0.168539 0.006588 1.643090 2568.935138
0.826504 0.000009 0.000113 0.000032 0.000062 0.166689 0.006589 1.643091 2570.421991
0.828274 0.000009 0.000105 0.000030 0.000061 0.164931 0.006590 1.643092 2571.278949
0.829997 0.000008 0.000099 0.000028 0.000058 0.163218 0.006592 1.643094 2572.596238
0.831674 0.000007 0.000095 0.000026 0.000056 0.161548 0.006593 1.643094 2573.891776
0.833242 0.000007 0.000088 0.000024 0.000055 0.159991 0.006593 1.643095 2574.456361
0.834796 0.000006 0.000081 0.000023 0.000052 0.158447 0.006594 1.643096 2576.320253
0.836283 0.000005 0.000074 0.000021 0.000051 0.156970 0.006595 1.643097 2576.974509
0.837711 0.000005 0.000070 0.000020 0.000048 0.155550 0.006596 1.643098 2578.098051
0.839063 0.000005 0.000066 0.000019 0.000047 0.154203 0.006596 1.643098 2578.854315
0.840376 0.000005 0.000062 0.000018 0.000045 0.152898 0.006597 1.643099 2579.419711
0.841656 0.000005 0.000057 0.000017 0.000043 0.151624 0.006598 1.643099 2580.439540
0.842845 0.000005 0.000054 0.000016 0.000043 0.150440 0.006598 1.643100 2580.836584
0.843985 0.000005 0.000052 0.000015 0.000042 0.149303 0.006599 1.643100 2581.074244
0.845062 0.000004 0.000047 0.000014 0.000040 0.148233 0.006599 1.643101 2581.794333
0.846074 0.000005 0.000043 0.000012 0.000039 0.147228 0.006600 1.643101 2582.632722
0.847018 0.000004 0.000040 0.000012 0.000037 0.146288 0.006601 1.643102 2584.084546
0.847915 0.000004 0.000036 0.000011 0.000036 0.145397 0.006601 1.643102 2584.449026
0.848779 0.000004 0.000034 0.000010 0.000035 0.144536 0.006601 1.643103 2584.814683
0.849598 0.000004 0.000032 0.000010 0.000035 0.143719 0.006602 1.643103 2585.070650
0.850376 0.000004 0.000031 0.000009 0.000033 0.142944 0.006602 1.643104 2585.805326
0.851112 0.000004 0.000030 0.000009 0.000032 0.142211 0.006603 1.643104 2586.532910
0.851825 0.000004 0.000027 0.000009 0.000030 0.141502 0.006604 1.643104 2587.196442
0.852505 0.000003 0.000024 0.000008 0.000029 0.140827 0.006604 1.643104 2587.946128
0.853136 0.000003 0.000023 0.000008 0.000027 0.140198 0.006605 1.643105 2589.030436
0.853760 0.000003 0.000021 0.000008 0.000026 0.139577 0.006605 1.643105 2589.382020
0.854354 0.000003 0.000020 0.000008 0.000025 0.138986 0.006605 1.643105 2589.788472
0.854939 0.000003 0.000018 0.000007 0.000024 0.138404 0.006605 1.643105 2590.411817
0.855476 0.000003 0.000017 0.000007 0.000024 0.137867 0.006605 1.643105 2590.607366
0.855999 0.000003 0.000015 0.000006 0.000023 0.137349 0.006605 1.643106 2591.075009
0.856484 0.000003 0.000015 0.000006 0.000022 0.136865 0.006605 1.643106 2591.312586
0.856956 0.000003 0.000014 0.000005 0.000021 0.136396 0.006606 1.643106 2592.053268
0.857373 0.000003 0.000013 0.000005 0.000020 0.135981 0.006606 1.643106 2592.611772
0.857804 0.000003 0.000012 0.000005 0.000020 0.135552 0.006606 1.643106 2592.728856
0.858220 0.000003 0.000011 0.000004 0.000019 0.135138 0.006606 1.643106 2592.953333
0.858633 0.000003 0.000010 0.000004 0.000019 0.134726 0.006606 1.643106 2593.097098
0.859013 0.000003 0.000010 0.000004 0.000018 0.134347 0.006606 1.643106 2593.720591
0.859393 0.000002 0.000010 0.000004 0.000017 0.133968 0.006607 1.643107 2594.168448
0.859738 0.000002 0.000010 0.000004 0.000016 0.133624 0.006607 1.643107 2594.776945
0.860076 0.000002 0.000009 0.000003 0.000015 0.133287 0.006607 1.643107 2595.069244
0.860391 0.000002 0.000009 0.000003 0.000014 0.132974 0.006608 1.643108 2596.102283
0.860685 0.000001 0.000008 0.000003 0.000014 0.132682 0.006608 1.643108 2596.332772
0.860958 0.000002 0.000008 0.000003 0.000013 0.132409 0.006608 1.643108 2596.996698
0.861215 0.000002 0.000007 0.000002 0.000012 0.132154 0.006608 1.643108 2597.528816
0.861460 0.000002 0.000006 0.000002 0.000011 0.131910 0.006608 1.643108 2597.694762
0.861664 0.000001 0.000006 0.000002 0.000010 0.131708 0.006609 1.643109 2598.676383
0.861867 0.000001 0.000006 0.000002 0.000010 0.131506 0.006609 1.643109 2598.967762
0.862055 0.000001 0.000006 0.000002 0.000009 0.131317 0.006609 1.643109 2599.195225
0.862253 0.000002 0.000005 0.000002 0.000009 0.131119 0.006609 1.643109 2599.195225
0.862425 0.000002 0.000005 0.000002 0.000009 0.130948 0.006609 1.643109 2599.322915
0.862586 0.000002 0.000005 0.000002 0.000009 0.130787 0.006610 1.643109 2599.642814
0.862752 0.000001 0.000005 0.000002 0.000008 0.130622 0.006610 1.643110 2599.837339
0.862904 0.000001 0.000004 0.000002 0.000008 0.130471 0.006610 1.643110 2600.286171
0.863051 0.000001 0.000004 0.000002 0.000008 0.130324 0.006610 1.643110 2600.286171
0.863182 0.000001 0.000004 0.000002 0.000008 0.130193 0.006610 1.643110 2600.492060
0.863308 0.000001 0.000004 0.000002 0.000007 0.130068 0.006611 1.643110 2600.835101
0.863427 0.000001 0.000004 0.000001 0.000007 0.129948 0.006611 1.643110 2600.835101
0.863542 0.000001 0.000003 0.000001 0.000007 0.129834 0.006611 1.643110 2601.018236
0.863655 0.000001 0.000003 0.000001 0.000007 0.129722 0.006611 1.643110 2601.018236
0.863774 0.000002 0.000003 0.000000 0.000006 0.129603 0.006611 1.643110 2601.307583
0.863875 0.000002 0.000003 0.000000 0.000006 0.129502 0.006611 1.643110 2601.307583
0.863969 0.000001 0.000003 0.000001 0.000006 0.129408 0.006611 1.643110 2601.307583
0.864062 0.000001 0.000003 0.000001 0.000006 0.129316 0.006611 1.643111 2601.307583
0.864162 0.000001 0.000003 0.000001 0.000006 0.129216 0.006611 1.643111 2601.456467
0.864258 0.000001 0.000003 0.000001 0.000006 0.129121 0.006611 1.643111 2601.456467
0.864345 0.000001 0.000003 0.000001 0.000006 0.129034 0.006611 1.643111 2601.794916
0.864430 0.000000 0.000003 0.000000 0.000006 0.128949 0.006611 1.643111 2601.846033
0.864509 0.000000 0.000003 0.000000 0.000006 0.128870 0.006611 1.643111 2601.846033
0.864581 0.000000 0.000003 0.000000 0.000006 0.128799 0.006611 1.643111 2601.846033
0.864656 0.000000 0.000003 0.000000 0.000006 0.128724 0.006612 1.643111 2602.093112
0.864716 0.000000 0.000003 0.000000 0.000006 0.128664 0.006612 1.643112 2602.093112
0.864775 0.000000 0.000002 0.000000 0.000005 0.128606 0.006612 1.643112 2602.282152
0.864841 0.000000 0.000002 0.000000 0.000005 0.128540 0.006612 1.643112 2602.282152
0.864895 0.000000 0.000002 0.000000 0.000005 0.128486 0.006612 1.643112 2602.502466
0.864948 0.000000 0.000002 0.000000 0.000005 0.128434 0.006612 1.643112 2602.502466
0.864997 0.000000 0.000002 0.000000 0.000005 0.128385 0.006612 1.643112 2602.713559
0.865039 0.000000 0.000002 0.000000 0.000005 0.128343 0.006612 1.643112 2602.932633
0.865080 0.000000 0.000002 0.000000 0.000004 0.128301 0.006612 1.643112 2603.054237
0.865127 0.000000 0.000002 0.000000 0.000004 0.128256 0.006612 1.643112 2603.732375
0.865169 0.000000 0.000002 0.000000 0.000003 0.128213 0.006613 1.643112 2603.906646
0.865206 0.000000 0.000002 0.000000 0.000003 0.128177 0.006613 1.643112 2604.083387
0.865237 0.000000 0.000002 0.000000 0.000003 0.128146 0.006613 1.643112 2604.181357
0.865265 0.000000 0.000002 0.000000 0.000003 0.128118 0.006613 1.643112 2604.181357
0.865296 0.000000 0.000002 0.000000 0.000003 0.128088 0.006613 1.643112 2604.373897
0.865325 0.000000 0.000001 0.000000 0.000003 0.128058 0.006613 1.643112 2604.373897
0.865351 0.000000 0.000001 0.000000 0.000002 0.128033 0.006613 1.643112 2604.616679
0.865374 0.000000 0.000001 0.000000 0.000002 0.128010 0.006613 1.643112 2604.616679
0.865394 0.000000 0.000001 0.000000 0.000002 0.127990 0.006613 1.643112 2604.616679
0.865414 0.000000 0.000001 0.000000 0.000002 0.127970 0.006613 1.643112 2604.846495
0.865435 0.000000 0.000001 0.000000 0.000002 0.127949 0.006613 1.643112 2604.846495
0.865450 0.000000 0.000001 0.000000 0.000002 0.127934 0.006614 1.643112 2604.891547
0.865464 0.000000 0.000001 0.000000 0.000001 0.127920 0.006614 1.643112 2604.927648
0.865477 0.000000 0.000001 0.000000 0.000001 0.127907 0.006614 1.643112 2604.927648
0.865488 0.000000 0.000001 0.000000 0.000001 0.127896 0.006614 1.643112 2604.927648
0.865502 0.000000 0.000001 0.000000 0.000001 0.127883 0.006614 1.643112 2604.927648
0.865514 0.000000 0.000001 0.000000 0.000001 0.127871 0.006614 1.643112 2604.927648
0.865523 0.000000 0.000001 0.000000 0.000001 0.127862 0.006614 1.643112 2604.927648
0.865531 0.000000 0.000000 0.000000 0.000001 0.127854 0.006614 1.643112 2604.927648
0.865541 0.000000 0.000000 0.000000 0.000001 0.127844 0.006614 1.643112 2604.927648
0.865549 0.000000 0.000000 0.000000 0.000001 0.127837 0.006614 1.643112 2604.965221
0.865556 0.000000 0.000000 0.000000 0.000001 0.127830 0.006614 1.643112 2604.965221
0.865565 0.000000 0.000000 0.000000 0.000001 0.127820 0.006614 1.643112 2604.965221
0.865572 0.000000 0.000000 0.000000 0.000001 0.127814 0.006614 1.643112 2605.020371
0.865579 0.000000 0.000000 0.000000 0.000001 0.127807 0.006614 1.643112 2605.020371
0.865586 0.000000 0.000000 0.000000 0.000001 0.127800 0.006614 1.643112 2605.020371
0.865591 0.000000 0.000000 0.000000 0.000001 0.127794 0.006614 1.643112 2605.020371
0.865596 0.000000 0.000000 0.000000 0.000001 0.127789 0.006614 1.643112 2605.020371
0.865603 0.000000 0.000000 0.000000 0.000001 0.127783 0.006614 1.643112 2605.020371
0.865607 0.000000 0.000000 0.000000 0.000000 0.127779 0.006614 1.643112 2605.055634
0.865610 0.000000 0.000000 0.000000 0.000000 0.127776 0.006614 1.643112 2605.055634
0.865614 0.000000 0.000000 0.000000 0.000000 0.127772 0.006614 1.643112 2605.055634
0.865617 0.000000 0.000000 0.000000 0.000000 0.127769 0.006614 1.643112 2605.055634
0.865621 0.000000 0.000000 0.000000 0.000000 0.127765 0.006614 1.643112 2605.055634
0.865622 0.000000 0.000000 0.000000 0.000000 0.127764 0.006614 1.643112 2605.317632
0.865624 0.000000 0.000000 0.000000 0.000000 0.127762 0.006614 1.643112 2605.317632
0.865625 0.000000 0.000000 0.000000 0.000000 0.127761 0.006614 1.643112 2605.317632
0.865626 0.000000 0.000000 0.000000 0.000000 0.127760 0.006614 1.643112 2605.317632
0.865628 0.000000 0.000000 0.000000 0.000000 0.127758 0.006614 1.643112 2605.317632
0.865629 0.000000 0.000000 0.000000 0.000000 0.127757 0.006614 1.643112 2605.317632
0.865629 0.000000 0.000000 0.000000 0.000000 0.127757 0.006614 1.643112 2605.317632
0.865630 0.000000 0.000000 0.000000 0.000000 0.127756 0.006614 1.643112 2605.317632
0.865631 0.000000 0.000000 0.000000 0.000000 0.127756 0.006614 1.643112 2605.317632
0.865632 0.000000 0.000000 0.000000 0.000000 0.127754 0.006614 1.643112 2605.317632
0.865632 0.000000 0.000000 0.000000 0.000000 0.127754 0.006614 1.643112 2605.317632
0.865633 0.000000 0.000000 0.000000 0.000000 0.127753 0.006614 1.643112 2605.317632
0.865635 0.000000 0.000000 0.000000 0.000000 0.127752 0.006614 1.643112 2605.317632
0.865637 0.000000 0.000000 0.000000 0.000000 0.127749 0.006614 1.643112 2605.317632
0.865638 0.000000 0.000000 0.000000 0.000000 0.127749 0.006614 1.643112 2605.317632
0.865639 0.000000 0.000000 0.000000 0.000000 0.127747 0.006614 1.643112 2605.317632
0.865640 0.000000 0.000000 0.000000 0.000000 0.127746 0.006614 1.643112 2605.317632
0.865641 0.000000 0.000000 0.000000 0.000000 0.127746 0.006614 1.643112 2605.317632
0.865642 0.000000 0.000000 0.000000 0.000000 0.127744 0.006614 1.643112 2605.317632
0.865643 0.000000 0.000000 0.000000 0.000000 0.127743 0.006614 1.643112 2605.317632
0.865644 0.000000 0.000000 0.000000 0.000000 0.127742 0.006614 1.643112 2605.317632
0.865645 0.000000 0.000000 0.000000 0.000000 0.127741 0.006614 1.643112 2605.317632
0.865647 0.000000 0.000000 0.000000 0.000000 0.127740 0.006614 1.643112 2605.317632
0.865647 0.000000 0.000000 0.000000 0.000000 0.127739 0.006614 1.643112 2605.317632
0.865649 0.000000 0.000000 0.000000 0.000000 0.127738 0.006614 1.643112 2605.317632
0.865649 0.000000 0.000000 0.000000 0.000000 0.127737 0.006614 1.643112 2605.317632
0.865649 0.000000 0.000000 0.000000 0.000000 0.127737 0.006614 1.643112 2605.317632
0.865649 0.000000 0.000000 0.000000 0.000000 0.127737 0.006614 1.643112 2605.317632
0.865651 0.000000 0.000000 0.000000 0.000000 0.127736 0.006614 1.643112 2605.317632
0.865651 0.000000 0.000000 0.000000 0.000000 0.127735 0.006614 1.643112 2605.317632
0.865652 0.000000 0.000000 0.000000 0.000000 0.127734 0.006614 1.643112 2605.317632
0.865653 0.000000 0.000000 0.000000 0.000000 0.127733 0.006614 1.643112 2605.317632
0.865654 0.000000 0.000000 0.000000 0.000000 0.127732 0.006614 1.643112 2605.317632
0.865655 0.000000 0.000000 0.000000 0.000000 0.127732 0.006614 1.643112 2605.317632
0.865656 0.000000 0.000000 0.000000 0.000000 0.127731 0.006614 1.643112 2605.317632
0.865657 0.000000 0.000000 0.000000 0.000000 0.127729 0.006614 1.643112 2605.317632
0.865658 0.000000 0.000000 0.000000 0.000000 0.127728 0.006614 1.643112 2605.317632
0.865659 0.000000 0.000000 0.000000 0.000000 0.127727 0.006614 1.643112 2605.317632
0.865659 0.000000 0.000000 0.000000 0.000000 0.127727 0.006614 1.643112 2605.317632
0.865660 0.000000 0.000000 0.000000 0.000000 0.127726 0.006614 1.643112 2605.317632
0.865661 0.000000 0.000000 0.000000 0.000000 0.127725 0.006614 1.643112 2605.317632
0.865661 0.000000 0.000000 0.000000 0.000000 0.127725 0.006614 1.643112 2605.520724
0.865661 0.000000 0.000000 0.000000 0.000000 0.127725 0.006614 1.643112 2605.520724
0.865661 0.000000 0.000000 0.000000 0.000000 0.127725 0.006614 1.643112 2605.520724
0.865661 0.000000 0.000000 0.000000 0.000000 0.127725 0.006614 1.643112 2605.520724
0.865661 0.000000 0.000000 0.000000 0.000000 0.127725 0.006614 1.643112 2605.520724
0.865661 0.000000 0.000000 0.000000 0.000000 0.127725 0.006614 1.643112 2605.520724
0.865661 0.000000 0.000000 0.000000 0.000000 0.127725 0.006614 1.643112 2605.520724
0.865661 0.000000 0.000000 0.000000 0.000000 0.127725 0.006614 1.643112 2605.520724
0.865661 0.000000 0.000000 0.000000 0.000000 0.127725 0.006614 1.643112 2605.520724
0.865661 0.000000 0.000000 0.000000 0.000000 0.127725 0.006614 1.643112 2605.520724
0.865661 0.000000 0.000000 0.000000 0.000000 0.127725 0.006614 1.643112 2605.520724
0.865661 0.000000 0.000000 0.000000 0.000000 0.127725 0.006614 1.643112 2605.520724
0.865661 0.000000 0.000000 0.000000 0.000000 0.127725 0.006614 1.643112 2605.520724
0.865661 0.000000 0.000000 0.000000 0.000000 0.127725 0.006614 1.643112 2605.520724
0.865661 0.000000 0.000000 0.000000 0.000000 0.127725 0.006614 1.643112 2605.520724
0.865661 0.000000 0.000000 0.000000 0.000000 0.127725 0.006614 1.643112 2605.520724
0.865661 0.000000 0.000000 0.000000 0.000000 0.127725 0.006614 1.643112 2605.520724
0.865661 0.000000 0.000000 0.000000 0.000000 0.127725 0.006614 1.643112 2605.520724
0.865661 0.000000 0.000000 0.000000 0.000000 0.127725 0.006614 1.643112 2605.520724
0.865661 0.000000 0.000000 0.000000 0.000000 0.127725 0.006614 1.643112 2605.520724
0.865661 0.000000 0.000000 0.000000 0.000000 0.127725 0.006614 1.643112 2605.520724
0.865661 0.000000 0.000000 0.000000 0.000000 0.127725 0.006614 1.643112 2605.520724
0.865661 0.000000 0.000000 0.000000 0.000000 0.127725 0.006614 1.643112 2605.520724
0.865661 0.000000 0.000000 0.000000 0.000000 0.127725 0.006614 1.643112 2605.520724
0.865661 0.000000 0.000000 0.000000 0.000000 0.127725 0.006614 1.643112 2605.520724
0.865661 0.000000 0.000000 0.000000 0.000000 0.127725 0.006614 1.643112 2605.520724
0.865661 0.000000 0.000000 0.000000 0.000000 0.127725 0.006614 1.643112 2605.520724
0.865661 0.000000 0.000000 0.000000 0.000000 0.127725 0.006614 1.643112 2605.520724
0.865661 0.000000 0.000000 0.000000 0.000000 0.127725 0.006614 1.643112 2605.520724
0.865661 0.000000 0.000000 0.000000 0.000000 0.127725 0.006614 1.643112 2605.520724
0.865661 0.000000 0.000000 0.000000 0.000000 0.127725 0.006614 1.643112 2605.520724
0.865661 0.000000 0.000000 0.000000 0.000000 0.127725 0.006614 1.643112 2605.520724
0.865661 0.000000 0.000000 0.000000 0.000000 0.127725 0.006614 1.643112 2605.520724
0.865661 0.000000 0.000000 0.000000 0.000000 0.127725 0.006614 1.643112 2605.520724
0.865661 0.000000 0.000000 0.000000 0.000000 0.127725 0.006614 1.643112 2605.520724
0.865661 0.000000 0.000000 0.000000 0.000000 0.127725 0.006614 1.643112 2605.520724
0.865661 0.000000 0.000000 0.000000 0.000000 0.127725 0.006614 1.643112 2605.520724
0.865661 0.000000 0.000000 0.000000 0.000000 0.127725 0.006614 1.643112 2605.520724
0.865661 0.000000 0.000000 0.000000 0.000000 0.127725 0.006614 1.643112 2605.520724
0.865661 0.000000 0.000000 0.000000 0.000000 0.127725 0.006614 1.643112 2605.520724
0.865661 0.000000 0.000000 0.000000 0.000000 0.127725 0.006614 1.643112 2605.520724
0.865661 0.000000 0.000000 0.000000 0.000000 0.127725 0.006614 1.643112 2605.520724
0.865661 0.000000 0.000000 0.000000 0.000000 0.127725 0.006614 1.643112 2605.520724
0.865661 0.000000 0.000000 0.000000 0.000000 0.127725 0.006614 1.643112 2605.520724
0.865661 0.000000 0.000000 0.000000 0.000000 0.127725 0.006614 1.643112 2605.520724
0.865661 0.000000 0.000000 0.000000 0.000000 0.127725 0.006614 1.643112 2605.520724
0.865661 0.000000 0.000000 0.000000 0.000000 0.127725 0.006614 1.643112 2605.520724
0.865661 0.000000 0.000000 0.000000 0.000000 0.127725 0.006614 1.643112 2605.520724
0.865661 0.000000 0.000000 0.000000 0.000000 0.127725 0.006614 1.643112 2605.520724
0.865661 0.000000 0.000000 0.000000 0.000000 0.127725 0.006614 1.643112 2605.520724
0.865661 0.000000 0.000000 0.000000 0.000000 0.127725 0.006614 1.643112 2605.520724
0.865661 0.000000 0.000000 0.000000 0.000000 0.127725 0.006614 1.643112 2605.520724
0.865661 0.000000 0.000000 0.000000 0.000000 0.127725 0.006614 1.643112 2605.520724
0.865661 0.000000 0.000000 0.000000 0.000000 0.127725 0.006614 1.643112 2605.520724
0.865661 0.000000 0.000000 0.000000 0.000000 0.127725 0.006614 1.643112 2605.520724
0.865661 0.000000 0.000000 0.000000 0.000000 0.127725 0.006614 1.643112 2605.520724
0.865661 0.000000 0.000000 0.000000 0.000000 0.127725 0.006614 1.643112 2605.520724
0.865661 0.000000 0.000000 0.000000 0.000000 0.127725 0.006614 1.643112 2605.520724
0.865661 0.000000 0.000000 0.000000 0.000000 0.127725 0.006614 1.643112 2605.520724
0.865661 0.000000 0.000000 0.000000 0.000000 0.127725 0.006614 1.643112 2605.520724
0.865661 0.000000 0.000000 0.000000 0.000000 0.127725 0.006614 1.643112 2605.520724
0.865661 0.000000 0.000000 0.000000 0.000000 0.127725 0.006614 1.643112 2605.520724
0.865661 0.000000 0.000000 0.000000 0.000000 0.127725 0.006614 1.643112 2605.520724
0.865661 0.000000 0.000000 0.000000 0.000000 0.127725 0.006614 1.643112 2605.520724
0.865661 0.000000 0.000000 0.000000 0.000000 0.127725 0.006614 1.643112 2605.520724
0.865661 0.000000 0.000000 0.000000 0.000000 0.127725 0.006614 1.643112 2605.520724
0.865661 0.000000 0.000000 0.000000 0.000000 0.127725 0.006614 1.643112 2605.520724
0.865661 0.000000 0.000000 0.000000 0.000000 0.127725 0.006614 1.643112 2605.520724
0.865661 0.000000 0.000000 0.000000 0.000000 0.127725 0.006614 1.643112 2605.520724
0.865661 0.000000 0.000000 0.000000 0.000000 0.127725 0.006614 1.643112 2605.520724
0.865661 0.000000 0.000000 0.000000 0.000000 0.127725 0.006614 1.643112 2605.520724
0.865661 0.000000 0.000000 0.000000 0.000000 0.127725 0.006614 1.643112 2605.520724
0.865661 0.000000 0.000000 0.000000 0.000000 0.127725 0.006614 1.643112 2605.520724
0.865661 0.000000 0.000000 0.000000 0.000000 0.127725 0.006614 1.643112 2605.520724
0.865661 0.000000 0.000000 0.000000 0.000000 0.127725 0.006614 1.643112 2605.520724
0.865661 0.000000 0.000000 0.000000 0.000000 0.127725 0.006614 1.643112 2605.520724
0.865661 0.000000 0.000000 0.000000 0.000000 0.127725 0.006614 1.643112 2605.520724
0.865661 0.000000 0.000000 0.000000 0.000000 0.127725 0.006614 1.643112 2605.520724
0.865661 0.000000 0.000000 0.000000 0.000000 0.127725 0.006614 1.643112 2605.520724
0.865661 0.000000 0.000000 0.000000 0.000000 0.127725 0.006614 1.643112 2605.520724
0.865661 0.000000 0.000000 0.000000 0.000000 0.127725 0.006614 1.643112 2605.520724
0.865661 0.000000 0.000000 0.000000 0.000000 0.127725 0.006614 1.643112 2605.520724
0.865661 0.000000 0.000000 0.000000 0.000000 0.127725 0.006614 1.643112 2605.520724
0.865661 0.000000 0.000000 0.000000 0.000000 0.127725 0.006614 1.643112 2605.520724
0.865661 0.000000 0.000000 0.000000 0.000000 0.127725 0.006614 1.643112 2605.520724
0.865661 0.000000 0.000000 0.000000 0.000000 0.127725 0.006614 1.643112 2605.520724
0.865661 0.000000 0.000000 0.000000 0.000000 0.127725 0.006614 1.643112 2605.520724
0.865661 0.000000 0.000000 0.000000 0.000000 0.127725 0.006614 1.643112 2605.520724
0.865661 0.000000 0.000000 0.000000 0.000000 0.127725 0.006614 1.643112 2605.520724
0.865661 0.000000 0.000000 0.000000 0.000000 0.127725 0.006614 1.643112 2605.520724
0.865661 0.000000 0.000000 0.000000 0.000000 0.127725 0.006614 1.643112 2605.520724
0.865661 0.000000 0.000000 0.000000 0.000000 0.127725 0.006614 1.643112 2605.520724
0.865661 0.000000 0.000000 0.000000 0.000000 0.127725 0.006614 1.643112 2605.520724
0.865661 0.000000 0.000000 0.000000 0.000000 0.127725 0.006614 1.643112 2605.520724
0.865661 0.000000 0.000000 0.000000 0.000000 0.127725 0.006614 1.643112 2605.520724
0.865661 0.000000 0.000000 0.000000 0.000000 0.127725 0.006614 1.643112 2605.520724
0.865661 0.000000 0.000000 0.000000 0.000000 0.127725 0.006614 1.643112 2605.520724
0.865661 0.000000 0.000000 0.000000 0.000000 0.127725 0.006614 1.643112 2605.520724
0.865661 0.000000 0.000000 0.000000 0.000000 0.127725 0.006614 1.643112 2605.520724
0.865661 0.000000 0.000000 0.000000 0.000000 0.127725 0.006614 1.643112 2605.520724
0.865661 0.000000 0.000000 0.000000 0.000000 0.127725 0.006614 1.643112 2605.520724
0.865661 0.000000 0.000000 0.000000 0.000000 0.127725 0.006614 1.643112 2605.520724
0.865661 0.000000 0.000000 0.000000 0.000000 0.127725 0.006614 1.643112 2605.520724
0.865661 0.000000 0.000000 0.000000 0.000000 0.127725 0.006614 1.643112 2605.520724
0.865661 0.000000 0.000000 0.000000 0.000000 0.127725 0.006614 1.643112 2605.520724
0.865661 0.000000 0.000000 0.000000 0.000000 0.127725 0.006614 1.643112 2605.520724
0.865661 0.000000 0.000000 0.000000 0.000000 0.127725 0.006614 1.643112 2605.520724
0.865661 0.000000 0.000000 0.000000 0.000000 0.127725 0.006614 1.643112 2605.520724
0.865661 0.000000 0.000000 0.000000 0.000000 0.127725 0.006614 1.643112 2605.520724
0.865661 0.000000 0.000000 0.000000 0.000000 0.127725 0.006614 1.643112 2605.520724
0.865661 0.000000 0.000000 0.000000 0.000000 0.127725 0.006614 1.643112 2605.520724
0.865661 0.000000 0.000000 0.000000 0.000000 0.127725 0.006614 1.643112 2605.520724
0.865661 0.000000 0.000000 0.000000 0.000000 0.127725 0.006614 1.643112 2605.520724
0.865661 0.000000 0.000000 0.000000 0.000000 0.127725 0.006614 1.643112 2605.520724
0.865661 0.000000 0.000000 0.000000 0.000000 0.127725 0.006614 1.643112 2605.520724
0.865661 0.000000 0.000000 0.000000 0.000000 0.127725 0.006614 1.643112 2605.520724
0.865661 0.000000 0.000000 0.000000 0.000000 0.127725 0.006614 1.643112 2605.520724
0.865661 0.000000 0.000000 0.000000 0.000000 0.127725 0.006614 1.643112 2605.520724
0.865661 0.000000 0.000000 0.000000 0.000000 0.127725 0.006614 1.643112 2605.520724
0.865661 0.000000 0.000000 0.000000 0.000000 0.127725 0.006614 1.643112 2605.520724
0.865661 0.000000 0.000000 0.000000 0.000000 0.127725 0.006614 1.643112 2605.520724
0.865661 0.000000 0.000000 0.000000 0.000000 0.127725 0.006614 1.643112 2605.520724
0.865661 0.000000 0.000000 0.000000 0.000000 0.127725 0.006614 1.643112 2605.520724
0.865661 0.000000 0.000000 0.000000 0.000000 0.127725 0.006614 1.643112 2605.520724
0.865661 0.000000 0.000000 0.000000 0.000000 0.127725 0.006614 1.643112 2605.520724
0.865661 0.000000 0.000000 0.000000 0.000000 0.127725 0.006614 1.643112 2605.520724
0.865661 0.000000 0.000000 0.000000 0.000000 0.127725 0.006614 1.643112 2605.520724
0.865661 0.000000 0.000000 0.000000 0.000000 0.127725 0.006614 1.643112 2605.520724
0.865661 0.000000 0.000000 0.000000 0.000000 0.127725 0.006614 1.643112 2605.520724
0.865661 0.000000 0.000000 0.000000 0.000000 0.127725 0.006614 1.643112 2605.520724
0.865661 0.000000 0.000000 0.000000 0.000000 0.127725 0.006614 1.643112 2605.520724
0.865661 0.000000 0.000000 0.000000 0.000000 0.127725 0.006614 1.643112 2605.520724
0.865661 0.000000 0.000000 0.000000 0.000000 0.127725 0.006614 1.643112 2605.520724
0.865661 0.000000 0.000000 0.000000 0.000000 0.127725 0.006614 1.643112 2605.520724
0.865661 0.000000 0.000000 0.000000 0.000000 0.127725 0.006614 1.643112 2605.520724
0.865661 0.000000 0.000000 0.000000 0.000000 0.127725 0.006614 1.643112 2605.520724
0.865661 0.000000 0.000000 0.000000 0.000000 0.127725 0.006614 1.643112 2605.520724
0.865661 0.000000 0.000000 0.000000 0.000000 0.127725 0.006614 1.643112 2605.520724
0.865661 0.000000 0.000000 0.000000 0.000000 0.127725 0.006614 1.643112 2605.520724
0.865661 0.000000 0.000000 0.000000 0.000000 0.127725 0.006614 1.643112 2605.520724
0.865661 0.000000 0.000000 0.000000 0.000000 0.127725 0.006614 1.643112 2605.520724
0.865661 0.000000 0.000000 0.000000 0.000000 0.127725 0.006614 1.643112 2605.520724
0.865661 0.000000 0.000000 0.000000 0.000000 0.127725 0.006614 1.643112 2605.520724
0.865661 0.000000 0.000000 0.000000 0.000000 0.127725 0.006614 1.643112 2605.520724
0.865661 0.000000 0.000000 0.000000 0.000000 0.127725 0.006614 1.643112 2605.520724
0.865661 0.000000 0.000000 0.000000 0.000000 0.127725 0.006614 1.643112 2605.520724
0.865661 0.000000 0.000000 0.000000 0.000000 0.127725 0.006614 1.643112 2605.520724
0.865661 0.000000 0.000000 0.000000 0.000000 0.127725 0.006614 1.643112 2605.520724
0.865661 0.000000 0.000000 0.000000 0.000000 0.127725 0.006614 1.643112 2605.520724
0.865661 0.000000 0.000000 0.000000 0.000000 0.127725 0.006614 1.643112 2605.520724
0.865661 0.000000 0.000000 0.000000 0.000000 0.127725 0.006614 1.643112 2605.520724
0.865661 0.000000 0.000000 0.000000 0.000000 0.127725 0.006614 1.643112 2605.520724
0.865661 0.000000 0.000000 0.000000 0.000000 0.127725 0.006614 1.643112 2605.520724
0.865661 0.000000 0.000000 0.000000 0.000000 0.127725 0.006614 1.643112 2605.520724
0.865661 0.000000 0.000000 0.000000 0.000000 0.127725 0.006614 1.643112 2605.520724
0.865661 0.000000 0.000000 0.000000 0.000000 0.127725 0.006614 1.643112 2605.520724
0.865661 0.000000 0.000000 0.000000 0.000000 0.127725 0.006614 1.643112 2605.520724
0.865661 0.000000 0.000000 0.000000 0.000000 0.127725 0.006614 1.643112 2605.520724
0.865661 0.000000 0.000000 0.000000 0.000000 0.127725 0.006614 1.643112 2605.520724
0.865661 0.000000 0.000000 0.000000 0.000000 0.127725 0.006614 1.643112 2605.520724
0.865661 0.000000 0.000000 0.000000 0.000000 0.127725 0.006614 1.643112 2605.520724
0.865661 0.000000 0.000000 0.000000 0.000000 0.127725 0.006614 1.643112 2605.520724
0.865661 0.000000 0.000000 0.000000 0.000000 0.127725 0.006614 1.643112 2605.520724
0.865661 0.000000 0.000000 0.000000 0.000000 0.127725 0.006614 1.643112 2605.520724
0.865661 0.000000 0.000000 0.000000 0.000000 0.127725 0.006614 1.643112 2605.520724
0.865661 0.000000 0.000000 0.000000 0.000000 0.127725 0.006614 1.643112 2605.520724
0.865661 0.000000 0.000000 0.000000 0.000000 0.127725 0.006614 1.643112 2605.520724
0.865661 0.000000 0.000000 0.000000 0.000000 0.127725 0.006614 1.643112 2605.520724
0.865661 0.000000 0.000000 0.000000 0.000000 0.127725 0.006614 1.643112 2605.520724
0.865661 0.000000 0.000000 0.000000 0.000000 0.127725 0.006614 1.643112 2605.520724
0.865661 0.000000 0.000000 0.000000 0.000000 0.127725 0.006614 1.643112 2605.520724
0.865661 0.000000 0.000000 0.000000 0.000000 0.127725 0.006614 1.643112 2605.520724
0.865661 0.000000 0.000000 0.000000 0.000000 0.127725 0.006614 1.643112 2605.520724
0.865661 0.000000 0.000000 0.000000 0.000000 0.127725 0.006614 1.643112 2605.520724
0.865661 0.000000 0.000000 0.000000 0.000000 0.127725 0.006614 1.643112 2605.520724
0.865661 0.000000 0.000000 0.000000 0.000000 0.127725 0.006614 1.643112 2605.520724
0.865661 0.000000 0.000000 0.000000 0.000000 0.127725 0.006614 1.643112 2605.520724
0.865661 0.000000 0.000000 0.000000 0.000000 0.127725 0.006614 1.643112 2605.520724
0.865661 0.000000 0.000000 0.000000 0.000000 0.127725 0.006614 1.643112 2605.520724
0.865661 0.000000 0.000000 0.000000 0.000000 0.127725 0.006614 1.643112 2605.520724
0.865661 0.000000 0.000000 0.000000 0.000000 0.127725 0.006614 1.643112 2605.520724
0.865661 0.000000 0.000000 0.000000 0.000000 0.127725 0.006614 1.643112 2605.520724
0.865661 0.000000 0.000000 0.000000 0.000000 0.127725 0.006614 1.643112 2605.520724
0.865661 0.000000 0.000000 0.000000 0.000000 0.127725 0.006614 1.643112 2605.520724
0.865661 0.000000 0.000000 0.000000 0.000000 0.127725 0.006614 1.643112 2605.520724
0.865661 0.000000 0.000000 0.000000 0.000000 0.127725 0.006614 1.643112 2605.520724
0.865661 0.000000 0.000000 0.000000 0.000000 0.127725 0.006614 1.643112 2605.520724
0.865661 0.000000 0.000000 0.000000 0.000000 0.127725 0.006614 1.643112 2605.520724
0.865661 0.000000 0.000000 0.000000 0.000000 0.127725 0.006614 1.643112 2605.520724
0.865661 0.000000 0.000000 0.000000 0.000000 0.127725 0.006614 1.643112 2605.520724
0.865661 0.000000 0.000000 0.000000 0.000000 0.127725 0.006614 1.643112 2605.520724
0.865661 0.000000 0.000000 0.000000 0.000000 0.127725 0.006614 1.643112 2605.520724
0.865661 0.000000 0.000000 0.000000 0.000000 0.127725 0.006614 1.643112 2605.520724
0.865661 0.000000 0.000000 0.000000 0.000000 0.127725 0.006614 1.643112 2605.520724
0.865661 0.000000 0.000000 0.000000 0.000000 0.127725 0.006614 1.643112 2605.520724
0.865661 0.000000 0.000000 0.000000 0.000000 0.127725 0.006614 1.643112 2605.520724
0.865661 0.000000 0.000000 0.000000 0.000000 0.127725 0.006614 1.643112 2605.520724
0.865661 0.000000 0.000000 0.000000 0.000000 0.127725 0.006614 1.643112 2605.520724
0.865661 0.000000 0.000000 0.000000 0.000000 0.127725 0.006614 1.643112 2605.520724
0.865661 0.000000 0.000000 0.000000 0.000000 0.127725 0.006614 1.643112 2605.520724
0.865661 0.000000 0.000000 0.000000 0.000000 0.127725 0.006614 1.643112 2605.520724
0.865661 0.000000 0.000000 0.000000 0.000000 0.127725 0.006614 1.643112 2605.520724
0.865661 0.000000 0.000000 0.000000 0.000000 0.127725 0.006614 1.643112 2605.520724
0.865661 0.000000 0.000000 0.000000 0.000000 0.127725 0.006614 1.643112 2605.520724
0.865661 0.000000 0.000000 0.000000 0.000000 0.127725 0.006614 1.643112 2605.520724
0.865661 0.000000 0.000000 0.000000 0.000000 0.127725 0.006614 1.643112 2605.520724
0.865661 0.000000 0.000000 0.000000 0.000000 0.127725 0.006614 1.643112 2605.520724
0.865661 0.000000 0.000000 0.000000 0.000000 0.127725 0.006614 1.643112 2605.520724
0.865661 0.000000 0.000000 0.000000 0.000000 0.127725 0.006614 1.643112 2605.520724
0.865661 0.000000 0.000000 0.000000 0.000000 0.127725 0.006614 1.643112 2605.520724
0.865661 0.000000 0.000000 0.000000 0.000000 0.127725 0.006614 1.643112 2605.520724
0.865661 0.000000 0.000000 0.000000 0.000000 0.127725 0.006614 1.643112 2605.520724
0.865661 0.000000 0.000000 0.000000 0.000000 0.127725 0.006614 1.643112 2605.520724
0.865661 0.000000 0.000000 0.000000 0.000000 0.127725 0.006614 1.643112 2605.520724
0.865661 0.000000 0.000000 0.000000 0.000000 0.127725 0.006614 1.643112 2605.520724
0.865661 0.000000 0.000000 0.000000 0.000000 0.127725 0.006614 1.643112 2605.520724
0.865661 0.000000 0.000000 0.000000 0.000000 0.127725 0.006614 1.643112 2605.520724
0.865661 0.000000 0.000000 0.000000 0.000000 0.127725 0.006614 1.643112 2605.520724
0.865661 0.000000 0.000000 0.000000 0.000000 0.127725 0.006614 1.643112 2605.520724
0.865661 0.000000 0.000000 0.000000 0.000000 0.127725 0.006614 1.643112 2605.520724
0.865661 0.000000 0.000000 0.000000 0.000000 0.127725 0.006614 1.643112 2605.520724
0.865661 0.000000 0.000000 0.000000 0.000000 0.127725 0.006614 1.643112 2605.520724
0.865661 0.000000 0.000000 0.000000 0.000000 0.127725 0.006614 1.643112 2605.520724
0.865661 0.000000 0.000000 0.000000 0.000000 0.127725 0.006614 1.643112 2605.520724
0.865661 0.000000 0.000000 0.000000 0.000000 0.127725 0.006614 1.643112 2605.520724
0.865661 0.000000 0.000000 0.000000 0.000000 0.127725 0.006614 1.643112 2605.520724
0.865661 0.000000 0.000000 0.000000 0.000000 0.127725 0.006614 1.643112 2605.520724
0.865661 0.000000 0.000000 0.000000 0.000000 0.127725 0.006614 1.643112 2605.520724
0.865661 0.000000 0.000000 0.000000 0.000000 0.127725 0.006614 1.643112 2605.520724
0.865661 0.000000 0.000000 0.000000 0.000000 0.127725 0.006614 1.643112 2605.520724
0.865661 0.000000 0.000000 0.000000 0.000000 0.127725 0.006614 1.643112 2605.520724
0.865661 0.000000 0.000000 0.000000 0.000000 0.127725 0.006614 1.643112 2605.520724
0.865661 0.000000 0.000000 0.000000 0.000000 0.127725 0.006614 1.643112 2605.520724
0.865661 0.000000 0.000000 0.000000 0.000000 0.127725 0.006614 1.643112 2605.520724
0.865661 0.000000 0.000000 0.000000 0.000000 0.127725 0.006614 1.643112 2605.520724
0.865661 0.000000 0.000000 0.000000 0.000000 0.127725 0.006614 1.643112 2605.520724
0.865661 0.000000 0.000000 0.000000 0.000000 0.127725 0.006614 1.643112 2605.520724
0.865661 0.000000 0.000000 0.000000 0.000000 0.127725 0.006614 1.643112 2605.520724
0.865661 0.000000 0.000000 0.000000 0.000000 0.127725 0.006614 1.643112 2605.520724
0.865661 0.000000 0.000000 0.000000 0.000000 0.127725 0.006614 1.643112 2605.520724
0.865661 0.000000 0.000000 0.000000 0.000000 0.127725 0.006614 1.643112 2605.520724
0.865661 0.000000 0.000000 0.000000 0.000000 0.127725 0.006614 1.643112 2605.520724
0.865661 0.000000 0.000000 0.000000 0.000000 0.127725 0.006614 1.643112 2605.520724
0.865661 0.000000 0.000000 0.000000 0.000000 0.127725 0.006614 1.643112 2605.520724
0.865661 0.000000 0.000000 0.000000 0.000000 0.127725 0.006614 1.643112 2605.520724
0.865661 0.000000 0.000000 0.000000 0.000000 0.127725 0.006614 1.643112 2605.520724
0.865661 0.000000 0.000000 0.000000 0.000000 0.127725 0.006614 1.643112 2605.520724
0.865661 0.000000 0.000000 0.000000 0.000000 0.127725 0.006614 1.643112 2605.520724
0.865661 0.000000 0.000000 0.000000 0.000000 0.127725 0.006614 1.643112 2605.520724
0.865661 0.000000 0.000000 0.000000 0.000000 0.127725 0.006614 1.643112 2605.520724
0.865661 0.000000 0.000000 0.000000 0.000000 0.127725 0.006614 1.643112 2605.520724
0.865661 0.000000 0.000000 0.000000 0.000000 0.127725 0.006614 1.643112 2605.520724
0.865661 0.000000 0.000000 0.000000 0.000000 0.127725 0.006614 1.643112 2605.520724
0.865661 0.000000 0.000000 0.000000 0.000000 0.127725 0.006614 1.643112 2605.520724
0.865661 0.000000 0.000000 0.000000 0.000000 0.127725 0.006614 1.643112 2605.520724
0.865661 0.000000 0.000000 0.000000 0.000000 0.127725 0.006614 1.643112 2605.520724
0.865661 0.000000 0.000000 0.000000 0.000000 0.127725 0.006614 1.643112 2605.520724
0.865661 0.000000 0.000000 0.000000 0.000000 0.127725 0.006614 1.643112 2605.520724
0.865661 0.000000 0.000000 0.000000 0.000000 0.127725 0.006614 1.643112 2605.520724
0.865661 0.000000 0.000000 0.000000 0.000000 0.127725 0.006614 1.643112 2605.520724
0.865661 0.000000 0.000000 0.000000 0.000000 0.127725 0.006614 1.643112 2605.520724
0.865661 0.000000 0.000000 0.000000 0.000000 0.127725 0.006614 1.643112 2605.520724
0.865661 0.000000 0.000000 0.000000 0.000000 0.127725 0.006614 1.643112 2605.520724
0.865661 0.000000 0.000000 0.000000 0.000000 0.127725 0.006614 1.643112 2605.520724
0.865661 0.000000 0.000000 0.000000 0.000000 0.127725 0.006614 1.643112 2605.520724
0.865661 0.000000 0.000000 0.000000 0.000000 0.127725 0.006614 1.643112 2605.520724
0.865661 0.000000 0.000000 0.000000 0.000000 0.127725 0.006614 1.643112 2605.520724
0.865661 0.000000 0.000000 0.000000 0.000000 0.127725 0.006614 1.643112 2605.520724
0.865661 0.000000 0.000000 0.000000 0.000000 0.127725 0.006614 1.643112 2605.520724
0.865661 0.000000 0.000000 0.000000 0.000000 0.127725 0.006614 1.643112 2605.520724
0.865661 0.000000 0.000000 0.000000 0.000000 0.127725 0.006614 1.643112 2605.520724
0.865661 0.000000 0.000000 0.000000 0.000000 0.127725 0.006614 1.643112 2605.520724
0.865661 0.000000 0.000000 0.000000 0.000000 0.127725 0.006614 1.643112 2605.520724
0.865661 0.000000 0.000000 0.000000 0.000000 0.127725 0.006614 1.643112 2605.520724
0.865661 0.000000 0.000000 0.000000 0.000000 0.127725 0.006614 1.643112 2605.520724
0.865661 0.000000 0.000000 0.000000 0.000000 0.127725 0.006614 1.643112 2605.520724
0.865661 0.000000 0.000000 0.000000 0.000000 0.127725 0.006614 1.643112 2605.520724
0.865661 0.000000 0.000000 0.000000 0.000000 0.127725 0.006614 1.643112 2605.520724
0.865661 0.000000 0.000000 0.000000 0.000000 0.127725 0.006614 1.643112 2605.520724
0.865661 0.000000 0.000000 0.000000 0.000000 0.127725 0.006614 1.643112 2605.520724
0.865661 0.000000 0.000000 0.000000 0.000000 0.127725 0.006614 1.643112 2605.520724
0.865661 0.000000 0.000000 0.000000 0.000000 0.127725 0.006614 1.643112 2605.520724
0.865661 0.000000 0.000000 0.000000 0.000000 0.127725 0.006614 1.643112 2605.520724
0.865661 0.000000 0.000000 0.000000 0.000000 0.127725 0.006614 1.643112 2605.520724
0.865661 0.000000 0.000000 0.000000 0.000000 0.127725 0.006614 1.643112 2605.520724
0.865661 0.000000 0.000000 0.000000 0.000000 0.127725 0.006614 1.643112 2605.520724
0.865661 0.000000 0.000000 0.000000 0.000000 0.127725 0.006614 1.643112 2605.520724
0.865661 0.000000 0.000000 0.000000 0.000000 0.127725 0.006614 1.643112 2605.520724
0.865661 0.000000 0.000000 0.000000 0.000000 0.127725 0.006614 1.643112 2605.520724
0.865661 0.000000 0.000000 0.000000 0.000000 0.127725 0.006614 1.643112 2605.520724
0.865661 0.000000 0.000000 0.000000 0.000000 0.127725 0.006614 1.643112 2605.520724
0.865661 0.000000 0.000000 0.000000 0.000000 0.127725 0.006614 1.643112 2605.520724
0.865661 0.000000 0.000000 0.000000 0.000000 0.127725 0.006614 1.643112 2605.520724
0.865661 0.000000 0.000000 0.000000 0.000000 0.127725 0.006614 1.643112 2605.520724
0.865661 0.000000 0.000000 0.000000 0.000000 0.127725 0.006614 1.643112 2605.520724
0.865661 0.000000 0.000000 0.000000 0.000000 0.127725 0.006614 1.643112 2605.520724
0.865661 0.000000 0.000000 0.000000 0.000000 0.127725 0.006614 1.643112 2605.520724
0.865661 0.000000 0.000000 0.000000 0.000000 0.127725 0.006614 1.643112 2605.520724
0.865661 0.000000 0.000000 0.000000 0.000000 0.127725 0.006614 1.643112 2605.520724
0.865661 0.000000 0.000000 0.000000 0.000000 0.127725 0.006614 1.643112 2605.520724
0.865661 0.000000 0.000000 0.000000 0.000000 0.127725 0.006614 1.643112 2605.520724
0.865661 0.000000 0.000000 0.000000 0.000000 0.127725 0.006614 1.643112 2605.520724
0.865661 0.000000 0.000000 0.000000 0.000000 0.127725 0.006614 1.643112 2605.520724
0.865661 0.000000 0.000000 0.000000 0.000000 0.127725 0.006614 1.643112 2605.520724
0.865661 0.000000 0.000000 0.000000 0.000000 0.127725 0.006614 1.643112 2605.520724
0.865661 0.000000 0.000000 0.000000 0.000000 0.127725 0.006614 1.643112 2605.520724
0.865661 0.000000 0.000000 0.000000 0.000000 0.127725 0.006614 1.643112 2605.520724
0.865661 0.000000 0.000000 0.000000 0.000000 0.127725 0.006614 1.643112 2605.520724
0.865661 0.000000 0.000000 0.000000 0.000000 0.127725 0.006614 1.643112 2605.520724
0.865661 0.000000 0.000000 0.000000 0.000000 0.127725 0.006614 1.643112 2605.520724
0.865661 0.000000 0.000000 0.000000 0.000000 0.127725 0.006614 1.643112 2605.520724
0.865661 0.000000 0.000000 0.000000 0.000000 0.127725 0.006614 1.643112 2605.520724
0.865661 0.000000 0.000000 0.000000 0.000000 0.127725 0.006614 1.643112 2605.520724
0.865661 0.000000 0.000000 0.000000 0.000000 0.127725 0.006614 1.643112 2605.520724
0.865661 0.000000 0.000000 0.000000 0.000000 0.127725 0.006614 1.643112 2605.520724
0.865661 0.000000 0.000000 0.000000 0.000000 0.127725 0.006614 1.643112 2605.520724
0.865661 0.000000 0.000000 0.000000 0.000000 0.127725 0.006614 1.643112 2605.520724
0.865661 0.000000 0.000000 0.000000 0.000000 0.127725 0.006614 1.643112 2605.520724
0.865661 0.000000 0.000000 0.000000 0.000000 0.127725 0.006614 1.643112 2605.520724
0.865661 0.000000 0.000000 0.000000 0.000000 0.127725 0.006614 1.643112 2605.520724
0.865661 0.000000 0.000000 0.000000 0.000000 0.127725 0.006614 1.643112 2605.520724
0.865661 0.000000 0.000000 0.000000 0.000000 0.127725 0.006614 1.643112 2605.520724
0.865661 0.000000 0.000000 0.000000 0.000000 0.127725 0.006614 1.643112 2605.520724
0.865661 0.000000 0.000000 0.000000 0.000000 0.127725 0.006614 1.643112 2605.520724
0.865661 0.000000 0.000000 0.000000 0.000000 0.127725 0.006614 1.643112 2605.520724
0.865661 0.000000 0.000000 0.000000 0.000000 0.127725 0.006614 1.643112 2605.520724
0.865661 0.000000 0.000000 0.000000 0.000000 0.127725 0.006614 1.643112 2605.520724
0.865661 0.000000 0.000000 0.000000 0.000000 0.127725 0.006614 1.643112 2605.520724
0.865661 0.000000 0.000000 0.000000 0.000000 0.127725 0.006614 1.643112 2605.520724
0.865661 0.000000 0.000000 0.000000 0.000000 0.127725 0.006614 1.643112 2605.520724
0.865661 0.000000 0.000000 0.000000 0.000000 0.127725 0.006614 1.643112 2605.520724
0.865661 0.000000 0.000000 0.000000 0.000000 0.127725 0.006614 1.643112 2605.520724
0.865661 0.000000 0.000000 0.000000 0.000000 0.127725 0.006614 1.643112 2605.520724
0.865661 0.000000 0.000000 0.000000 0.000000 0.127725 0.006614 1.643112 2605.520724
0.865661 0.000000 0.000000 0.000000 0.000000 0.127725 0.006614 1.643112 2605.520724
0.865661 0.000000 0.000000 0.000000 0.000000 0.127725 0.006614 1.643112 2605.520724
0.865661 0.000000 0.000000 0.000000 0.000000 0.127725 0.006614 1.643112 2605.520724
0.865661 0.000000 0.000000 0.000000 0.000000 0.127725 0.006614 1.643112 2605.520724
0.865661 0.000000 0.000000 0.000000 0.000000 0.127725 0.006614 1.643112 2605.520724
0.865661 0.000000 0.000000 0.000000 0.000000 0.127725 0.006614 1.643112 2605.520724
0.865661 0.000000 0.000000 0.000000 0.000000 0.127725 0.006614 1.643112 2605.520724
0.865661 0.000000 0.000000 0.000000 0.000000 0.127725 0.006614 1.643112 2605.520724
0.865661 0.000000 0.000000 0.000000 0.000000 0.127725 0.006614 1.643112 2605.520724
0.865661 0.000000 0.000000 0.000000 0.000000 0.127725 0.006614 1.643112 2605.520724
0.865661 0.000000 0.000000 0.000000 0.000000 0.127725 0.006614 1.643112 2605.520724
0.865661 0.000000 0.000000 0.000000 0.000000 0.127725 0.006614 1.643112 2605.520724
0.865661 0.000000 0.000000 0.000000 0.000000 0.127725 0.006614 1.643112 2605.520724
0.865661 0.000000 0.000000 0.000000 0.000000 0.127725 0.006614 1.643112 2605.520724
0.865661 0.000000 0.000000 0.000000 0.000000 0.127725 0.006614 1.643112 2605.520724
0.865661 0.000000 0.000000 0.000000 0.000000 0.127725 0.006614 1.643112 2605.520724
0.865661 0.000000 0.000000 0.000000 0.000000 0.127725 0.006614 1.643112 2605.520724
0.865661 0.000000 0.000000 0.000000 0.000000 0.127725 0.006614 1.643112 2605.520724
0.865661 0.000000 0.000000 0.000000 0.000000 0.127725 0.006614 1.643112 2605.520724
0.865661 0.000000 0.000000 0.000000 0.000000 0.127725 0.006614 1.643112 2605.520724
0.865661 0.000000 0.000000 0.000000 0.000000 0.127725 0.006614 1.643112 2605.520724
0.865661 0.000000 0.000000 0.000000 0.000000 0.127725 0.006614 1.643112 2605.520724
0.865661 0.000000 0.000000 0.000000 0.000000 0.127725 0.006614 1.643112 2605.520724
0.865661 0.000000 0.000000 0.000000 0.000000 0.127725 0.006614 1.643112 2605.520724
0.865661 0.000000 0.000000 0.000000 0.000000 0.127725 0.006614 1.643112 2605.520724
0.865661 0.000000 0.000000 0.000000 0.000000 0.127725 0.006614 1.643112 2605.520724
0.865661 0.000000 0.000000 0.000000 0.000000 0.127725 0.006614 1.643112 2605.520724
0.865661 0.000000 0.000000 0.000000 0.000000 0.127725 0.006614 1.643112 2605.520724
0.865661 0.000000 0.000000 0.000000 0.000000 0.127725 0.006614 1.643112 2605.520724
0.865661 0.000000 0.000000 0.000000 0.000000 0.127725 0.006614 1.643112 2605.520724
0.865661 0.000000 0.000000 0.000000 0.000000 0.127725 0.006614 1.643112 2605.520724
0.865661 0.000000 0.000000 0.000000 0.000000 0.127725 0.006614 1.643112 2605.520724
0.865661 0.000000 0.000000 0.000000 0.000000 0.127725 0.006614 1.643112 2605.520724
0.865661 0.000000 0.000000 0.000000 0.000000 0.127725 0.006614 1.643112 2605.520724
0.865661 0.000000 0.000000 0.000000 0.000000 0.127725 0.006614 1.643112 2605.520724
0.865661 0.000000 0.000000 0.000000 0.000000 0.127725 0.006614 1.643112 2605.520724
0.865661 0.000000 0.000000 0.000000 0.000000 0.127725 0.006614 1.643112 2605.520724
0.865661 0.000000 0.000000 0.000000 0.000000 0.127725 0.006614 1.643112 2605.520724
0.865661 0.000000 0.000000 0.000000 0.000000 0.127725 0.006614 1.643112 2605.520724
0.865661 0.000000 0.000000 0.000000 0.000000 0.127725 0.006614 1.643112 2605.520724
0.865661 0.000000 0.000000 0.000000 0.000000 0.127725 0.006614 1.643112 2605.520724
0.865661 0.000000 0.000000 0.000000 0.000000 0.127725 0.006614 1.643112 2605.520724
0.865661 0.000000 0.000000 0.000000 0.000000 0.127725 0.006614 1.643112 2605.520724
0.865661 0.000000 0.000000 0.000000 0.000000 0.127725 0.006614 1.643112 2605.520724
0.865661 0.000000 0.000000 0.000000 0.000000 0.127725 0.006614 1.643112 2605.520724
0.865661 0.000000 0.000000 0.000000 0.000000 0.127725 0.006614 1.643112 2605.520724
0.865661 0.000000 0.000000 0.000000 0.000000 0.127725 0.006614 1.643112 2605.520724
0.865661 0.000000 0.000000 0.000000 0.000000 0.127725 0.006614 1.643112 2605.520724
0.865661 0.000000 0.000000 0.000000 0.000000 0.127725 0.006614 1.643112 2605.520724
0.865661 0.000000 0.000000 0.000000 0.000000 0.127725 0.006614 1.643112 2605.520724
0.865661 0.000000 0.000000 0.000000 0.000000 0.127725 0.006614 1.643112 2605.520724
0.865661 0.000000 0.000000 0.000000 0.000000 0.127725 0.006614 1.643112 2605.520724
0.865661 0.000000 0.000000 0.000000 0.000000 0.127725 0.006614 1.643112 2605.520724
0.865661 0.000000 0.000000 0.000000 0.000000 0.127725 0.006614 1.643112 2605.520724
0.865661 0.000000 0.000000 0.000000 0.000000 0.127725 0.006614 1.643112 2605.520724
0.865661 0.000000 0.000000 0.000000 0.000000 0.127725 0.006614 1.643112 2605.520724
0.865661 0.000000 0.000000 0.000000 0.000000 0.127725 0.006614 1.643112 2605.520724
0.865661 0.000000 0.000000 0.000000 0.000000 0.127725 0.006614 1.643112 2605.520724
0.865661 0.000000 0.000000 0.000000 0.000000 0.127725 0.006614 1.643112 2605.520724
0.865661 0.000000 0.000000 0.000000 0.000000 0.127725 0.006614 1.643112 2605.520724
0.865661 0.000000 0.000000 0.000000 0.000000 0.127725 0.006614 1.643112 2605.520724
0.865661 0.000000 0.000000 0.000000 0.000000 0.127725 0.006614 1.643112 2605.520724
0.865661 0.000000 0.000000 0.000000 0.000000 0.127725 0.006614 1.643112 2605.520724
0.865661 0.000000 0.000000 0.000000 0.000000 0.127725 0.006614 1.643112 2605.520724
0.865661 0.000000 0.000000 0.000000 0.000000 0.127725 0.006614 1.643112 2605.520724
0.865661 0.000000 0.000000 0.000000 0.000000 0.127725 0.006614 1.643112 2605.520724
0.865661 0.000000 0.000000 0.000000 0.000000 0.127725 0.006614 1.643112 2605.520724
0.865661 0.000000 0.000000 0.000000 0.000000 0.127725 0.006614 1.643112 2605.520724
0.865661 0.000000 0.000000 0.000000 0.000000 0.127725 0.006614 1.643112 2605.520724
0.865661 0.000000 0.000000 0.000000 0.000000 0.127725 0.006614 1.643112 2605.520724
0.865661 0.000000 0.000000 0.000000 0.000000 0.127725 0.006614 1.643112 2605.520724
0.865661 0.000000 0.000000 0.000000 0.000000 0.127725 0.006614 1.643112 2605.520724
0.865661 0.000000 0.000000 0.000000 0.000000 0.127725 0.006614 1.643112 2605.520724
0.865661 0.000000 0.000000 0.000000 0.000000 0.127725 0.006614 1.643112 2605.520724
0.865661 0.000000 0.000000 0.000000 0.000000 0.127725 0.006614 1.643112 2605.520724
0.865661 0.000000 0.000000 0.000000 0.000000 0.127725 0.006614 1.643112 2605.520724
0.865661 0.000000 0.000000 0.000000 0.000000 0.127725 0.006614 1.643112 2605.520724
0.865661 0.000000 0.000000 0.000000 0.000000 0.127725 0.006614 1.643112 2605.520724
0.865661 0.000000 0.000000 0.000000 0.000000 0.127725 0.006614 1.643112 2605.520724
0.865661 0.000000 0.000000 0.000000 0.000000 0.127725 0.006614 1.643112 2605.520724
0.865661 0.000000 0.000000 0.000000 0.000000 0.127725 0.006614 1.643112 2605.520724
0.865661 0.000000 0.000000 0.000000 0.000000 0.127725 0.006614 1.643112 2605.520724
0.865661 0.000000 0.000000 0.000000 0.000000 0.127725 0.006614 1.643112 2605.520724
0.865661 0.000000 0.000000 0.000000 0.000000 0.127725 0.006614 1.643112 2605.520724
0.865661 0.000000 0.000000 0.000000 0.000000 0.127725 0.006614 1.643112 2605.520724
0.865661 0.000000 0.000000 0.000000 0.000000 0.127725 0.006614 1.643112 2605.520724
0.865661 0.000000 0.000000 0.000000 0.000000 0.127725 0.006614 1.643112 2605.520724
0.865661 0.000000 0.000000 0.000000 0.000000 0.127725 0.006614 1.643112 2605.520724
0.865661 0.000000 0.000000 0.000000 0.000000 0.127725 0.006614 1.643112 2605.520724
0.865661 0.000000 0.000000 0.000000 0.000000 0.127725 0.006614 1.643112 2605.520724
0.865661 0.000000 0.000000 0.000000 0.000000 0.127725 0.006614 1.643112 2605.520724
0.865661 0.000000 0.000000 0.000000 0.000000 0.127725 0.006614 1.643112 2605.520724
0.865661 0.000000 0.000000 0.000000 0.000000 0.127725 0.006614 1.643112 2605.520724
0.865661 0.000000 0.000000 0.000000 0.000000 0.127725 0.006614 1.643112 2605.520724
0.865661 0.000000 0.000000 0.000000 0.000000 0.127725 0.006614 1.643112 2605.520724
0.865661 0.000000 0.000000 0.000000 0.000000 0.127725 0.006614 1.643112 2605.520724
0.865661 0.000000 0.000000 0.000000 0.000000 0.127725 0.006614 1.643112 2605.520724
0.865661 0.000000 0.000000 0.000000 0.000000 0.127725 0.006614 1.643112 2605.520724
0.865661 0.000000 0.000000 0.000000 0.000000 0.127725 0.006614 1.643112 2605.520724
0.865661 0.000000 0.000000 0.000000 0.000000 0.127725 0.006614 1.643112 2605.520724
0.865661 0.000000 0.000000 0.000000 0.000000 0.127725 0.006614 1.643112 2605.520724
0.865661 0.000000 0.000000 0.000000 0.000000 0.127725 0.006614 1.643112 2605.520724
0.865661 0.000000 0.000000 0.000000 0.000000 0.127725 0.006614 1.643112 2605.520724
0.865661 0.000000 0.000000 0.000000 0.000000 0.127725 0.006614 1.643112 2605.520724
0.865661 0.000000 0.000000 0.000000 0.000000 0.127725 0.006614 1.643112 2605.520724
0.865661 0.000000 0.000000 0.000000 0.000000 0.127725 0.006614 1.643112 2605.520724
0.865661 0.000000 0.000000 0.000000 0.000000 0.127725 0.006614 1.643112 2605.520724
0.865661 0.000000 0.000000 0.000000 0.000000 0.127725 0.006614 1.643112 2605.520724
0.865661 0.000000 0.000000 0.000000 0.000000 0.127725 0.006614 1.643112 2605.520724
0.865661 0.000000 0.000000 0.000000 0.000000 0.127725 0.006614 1.643112 2605.520724
0.865661 0.000000 0.000000 0.000000 0.000000 0.127725 0.006614 1.643112 2605.520724
0.865661 0.000000 0.000000 0.000000 0.000000 0.127725 0.006614 1.643112 2605.520724
0.865661 0.000000 0.000000 0.000000 0.000000 0.127725 0.006614 1.643112 2605.520724
0.865661 0.000000 0.000000 0.000000 0.000000 0.127725 0.006614 1.643112 2605.520724
0.865661 0.000000 0.000000 0.000000 0.000000 0.127725 0.006614 1.643112 2605.520724
0.865661 0.000000 0.000000 0.000000 0.000000 0.127725 0.006614 1.643112 2605.520724
0.865661 0.000000 0.000000 0.000000 0.000000 0.127725 0.006614 1.643112 2605.520724
0.865661 0.000000 0.000000 0.000000 0.000000 0.127725 0.006614 1.643112 2605.520724
0.865661 0.000000 0.000000 0.000000 0.000000 0.127725 0.006614 1.643112 2605.520724
0.865661 0.000000 0.000000 0.000000 0.000000 0.127725 0.006614 1.643112 2605.520724
0.865661 0.000000 0.000000 0.000000 0.000000 0.127725 0.006614 1.643112 2605.520724
0.865661 0.000000 0.000000 0.000000 0.000000 0.127725 0.006614 1.643112 2605.520724
0.865661 0.000000 0.000000 0.000000 0.000000 0.127725 0.006614 1.643112 2605.520724
0.865661 0.000000 0.000000 0.000000 0.000000 0.127725 0.006614 1.643112 2605.520724
0.865661 0.000000 0.000000 0.000000 0.000000 0.127725 0.006614 1.643112 2605.520724
0.865661 0.000000 0.000000 0.000000 0.000000 0.127725 0.006614 1.643112 2605.520724
0.865661 0.000000 0.000000 0.000000 0.000000 0.127725 0.006614 1.643112 2605.520724
0.865661 0.000000 0.000000 0.000000 0.000000 0.127725 0.006614 1.643112 2605.520724
