0.346636 0.062981 0.055684 0.031756 0.002115 0.494812 0.006016 1.616142 2088.493820
0.347715 0.061906 0.056625 0.030719 0.002121 0.494872 0.006042 1.622310 2098.041554
0.350182 0.059692 0.057399 0.029691 0.002122 0.494843 0.006070 1.628272 2108.313907
0.353420 0.056947 0.057850 0.028747 0.002109 0.494828 0.006099 1.633987 2119.025438
0.357126 0.053924 0.058031 0.027827 0.002110 0.494859 0.006123 1.639470 2130.204107
0.361296 0.050852 0.058070 0.026875 0.002107 0.494656 0.006145 1.644647 2139.489332
0.365596 0.047876 0.057850 0.025888 0.002099 0.494522 0.006170 1.649475 2148.886887
0.370043 0.045009 0.057338 0.024948 0.002081 0.494384 0.006196 1.654006 2158.061182
0.374715 0.042277 0.056762 0.024004 0.002057 0.493962 0.006223 1.658274 2169.595911
0.379490 0.039648 0.055864 0.023152 0.002037 0.493562 0.006247 1.662271 2178.833271
0.384428 0.037146 0.054917 0.022325 0.002016 0.492893 0.006275 1.666084 2189.323993
0.389306 0.034865 0.053871 0.021490 0.001995 0.492175 0.006298 1.669607 2200.703662
0.394252 0.032760 0.052690 0.020665 0.001975 0.491337 0.006321 1.672894 2211.537919
0.399237 0.030813 0.051421 0.019869 0.001949 0.490359 0.006351 1.675994 2222.801405
0.404259 0.029025 0.050072 0.019116 0.001921 0.489229 0.006377 1.678878 2233.660013
0.409235 0.027402 0.048711 0.018344 0.001894 0.488008 0.006405 1.681620 2244.664505
0.414181 0.025876 0.047323 0.017644 0.001865 0.486680 0.006431 1.684223 2255.784189
0.419191 0.024441 0.045939 0.016944 0.001834 0.485195 0.006456 1.686700 2266.406234
0.424338 0.023104 0.044479 0.016316 0.001806 0.483480 0.006476 1.689033 2276.141216
0.429411 0.021891 0.043072 0.015695 0.001768 0.481664 0.006500 1.691262 2287.764313
0.434442 0.020821 0.041601 0.015067 0.001724 0.479814 0.006531 1.693338 2298.231661
0.439482 0.019800 0.040193 0.014500 0.001695 0.477778 0.006552 1.695368 2309.020431
0.444510 0.018898 0.038822 0.013929 0.001660 0.475606 0.006575 1.697248 2318.951704
0.449465 0.018020 0.037530 0.013411 0.001625 0.473357 0.006592 1.699082 2328.856810
0.454382 0.017189 0.036236 0.012915 0.001591 0.471074 0.006613 1.700857 2338.595988
0.459294 0.016500 0.034976 0.012423 0.001563 0.468608 0.006635 1.702511 2347.992289
0.464200 0.015897 0.033707 0.011965 0.001533 0.466047 0.006652 1.704097 2356.924507
0.468940 0.015333 0.032444 0.011523 0.001501 0.463587 0.006671 1.705616 2366.633994
0.473812 0.014762 0.031315 0.011090 0.001466 0.460863 0.006692 1.707114 2377.165858
0.478653 0.014259 0.030210 0.010684 0.001432 0.458050 0.006712 1.708529 2386.239205
0.483432 0.013772 0.029141 0.010314 0.001398 0.455216 0.006728 1.709910 2395.639096
0.488138 0.013345 0.028080 0.009969 0.001377 0.452351 0.006741 1.711252 2404.257036
0.492806 0.012947 0.027083 0.009631 0.001342 0.449431 0.006759 1.712573 2413.806523
0.497552 0.012611 0.026036 0.009318 0.001310 0.446398 0.006776 1.713813 2423.828623
0.502199 0.012306 0.025119 0.009030 0.001287 0.443268 0.006791 1.715047 2432.585963
0.506837 0.012008 0.024227 0.008754 0.001256 0.440106 0.006813 1.716249 2441.222465
0.511370 0.011759 0.023385 0.008495 0.001230 0.436934 0.006828 1.717424 2449.407953
0.515920 0.011527 0.022543 0.008248 0.001201 0.433718 0.006844 1.718572 2458.786767
0.520396 0.011346 0.021749 0.007988 0.001171 0.430489 0.006861 1.719681 2466.638012
0.524786 0.011179 0.020991 0.007754 0.001139 0.427273 0.006877 1.720786 2475.917337
0.529222 0.011038 0.020320 0.007522 0.001109 0.423896 0.006893 1.721872 2484.081727
0.533546 0.010907 0.019644 0.007328 0.001084 0.420584 0.006907 1.722951 2492.310972
0.537804 0.010816 0.018974 0.007107 0.001054 0.417325 0.006919 1.723981 2501.150844
0.542052 0.010685 0.018382 0.006938 0.001032 0.413979 0.006933 1.725042 2507.993041
0.546297 0.010570 0.017851 0.006757 0.001002 0.410574 0.006948 1.726106 2516.806580
0.550478 0.010559 0.017294 0.006591 0.000979 0.407139 0.006960 1.727103 2524.378942
0.554569 0.010518 0.016759 0.006445 0.000961 0.403780 0.006968 1.728101 2530.739010
0.558604 0.010477 0.016250 0.006303 0.000937 0.400450 0.006980 1.729112 2537.617518
0.562599 0.010404 0.015839 0.006187 0.000913 0.397068 0.006990 1.730159 2544.953740
0.566569 0.010356 0.015417 0.006090 0.000887 0.393678 0.007003 1.731172 2552.274394
0.570507 0.010303 0.015041 0.005993 0.000859 0.390280 0.007018 1.732215 2560.738908
0.574336 0.010282 0.014680 0.005891 0.000840 0.386943 0.007028 1.733219 2568.337565
0.578147 0.010269 0.014352 0.005785 0.000819 0.383589 0.007039 1.734239 2574.922732
0.581850 0.010305 0.014029 0.005711 0.000796 0.380258 0.007051 1.735244 2581.475414
0.585555 0.010293 0.013785 0.005631 0.000775 0.376901 0.007061 1.736270 2588.768827
0.589164 0.010327 0.013512 0.005556 0.000751 0.373620 0.007071 1.737294 2596.538838
0.592757 0.010412 0.013237 0.005479 0.000739 0.370297 0.007080 1.738276 2602.654800
0.596373 0.010419 0.012970 0.005417 0.000722 0.367008 0.007090 1.739295 2609.259167
0.599922 0.010431 0.012812 0.005332 0.000704 0.363700 0.007100 1.740338 2615.714128
0.603374 0.010456 0.012619 0.005295 0.000688 0.360462 0.007106 1.741387 2621.931509
0.606754 0.010490 0.012417 0.005257 0.000669 0.357296 0.007116 1.742426 2628.207266
0.610144 0.010578 0.012222 0.005231 0.000652 0.354046 0.007126 1.743435 2633.956655
0.613448 0.010624 0.012062 0.005204 0.000636 0.350892 0.007135 1.744485 2639.762877
0.616739 0.010719 0.011888 0.005146 0.000622 0.347743 0.007143 1.745499 2645.266498
0.619910 0.010803 0.011773 0.005141 0.000608 0.344616 0.007149 1.746567 2650.758376
0.623012 0.010906 0.011665 0.005122 0.000598 0.341541 0.007157 1.747631 2656.650531
0.626147 0.011033 0.011513 0.005118 0.000584 0.338441 0.007163 1.748672 2661.338286
0.629160 0.011139 0.011416 0.005086 0.000570 0.335454 0.007173 1.749748 2667.222415
0.632124 0.011213 0.011341 0.005072 0.000555 0.332514 0.007181 1.750853 2672.590025
0.634998 0.011343 0.011278 0.005065 0.000542 0.329587 0.007188 1.751964 2677.844612
0.637831 0.011458 0.011208 0.005062 0.000533 0.326714 0.007195 1.753076 2682.821888
0.640698 0.011524 0.011199 0.005085 0.000521 0.323772 0.007201 1.754243 2687.027392
0.643488 0.011625 0.011162 0.005088 0.000517 0.320915 0.007205 1.755382 2690.739381
0.646301 0.011714 0.011129 0.005108 0.000502 0.318031 0.007213 1.756534 2696.361503
0.649043 0.011826 0.011114 0.005123 0.000488 0.315188 0.007219 1.757662 2701.615175
0.651595 0.011959 0.011074 0.005167 0.000478 0.312501 0.007225 1.758831 2706.901572
0.654126 0.012105 0.011101 0.005183 0.000470 0.309781 0.007233 1.760026 2712.100331
0.656662 0.012248 0.011085 0.005212 0.000460 0.307094 0.007238 1.761204 2716.771576
0.659124 0.012394 0.011075 0.005229 0.000452 0.304481 0.007244 1.762408 2721.326645
0.661525 0.012534 0.011122 0.005248 0.000446 0.301878 0.007248 1.763654 2725.223853
0.663812 0.012675 0.011216 0.005268 0.000441 0.299335 0.007252 1.764916 2728.688956
0.666086 0.012873 0.011245 0.005268 0.000436 0.296832 0.007260 1.766128 2732.502000
0.668305 0.013009 0.011309 0.005315 0.000429 0.294369 0.007264 1.767426 2735.432621
0.670519 0.013174 0.011364 0.005361 0.000425 0.291888 0.007269 1.768722 2739.248754
0.672663 0.013366 0.011419 0.005367 0.000420 0.289490 0.007275 1.769996 2743.275716
0.674801 0.013541 0.011457 0.005407 0.000417 0.287098 0.007279 1.771295 2746.998842
0.676887 0.013720 0.011536 0.005448 0.000412 0.284713 0.007285 1.772630 2750.948804
0.678937 0.013884 0.011638 0.005474 0.000411 0.282368 0.007289 1.773980 2753.771940
0.680934 0.014057 0.011723 0.005517 0.000404 0.280069 0.007296 1.775341 2757.625019
0.682805 0.014271 0.011843 0.005562 0.000401 0.277817 0.007301 1.776716 2760.944875
0.684613 0.014471 0.011931 0.005633 0.000398 0.275650 0.007304 1.778134 2764.764741
0.686430 0.014683 0.012030 0.005694 0.000396 0.273459 0.007308 1.779536 2767.924119
0.688188 0.014819 0.012134 0.005771 0.000389 0.271384 0.007316 1.781021 2773.005612
0.689966 0.014962 0.012265 0.005852 0.000380 0.269254 0.007320 1.782506 2777.115315
0.691675 0.015167 0.012372 0.005914 0.000375 0.267171 0.007325 1.783974 2780.432525
0.693267 0.015359 0.012531 0.005984 0.000373 0.265156 0.007329 1.785497 2782.202976
0.694866 0.015560 0.012642 0.006043 0.000367 0.263188 0.007334 1.786999 2785.307139
0.696426 0.015729 0.012753 0.006146 0.000364 0.261245 0.007338 1.788550 2788.804832
0.697977 0.015890 0.012883 0.006218 0.000362 0.259329 0.007342 1.790117 2792.059104
0.699473 0.016050 0.013038 0.006273 0.000358 0.257459 0.007348 1.791699 2795.905625
0.700972 0.016254 0.013145 0.006316 0.000351 0.255610 0.007353 1.793260 2798.913775
0.702317 0.016425 0.013261 0.006377 0.000347 0.253916 0.007358 1.794879 2802.751430
0.703709 0.016640 0.013368 0.006430 0.000347 0.252144 0.007362 1.796473 2805.956650
0.704998 0.016855 0.013509 0.006467 0.000346 0.250458 0.007365 1.798104 2808.412959
0.706311 0.017044 0.013637 0.006535 0.000341 0.248762 0.007369 1.799755 2812.042108
0.707515 0.017260 0.013768 0.006608 0.000341 0.247136 0.007372 1.801428 2814.042344
0.708712 0.017430 0.013938 0.006715 0.000338 0.245488 0.007378 1.803142 2817.373326
0.709903 0.017583 0.014160 0.006787 0.000336 0.243848 0.007382 1.804880 2820.190119
0.711036 0.017753 0.014352 0.006865 0.000333 0.242276 0.007386 1.806631 2823.157703
0.712131 0.017933 0.014511 0.006924 0.000333 0.240780 0.007389 1.808382 2826.015725
0.713144 0.018168 0.014676 0.006976 0.000332 0.239310 0.007393 1.810143 2828.042543
0.714118 0.018363 0.014853 0.007038 0.000327 0.237903 0.007398 1.811930 2831.284262
0.715125 0.018496 0.015018 0.007132 0.000324 0.236504 0.007400 1.813746 2833.076939
0.716053 0.018705 0.015186 0.007209 0.000325 0.235119 0.007403 1.815573 2835.507494
0.716964 0.018838 0.015339 0.007281 0.000325 0.233845 0.007409 1.817424 2838.200507
0.717854 0.018976 0.015493 0.007364 0.000328 0.232575 0.007411 1.819289 2839.796865
0.718642 0.019202 0.015638 0.007438 0.000334 0.231333 0.007413 1.821150 2842.065284
0.719466 0.019381 0.015795 0.007494 0.000337 0.230110 0.007417 1.823032 2844.254628
0.720267 0.019541 0.015926 0.007578 0.000335 0.228934 0.007420 1.824944 2846.907062
0.721038 0.019708 0.016037 0.007660 0.000333 0.227799 0.007424 1.826842 2848.932190
0.721830 0.019861 0.016198 0.007737 0.000332 0.226614 0.007428 1.828748 2851.379590
0.722551 0.020038 0.016368 0.007807 0.000333 0.225470 0.007433 1.830696 2853.634344
0.723286 0.020156 0.016549 0.007873 0.000335 0.224365 0.007436 1.832688 2855.625205
0.724003 0.020296 0.016727 0.007931 0.000339 0.223262 0.007442 1.834658 2858.392595
0.724672 0.020430 0.016872 0.008012 0.000340 0.222229 0.007445 1.836650 2861.145054
0.725271 0.020617 0.016993 0.008093 0.000338 0.221238 0.007450 1.838643 2864.269124
0.725913 0.020711 0.017173 0.008170 0.000340 0.220238 0.007455 1.840684 2866.386057
0.726516 0.020768 0.017311 0.008257 0.000342 0.219347 0.007459 1.842717 2868.653249
0.727106 0.020836 0.017465 0.008341 0.000341 0.218447 0.007463 1.844782 2870.318546
0.727694 0.020930 0.017605 0.008391 0.000343 0.217569 0.007468 1.846830 2872.450041
0.728213 0.021023 0.017752 0.008450 0.000348 0.216744 0.007471 1.848896 2874.316912
0.728747 0.021122 0.017880 0.008527 0.000348 0.215903 0.007474 1.850965 2876.633482
0.729303 0.021205 0.017989 0.008584 0.000355 0.215086 0.007478 1.853039 2877.981734
0.729883 0.021286 0.018082 0.008634 0.000357 0.214277 0.007481 1.855114 2880.208351
0.730431 0.021325 0.018176 0.008700 0.000363 0.213519 0.007485 1.857189 2882.365501
0.730931 0.021381 0.018311 0.008737 0.000366 0.212785 0.007488 1.859254 2884.470040
0.731431 0.021442 0.018427 0.008773 0.000367 0.212070 0.007491 1.861352 2886.322355
0.731992 0.021410 0.018596 0.008797 0.000367 0.211341 0.007496 1.863477 2888.196224
0.732496 0.021423 0.018689 0.008839 0.000369 0.210686 0.007499 1.865571 2889.901584
0.732985 0.021449 0.018790 0.008911 0.000370 0.209994 0.007503 1.867674 2891.957290
0.733456 0.021468 0.018904 0.008934 0.000368 0.209361 0.007509 1.869786 2894.247567
0.733892 0.021486 0.018960 0.008960 0.000373 0.208819 0.007512 1.871896 2896.172443
0.734348 0.021500 0.019060 0.008997 0.000376 0.208205 0.007514 1.874017 2897.761997
0.734848 0.021503 0.019122 0.009041 0.000382 0.207587 0.007518 1.876134 2899.420048
0.735295 0.021440 0.019238 0.009072 0.000381 0.207052 0.007523 1.878303 2901.395587
0.735808 0.021437 0.019250 0.009081 0.000381 0.206517 0.007526 1.880382 2903.062034
0.736272 0.021436 0.019349 0.009101 0.000382 0.205932 0.007530 1.882510 2905.167936
0.736726 0.021462 0.019380 0.009110 0.000384 0.205406 0.007532 1.884592 2907.116037
0.737199 0.021403 0.019458 0.009101 0.000384 0.204920 0.007535 1.886706 2908.900855
0.737630 0.021424 0.019522 0.009089 0.000380 0.204415 0.007541 1.888810 2910.743529
0.738058 0.021359 0.019623 0.009117 0.000385 0.203913 0.007545 1.890965 2912.166332
0.738571 0.021314 0.019664 0.009133 0.000387 0.203383 0.007548 1.893054 2914.264526
0.739065 0.021350 0.019688 0.009129 0.000387 0.202830 0.007552 1.895131 2915.984610
0.739564 0.021298 0.019738 0.009155 0.000392 0.202298 0.007556 1.897265 2917.472748
0.740048 0.021232 0.019745 0.009156 0.000396 0.201863 0.007560 1.899368 2919.307765
0.740442 0.021236 0.019791 0.009151 0.000401 0.201414 0.007564 1.901476 2921.222510
0.740917 0.021217 0.019774 0.009136 0.000399 0.200989 0.007568 1.903526 2923.661718
0.741358 0.021230 0.019759 0.009129 0.000399 0.200553 0.007572 1.905599 2925.107707
0.741808 0.021156 0.019785 0.009143 0.000396 0.200137 0.007575 1.907692 2927.204043
0.742284 0.021138 0.019744 0.009165 0.000395 0.199696 0.007579 1.909742 2929.190376
0.742740 0.021106 0.019743 0.009122 0.000399 0.199308 0.007582 1.911795 2931.496481
0.743233 0.021073 0.019713 0.009148 0.000403 0.198845 0.007586 1.913833 2932.771448
0.743807 0.020982 0.019696 0.009142 0.000405 0.198380 0.007589 1.915891 2934.435870
0.744280 0.020935 0.019662 0.009147 0.000411 0.197971 0.007594 1.917925 2936.538904
0.744739 0.020875 0.019639 0.009121 0.000417 0.197612 0.007598 1.919958 2938.443837
0.745235 0.020813 0.019613 0.009111 0.000418 0.197207 0.007602 1.921983 2940.621392
0.745744 0.020748 0.019651 0.009084 0.000418 0.196749 0.007607 1.924026 2943.025222
0.746190 0.020700 0.019621 0.009068 0.000422 0.196389 0.007610 1.926041 2944.283751
0.746762 0.020590 0.019623 0.009056 0.000426 0.195929 0.007613 1.928079 2945.773911
0.747311 0.020461 0.019625 0.009032 0.000430 0.195524 0.007618 1.930129 2948.160106
0.747868 0.020366 0.019628 0.009019 0.000434 0.195061 0.007624 1.932133 2949.846063
0.748376 0.020312 0.019591 0.009001 0.000432 0.194659 0.007629 1.934110 2951.707292
0.748875 0.020250 0.019577 0.008996 0.000431 0.194238 0.007633 1.936101 2953.464920
0.749348 0.020193 0.019547 0.008966 0.000432 0.193878 0.007638 1.938102 2955.290452
0.749855 0.020132 0.019525 0.008934 0.000432 0.193482 0.007640 1.940049 2957.047316
0.750376 0.020082 0.019460 0.008904 0.000428 0.193107 0.007644 1.942012 2958.892841
0.750916 0.020009 0.019389 0.008871 0.000431 0.192735 0.007648 1.943966 2960.460971
0.751390 0.019947 0.019350 0.008853 0.000431 0.192376 0.007653 1.945935 2962.348353
0.751929 0.019863 0.019272 0.008827 0.000433 0.192017 0.007658 1.947886 2963.911861
0.752475 0.019773 0.019250 0.008795 0.000434 0.191610 0.007663 1.949828 2965.860008
0.753003 0.019695 0.019200 0.008788 0.000433 0.191213 0.007668 1.951751 2968.065594
0.753492 0.019652 0.019174 0.008787 0.000434 0.190786 0.007674 1.953684 2970.310237
0.754018 0.019584 0.019079 0.008746 0.000432 0.190459 0.007681 1.955605 2972.461912
0.754595 0.019488 0.019061 0.008747 0.000430 0.189995 0.007684 1.957533 2974.107181
0.755120 0.019406 0.019043 0.008715 0.000431 0.189597 0.007688 1.959444 2976.413279
0.755742 0.019291 0.019017 0.008694 0.000437 0.189127 0.007693 1.961359 2978.156876
0.756259 0.019252 0.018902 0.008660 0.000439 0.188793 0.007696 1.963220 2979.777103
0.756838 0.019143 0.018881 0.008633 0.000436 0.188368 0.007700 1.965135 2981.732301
0.757416 0.019106 0.018827 0.008595 0.000440 0.187911 0.007706 1.966986 2983.704779
0.757947 0.019025 0.018772 0.008582 0.000439 0.187524 0.007710 1.968895 2986.161817
0.758482 0.019000 0.018726 0.008532 0.000434 0.187111 0.007716 1.970748 2988.864049
0.759013 0.018976 0.018658 0.008511 0.000429 0.186692 0.007720 1.972586 2991.435167
0.759527 0.018936 0.018590 0.008505 0.000432 0.186286 0.007725 1.974448 2993.639345
0.760001 0.018902 0.018545 0.008470 0.000428 0.185926 0.007729 1.976311 2995.798592
0.760493 0.018821 0.018478 0.008451 0.000431 0.185594 0.007731 1.978175 2997.623122
0.760930 0.018817 0.018412 0.008413 0.000429 0.185264 0.007735 1.979989 3000.099023
0.761483 0.018760 0.018362 0.008391 0.000425 0.184836 0.007743 1.981826 3003.251480
0.762042 0.018718 0.018288 0.008396 0.000423 0.184386 0.007747 1.983634 3005.090750
0.762596 0.018667 0.018248 0.008361 0.000421 0.183955 0.007752 1.985459 3007.180143
0.763141 0.018603 0.018213 0.008329 0.000420 0.183536 0.007757 1.987294 3009.219027
0.763711 0.018518 0.018185 0.008294 0.000416 0.183113 0.007762 1.989128 3011.621317
0.764235 0.018487 0.018153 0.008268 0.000415 0.182675 0.007766 1.990932 3014.161288
0.764678 0.018503 0.018080 0.008272 0.000412 0.182283 0.007771 1.992728 3016.492711
0.765202 0.018486 0.018016 0.008243 0.000410 0.181868 0.007775 1.994520 3018.307443
0.765685 0.018484 0.017933 0.008208 0.000407 0.181505 0.007778 1.996317 3020.547198
0.766241 0.018401 0.017884 0.008180 0.000407 0.181103 0.007783 1.998120 3022.206266
0.766727 0.018378 0.017867 0.008147 0.000407 0.180686 0.007788 1.999917 3024.213026
0.767214 0.018338 0.017855 0.008131 0.000404 0.180267 0.007792 2.001732 3026.072881
0.767674 0.018266 0.017861 0.008105 0.000404 0.179895 0.007796 2.003559 3028.646924
0.768178 0.018234 0.017827 0.008080 0.000401 0.179482 0.007798 2.005367 3030.691917
0.768610 0.018246 0.017816 0.008050 0.000403 0.179073 0.007801 2.007152 3032.090784
0.769091 0.018185 0.017789 0.008023 0.000404 0.178702 0.007805 2.008954 3033.764240
0.769575 0.018168 0.017722 0.008012 0.000406 0.178308 0.007809 2.010740 3035.639278
0.770041 0.018157 0.017700 0.008002 0.000408 0.177879 0.007812 2.012518 3037.279150
0.770495 0.018170 0.017659 0.007988 0.000405 0.177469 0.007814 2.014270 3039.414465
0.770978 0.018158 0.017636 0.007971 0.000409 0.177031 0.007818 2.016052 3041.473130
0.771454 0.018089 0.017606 0.007960 0.000409 0.176660 0.007821 2.017862 3043.521470
0.771811 0.018139 0.017593 0.007947 0.000408 0.176277 0.007825 2.019633 3044.900710
0.772214 0.018149 0.017531 0.007912 0.000407 0.175958 0.007829 2.021396 3047.276011
0.772597 0.018139 0.017470 0.007907 0.000407 0.175647 0.007833 2.023186 3048.869130
0.773024 0.018102 0.017487 0.007907 0.000406 0.175236 0.007837 2.024985 3050.915272
0.773444 0.018138 0.017411 0.007896 0.000403 0.174868 0.007840 2.026729 3053.224624
0.773816 0.018113 0.017394 0.007893 0.000398 0.174541 0.007845 2.028519 3056.245227
0.774292 0.018063 0.017367 0.007879 0.000397 0.174152 0.007849 2.030297 3058.286884
0.774736 0.018092 0.017306 0.007886 0.000394 0.173730 0.007855 2.032033 3060.310434
0.775171 0.018070 0.017254 0.007877 0.000397 0.173374 0.007857 2.033794 3062.262599
0.775575 0.018078 0.017233 0.007843 0.000399 0.173012 0.007860 2.035548 3064.229360
0.775978 0.018094 0.017215 0.007831 0.000398 0.172619 0.007865 2.037303 3066.819079
0.776316 0.018091 0.017248 0.007827 0.000397 0.172252 0.007869 2.039099 3068.574475
0.776663 0.018058 0.017211 0.007841 0.000398 0.171957 0.007872 2.040859 3070.774261
0.777022 0.018073 0.017174 0.007850 0.000397 0.171607 0.007876 2.042620 3072.792674
0.777398 0.018057 0.017155 0.007824 0.000397 0.171290 0.007881 2.044387 3074.347115
0.777754 0.018053 0.017200 0.007834 0.000398 0.170879 0.007884 2.046174 3076.480310
0.778063 0.018050 0.017216 0.007830 0.000397 0.170555 0.007890 2.047962 3079.140799
0.778469 0.018064 0.017144 0.007803 0.000398 0.170229 0.007893 2.049705 3080.474995
0.778813 0.018110 0.017119 0.007801 0.000401 0.169859 0.007896 2.051462 3082.202232
0.779171 0.018104 0.017089 0.007824 0.000399 0.169512 0.007902 2.053230 3084.445493
0.779518 0.018129 0.017065 0.007795 0.000397 0.169192 0.007906 2.054991 3086.566403
0.779809 0.018140 0.017045 0.007804 0.000393 0.168898 0.007911 2.056774 3089.090804
0.780176 0.018122 0.017045 0.007802 0.000392 0.168546 0.007918 2.058554 3091.498995
0.780486 0.018127 0.017104 0.007821 0.000387 0.168152 0.007922 2.060337 3093.494330
0.780808 0.018086 0.017132 0.007829 0.000388 0.167832 0.007926 2.062136 3095.644460
0.781160 0.018109 0.017121 0.007822 0.000386 0.167472 0.007930 2.063907 3097.362513
0.781482 0.018117 0.017117 0.007813 0.000388 0.167150 0.007934 2.065668 3099.631764
0.781779 0.018156 0.017114 0.007803 0.000390 0.166819 0.007939 2.067422 3101.694240
0.782049 0.018141 0.017156 0.007834 0.000390 0.166488 0.007942 2.069232 3103.388520
0.782319 0.018147 0.017182 0.007814 0.000391 0.166202 0.007945 2.071028 3105.298114
0.782624 0.018174 0.017153 0.007804 0.000396 0.165900 0.007949 2.072815 3106.876129
0.782870 0.018211 0.017145 0.007788 0.000397 0.165635 0.007954 2.074580 3109.301194
0.783077 0.018223 0.017160 0.007778 0.000398 0.165404 0.007959 2.076379 3111.092550
0.783338 0.018263 0.017165 0.007781 0.000396 0.165093 0.007963 2.078169 3112.936169
0.783606 0.018234 0.017205 0.007765 0.000397 0.164825 0.007969 2.079974 3114.587558
0.783872 0.018215 0.017210 0.007777 0.000397 0.164556 0.007973 2.081769 3116.294566
0.784053 0.018266 0.017175 0.007821 0.000395 0.164313 0.007978 2.083572 3118.720217
0.784299 0.018281 0.017203 0.007823 0.000393 0.164017 0.007984 2.085370 3120.754287
0.784554 0.018318 0.017224 0.007816 0.000393 0.163705 0.007989 2.087164 3123.040341
0.784743 0.018380 0.017213 0.007815 0.000394 0.163463 0.007992 2.088961 3124.831609
0.785005 0.018396 0.017231 0.007801 0.000393 0.163178 0.007996 2.090755 3126.982158
0.785275 0.018378 0.017223 0.007820 0.000390 0.162912 0.008001 2.092547 3128.757978
0.785506 0.018376 0.017204 0.007834 0.000392 0.162683 0.008006 2.094348 3130.568363
0.785653 0.018386 0.017213 0.007834 0.000392 0.162513 0.008010 2.096168 3132.135200
0.785802 0.018467 0.017209 0.007823 0.000391 0.162296 0.008012 2.097938 3134.324431
0.786001 0.018501 0.017192 0.007845 0.000390 0.162052 0.008018 2.099732 3136.173784
0.786250 0.018482 0.017188 0.007877 0.000390 0.161791 0.008022 2.101544 3137.772658
0.786391 0.018537 0.017212 0.007901 0.000394 0.161541 0.008025 2.103359 3139.186189
0.786548 0.018572 0.017257 0.007914 0.000397 0.161283 0.008029 2.105179 3141.091508
0.786745 0.018623 0.017289 0.007861 0.000399 0.161049 0.008032 2.106971 3143.187559
0.786896 0.018697 0.017298 0.007863 0.000400 0.160810 0.008036 2.108773 3144.796394
0.787064 0.018700 0.017340 0.007900 0.000400 0.160554 0.008041 2.110621 3146.682165
0.787238 0.018688 0.017389 0.007915 0.000404 0.160320 0.008046 2.112469 3148.414531
0.787381 0.018691 0.017396 0.007932 0.000405 0.160146 0.008049 2.114302 3150.180155
0.787533 0.018732 0.017432 0.007927 0.000410 0.159915 0.008052 2.116122 3152.029810
0.787655 0.018741 0.017499 0.007939 0.000410 0.159700 0.008056 2.117975 3154.454057
0.787785 0.018777 0.017491 0.007919 0.000410 0.159558 0.008061 2.119804 3156.142480
0.787950 0.018754 0.017466 0.007942 0.000405 0.159418 0.008065 2.121655 3157.889734
0.788076 0.018812 0.017478 0.007905 0.000405 0.159256 0.008068 2.123462 3159.338455
0.788195 0.018855 0.017511 0.007879 0.000402 0.159085 0.008074 2.125282 3161.646738
0.788318 0.018889 0.017510 0.007879 0.000402 0.158924 0.008078 2.127113 3163.532875
0.788406 0.018958 0.017484 0.007910 0.000403 0.158758 0.008082 2.128936 3165.282078
0.788518 0.018971 0.017530 0.007921 0.000403 0.158572 0.008086 2.130788 3167.638616
0.788649 0.018973 0.017561 0.007950 0.000401 0.158377 0.008090 2.132664 3169.802056
0.788766 0.018966 0.017572 0.007959 0.000401 0.158243 0.008093 2.134530 3172.126240
0.788862 0.019004 0.017571 0.007985 0.000400 0.158080 0.008098 2.136393 3173.931813
0.788941 0.019045 0.017613 0.007991 0.000396 0.157913 0.008101 2.138246 3176.225605
0.789041 0.019063 0.017631 0.008016 0.000396 0.157750 0.008105 2.140096 3177.836035
0.789162 0.019050 0.017640 0.008023 0.000397 0.157620 0.008108 2.141959 3179.338802
0.789184 0.019118 0.017650 0.008039 0.000397 0.157500 0.008113 2.143813 3181.396078
0.789301 0.019121 0.017687 0.008056 0.000395 0.157323 0.008117 2.145688 3183.499271
0.789362 0.019134 0.017708 0.008064 0.000396 0.157214 0.008123 2.147546 3185.448694
0.789417 0.019214 0.017707 0.008050 0.000397 0.157088 0.008127 2.149397 3187.543403
0.789486 0.019220 0.017721 0.008077 0.000398 0.156966 0.008132 2.151287 3190.050596
0.789534 0.019238 0.017760 0.008092 0.000394 0.156843 0.008138 2.153181 3192.431286
0.789589 0.019237 0.017799 0.008114 0.000398 0.156720 0.008142 2.155088 3194.071718
0.789650 0.019240 0.017802 0.008121 0.000396 0.156645 0.008146 2.156963 3196.706642
0.789695 0.019226 0.017857 0.008126 0.000402 0.156545 0.008149 2.158878 3198.762563
0.789718 0.019247 0.017892 0.008136 0.000405 0.156450 0.008152 2.160765 3200.411193
0.789798 0.019249 0.017899 0.008144 0.000400 0.156353 0.008156 2.162637 3202.779975
0.789821 0.019266 0.017919 0.008155 0.000403 0.156278 0.008160 2.164541 3204.662207
0.789861 0.019269 0.017924 0.008174 0.000403 0.156205 0.008165 2.166436 3206.973122
0.789925 0.019240 0.017949 0.008193 0.000403 0.156121 0.008169 2.168348 3208.980944
0.789997 0.019256 0.017928 0.008197 0.000399 0.156050 0.008174 2.170213 3212.319471
0.790047 0.019284 0.017918 0.008209 0.000397 0.155967 0.008178 2.172082 3214.323457
0.790108 0.019317 0.017914 0.008215 0.000398 0.155867 0.008181 2.173957 3216.650110
0.790199 0.019268 0.017947 0.008194 0.000403 0.155806 0.008184 2.175866 3218.608826
0.790242 0.019281 0.018003 0.008169 0.000406 0.155712 0.008188 2.177762 3220.142800
0.790288 0.019320 0.018005 0.008173 0.000405 0.155615 0.008193 2.179629 3222.079622
0.790305 0.019355 0.017992 0.008194 0.000403 0.155553 0.008198 2.181514 3223.920734
0.790317 0.019395 0.018009 0.008182 0.000408 0.155487 0.008201 2.183394 3225.471418
0.790358 0.019417 0.018009 0.008186 0.000408 0.155415 0.008206 2.185288 3227.904841
0.790413 0.019396 0.018035 0.008203 0.000409 0.155333 0.008210 2.187190 3229.528931
0.790449 0.019432 0.018030 0.008206 0.000408 0.155259 0.008215 2.189066 3231.524400
0.790495 0.019430 0.018043 0.008224 0.000408 0.155181 0.008218 2.190975 3233.549440
0.790557 0.019366 0.018088 0.008212 0.000410 0.155146 0.008222 2.192904 3235.530085
0.790652 0.019321 0.018095 0.008221 0.000404 0.155081 0.008227 2.194801 3237.798104
0.790706 0.019314 0.018126 0.008238 0.000401 0.154984 0.008231 2.196700 3239.632754
0.790728 0.019322 0.018153 0.008227 0.000401 0.154932 0.008237 2.198589 3241.101529
0.790770 0.019331 0.018142 0.008242 0.000399 0.154874 0.008243 2.200482 3242.947576
0.790855 0.019290 0.018138 0.008222 0.000403 0.154847 0.008246 2.202377 3244.902579
0.790937 0.019250 0.018163 0.008210 0.000402 0.154787 0.008251 2.204275 3247.442311
0.791006 0.019237 0.018154 0.008233 0.000397 0.154716 0.008256 2.206175 3248.994926
0.791033 0.019247 0.018180 0.008242 0.000396 0.154642 0.008259 2.208084 3250.842180
0.791057 0.019233 0.018181 0.008253 0.000401 0.154612 0.008264 2.209990 3252.531182
0.791244 0.019172 0.018156 0.008250 0.000402 0.154508 0.008268 2.211869 3254.407314
0.791269 0.019188 0.018145 0.008244 0.000400 0.154482 0.008273 2.213740 3256.799186
0.791307 0.019179 0.018196 0.008236 0.000398 0.154407 0.008278 2.215643 3259.215757
0.791335 0.019203 0.018151 0.008232 0.000401 0.154396 0.008282 2.217489 3260.869276
0.791412 0.019167 0.018140 0.008261 0.000401 0.154332 0.008287 2.219383 3262.741870
0.791470 0.019163 0.018172 0.008262 0.000403 0.154242 0.008289 2.221267 3264.689797
0.791510 0.019187 0.018132 0.008246 0.000402 0.154229 0.008294 2.223120 3266.820255
0.791589 0.019176 0.018134 0.008246 0.000399 0.154159 0.008298 2.224991 3269.007430
0.791683 0.019120 0.018116 0.008231 0.000400 0.154148 0.008301 2.226882 3270.639507
0.791699 0.019149 0.018143 0.008223 0.000398 0.154084 0.008306 2.228767 3273.031112
0.791720 0.019167 0.018128 0.008217 0.000398 0.154062 0.008308 2.230638 3275.211310
0.791797 0.019188 0.018110 0.008221 0.000397 0.153974 0.008313 2.232489 3276.885392
0.791814 0.019211 0.018069 0.008250 0.000395 0.153946 0.008316 2.234361 3279.038185
0.791881 0.019184 0.018088 0.008274 0.000395 0.153855 0.008323 2.236275 3281.687882
0.791929 0.019181 0.018122 0.008283 0.000399 0.153759 0.008326 2.238169 3283.090426
0.792026 0.019138 0.018167 0.008265 0.000398 0.153674 0.008332 2.240064 3285.347840
0.792087 0.019127 0.018212 0.008248 0.000398 0.153592 0.008337 2.241968 3288.026811
0.792125 0.019193 0.018216 0.008210 0.000400 0.153515 0.008341 2.243807 3289.683180
0.792177 0.019174 0.018217 0.008200 0.000399 0.153487 0.008346 2.245708 3291.886981
0.792226 0.019165 0.018195 0.008206 0.000400 0.153459 0.008351 2.247599 3294.358691
0.792303 0.019143 0.018168 0.008241 0.000397 0.153394 0.008354 2.249511 3296.094304
0.792356 0.019156 0.018162 0.008243 0.000395 0.153329 0.008359 2.251373 3298.267171
0.792372 0.019172 0.018127 0.008235 0.000392 0.153337 0.008365 2.253237 3300.541318
0.792422 0.019141 0.018131 0.008233 0.000392 0.153310 0.008369 2.255129 3302.366485
0.792441 0.019169 0.018108 0.008219 0.000388 0.153302 0.008374 2.256990 3304.801663
0.792456 0.019171 0.018105 0.008238 0.000388 0.153262 0.008380 2.258877 3306.752562
0.792491 0.019168 0.018136 0.008240 0.000387 0.153195 0.008384 2.260765 3308.302268
0.792519 0.019208 0.018121 0.008250 0.000386 0.153128 0.008388 2.262633 3309.859852
0.792618 0.019166 0.018155 0.008224 0.000381 0.153062 0.008393 2.264530 3312.366846
0.792662 0.019121 0.018147 0.008247 0.000382 0.153043 0.008398 2.266429 3314.014421
0.792717 0.019120 0.018167 0.008256 0.000385 0.152955 0.008401 2.268298 3316.387767
0.792736 0.019086 0.018203 0.008248 0.000383 0.152937 0.008407 2.270203 3318.435872
0.792818 0.019073 0.018186 0.008273 0.000383 0.152855 0.008413 2.272066 3320.658764
0.792883 0.019052 0.018165 0.008247 0.000384 0.152851 0.008416 2.273930 3322.488814
0.792944 0.019036 0.018197 0.008251 0.000387 0.152763 0.008421 2.275809 3324.229956
0.792988 0.019048 0.018169 0.008231 0.000380 0.152758 0.008425 2.277666 3326.309864
0.793033 0.019063 0.018191 0.008227 0.000380 0.152676 0.008430 2.279533 3327.998089
0.793054 0.019056 0.018239 0.008226 0.000378 0.152614 0.008434 2.281443 3330.221549
0.793063 0.019058 0.018255 0.008211 0.000382 0.152592 0.008439 2.283329 3332.035287
0.793081 0.019078 0.018224 0.008214 0.000384 0.152578 0.008441 2.285208 3334.007665
0.793094 0.019052 0.018203 0.008203 0.000385 0.152618 0.008445 2.287083 3335.770025
0.793150 0.019027 0.018187 0.008196 0.000392 0.152599 0.008448 2.288969 3337.565780
0.793159 0.019110 0.018172 0.008166 0.000394 0.152546 0.008453 2.290795 3340.067468
0.793225 0.019098 0.018167 0.008166 0.000396 0.152489 0.008458 2.292653 3341.924978
0.793295 0.019083 0.018125 0.008177 0.000393 0.152461 0.008465 2.294508 3344.240994
0.793328 0.019075 0.018123 0.008189 0.000394 0.152419 0.008471 2.296388 3346.769231
0.793465 0.019071 0.018102 0.008195 0.000393 0.152299 0.008475 2.298242 3348.600069
0.793447 0.019094 0.018111 0.008187 0.000391 0.152290 0.008480 2.300117 3350.587183
0.793482 0.019070 0.018107 0.008200 0.000390 0.152268 0.008483 2.302000 3352.363678
0.793504 0.019082 0.018104 0.008219 0.000393 0.152211 0.008487 2.303870 3354.577344
0.793522 0.019109 0.018037 0.008263 0.000391 0.152185 0.008493 2.305729 3357.012648
0.793579 0.019091 0.018011 0.008231 0.000389 0.152203 0.008497 2.307579 3359.091356
0.793599 0.019137 0.017999 0.008197 0.000392 0.152176 0.008499 2.309412 3360.352755
0.793655 0.019153 0.018029 0.008204 0.000393 0.152062 0.008503 2.311267 3361.873210
0.793725 0.019141 0.018042 0.008207 0.000395 0.151982 0.008508 2.313131 3363.645651
0.793767 0.019103 0.018035 0.008209 0.000390 0.151983 0.008512 2.315036 3365.463530
0.793841 0.019022 0.018044 0.008235 0.000392 0.151950 0.008516 2.316939 3367.890967
0.793886 0.018982 0.018033 0.008251 0.000392 0.151936 0.008521 2.318809 3369.693484
0.793902 0.019000 0.018033 0.008271 0.000390 0.151879 0.008525 2.320691 3371.722500
0.793913 0.018989 0.018068 0.008281 0.000387 0.151833 0.008530 2.322591 3373.622338
0.793957 0.019005 0.018050 0.008277 0.000387 0.151790 0.008533 2.324441 3375.361533
0.793984 0.018978 0.018062 0.008290 0.000386 0.151763 0.008538 2.326341 3378.359069
0.793983 0.019005 0.018074 0.008286 0.000388 0.151724 0.008542 2.328196 3380.297522
0.794113 0.019001 0.018028 0.008302 0.000389 0.151622 0.008546 2.330042 3381.962371
0.794102 0.019024 0.017999 0.008303 0.000388 0.151635 0.008549 2.331897 3383.949445
0.794130 0.019043 0.017994 0.008265 0.000385 0.151629 0.008554 2.333729 3386.018872
0.794199 0.018997 0.017997 0.008268 0.000385 0.151595 0.008559 2.335617 3387.868110
0.794234 0.019019 0.017981 0.008225 0.000387 0.151591 0.008563 2.337450 3389.562466
0.794259 0.019025 0.017951 0.008225 0.000387 0.151587 0.008565 2.339311 3391.196276
0.794336 0.018989 0.017985 0.008238 0.000382 0.151500 0.008570 2.341199 3393.215476
0.794423 0.018995 0.017952 0.008215 0.000382 0.151461 0.008573 2.343043 3394.773258
0.794419 0.019002 0.017966 0.008203 0.000382 0.151449 0.008579 2.344892 3397.235418
0.794447 0.019008 0.017955 0.008209 0.000383 0.151416 0.008582 2.346744 3399.505994
0.794496 0.019038 0.017930 0.008172 0.000382 0.151397 0.008586 2.348563 3400.989260
0.794491 0.018997 0.017941 0.008170 0.000385 0.151426 0.008589 2.350453 3402.757345
0.794503 0.019005 0.017981 0.008161 0.000384 0.151371 0.008594 2.352324 3405.202484
0.794557 0.018995 0.017980 0.008137 0.000380 0.151353 0.008598 2.354178 3407.232268
0.794589 0.018997 0.017957 0.008129 0.000376 0.151351 0.008601 2.356029 3409.103445
0.794591 0.019021 0.017935 0.008124 0.000378 0.151345 0.008606 2.357877 3411.072764
0.794643 0.019010 0.017914 0.008125 0.000380 0.151319 0.008609 2.359730 3412.661539
0.794663 0.018979 0.017942 0.008127 0.000381 0.151296 0.008613 2.361615 3414.841828
0.794667 0.018965 0.017933 0.008147 0.000377 0.151294 0.008617 2.363474 3417.658734
0.794721 0.018912 0.017937 0.008169 0.000376 0.151265 0.008621 2.365357 3419.260237
0.794803 0.018847 0.017941 0.008186 0.000376 0.151222 0.008625 2.367244 3421.484367
0.794862 0.018875 0.017902 0.008173 0.000377 0.151181 0.008629 2.369080 3423.249826
0.794834 0.018961 0.017872 0.008165 0.000375 0.151161 0.008632 2.370918 3425.229234
0.794839 0.019003 0.017850 0.008166 0.000375 0.151131 0.008635 2.372756 3426.704544
0.794908 0.018967 0.017875 0.008161 0.000378 0.151071 0.008640 2.374627 3428.910672
0.794910 0.018980 0.017871 0.008148 0.000381 0.151067 0.008644 2.376494 3430.374102
0.794951 0.018984 0.017889 0.008161 0.000378 0.150988 0.008649 2.378325 3432.504061
0.794970 0.018965 0.017898 0.008159 0.000380 0.150976 0.008652 2.380192 3434.202007
0.794968 0.019002 0.017873 0.008153 0.000380 0.150968 0.008655 2.382040 3435.682410
0.795011 0.018993 0.017907 0.008159 0.000382 0.150889 0.008658 2.383901 3437.523106
0.795075 0.018991 0.017893 0.008161 0.000383 0.150836 0.008660 2.385752 3439.480265
0.795050 0.019001 0.017914 0.008156 0.000381 0.150836 0.008662 2.387625 3441.396410
0.794999 0.019012 0.017946 0.008143 0.000382 0.150852 0.008666 2.389486 3443.044320
0.795063 0.018997 0.017947 0.008157 0.000379 0.150787 0.008672 2.391358 3445.430182
0.795159 0.018981 0.017940 0.008173 0.000380 0.150691 0.008676 2.393211 3447.095604
0.795185 0.018985 0.017934 0.008180 0.000384 0.150652 0.008679 2.395096 3448.790911
0.795168 0.019023 0.017949 0.008151 0.000390 0.150635 0.008684 2.396948 3449.969669
0.795219 0.019017 0.017961 0.008152 0.000390 0.150573 0.008687 2.398809 3452.092066
0.795318 0.018944 0.017980 0.008150 0.000387 0.150530 0.008690 2.400679 3454.096846
0.795352 0.018972 0.017960 0.008122 0.000388 0.150511 0.008695 2.402519 3456.106831
0.795362 0.018955 0.017984 0.008137 0.000387 0.150477 0.008699 2.404395 3457.755916
0.795413 0.018925 0.018030 0.008129 0.000390 0.150411 0.008702 2.406251 3459.219207
0.795445 0.018933 0.018041 0.008116 0.000392 0.150367 0.008706 2.408098 3460.859173
0.795442 0.018994 0.018013 0.008084 0.000393 0.150366 0.008709 2.409937 3462.568606
0.795460 0.019009 0.018003 0.008066 0.000393 0.150356 0.008714 2.411797 3464.772088
0.795480 0.019020 0.018023 0.008065 0.000392 0.150302 0.008717 2.413660 3466.799902
0.795496 0.019025 0.018006 0.008076 0.000393 0.150282 0.008722 2.415518 3468.602841
0.795542 0.019004 0.018007 0.008079 0.000388 0.150250 0.008729 2.417383 3471.217274
0.795500 0.019070 0.018003 0.008097 0.000384 0.150212 0.008734 2.419226 3473.037961
0.795512 0.019038 0.018023 0.008122 0.000384 0.150183 0.008738 2.421121 3475.094625
0.795564 0.018982 0.018037 0.008124 0.000386 0.150166 0.008741 2.423008 3476.424172
0.795621 0.018977 0.017991 0.008126 0.000384 0.150156 0.008745 2.424870 3478.948172
0.795666 0.018967 0.018007 0.008126 0.000383 0.150103 0.008749 2.426743 3481.105663
0.795692 0.018966 0.018010 0.008125 0.000382 0.150073 0.008752 2.428597 3482.984665
0.795678 0.019014 0.017980 0.008089 0.000389 0.150095 0.008756 2.430431 3485.006740
0.795721 0.018995 0.017960 0.008082 0.000388 0.150095 0.008760 2.432290 3487.348259
0.795746 0.018977 0.017944 0.008108 0.000395 0.150067 0.008764 2.434167 3489.151704
0.795790 0.018955 0.017943 0.008088 0.000401 0.150057 0.008768 2.436037 3490.585091
0.795828 0.019012 0.017921 0.008092 0.000407 0.149971 0.008770 2.437875 3491.691261
0.795810 0.019042 0.017916 0.008092 0.000402 0.149963 0.008776 2.439719 3493.622182
0.795832 0.019038 0.017934 0.008076 0.000398 0.149941 0.008780 2.441573 3496.420728
0.795858 0.019028 0.017960 0.008075 0.000398 0.149897 0.008784 2.443442 3498.333808
0.795933 0.019038 0.017908 0.008079 0.000403 0.149851 0.008789 2.445282 3500.316530
0.795962 0.019021 0.017895 0.008117 0.000403 0.149808 0.008794 2.447163 3502.577122
0.795967 0.019017 0.017896 0.008139 0.000402 0.149782 0.008797 2.449045 3504.495092
0.795967 0.019019 0.017903 0.008132 0.000397 0.149781 0.008801 2.450910 3506.787141
0.795955 0.019070 0.017870 0.008165 0.000396 0.149737 0.008806 2.452753 3508.768949
0.795950 0.019095 0.017857 0.008130 0.000402 0.149756 0.008810 2.454587 3510.665273
0.795981 0.019061 0.017895 0.008138 0.000403 0.149709 0.008813 2.456477 3511.870844
0.796000 0.019042 0.017903 0.008130 0.000395 0.149712 0.008819 2.458340 3514.618731
0.796031 0.019018 0.017905 0.008138 0.000394 0.149689 0.008824 2.460194 3516.299285
0.796062 0.018955 0.017927 0.008140 0.000391 0.149697 0.008827 2.462080 3518.873104
0.796032 0.019002 0.017888 0.008159 0.000392 0.149697 0.008831 2.463921 3520.681588
0.796057 0.018995 0.017899 0.008129 0.000392 0.149693 0.008835 2.465782 3522.929856
0.796079 0.018980 0.017898 0.008130 0.000392 0.149680 0.008841 2.467646 3524.587735
0.796058 0.018978 0.017890 0.008110 0.000395 0.149724 0.008845 2.469491 3526.540323
0.796066 0.019000 0.017890 0.008106 0.000396 0.149693 0.008849 2.471353 3528.617077
0.796087 0.019024 0.017883 0.008125 0.000390 0.149636 0.008856 2.473198 3530.952642
0.796072 0.019041 0.017884 0.008129 0.000391 0.149621 0.008862 2.475054 3532.590326
0.796099 0.019020 0.017869 0.008122 0.000390 0.149633 0.008867 2.476922 3535.124500
0.796151 0.019004 0.017908 0.008101 0.000386 0.149579 0.008871 2.478773 3537.203397
0.796171 0.018986 0.017886 0.008108 0.000382 0.149591 0.008875 2.480635 3539.642171
0.796152 0.018951 0.017885 0.008135 0.000383 0.149618 0.008877 2.482524 3541.076253
0.796168 0.018946 0.017899 0.008125 0.000387 0.149594 0.008881 2.484389 3542.318677
0.796200 0.018949 0.017899 0.008092 0.000389 0.149586 0.008886 2.486230 3544.646753
0.796214 0.018964 0.017922 0.008107 0.000388 0.149516 0.008890 2.488085 3546.372191
0.796237 0.018961 0.017908 0.008110 0.000385 0.149506 0.008893 2.489934 3547.896688
0.796235 0.018951 0.017910 0.008102 0.000384 0.149522 0.008897 2.491806 3549.757116
0.796298 0.018909 0.017910 0.008104 0.000383 0.149497 0.008899 2.493670 3551.621662
0.796316 0.018917 0.017900 0.008087 0.000384 0.149491 0.008906 2.495497 3553.360752
0.796372 0.018876 0.017917 0.008065 0.000384 0.149477 0.008909 2.497349 3555.167646
0.796384 0.018879 0.017905 0.008048 0.000388 0.149484 0.008911 2.499186 3556.603499
0.796357 0.018882 0.017915 0.008061 0.000388 0.149483 0.008915 2.501045 3559.285100
0.796363 0.018871 0.017898 0.008080 0.000385 0.149485 0.008917 2.502914 3561.118788
0.796421 0.018857 0.017878 0.008066 0.000392 0.149465 0.008921 2.504751 3562.686641
0.796475 0.018883 0.017839 0.008040 0.000395 0.149444 0.008924 2.506555 3564.401657
0.796473 0.018892 0.017828 0.008076 0.000392 0.149411 0.008929 2.508405 3566.305574
0.796512 0.018869 0.017819 0.008082 0.000389 0.149393 0.008936 2.510269 3568.561494
0.796563 0.018831 0.017869 0.008066 0.000392 0.149339 0.008941 2.512137 3570.071118
0.796579 0.018843 0.017841 0.008082 0.000391 0.149319 0.008945 2.513977 3572.927656
0.796574 0.018839 0.017820 0.008078 0.000392 0.149349 0.008948 2.515814 3575.002502
0.796606 0.018822 0.017787 0.008081 0.000395 0.149357 0.008952 2.517651 3576.674146
0.796633 0.018826 0.017803 0.008088 0.000398 0.149295 0.008956 2.519490 3578.577797
0.796719 0.018783 0.017818 0.008068 0.000402 0.149249 0.008961 2.521350 3580.003691
0.796705 0.018803 0.017812 0.008085 0.000402 0.149229 0.008965 2.523193 3582.351770
0.796775 0.018779 0.017795 0.008099 0.000402 0.149180 0.008970 2.525042 3584.111388
0.796780 0.018793 0.017803 0.008098 0.000400 0.149153 0.008974 2.526877 3585.733596
0.796773 0.018804 0.017804 0.008084 0.000397 0.149161 0.008978 2.528717 3587.598347
0.796820 0.018785 0.017826 0.008111 0.000396 0.149080 0.008983 2.530599 3589.106683
0.796872 0.018796 0.017778 0.008122 0.000394 0.149050 0.008988 2.532410 3591.589129
0.796926 0.018781 0.017774 0.008119 0.000392 0.149014 0.008994 2.534255 3593.989786
0.796958 0.018746 0.017828 0.008156 0.000397 0.148919 0.008997 2.536134 3595.826997
0.796991 0.018740 0.017848 0.008155 0.000392 0.148873 0.009002 2.537986 3597.965342
0.796977 0.018781 0.017797 0.008135 0.000393 0.148912 0.009005 2.539798 3599.679569
0.796992 0.018773 0.017790 0.008132 0.000391 0.148911 0.009011 2.541643 3601.732974
0.796984 0.018792 0.017804 0.008107 0.000391 0.148908 0.009014 2.543481 3603.612619
0.796992 0.018816 0.017746 0.008092 0.000390 0.148947 0.009018 2.545291 3605.787648
0.797011 0.018810 0.017702 0.008108 0.000388 0.148958 0.009023 2.547137 3607.791719
0.797016 0.018830 0.017700 0.008094 0.000389 0.148943 0.009028 2.548953 3609.841755
0.796997 0.018832 0.017691 0.008081 0.000389 0.148977 0.009032 2.550790 3611.777985
0.797081 0.018783 0.017711 0.008071 0.000388 0.148930 0.009036 2.552639 3614.155888
0.797112 0.018779 0.017724 0.008074 0.000392 0.148881 0.009039 2.554483 3615.986649
0.797148 0.018757 0.017713 0.008059 0.000394 0.148885 0.009044 2.556325 3617.313859
0.797135 0.018757 0.017670 0.008068 0.000393 0.148928 0.009049 2.558150 3619.350228
0.797178 0.018740 0.017710 0.008053 0.000388 0.148878 0.009053 2.559984 3621.850788
0.797241 0.018771 0.017702 0.008033 0.000387 0.148809 0.009057 2.561778 3623.473663
0.797272 0.018761 0.017708 0.008054 0.000386 0.148758 0.009061 2.563617 3625.959936
0.797260 0.018804 0.017713 0.008081 0.000382 0.148695 0.009065 2.565458 3627.707007
0.797257 0.018802 0.017715 0.008072 0.000384 0.148702 0.009069 2.567317 3629.209415
0.797193 0.018871 0.017696 0.008062 0.000385 0.148719 0.009073 2.569136 3631.521891
0.797155 0.018899 0.017688 0.008081 0.000384 0.148717 0.009077 2.571002 3633.587838
0.797120 0.018954 0.017698 0.008080 0.000385 0.148680 0.009082 2.572851 3635.861167
0.797107 0.018968 0.017673 0.008095 0.000387 0.148686 0.009085 2.574699 3637.600751
0.797078 0.018976 0.017674 0.008114 0.000387 0.148683 0.009088 2.576561 3639.421712
0.797091 0.019013 0.017680 0.008132 0.000380 0.148611 0.009094 2.578395 3642.220517
0.797135 0.018973 0.017691 0.008160 0.000375 0.148569 0.009098 2.580285 3643.853160
0.797114 0.018981 0.017702 0.008165 0.000381 0.148556 0.009101 2.582140 3645.344631
0.797078 0.018958 0.017739 0.008168 0.000380 0.148571 0.009105 2.584055 3647.547470
0.797053 0.018955 0.017782 0.008161 0.000384 0.148558 0.009107 2.585928 3649.268810
0.797075 0.018996 0.017773 0.008142 0.000389 0.148511 0.009114 2.587772 3651.220439
0.797037 0.018967 0.017815 0.008150 0.000390 0.148525 0.009118 2.589664 3653.106806
0.797004 0.018985 0.017813 0.008175 0.000389 0.148512 0.009123 2.591535 3655.350539
0.796980 0.019007 0.017767 0.008194 0.000386 0.148539 0.009127 2.593363 3656.908737
0.796975 0.019010 0.017776 0.008179 0.000387 0.148543 0.009131 2.595217 3658.959553
0.796951 0.019015 0.017799 0.008174 0.000387 0.148540 0.009135 2.597082 3660.799301
0.796886 0.019046 0.017784 0.008184 0.000386 0.148574 0.009140 2.598942 3662.775222
0.796894 0.019023 0.017817 0.008136 0.000392 0.148593 0.009144 2.600791 3664.408792
0.796874 0.019032 0.017821 0.008151 0.000390 0.148583 0.009149 2.602662 3666.375612
0.796851 0.019004 0.017843 0.008151 0.000387 0.148609 0.009155 2.604556 3668.350443
0.796808 0.019028 0.017858 0.008146 0.000390 0.148613 0.009159 2.606418 3669.751647
0.796805 0.019060 0.017831 0.008128 0.000383 0.148630 0.009163 2.608267 3672.198109
0.796788 0.019041 0.017887 0.008131 0.000382 0.148604 0.009168 2.610160 3674.500313
0.796796 0.019069 0.017882 0.008126 0.000383 0.148572 0.009172 2.612001 3676.341315
0.796794 0.019070 0.017883 0.008139 0.000380 0.148555 0.009178 2.613875 3678.460020
0.796814 0.019043 0.017910 0.008136 0.000380 0.148535 0.009182 2.615756 3679.956104
0.796844 0.019023 0.017938 0.008115 0.000382 0.148510 0.009188 2.617625 3681.963434
0.796804 0.019047 0.017924 0.008135 0.000386 0.148512 0.009192 2.619494 3683.605806
0.796778 0.019084 0.017929 0.008113 0.000389 0.148512 0.009195 2.621342 3684.946563
0.796812 0.019052 0.017948 0.008105 0.000390 0.148493 0.009200 2.623218 3686.792505
0.796784 0.019085 0.017942 0.008119 0.000387 0.148478 0.009205 2.625081 3688.813502
0.796807 0.019083 0.017959 0.008104 0.000387 0.148453 0.009209 2.626921 3690.910444
0.796713 0.019100 0.017931 0.008100 0.000384 0.148559 0.009212 2.628794 3693.456308
0.796690 0.019083 0.017944 0.008136 0.000383 0.148548 0.009217 2.630662 3695.541348
0.796676 0.019084 0.017928 0.008145 0.000382 0.148564 0.009223 2.632534 3697.817571
0.796635 0.019094 0.017937 0.008147 0.000385 0.148577 0.009226 2.634421 3699.399767
0.796629 0.019055 0.017962 0.008169 0.000383 0.148570 0.009232 2.636318 3701.585359
0.796636 0.019010 0.018005 0.008176 0.000381 0.148556 0.009237 2.638227 3703.737236
0.796656 0.019015 0.017970 0.008173 0.000381 0.148565 0.009240 2.640072 3705.786122
0.796649 0.019002 0.017957 0.008163 0.000378 0.148607 0.009244 2.641955 3707.920326
0.796640 0.018993 0.017999 0.008150 0.000382 0.148588 0.009247 2.643833 3708.934514
0.796563 0.018992 0.018043 0.008163 0.000383 0.148603 0.009253 2.645726 3711.174511
0.796568 0.019013 0.018020 0.008149 0.000383 0.148611 0.009257 2.647583 3713.244689
0.796601 0.018982 0.017986 0.008174 0.000383 0.148613 0.009262 2.649463 3715.283809
0.796525 0.019006 0.018010 0.008153 0.000383 0.148655 0.009268 2.651342 3717.279090
0.796522 0.019007 0.018014 0.008137 0.000388 0.148661 0.009272 2.653195 3718.883523
0.796525 0.019020 0.017983 0.008110 0.000387 0.148697 0.009277 2.655042 3720.810919
0.796532 0.019025 0.017968 0.008100 0.000383 0.148713 0.009280 2.656895 3722.841397
0.796499 0.019042 0.017969 0.008117 0.000383 0.148706 0.009283 2.658771 3724.568408
0.796488 0.019033 0.017977 0.008157 0.000382 0.148677 0.009286 2.660662 3727.024766
0.796449 0.019071 0.017952 0.008148 0.000383 0.148707 0.009290 2.662519 3728.894044
0.796409 0.019094 0.017969 0.008154 0.000381 0.148698 0.009295 2.664389 3730.935070
0.796412 0.019043 0.017987 0.008150 0.000379 0.148730 0.009300 2.666280 3733.312676
0.796421 0.019029 0.017979 0.008134 0.000382 0.148751 0.009304 2.668130 3735.005472
0.796448 0.019034 0.017975 0.008129 0.000383 0.148724 0.009307 2.669962 3736.722941
0.796427 0.019053 0.017956 0.008128 0.000385 0.148742 0.009310 2.671814 3738.520955
0.796480 0.019005 0.017979 0.008108 0.000385 0.148728 0.009314 2.673694 3740.627394
0.796509 0.018972 0.017973 0.008130 0.000383 0.148716 0.009317 2.675566 3742.237676
0.796500 0.018961 0.018015 0.008155 0.000381 0.148669 0.009321 2.677446 3744.662513
0.796529 0.018948 0.018007 0.008145 0.000378 0.148668 0.009325 2.679281 3746.766802
0.796505 0.018989 0.017989 0.008129 0.000377 0.148681 0.009330 2.681118 3749.399496
0.796456 0.019006 0.017997 0.008110 0.000375 0.148721 0.009335 2.682962 3751.112009
0.796481 0.019004 0.017975 0.008074 0.000377 0.148750 0.009340 2.684799 3752.597804
0.796492 0.018962 0.017975 0.008114 0.000378 0.148735 0.009345 2.686679 3754.240206
0.796478 0.018970 0.017963 0.008093 0.000378 0.148769 0.009349 2.688520 3755.778120
0.796445 0.018965 0.017952 0.008103 0.000382 0.148801 0.009352 2.690411 3757.082098
0.796476 0.018917 0.017941 0.008120 0.000377 0.148814 0.009355 2.692280 3759.599108
0.796507 0.018913 0.017950 0.008142 0.000375 0.148752 0.009361 2.694143 3761.491663
0.796485 0.018938 0.017945 0.008140 0.000376 0.148751 0.009365 2.695987 3763.530235
0.796492 0.018955 0.017937 0.008146 0.000374 0.148727 0.009370 2.697814 3765.282153
0.796482 0.018924 0.017955 0.008152 0.000375 0.148739 0.009374 2.699700 3767.325917
0.796499 0.018929 0.017953 0.008136 0.000374 0.148731 0.009378 2.701525 3769.662416
0.796543 0.018924 0.017930 0.008131 0.000374 0.148716 0.009382 2.703373 3771.822521
0.796463 0.018933 0.017918 0.008132 0.000371 0.148796 0.009387 2.705240 3773.978724
0.796427 0.018912 0.017954 0.008118 0.000372 0.148826 0.009391 2.707142 3776.483941
0.796481 0.018920 0.017942 0.008130 0.000369 0.148762 0.009396 2.708989 3778.577077
0.796485 0.018920 0.017946 0.008137 0.000371 0.148743 0.009399 2.710845 3780.014100
0.796471 0.018931 0.017958 0.008131 0.000372 0.148735 0.009401 2.712701 3781.953397
0.796530 0.018973 0.017926 0.008146 0.000370 0.148649 0.009406 2.714509 3784.043862
0.796557 0.018960 0.017925 0.008123 0.000372 0.148656 0.009408 2.716357 3785.477266
0.796556 0.018999 0.017916 0.008091 0.000372 0.148653 0.009414 2.718196 3787.590229
0.796551 0.019034 0.017884 0.008087 0.000376 0.148651 0.009416 2.720043 3788.884631
0.796585 0.019033 0.017890 0.008078 0.000374 0.148619 0.009421 2.721896 3791.109330
0.796546 0.019065 0.017861 0.008088 0.000374 0.148641 0.009426 2.723760 3792.826348
0.796585 0.019046 0.017837 0.008100 0.000375 0.148629 0.009429 2.725620 3794.973109
0.796609 0.019020 0.017868 0.008117 0.000374 0.148578 0.009434 2.727481 3797.115258
0.796557 0.019023 0.017902 0.008135 0.000373 0.148573 0.009438 2.729365 3798.847863
0.796543 0.019025 0.017864 0.008173 0.000374 0.148578 0.009442 2.731229 3800.959653
0.796600 0.019002 0.017841 0.008156 0.000372 0.148581 0.009448 2.733077 3803.930970
0.796606 0.018980 0.017820 0.008149 0.000368 0.148625 0.009452 2.734932 3805.936514
0.796554 0.019027 0.017819 0.008135 0.000370 0.148639 0.009456 2.736782 3807.776040
0.796571 0.018968 0.017857 0.008139 0.000375 0.148632 0.009458 2.738681 3808.945959
0.796575 0.018915 0.017885 0.008170 0.000371 0.148621 0.009462 2.740583 3810.992383
0.796581 0.018888 0.017868 0.008183 0.000366 0.148649 0.009465 2.742450 3812.940486
0.796539 0.018899 0.017885 0.008155 0.000369 0.148685 0.009467 2.744303 3814.355428
0.796546 0.018877 0.017872 0.008175 0.000368 0.148691 0.009471 2.746171 3816.122327
0.796576 0.018906 0.017867 0.008149 0.000369 0.148659 0.009474 2.747971 3817.662838
0.796560 0.018900 0.017891 0.008164 0.000372 0.148636 0.009478 2.749841 3819.831031
0.796582 0.018836 0.017899 0.008180 0.000371 0.148648 0.009483 2.751732 3822.142525
0.796558 0.018830 0.017909 0.008194 0.000368 0.148652 0.009489 2.753589 3824.357595
0.796556 0.018874 0.017865 0.008202 0.000370 0.148639 0.009494 2.755417 3825.722191
0.796546 0.018893 0.017896 0.008205 0.000365 0.148597 0.009498 2.757263 3827.851594
0.796562 0.018879 0.017897 0.008182 0.000364 0.148614 0.009502 2.759114 3829.631763
0.796632 0.018870 0.017877 0.008184 0.000363 0.148569 0.009506 2.760970 3832.238186
0.796660 0.018807 0.017899 0.008173 0.000369 0.148583 0.009509 2.762850 3833.419519
0.796657 0.018807 0.017904 0.008165 0.000365 0.148587 0.009514 2.764709 3835.358389
0.796667 0.018803 0.017884 0.008148 0.000363 0.148617 0.009519 2.766557 3837.157718
0.796590 0.018872 0.017840 0.008126 0.000368 0.148683 0.009522 2.768361 3838.556150
0.796569 0.018919 0.017839 0.008127 0.000371 0.148651 0.009524 2.770200 3839.826687
0.796588 0.018923 0.017861 0.008137 0.000368 0.148593 0.009529 2.772056 3841.558308
0.796585 0.018920 0.017894 0.008140 0.000371 0.148557 0.009533 2.773911 3843.462754
0.796575 0.018908 0.017930 0.008145 0.000373 0.148533 0.009536 2.775793 3845.035961
0.796551 0.018951 0.017924 0.008117 0.000377 0.148540 0.009540 2.777636 3846.862381
0.796517 0.018937 0.017929 0.008137 0.000379 0.148555 0.009545 2.779528 3848.570318
0.796542 0.018915 0.017919 0.008123 0.000379 0.148573 0.009549 2.781390 3850.160661
0.796589 0.018978 0.017845 0.008101 0.000381 0.148555 0.009552 2.783180 3851.833846
0.796557 0.018978 0.017856 0.008089 0.000381 0.148584 0.009555 2.785035 3853.897191
0.796550 0.018987 0.017881 0.008089 0.000379 0.148557 0.009557 2.786891 3856.151716
0.796509 0.018984 0.017871 0.008096 0.000373 0.148604 0.009563 2.788761 3858.138386
0.796544 0.018974 0.017831 0.008108 0.000370 0.148606 0.009567 2.790635 3860.619314
0.796544 0.018965 0.017853 0.008104 0.000373 0.148590 0.009571 2.792495 3862.590609
0.796528 0.018928 0.017882 0.008135 0.000374 0.148577 0.009575 2.794386 3864.068308
0.796551 0.018927 0.017842 0.008150 0.000376 0.148575 0.009579 2.796219 3866.053491
0.796572 0.018929 0.017839 0.008137 0.000373 0.148568 0.009583 2.798067 3868.320455
0.796598 0.018943 0.017844 0.008139 0.000375 0.148515 0.009587 2.799910 3870.231984
0.796610 0.018927 0.017848 0.008140 0.000380 0.148504 0.009591 2.801781 3871.597931
0.796598 0.018902 0.017832 0.008135 0.000379 0.148558 0.009595 2.803678 3873.311261
0.796696 0.018836 0.017872 0.008121 0.000384 0.148492 0.009600 2.805543 3874.947709
0.796701 0.018866 0.017880 0.008116 0.000384 0.148450 0.009603 2.807380 3876.432824
0.796762 0.018879 0.017857 0.008103 0.000382 0.148411 0.009606 2.809199 3878.037215
0.796822 0.018840 0.017831 0.008102 0.000385 0.148413 0.009609 2.811066 3879.869982
0.796813 0.018842 0.017815 0.008116 0.000382 0.148419 0.009613 2.812910 3882.047206
0.796912 0.018787 0.017798 0.008131 0.000379 0.148377 0.009618 2.814774 3883.732054
0.796972 0.018796 0.017772 0.008130 0.000381 0.148327 0.009622 2.816596 3885.146825
0.797007 0.018784 0.017744 0.008136 0.000382 0.148320 0.009627 2.818444 3886.876936
0.797016 0.018863 0.017721 0.008078 0.000374 0.148317 0.009631 2.820219 3888.856525
0.797022 0.018868 0.017727 0.008063 0.000372 0.148312 0.009636 2.822060 3891.059253
0.797007 0.018882 0.017765 0.008056 0.000376 0.148276 0.009638 2.823903 3892.334433
0.797001 0.018899 0.017775 0.008056 0.000374 0.148254 0.009642 2.825751 3894.413994
0.797035 0.018859 0.017807 0.008051 0.000373 0.148231 0.009645 2.827621 3895.870531
0.797014 0.018878 0.017786 0.008055 0.000377 0.148239 0.009651 2.829453 3897.934774
0.797020 0.018869 0.017796 0.008044 0.000375 0.148241 0.009655 2.831310 3899.466280
0.797047 0.018872 0.017817 0.008021 0.000377 0.148206 0.009659 2.833140 3901.272241
0.797021 0.018890 0.017852 0.008018 0.000373 0.148182 0.009665 2.834981 3903.421698
0.797055 0.018891 0.017886 0.008005 0.000374 0.148119 0.009670 2.836823 3904.983210
0.797078 0.018912 0.017864 0.008017 0.000381 0.148074 0.009674 2.838643 3906.603672
0.797068 0.018913 0.017853 0.008011 0.000382 0.148093 0.009679 2.840510 3908.423996
0.797061 0.018946 0.017871 0.007985 0.000384 0.148072 0.009681 2.842356 3910.346213
0.797084 0.018909 0.017881 0.007999 0.000383 0.148061 0.009684 2.844216 3912.340129
0.797117 0.018916 0.017881 0.008014 0.000385 0.147998 0.009689 2.846063 3914.200689
0.797149 0.018890 0.017885 0.008004 0.000385 0.147993 0.009693 2.847909 3916.040479
0.797160 0.018891 0.017856 0.007995 0.000386 0.148015 0.009699 2.849737 3917.942780
0.797175 0.018887 0.017847 0.008001 0.000380 0.148003 0.009707 2.851581 3920.421790
0.797192 0.018895 0.017817 0.007995 0.000382 0.148010 0.009709 2.853412 3922.193948
0.797201 0.018887 0.017831 0.008001 0.000384 0.147983 0.009713 2.855265 3923.524686
0.797245 0.018899 0.017812 0.007975 0.000387 0.147965 0.009717 2.857101 3925.133073
0.797207 0.018932 0.017825 0.007973 0.000386 0.147956 0.009720 2.858959 3927.155041
0.797191 0.018956 0.017825 0.008013 0.000385 0.147907 0.009724 2.860813 3929.291139
0.797235 0.018942 0.017813 0.008016 0.000382 0.147884 0.009727 2.862641 3931.505301
0.797257 0.018902 0.017826 0.008035 0.000385 0.147864 0.009731 2.864516 3933.302924
0.797264 0.018895 0.017781 0.008048 0.000385 0.147892 0.009736 2.866363 3935.520572
0.797276 0.018884 0.017805 0.008022 0.000386 0.147887 0.009741 2.868213 3937.956542
0.797233 0.018909 0.017827 0.008026 0.000383 0.147876 0.009744 2.870062 3939.648018
0.797244 0.018896 0.017817 0.008014 0.000381 0.147899 0.009749 2.871929 3941.740720
0.797200 0.018908 0.017822 0.008039 0.000383 0.147896 0.009753 2.873782 3943.547781
0.797171 0.018946 0.017814 0.008038 0.000381 0.147894 0.009757 2.875627 3945.268329
0.797150 0.018923 0.017862 0.008053 0.000381 0.147871 0.009760 2.877520 3946.994636
0.797150 0.018865 0.017867 0.008078 0.000379 0.147897 0.009765 2.879404 3949.214478
0.797101 0.018902 0.017847 0.008071 0.000382 0.147929 0.009768 2.881250 3950.755930
0.797143 0.018914 0.017838 0.008077 0.000385 0.147873 0.009771 2.883082 3952.714965
0.797132 0.018912 0.017865 0.008068 0.000395 0.147854 0.009774 2.884956 3954.213636
0.797141 0.018905 0.017857 0.008057 0.000398 0.147866 0.009777 2.886807 3955.763457
0.797112 0.018892 0.017875 0.008063 0.000395 0.147880 0.009782 2.888666 3958.807530
0.797084 0.018924 0.017826 0.008063 0.000390 0.147925 0.009788 2.890505 3961.126975
0.797121 0.018892 0.017816 0.008067 0.000392 0.147919 0.009792 2.892343 3962.845924
0.797122 0.018893 0.017811 0.008065 0.000389 0.147924 0.009798 2.894195 3964.879443
0.797191 0.018867 0.017797 0.008086 0.000389 0.147870 0.009801 2.896034 3966.723089
0.797190 0.018857 0.017813 0.008099 0.000389 0.147848 0.009804 2.897887 3968.671741
0.797189 0.018873 0.017847 0.008104 0.000385 0.147794 0.009809 2.899747 3971.213366
0.797139 0.018846 0.017855 0.008116 0.000383 0.147849 0.009812 2.901609 3973.184852
0.797177 0.018801 0.017820 0.008120 0.000379 0.147885 0.009820 2.903452 3975.602865
0.797222 0.018801 0.017839 0.008109 0.000379 0.147827 0.009824 2.905293 3977.314116
0.797253 0.018766 0.017824 0.008097 0.000380 0.147854 0.009827 2.907146 3978.675560
0.797240 0.018751 0.017815 0.008146 0.000376 0.147840 0.009832 2.909011 3980.911426
0.797310 0.018699 0.017825 0.008146 0.000375 0.147808 0.009837 2.910854 3983.072609
0.797344 0.018708 0.017824 0.008141 0.000373 0.147769 0.009841 2.912690 3985.137991
0.797337 0.018694 0.017861 0.008148 0.000371 0.147745 0.009844 2.914575 3986.947444
0.797325 0.018730 0.017851 0.008106 0.000372 0.147769 0.009848 2.916397 3988.642357
0.797294 0.018729 0.017868 0.008107 0.000377 0.147772 0.009853 2.918256 3990.285686
0.797291 0.018719 0.017882 0.008132 0.000376 0.147742 0.009858 2.920115 3992.056557
0.797220 0.018804 0.017850 0.008110 0.000377 0.147777 0.009862 2.921931 3994.330060
0.797215 0.018834 0.017869 0.008095 0.000378 0.147744 0.009865 2.923785 3996.202352
0.797198 0.018857 0.017883 0.008089 0.000372 0.147732 0.009869 2.925620 3998.604269
0.797184 0.018861 0.017918 0.008086 0.000374 0.147704 0.009874 2.927503 4000.824611
0.797165 0.018887 0.017929 0.008066 0.000374 0.147701 0.009878 2.929347 4001.892132
0.797203 0.018881 0.017936 0.008070 0.000372 0.147658 0.009881 2.931192 4004.040365
0.797191 0.018916 0.017907 0.008062 0.000370 0.147669 0.009885 2.933022 4006.053984
0.797205 0.018922 0.017928 0.008068 0.000373 0.147617 0.009888 2.934886 4007.615030
0.797203 0.018889 0.017882 0.008088 0.000370 0.147674 0.009893 2.936759 4009.088889
0.797192 0.018899 0.017858 0.008064 0.000377 0.147715 0.009896 2.938616 4010.883137
0.797175 0.018895 0.017859 0.008056 0.000377 0.147738 0.009899 2.940476 4012.600175
0.797181 0.018892 0.017833 0.008055 0.000378 0.147760 0.009902 2.942320 4014.588737
0.797181 0.018847 0.017820 0.008068 0.000381 0.147797 0.009906 2.944188 4015.979481
0.797166 0.018832 0.017846 0.008065 0.000384 0.147798 0.009909 2.946062 4017.980737
0.797172 0.018862 0.017848 0.008073 0.000388 0.147744 0.009912 2.947891 4019.488183
0.797141 0.018926 0.017845 0.008092 0.000390 0.147690 0.009915 2.949716 4021.570390
0.797106 0.018944 0.017830 0.008094 0.000392 0.147715 0.009920 2.951555 4023.358049
0.797061 0.018976 0.017845 0.008100 0.000389 0.147705 0.009925 2.953411 4025.508440
0.797046 0.019017 0.017809 0.008093 0.000388 0.147718 0.009928 2.955238 4027.307729
0.796971 0.019054 0.017808 0.008065 0.000393 0.147776 0.009933 2.957096 4028.858469
0.796991 0.018997 0.017859 0.008084 0.000393 0.147738 0.009937 2.958988 4031.068808
0.796971 0.018992 0.017877 0.008064 0.000393 0.147762 0.009942 2.960859 4032.831415
0.796926 0.018960 0.017891 0.008073 0.000390 0.147812 0.009947 2.962748 4034.892552
0.796913 0.018971 0.017882 0.008087 0.000390 0.147805 0.009951 2.964592 4036.663746
0.796904 0.019011 0.017883 0.008085 0.000389 0.147774 0.009955 2.966416 4038.583190
0.796879 0.019007 0.017918 0.008080 0.000391 0.147767 0.009958 2.968288 4040.201803
