0.375438 0.061696 0.053745 0.030879 0.001907 0.470909 0.005426 1.541319 1917.596793
0.376595 0.060397 0.055139 0.029518 0.001893 0.471008 0.005451 1.547342 1927.572302
0.379436 0.057666 0.056258 0.028139 0.001896 0.471127 0.005477 1.553134 1938.589967
0.383260 0.054258 0.057020 0.026858 0.001898 0.471206 0.005501 1.558646 1947.908904
0.387461 0.050764 0.057400 0.025624 0.001894 0.471334 0.005522 1.563736 1957.056953
0.392143 0.047181 0.057506 0.024434 0.001871 0.471314 0.005550 1.568532 1966.845651
0.397204 0.043708 0.057283 0.023296 0.001860 0.471079 0.005571 1.572937 1976.582107
0.402295 0.040329 0.056854 0.022202 0.001835 0.470891 0.005594 1.577083 1986.233516
0.407605 0.037094 0.056190 0.021153 0.001826 0.470517 0.005615 1.580928 1994.432776
0.412979 0.034068 0.055269 0.020132 0.001799 0.470111 0.005642 1.584437 2004.038114
0.418427 0.031244 0.054136 0.019163 0.001778 0.469589 0.005663 1.587675 2014.146751
0.423933 0.028659 0.052811 0.018200 0.001751 0.468959 0.005687 1.590592 2024.498700
0.429483 0.026261 0.051430 0.017268 0.001725 0.468121 0.005713 1.593269 2034.485303
0.435010 0.024020 0.049971 0.016386 0.001703 0.467177 0.005733 1.595742 2042.796201
0.440619 0.021965 0.048417 0.015511 0.001671 0.466059 0.005757 1.597995 2052.005257
0.446254 0.020104 0.046783 0.014711 0.001637 0.464732 0.005779 1.600034 2061.092271
0.451971 0.018343 0.045140 0.013902 0.001610 0.463234 0.005802 1.601945 2070.295869
0.457563 0.016731 0.043544 0.013151 0.001582 0.461609 0.005821 1.603686 2078.108651
0.463269 0.015269 0.041888 0.012451 0.001543 0.459737 0.005843 1.605260 2088.357184
0.468931 0.013941 0.040179 0.011740 0.001519 0.457829 0.005862 1.606688 2096.891570
0.474547 0.012710 0.038573 0.011087 0.001487 0.455717 0.005880 1.608004 2106.664996
0.480069 0.011602 0.036929 0.010464 0.001453 0.453582 0.005900 1.609184 2115.448811
0.485689 0.010595 0.035345 0.009877 0.001429 0.451147 0.005918 1.610252 2123.561839
0.491205 0.009649 0.033725 0.009309 0.001390 0.448783 0.005938 1.611254 2133.254906
0.496734 0.008800 0.032173 0.008765 0.001357 0.446214 0.005957 1.612159 2143.887405
0.502323 0.008040 0.030639 0.008243 0.001321 0.443463 0.005971 1.612973 2151.851884
0.507808 0.007362 0.029117 0.007790 0.001286 0.440645 0.005992 1.613694 2160.927068
0.513366 0.006713 0.027696 0.007345 0.001258 0.437613 0.006010 1.614385 2169.110319
0.518789 0.006132 0.026301 0.006911 0.001222 0.434614 0.006031 1.615003 2178.322772
0.524122 0.005590 0.024979 0.006496 0.001197 0.431567 0.006050 1.615576 2187.092791
0.529488 0.005096 0.023675 0.006140 0.001163 0.428372 0.006066 1.616103 2195.515015
0.534792 0.004651 0.022442 0.005776 0.001127 0.425131 0.006082 1.616576 2203.940445
0.540047 0.004235 0.021248 0.005426 0.001095 0.421852 0.006097 1.617017 2212.218209
0.545337 0.003877 0.020111 0.005100 0.001059 0.418405 0.006111 1.617402 2221.431192
0.550550 0.003533 0.019018 0.004794 0.001038 0.414942 0.006124 1.617767 2228.641558
0.555718 0.003225 0.018001 0.004495 0.001005 0.411415 0.006141 1.618092 2236.426388
0.560890 0.002937 0.017019 0.004219 0.000971 0.407808 0.006157 1.618396 2243.854365
0.565922 0.002675 0.016096 0.003966 0.000946 0.404226 0.006169 1.618674 2250.735863
0.570905 0.002455 0.015193 0.003716 0.000922 0.400628 0.006182 1.618909 2257.122807
0.575867 0.002240 0.014323 0.003481 0.000895 0.396999 0.006195 1.619139 2264.600996
0.580805 0.002039 0.013501 0.003271 0.000872 0.393305 0.006207 1.619353 2271.005172
0.585725 0.001862 0.012702 0.003072 0.000848 0.389573 0.006218 1.619542 2277.483797
0.590531 0.001689 0.011997 0.002888 0.000826 0.385843 0.006225 1.619725 2283.136974
0.595291 0.001547 0.011294 0.002711 0.000802 0.382120 0.006236 1.619879 2290.533862
0.600073 0.001418 0.010613 0.002549 0.000777 0.378323 0.006246 1.620018 2297.946761
0.604791 0.001298 0.009991 0.002380 0.000751 0.374531 0.006258 1.620146 2304.823980
0.609427 0.001188 0.009409 0.002231 0.000730 0.370748 0.006268 1.620262 2310.333091
0.614021 0.001091 0.008844 0.002102 0.000704 0.366963 0.006275 1.620369 2317.234887
0.618630 0.000988 0.008329 0.001962 0.000682 0.363123 0.006286 1.620477 2324.055702
0.623130 0.000908 0.007829 0.001838 0.000658 0.359344 0.006293 1.620566 2329.452781
0.627588 0.000834 0.007362 0.001711 0.000637 0.355567 0.006301 1.620649 2335.928543
0.632010 0.000755 0.006928 0.001603 0.000612 0.351780 0.006313 1.620734 2343.141035
0.636292 0.000691 0.006515 0.001505 0.000595 0.348082 0.006320 1.620804 2348.439586
0.640658 0.000626 0.006123 0.001408 0.000575 0.344279 0.006331 1.620876 2353.938300
0.644949 0.000577 0.005756 0.001311 0.000553 0.340514 0.006340 1.620932 2359.348008
0.649165 0.000519 0.005420 0.001224 0.000536 0.336789 0.006347 1.620993 2365.107306
0.653357 0.000473 0.005066 0.001150 0.000519 0.333081 0.006355 1.621042 2370.707289
0.657451 0.000430 0.004749 0.001081 0.000499 0.329430 0.006361 1.621091 2375.769651
0.661569 0.000392 0.004452 0.001010 0.000484 0.325725 0.006368 1.621134 2379.665009
0.665627 0.000356 0.004178 0.000940 0.000469 0.322056 0.006375 1.621173 2384.001119
0.669648 0.000336 0.003916 0.000881 0.000452 0.318388 0.006379 1.621198 2389.014808
0.673648 0.000309 0.003661 0.000829 0.000436 0.314731 0.006387 1.621228 2394.485942
0.677564 0.000283 0.003436 0.000773 0.000424 0.311128 0.006393 1.621259 2398.507375
0.681416 0.000263 0.003210 0.000724 0.000409 0.307579 0.006399 1.621283 2402.955129
0.685235 0.000244 0.003001 0.000677 0.000395 0.304043 0.006405 1.621306 2407.958202
0.689010 0.000224 0.002816 0.000631 0.000385 0.300526 0.006409 1.621329 2411.137842
0.692740 0.000206 0.002635 0.000595 0.000372 0.297038 0.006413 1.621350 2415.311623
0.696437 0.000193 0.002475 0.000559 0.000354 0.293563 0.006419 1.621366 2420.876751
0.700057 0.000175 0.002323 0.000522 0.000342 0.290159 0.006422 1.621387 2424.558267
0.703694 0.000161 0.002173 0.000493 0.000333 0.286719 0.006426 1.621404 2428.167490
0.707282 0.000151 0.002023 0.000464 0.000323 0.283327 0.006430 1.621418 2431.603756
0.710817 0.000140 0.001904 0.000440 0.000311 0.279955 0.006435 1.621430 2435.296348
0.714302 0.000130 0.001789 0.000404 0.000302 0.276636 0.006437 1.621442 2438.469356
0.717755 0.000120 0.001679 0.000382 0.000293 0.273330 0.006441 1.621453 2441.645860
0.721176 0.000108 0.001565 0.000357 0.000282 0.270066 0.006445 1.621466 2444.633374
0.724523 0.000101 0.001460 0.000337 0.000274 0.266855 0.006449 1.621476 2447.605670
0.727804 0.000094 0.001369 0.000312 0.000262 0.263707 0.006453 1.621486 2451.737679
0.731085 0.000084 0.001287 0.000294 0.000252 0.260541 0.006456 1.621497 2455.376317
0.734381 0.000075 0.001205 0.000275 0.000243 0.257361 0.006460 1.621507 2459.456195
0.737565 0.000069 0.001127 0.000260 0.000233 0.254282 0.006463 1.621514 2462.922082
0.740711 0.000063 0.001056 0.000242 0.000221 0.251240 0.006467 1.621521 2468.084356
0.743856 0.000058 0.000983 0.000225 0.000213 0.248195 0.006470 1.621527 2471.413434
0.746962 0.000055 0.000915 0.000210 0.000204 0.245178 0.006475 1.621532 2474.675636
0.750028 0.000051 0.000855 0.000196 0.000195 0.242194 0.006481 1.621537 2478.389645
0.753015 0.000047 0.000795 0.000184 0.000186 0.239288 0.006484 1.621541 2481.979353
0.756031 0.000044 0.000744 0.000172 0.000180 0.236342 0.006487 1.621547 2484.497342
0.759038 0.000042 0.000698 0.000161 0.000175 0.233398 0.006489 1.621550 2486.519227
0.761910 0.000039 0.000652 0.000150 0.000169 0.230589 0.006491 1.621555 2488.182482
0.764766 0.000038 0.000606 0.000141 0.000164 0.227793 0.006493 1.621557 2490.024853
0.767585 0.000034 0.000566 0.000129 0.000157 0.225033 0.006495 1.621561 2492.904634
0.770376 0.000032 0.000529 0.000121 0.000152 0.222293 0.006497 1.621563 2494.860010
0.773192 0.000030 0.000500 0.000113 0.000146 0.219520 0.006499 1.621566 2496.879308
0.775935 0.000028 0.000468 0.000105 0.000142 0.216821 0.006501 1.621568 2498.772084
0.778642 0.000025 0.000442 0.000100 0.000136 0.214151 0.006503 1.621572 2501.292657
0.781266 0.000024 0.000407 0.000094 0.000130 0.211574 0.006505 1.621574 2503.687191
0.783878 0.000023 0.000380 0.000087 0.000124 0.208999 0.006508 1.621576 2506.416663
0.786458 0.000022 0.000352 0.000081 0.000120 0.206458 0.006510 1.621577 2507.909319
0.788990 0.000020 0.000329 0.000076 0.000114 0.203960 0.006511 1.621580 2510.584871
0.791473 0.000020 0.000310 0.000071 0.000109 0.201504 0.006513 1.621581 2512.570711
0.793941 0.000018 0.000290 0.000066 0.000105 0.199066 0.006514 1.621583 2514.419114
0.796388 0.000016 0.000272 0.000061 0.000100 0.196646 0.006517 1.621585 2517.133088
0.798749 0.000014 0.000257 0.000059 0.000095 0.194307 0.006520 1.621587 2518.769938
0.801104 0.000013 0.000242 0.000052 0.000093 0.191975 0.006521 1.621589 2519.681295
0.803457 0.000012 0.000225 0.000048 0.000090 0.189645 0.006521 1.621590 2520.895502
0.805719 0.000012 0.000207 0.000045 0.000088 0.187407 0.006522 1.621591 2521.593044
0.807940 0.000011 0.000190 0.000042 0.000085 0.185207 0.006523 1.621593 2523.160416
0.810119 0.000010 0.000180 0.000040 0.000082 0.183045 0.006524 1.621594 2524.407347
0.812289 0.000010 0.000167 0.000038 0.000081 0.180890 0.006525 1.621595 2525.298646
0.814443 0.000008 0.000159 0.000036 0.000078 0.178749 0.006526 1.621596 2526.478203
0.816475 0.000008 0.000150 0.000035 0.000075 0.176730 0.006528 1.621596 2528.159786
0.818489 0.000008 0.000139 0.000031 0.000074 0.174731 0.006528 1.621597 2528.686942
0.820460 0.000007 0.000132 0.000028 0.000071 0.172772 0.006529 1.621597 2530.243271
0.822353 0.000007 0.000121 0.000026 0.000068 0.170895 0.006529 1.621598 2531.323507
0.824208 0.000006 0.000114 0.000024 0.000065 0.169051 0.006531 1.621599 2532.706052
0.826023 0.000006 0.000108 0.000023 0.000063 0.167245 0.006533 1.621599 2533.883057
0.827781 0.000005 0.000101 0.000021 0.000058 0.165499 0.006535 1.621601 2535.826023
0.829455 0.000004 0.000095 0.000019 0.000056 0.163835 0.006535 1.621601 2537.087901
0.831058 0.000004 0.000089 0.000018 0.000054 0.162242 0.006536 1.621602 2538.055924
0.832604 0.000004 0.000083 0.000017 0.000054 0.160703 0.006536 1.621602 2538.262397
0.834098 0.000004 0.000076 0.000015 0.000050 0.159220 0.006537 1.621603 2539.981252
0.835530 0.000004 0.000070 0.000015 0.000048 0.157796 0.006538 1.621603 2541.097464
0.836910 0.000003 0.000066 0.000014 0.000046 0.156424 0.006538 1.621604 2542.381563
0.838264 0.000003 0.000062 0.000013 0.000044 0.155075 0.006538 1.621604 2542.749367
0.839546 0.000003 0.000058 0.000012 0.000041 0.153802 0.006539 1.621604 2544.202458
0.840739 0.000002 0.000055 0.000011 0.000039 0.152615 0.006539 1.621605 2545.113250
0.841906 0.000002 0.000050 0.000010 0.000037 0.151455 0.006540 1.621605 2546.540179
0.843012 0.000002 0.000048 0.000010 0.000036 0.150353 0.006540 1.621606 2547.038457
0.844077 0.000001 0.000047 0.000008 0.000035 0.149291 0.006540 1.621606 2547.329769
0.845148 0.000001 0.000045 0.000008 0.000034 0.148223 0.006541 1.621607 2547.635908
0.846189 0.000001 0.000043 0.000007 0.000033 0.147186 0.006541 1.621607 2548.455923
0.847166 0.000001 0.000040 0.000007 0.000032 0.146212 0.006541 1.621607 2548.912695
0.848119 0.000001 0.000038 0.000006 0.000031 0.145262 0.006542 1.621607 2549.455926
0.849024 0.000001 0.000035 0.000006 0.000030 0.144362 0.006542 1.621607 2550.001487
0.849867 0.000001 0.000032 0.000006 0.000030 0.143522 0.006542 1.621607 2550.001487
0.850669 0.000001 0.000030 0.000006 0.000028 0.142723 0.006543 1.621607 2551.149439
0.851439 0.000000 0.000030 0.000005 0.000027 0.141956 0.006543 1.621608 2551.884345
0.852162 0.000000 0.000026 0.000005 0.000025 0.141238 0.006544 1.621608 2552.653038
0.852803 0.000000 0.000024 0.000004 0.000025 0.140599 0.006544 1.621608 2552.863827
0.853424 0.000000 0.000021 0.000004 0.000024 0.139981 0.006545 1.621608 2553.531033
0.853996 0.000001 0.000020 0.000004 0.000023 0.139412 0.006545 1.621608 2554.448229
0.854533 0.000001 0.000018 0.000004 0.000022 0.138877 0.006545 1.621608 2554.787919
0.855053 0.000000 0.000017 0.000004 0.000022 0.138359 0.006545 1.621608 2555.279329
0.855543 0.000000 0.000016 0.000003 0.000021 0.137871 0.006545 1.621608 2555.975172
0.855999 0.000000 0.000015 0.000003 0.000021 0.137417 0.006545 1.621608 2555.975172
0.856492 0.000000 0.000014 0.000003 0.000021 0.136925 0.006545 1.621608 2555.975172
0.856927 0.000000 0.000014 0.000003 0.000020 0.136491 0.006545 1.621608 2556.508244
0.857322 0.000000 0.000012 0.000003 0.000019 0.136099 0.006546 1.621608 2557.405836
0.857699 0.000000 0.000011 0.000003 0.000018 0.135722 0.006546 1.621608 2557.633767
0.858078 0.000000 0.000011 0.000003 0.000018 0.135344 0.006546 1.621608 2558.072748
0.858460 0.000000 0.000011 0.000002 0.000017 0.134963 0.006546 1.621608 2558.552122
0.858796 0.000000 0.000009 0.000002 0.000016 0.134629 0.006546 1.621608 2558.647454
0.859124 0.000000 0.000009 0.000002 0.000015 0.134302 0.006547 1.621608 2559.077965
0.859431 0.000000 0.000008 0.000002 0.000015 0.133996 0.006547 1.621608 2559.238420
0.859716 0.000000 0.000008 0.000002 0.000015 0.133712 0.006547 1.621608 2559.582324
0.859985 0.000000 0.000007 0.000002 0.000014 0.133444 0.006547 1.621608 2559.914869
0.860226 0.000000 0.000007 0.000001 0.000014 0.133204 0.006547 1.621608 2560.100603
0.860451 0.000000 0.000006 0.000001 0.000013 0.132981 0.006548 1.621609 2560.331983
0.860671 0.000000 0.000005 0.000001 0.000013 0.132762 0.006548 1.621609 2560.745494
0.860874 0.000000 0.000005 0.000001 0.000012 0.132559 0.006548 1.621609 2560.900459
0.861076 0.000000 0.000004 0.000001 0.000012 0.132359 0.006548 1.621609 2561.111427
0.861265 0.000000 0.000004 0.000001 0.000012 0.132170 0.006548 1.621609 2561.111427
0.861447 0.000000 0.000004 0.000001 0.000012 0.131988 0.006548 1.621609 2561.311802
0.861622 0.000000 0.000003 0.000001 0.000012 0.131814 0.006548 1.621609 2561.311802
0.861791 0.000000 0.000003 0.000001 0.000012 0.131646 0.006548 1.621609 2561.311802
0.861956 0.000000 0.000003 0.000001 0.000012 0.131481 0.006548 1.621609 2561.311802
0.862112 0.000000 0.000003 0.000001 0.000011 0.131325 0.006548 1.621609 2562.011446
0.862264 0.000000 0.000002 0.000001 0.000010 0.131174 0.006548 1.621609 2562.205168
0.862403 0.000000 0.000002 0.000001 0.000010 0.131036 0.006548 1.621609 2562.274321
0.862528 0.000000 0.000002 0.000000 0.000009 0.130911 0.006548 1.621609 2562.621929
0.862644 0.000000 0.000002 0.000000 0.000009 0.130796 0.006548 1.621609 2562.779742
0.862759 0.000000 0.000002 0.000000 0.000009 0.130681 0.006548 1.621609 2562.779742
0.862872 0.000000 0.000002 0.000000 0.000009 0.130568 0.006548 1.621609 2562.824031
0.862987 0.000000 0.000001 0.000000 0.000009 0.130454 0.006549 1.621609 2563.037053
0.863085 0.000000 0.000001 0.000000 0.000009 0.130355 0.006549 1.621609 2563.037053
0.863179 0.000000 0.000001 0.000000 0.000008 0.130263 0.006549 1.621609 2563.548220
0.863266 0.000000 0.000001 0.000000 0.000007 0.130175 0.006550 1.621609 2564.135171
0.863353 0.000000 0.000001 0.000000 0.000007 0.130088 0.006550 1.621609 2564.135171
0.863431 0.000000 0.000001 0.000000 0.000006 0.130011 0.006550 1.621609 2564.764079
0.863500 0.000000 0.000002 0.000000 0.000006 0.129942 0.006550 1.621609 2564.764079
0.863570 0.000000 0.000002 0.000000 0.000006 0.129872 0.006551 1.621609 2564.996262
0.863642 0.000000 0.000002 0.000000 0.000006 0.129800 0.006551 1.621609 2564.996262
0.863722 0.000000 0.000002 0.000000 0.000006 0.129720 0.006551 1.621609 2564.996262
0.863795 0.000000 0.000002 0.000000 0.000006 0.129647 0.006551 1.621609 2565.167288
0.863853 0.000000 0.000001 0.000000 0.000005 0.129589 0.006551 1.621609 2565.482805
0.863912 0.000000 0.000001 0.000000 0.000005 0.129531 0.006551 1.621609 2565.713331
0.863962 0.000000 0.000001 0.000000 0.000005 0.129480 0.006552 1.621609 2565.941212
0.864006 0.000000 0.000001 0.000000 0.000004 0.129436 0.006552 1.621609 2565.960105
0.864057 0.000000 0.000001 0.000000 0.000004 0.129386 0.006552 1.621609 2565.960105
0.864107 0.000000 0.000001 0.000000 0.000004 0.129335 0.006552 1.621609 2566.159531
0.864152 0.000000 0.000001 0.000000 0.000004 0.129291 0.006552 1.621609 2566.326757
0.864190 0.000000 0.000001 0.000000 0.000004 0.129253 0.006552 1.621609 2566.488398
0.864234 0.000000 0.000001 0.000000 0.000003 0.129209 0.006552 1.621609 2566.910520
0.864269 0.000000 0.000001 0.000000 0.000003 0.129175 0.006553 1.621609 2567.072654
0.864299 0.000000 0.000001 0.000000 0.000003 0.129145 0.006553 1.621609 2567.072654
0.864325 0.000000 0.000001 0.000000 0.000002 0.129119 0.006553 1.621609 2567.425507
0.864351 0.000000 0.000001 0.000000 0.000002 0.129093 0.006553 1.621609 2567.425507
0.864379 0.000000 0.000001 0.000000 0.000002 0.129065 0.006553 1.621609 2567.425507
0.864402 0.000000 0.000001 0.000000 0.000002 0.129042 0.006553 1.621609 2567.697789
0.864421 0.000000 0.000001 0.000000 0.000002 0.129023 0.006553 1.621609 2567.697789
0.864443 0.000000 0.000001 0.000000 0.000002 0.129001 0.006553 1.621609 2567.747918
0.864459 0.000000 0.000001 0.000000 0.000002 0.128985 0.006553 1.621609 2567.747918
0.864474 0.000000 0.000001 0.000000 0.000002 0.128971 0.006553 1.621609 2567.747918
0.864488 0.000000 0.000000 0.000000 0.000002 0.128956 0.006553 1.621609 2567.747918
0.864496 0.000000 0.000000 0.000000 0.000001 0.128949 0.006553 1.621609 2567.951339
0.864505 0.000000 0.000000 0.000000 0.000001 0.128940 0.006553 1.621609 2567.951339
0.864515 0.000000 0.000000 0.000000 0.000001 0.128930 0.006553 1.621609 2567.951339
0.864526 0.000000 0.000000 0.000000 0.000001 0.128919 0.006553 1.621609 2567.951339
0.864536 0.000000 0.000000 0.000000 0.000001 0.128909 0.006553 1.621609 2567.951339
0.864545 0.000000 0.000000 0.000000 0.000001 0.128901 0.006553 1.621609 2567.951339
0.864551 0.000000 0.000000 0.000000 0.000001 0.128894 0.006553 1.621609 2567.951339
0.864558 0.000000 0.000000 0.000000 0.000001 0.128887 0.006553 1.621609 2567.951339
0.864565 0.000000 0.000000 0.000000 0.000001 0.128881 0.006553 1.621609 2568.211517
0.864570 0.000000 0.000000 0.000000 0.000001 0.128875 0.006553 1.621609 2568.211517
0.864576 0.000000 0.000000 0.000000 0.000001 0.128870 0.006553 1.621609 2568.211517
0.864583 0.000000 0.000000 0.000000 0.000001 0.128863 0.006553 1.621609 2568.211517
0.864589 0.000000 0.000000 0.000000 0.000001 0.128856 0.006553 1.621609 2568.211517
0.864594 0.000000 0.000000 0.000000 0.000001 0.128851 0.006553 1.621609 2568.211517
0.864602 0.000000 0.000000 0.000000 0.000001 0.128843 0.006553 1.621609 2568.211517
0.864607 0.000000 0.000000 0.000000 0.000001 0.128838 0.006553 1.621609 2568.211517
0.864615 0.000000 0.000000 0.000000 0.000001 0.128830 0.006553 1.621609 2568.211517
0.864619 0.000000 0.000000 0.000000 0.000000 0.128827 0.006554 1.621609 2568.378560
0.864622 0.000000 0.000000 0.000000 0.000000 0.128823 0.006554 1.621609 2568.378560
0.864628 0.000000 0.000000 0.000000 0.000000 0.128818 0.006554 1.621609 2568.378560
0.864631 0.000000 0.000000 0.000000 0.000000 0.128815 0.006554 1.621609 2568.378560
0.864633 0.000000 0.000000 0.000000 0.000000 0.128813 0.006554 1.621609 2568.378560
0.864636 0.000000 0.000000 0.000000 0.000000 0.128810 0.006554 1.621609 2568.378560
0.864639 0.000000 0.000000 0.000000 0.000000 0.128807 0.006554 1.621609 2568.378560
0.864643 0.000000 0.000000 0.000000 0.000000 0.128802 0.006554 1.621609 2568.378560
0.864647 0.000000 0.000000 0.000000 0.000000 0.128799 0.006554 1.621609 2568.378560
0.864648 0.000000 0.000000 0.000000 0.000000 0.128798 0.006554 1.621609 2568.378560
0.864650 0.000000 0.000000 0.000000 0.000000 0.128796 0.006554 1.621609 2568.378560
0.864652 0.000000 0.000000 0.000000 0.000000 0.128794 0.006554 1.621609 2568.378560
0.864654 0.000000 0.000000 0.000000 0.000000 0.128792 0.006554 1.621609 2568.378560
0.864656 0.000000 0.000000 0.000000 0.000000 0.128790 0.006554 1.621609 2568.378560
0.864659 0.000000 0.000000 0.000000 0.000000 0.128787 0.006554 1.621609 2568.378560
0.864660 0.000000 0.000000 0.000000 0.000000 0.128786 0.006554 1.621609 2568.568366
0.864662 0.000000 0.000000 0.000000 0.000000 0.128784 0.006554 1.621609 2568.568366
0.864663 0.000000 0.000000 0.000000 0.000000 0.128783 0.006554 1.621609 2568.568366
0.864663 0.000000 0.000000 0.000000 0.000000 0.128783 0.006554 1.621609 2568.568366
0.864665 0.000000 0.000000 0.000000 0.000000 0.128781 0.006554 1.621609 2568.568366
0.864666 0.000000 0.000000 0.000000 0.000000 0.128780 0.006554 1.621609 2568.568366
0.864667 0.000000 0.000000 0.000000 0.000000 0.128779 0.006554 1.621609 2568.568366
0.864668 0.000000 0.000000 0.000000 0.000000 0.128778 0.006554 1.621609 2568.568366
0.864669 0.000000 0.000000 0.000000 0.000000 0.128777 0.006554 1.621609 2568.568366
0.864670 0.000000 0.000000 0.000000 0.000000 0.128776 0.006554 1.621609 2568.568366
0.864671 0.000000 0.000000 0.000000 0.000000 0.128775 0.006554 1.621609 2568.568366
0.864672 0.000000 0.000000 0.000000 0.000000 0.128774 0.006554 1.621609 2568.568366
0.864673 0.000000 0.000000 0.000000 0.000000 0.128773 0.006554 1.621609 2568.568366
0.864674 0.000000 0.000000 0.000000 0.000000 0.128772 0.006554 1.621609 2568.568366
0.864676 0.000000 0.000000 0.000000 0.000000 0.128770 0.006554 1.621609 2568.568366
0.864676 0.000000 0.000000 0.000000 0.000000 0.128770 0.006554 1.621609 2568.568366
0.864677 0.000000 0.000000 0.000000 0.000000 0.128769 0.006554 1.621609 2568.568366
0.864677 0.000000 0.000000 0.000000 0.000000 0.128769 0.006554 1.621609 2568.568366
0.864678 0.000000 0.000000 0.000000 0.000000 0.128768 0.006554 1.621609 2568.568366
0.864678 0.000000 0.000000 0.000000 0.000000 0.128768 0.006554 1.621609 2568.568366
0.864679 0.000000 0.000000 0.000000 0.000000 0.128767 0.006554 1.621609 2568.568366
0.864679 0.000000 0.000000 0.000000 0.000000 0.128767 0.006554 1.621609 2568.568366
0.864680 0.000000 0.000000 0.000000 0.000000 0.128766 0.006554 1.621609 2568.568366
0.864682 0.000000 0.000000 0.000000 0.000000 0.128764 0.006554 1.621609 2568.568366
0.864682 0.000000 0.000000 0.000000 0.000000 0.128764 0.006554 1.621609 2568.568366
0.864683 0.000000 0.000000 0.000000 0.000000 0.128763 0.006554 1.621609 2568.568366
0.864683 0.000000 0.000000 0.000000 0.000000 0.128763 0.006554 1.621609 2568.568366
0.864684 0.000000 0.000000 0.000000 0.000000 0.128762 0.006554 1.621609 2568.568366
0.864684 0.000000 0.000000 0.000000 0.000000 0.128762 0.006554 1.621609 2568.568366
0.864685 0.000000 0.000000 0.000000 0.000000 0.128761 0.006554 1.621609 2568.568366
0.864687 0.000000 0.000000 0.000000 0.000000 0.128759 0.006554 1.621609 2568.568366
0.864688 0.000000 0.000000 0.000000 0.000000 0.128758 0.006554 1.621609 2568.568366
0.864689 0.000000 0.000000 0.000000 0.000000 0.128757 0.006554 1.621609 2568.568366
0.864689 0.000000 0.000000 0.000000 0.000000 0.128757 0.006554 1.621609 2568.568366
0.864691 0.000000 0.000000 0.000000 0.000000 0.128755 0.006554 1.621609 2568.568366
0.864691 0.000000 0.000000 0.000000 0.000000 0.128755 0.006554 1.621609 2568.568366
0.864691 0.000000 0.000000 0.000000 0.000000 0.128755 0.006554 1.621609 2568.869640
0.864691 0.000000 0.000000 0.000000 0.000000 0.128755 0.006554 1.621609 2568.869640
0.864691 0.000000 0.000000 0.000000 0.000000 0.128755 0.006554 1.621609 2568.869640
0.864691 0.000000 0.000000 0.000000 0.000000 0.128755 0.006554 1.621609 2568.869640
0.864691 0.000000 0.000000 0.000000 0.000000 0.128755 0.006554 1.621609 2568.869640
0.864691 0.000000 0.000000 0.000000 0.000000 0.128755 0.006554 1.621609 2568.869640
0.864691 0.000000 0.000000 0.000000 0.000000 0.128755 0.006554 1.621609 2568.869640
0.864691 0.000000 0.000000 0.000000 0.000000 0.128755 0.006554 1.621609 2568.869640
0.864691 0.000000 0.000000 0.000000 0.000000 0.128755 0.006554 1.621609 2568.869640
0.864691 0.000000 0.000000 0.000000 0.000000 0.128755 0.006554 1.621609 2568.869640
0.864691 0.000000 0.000000 0.000000 0.000000 0.128755 0.006554 1.621609 2568.869640
0.864691 0.000000 0.000000 0.000000 0.000000 0.128755 0.006554 1.621609 2568.869640
0.864691 0.000000 0.000000 0.000000 0.000000 0.128755 0.006554 1.621609 2568.869640
0.864691 0.000000 0.000000 0.000000 0.000000 0.128755 0.006554 1.621609 2568.869640
0.864691 0.000000 0.000000 0.000000 0.000000 0.128755 0.006554 1.621609 2568.869640
0.864691 0.000000 0.000000 0.000000 0.000000 0.128755 0.006554 1.621609 2568.869640
0.864691 0.000000 0.000000 0.000000 0.000000 0.128755 0.006554 1.621609 2568.869640
0.864691 0.000000 0.000000 0.000000 0.000000 0.128755 0.006554 1.621609 2568.869640
0.864691 0.000000 0.000000 0.000000 0.000000 0.128755 0.006554 1.621609 2568.869640
0.864691 0.000000 0.000000 0.000000 0.000000 0.128755 0.006554 1.621609 2568.869640
0.864691 0.000000 0.000000 0.000000 0.000000 0.128755 0.006554 1.621609 2568.869640
0.864691 0.000000 0.000000 0.000000 0.000000 0.128755 0.006554 1.621609 2568.869640
0.864691 0.000000 0.000000 0.000000 0.000000 0.128755 0.006554 1.621609 2568.869640
0.864691 0.000000 0.000000 0.000000 0.000000 0.128755 0.006554 1.621609 2568.869640
0.864691 0.000000 0.000000 0.000000 0.000000 0.128755 0.006554 1.621609 2568.869640
0.864691 0.000000 0.000000 0.000000 0.000000 0.128755 0.006554 1.621609 2568.869640
0.864691 0.000000 0.000000 0.000000 0.000000 0.128755 0.006554 1.621609 2568.869640
0.864691 0.000000 0.000000 0.000000 0.000000 0.128755 0.006554 1.621609 2568.869640
0.864691 0.000000 0.000000 0.000000 0.000000 0.128755 0.006554 1.621609 2568.869640
0.864691 0.000000 0.000000 0.000000 0.000000 0.128755 0.006554 1.621609 2568.869640
0.864691 0.000000 0.000000 0.000000 0.000000 0.128755 0.006554 1.621609 2568.869640
0.864691 0.000000 0.000000 0.000000 0.000000 0.128755 0.006554 1.621609 2568.869640
0.864691 0.000000 0.000000 0.000000 0.000000 0.128755 0.006554 1.621609 2568.869640
0.864691 0.000000 0.000000 0.000000 0.000000 0.128755 0.006554 1.621609 2568.869640
0.864691 0.000000 0.000000 0.000000 0.000000 0.128755 0.006554 1.621609 2568.869640
0.864691 0.000000 0.000000 0.000000 0.000000 0.128755 0.006554 1.621609 2568.869640
0.864691 0.000000 0.000000 0.000000 0.000000 0.128755 0.006554 1.621609 2568.869640
0.864691 0.000000 0.000000 0.000000 0.000000 0.128755 0.006554 1.621609 2568.869640
0.864691 0.000000 0.000000 0.000000 0.000000 0.128755 0.006554 1.621609 2568.869640
0.864691 0.000000 0.000000 0.000000 0.000000 0.128755 0.006554 1.621609 2568.869640
0.864691 0.000000 0.000000 0.000000 0.000000 0.128755 0.006554 1.621609 2568.869640
0.864691 0.000000 0.000000 0.000000 0.000000 0.128755 0.006554 1.621609 2568.869640
0.864691 0.000000 0.000000 0.000000 0.000000 0.128755 0.006554 1.621609 2568.869640
0.864691 0.000000 0.000000 0.000000 0.000000 0.128755 0.006554 1.621609 2568.869640
0.864691 0.000000 0.000000 0.000000 0.000000 0.128755 0.006554 1.621609 2568.869640
0.864691 0.000000 0.000000 0.000000 0.000000 0.128755 0.006554 1.621609 2568.869640
0.864691 0.000000 0.000000 0.000000 0.000000 0.128755 0.006554 1.621609 2568.869640
0.864691 0.000000 0.000000 0.000000 0.000000 0.128755 0.006554 1.621609 2568.869640
0.864691 0.000000 0.000000 0.000000 0.000000 0.128755 0.006554 1.621609 2568.869640
0.864691 0.000000 0.000000 0.000000 0.000000 0.128755 0.006554 1.621609 2568.869640
0.864691 0.000000 0.000000 0.000000 0.000000 0.128755 0.006554 1.621609 2568.869640
0.864691 0.000000 0.000000 0.000000 0.000000 0.128755 0.006554 1.621609 2568.869640
0.864691 0.000000 0.000000 0.000000 0.000000 0.128755 0.006554 1.621609 2568.869640
0.864691 0.000000 0.000000 0.000000 0.000000 0.128755 0.006554 1.621609 2568.869640
0.864691 0.000000 0.000000 0.000000 0.000000 0.128755 0.006554 1.621609 2568.869640
0.864691 0.000000 0.000000 0.000000 0.000000 0.128755 0.006554 1.621609 2568.869640
0.864691 0.000000 0.000000 0.000000 0.000000 0.128755 0.006554 1.621609 2568.869640
0.864691 0.000000 0.000000 0.000000 0.000000 0.128755 0.006554 1.621609 2568.869640
0.864691 0.000000 0.000000 0.000000 0.000000 0.128755 0.006554 1.621609 2568.869640
0.864691 0.000000 0.000000 0.000000 0.000000 0.128755 0.006554 1.621609 2568.869640
0.864691 0.000000 0.000000 0.000000 0.000000 0.128755 0.006554 1.621609 2568.869640
0.864691 0.000000 0.000000 0.000000 0.000000 0.128755 0.006554 1.621609 2568.869640
0.864691 0.000000 0.000000 0.000000 0.000000 0.128755 0.006554 1.621609 2568.869640
0.864691 0.000000 0.000000 0.000000 0.000000 0.128755 0.006554 1.621609 2568.869640
0.864691 0.000000 0.000000 0.000000 0.000000 0.128755 0.006554 1.621609 2568.869640
0.864691 0.000000 0.000000 0.000000 0.000000 0.128755 0.006554 1.621609 2568.869640
0.864691 0.000000 0.000000 0.000000 0.000000 0.128755 0.006554 1.621609 2568.869640
0.864691 0.000000 0.000000 0.000000 0.000000 0.128755 0.006554 1.621609 2568.869640
0.864691 0.000000 0.000000 0.000000 0.000000 0.128755 0.006554 1.621609 2568.869640
0.864691 0.000000 0.000000 0.000000 0.000000 0.128755 0.006554 1.621609 2568.869640
0.864691 0.000000 0.000000 0.000000 0.000000 0.128755 0.006554 1.621609 2568.869640
0.864691 0.000000 0.000000 0.000000 0.000000 0.128755 0.006554 1.621609 2568.869640
0.864691 0.000000 0.000000 0.000000 0.000000 0.128755 0.006554 1.621609 2568.869640
0.864691 0.000000 0.000000 0.000000 0.000000 0.128755 0.006554 1.621609 2568.869640
0.864691 0.000000 0.000000 0.000000 0.000000 0.128755 0.006554 1.621609 2568.869640
0.864691 0.000000 0.000000 0.000000 0.000000 0.128755 0.006554 1.621609 2568.869640
0.864691 0.000000 0.000000 0.000000 0.000000 0.128755 0.006554 1.621609 2568.869640
0.864691 0.000000 0.000000 0.000000 0.000000 0.128755 0.006554 1.621609 2568.869640
0.864691 0.000000 0.000000 0.000000 0.000000 0.128755 0.006554 1.621609 2568.869640
0.864691 0.000000 0.000000 0.000000 0.000000 0.128755 0.006554 1.621609 2568.869640
0.864691 0.000000 0.000000 0.000000 0.000000 0.128755 0.006554 1.621609 2568.869640
0.864691 0.000000 0.000000 0.000000 0.000000 0.128755 0.006554 1.621609 2568.869640
0.864691 0.000000 0.000000 0.000000 0.000000 0.128755 0.006554 1.621609 2568.869640
0.864691 0.000000 0.000000 0.000000 0.000000 0.128755 0.006554 1.621609 2568.869640
0.864691 0.000000 0.000000 0.000000 0.000000 0.128755 0.006554 1.621609 2568.869640
0.864691 0.000000 0.000000 0.000000 0.000000 0.128755 0.006554 1.621609 2568.869640
0.864691 0.000000 0.000000 0.000000 0.000000 0.128755 0.006554 1.621609 2568.869640
0.864691 0.000000 0.000000 0.000000 0.000000 0.128755 0.006554 1.621609 2568.869640
0.864691 0.000000 0.000000 0.000000 0.000000 0.128755 0.006554 1.621609 2568.869640
0.864691 0.000000 0.000000 0.000000 0.000000 0.128755 0.006554 1.621609 2568.869640
0.864691 0.000000 0.000000 0.000000 0.000000 0.128755 0.006554 1.621609 2568.869640
0.864691 0.000000 0.000000 0.000000 0.000000 0.128755 0.006554 1.621609 2568.869640
0.864691 0.000000 0.000000 0.000000 0.000000 0.128755 0.006554 1.621609 2568.869640
0.864691 0.000000 0.000000 0.000000 0.000000 0.128755 0.006554 1.621609 2568.869640
0.864691 0.000000 0.000000 0.000000 0.000000 0.128755 0.006554 1.621609 2568.869640
0.864691 0.000000 0.000000 0.000000 0.000000 0.128755 0.006554 1.621609 2568.869640
0.864691 0.000000 0.000000 0.000000 0.000000 0.128755 0.006554 1.621609 2568.869640
0.864691 0.000000 0.000000 0.000000 0.000000 0.128755 0.006554 1.621609 2568.869640
0.864691 0.000000 0.000000 0.000000 0.000000 0.128755 0.006554 1.621609 2568.869640
0.864691 0.000000 0.000000 0.000000 0.000000 0.128755 0.006554 1.621609 2568.869640
0.864691 0.000000 0.000000 0.000000 0.000000 0.128755 0.006554 1.621609 2568.869640
0.864691 0.000000 0.000000 0.000000 0.000000 0.128755 0.006554 1.621609 2568.869640
0.864691 0.000000 0.000000 0.000000 0.000000 0.128755 0.006554 1.621609 2568.869640
0.864691 0.000000 0.000000 0.000000 0.000000 0.128755 0.006554 1.621609 2568.869640
0.864691 0.000000 0.000000 0.000000 0.000000 0.128755 0.006554 1.621609 2568.869640
0.864691 0.000000 0.000000 0.000000 0.000000 0.128755 0.006554 1.621609 2568.869640
0.864691 0.000000 0.000000 0.000000 0.000000 0.128755 0.006554 1.621609 2568.869640
0.864691 0.000000 0.000000 0.000000 0.000000 0.128755 0.006554 1.621609 2568.869640
0.864691 0.000000 0.000000 0.000000 0.000000 0.128755 0.006554 1.621609 2568.869640
0.864691 0.000000 0.000000 0.000000 0.000000 0.128755 0.006554 1.621609 2568.869640
0.864691 0.000000 0.000000 0.000000 0.000000 0.128755 0.006554 1.621609 2568.869640
0.864691 0.000000 0.000000 0.000000 0.000000 0.128755 0.006554 1.621609 2568.869640
0.864691 0.000000 0.000000 0.000000 0.000000 0.128755 0.006554 1.621609 2568.869640
0.864691 0.000000 0.000000 0.000000 0.000000 0.128755 0.006554 1.621609 2568.869640
0.864691 0.000000 0.000000 0.000000 0.000000 0.128755 0.006554 1.621609 2568.869640
0.864691 0.000000 0.000000 0.000000 0.000000 0.128755 0.006554 1.621609 2568.869640
0.864691 0.000000 0.000000 0.000000 0.000000 0.128755 0.006554 1.621609 2568.869640
0.864691 0.000000 0.000000 0.000000 0.000000 0.128755 0.006554 1.621609 2568.869640
0.864691 0.000000 0.000000 0.000000 0.000000 0.128755 0.006554 1.621609 2568.869640
0.864691 0.000000 0.000000 0.000000 0.000000 0.128755 0.006554 1.621609 2568.869640
0.864691 0.000000 0.000000 0.000000 0.000000 0.128755 0.006554 1.621609 2568.869640
0.864691 0.000000 0.000000 0.000000 0.000000 0.128755 0.006554 1.621609 2568.869640
0.864691 0.000000 0.000000 0.000000 0.000000 0.128755 0.006554 1.621609 2568.869640
0.864691 0.000000 0.000000 0.000000 0.000000 0.128755 0.006554 1.621609 2568.869640
0.864691 0.000000 0.000000 0.000000 0.000000 0.128755 0.006554 1.621609 2568.869640
0.864691 0.000000 0.000000 0.000000 0.000000 0.128755 0.006554 1.621609 2568.869640
0.864691 0.000000 0.000000 0.000000 0.000000 0.128755 0.006554 1.621609 2568.869640
0.864691 0.000000 0.000000 0.000000 0.000000 0.128755 0.006554 1.621609 2568.869640
0.864691 0.000000 0.000000 0.000000 0.000000 0.128755 0.006554 1.621609 2568.869640
0.864691 0.000000 0.000000 0.000000 0.000000 0.128755 0.006554 1.621609 2568.869640
0.864691 0.000000 0.000000 0.000000 0.000000 0.128755 0.006554 1.621609 2568.869640
0.864691 0.000000 0.000000 0.000000 0.000000 0.128755 0.006554 1.621609 2568.869640
0.864691 0.000000 0.000000 0.000000 0.000000 0.128755 0.006554 1.621609 2568.869640
0.864691 0.000000 0.000000 0.000000 0.000000 0.128755 0.006554 1.621609 2568.869640
0.864691 0.000000 0.000000 0.000000 0.000000 0.128755 0.006554 1.621609 2568.869640
0.864691 0.000000 0.000000 0.000000 0.000000 0.128755 0.006554 1.621609 2568.869640
0.864691 0.000000 0.000000 0.000000 0.000000 0.128755 0.006554 1.621609 2568.869640
0.864691 0.000000 0.000000 0.000000 0.000000 0.128755 0.006554 1.621609 2568.869640
0.864691 0.000000 0.000000 0.000000 0.000000 0.128755 0.006554 1.621609 2568.869640
0.864691 0.000000 0.000000 0.000000 0.000000 0.128755 0.006554 1.621609 2568.869640
0.864691 0.000000 0.000000 0.000000 0.000000 0.128755 0.006554 1.621609 2568.869640
0.864691 0.000000 0.000000 0.000000 0.000000 0.128755 0.006554 1.621609 2568.869640
0.864691 0.000000 0.000000 0.000000 0.000000 0.128755 0.006554 1.621609 2568.869640
0.864691 0.000000 0.000000 0.000000 0.000000 0.128755 0.006554 1.621609 2568.869640
0.864691 0.000000 0.000000 0.000000 0.000000 0.128755 0.006554 1.621609 2568.869640
0.864691 0.000000 0.000000 0.000000 0.000000 0.128755 0.006554 1.621609 2568.869640
0.864691 0.000000 0.000000 0.000000 0.000000 0.128755 0.006554 1.621609 2568.869640
0.864691 0.000000 0.000000 0.000000 0.000000 0.128755 0.006554 1.621609 2568.869640
0.864691 0.000000 0.000000 0.000000 0.000000 0.128755 0.006554 1.621609 2568.869640
0.864691 0.000000 0.000000 0.000000 0.000000 0.128755 0.006554 1.621609 2568.869640
0.864691 0.000000 0.000000 0.000000 0.000000 0.128755 0.006554 1.621609 2568.869640
0.864691 0.000000 0.000000 0.000000 0.000000 0.128755 0.006554 1.621609 2568.869640
0.864691 0.000000 0.000000 0.000000 0.000000 0.128755 0.006554 1.621609 2568.869640
0.864691 0.000000 0.000000 0.000000 0.000000 0.128755 0.006554 1.621609 2568.869640
0.864691 0.000000 0.000000 0.000000 0.000000 0.128755 0.006554 1.621609 2568.869640
0.864691 0.000000 0.000000 0.000000 0.000000 0.128755 0.006554 1.621609 2568.869640
0.864691 0.000000 0.000000 0.000000 0.000000 0.128755 0.006554 1.621609 2568.869640
0.864691 0.000000 0.000000 0.000000 0.000000 0.128755 0.006554 1.621609 2568.869640
0.864691 0.000000 0.000000 0.000000 0.000000 0.128755 0.006554 1.621609 2568.869640
0.864691 0.000000 0.000000 0.000000 0.000000 0.128755 0.006554 1.621609 2568.869640
0.864691 0.000000 0.000000 0.000000 0.000000 0.128755 0.006554 1.621609 2568.869640
0.864691 0.000000 0.000000 0.000000 0.000000 0.128755 0.006554 1.621609 2568.869640
0.864691 0.000000 0.000000 0.000000 0.000000 0.128755 0.006554 1.621609 2568.869640
0.864691 0.000000 0.000000 0.000000 0.000000 0.128755 0.006554 1.621609 2568.869640
0.864691 0.000000 0.000000 0.000000 0.000000 0.128755 0.006554 1.621609 2568.869640
0.864691 0.000000 0.000000 0.000000 0.000000 0.128755 0.006554 1.621609 2568.869640
0.864691 0.000000 0.000000 0.000000 0.000000 0.128755 0.006554 1.621609 2568.869640
0.864691 0.000000 0.000000 0.000000 0.000000 0.128755 0.006554 1.621609 2568.869640
0.864691 0.000000 0.000000 0.000000 0.000000 0.128755 0.006554 1.621609 2568.869640
0.864691 0.000000 0.000000 0.000000 0.000000 0.128755 0.006554 1.621609 2568.869640
0.864691 0.000000 0.000000 0.000000 0.000000 0.128755 0.006554 1.621609 2568.869640
0.864691 0.000000 0.000000 0.000000 0.000000 0.128755 0.006554 1.621609 2568.869640
0.864691 0.000000 0.000000 0.000000 0.000000 0.128755 0.006554 1.621609 2568.869640
0.864691 0.000000 0.000000 0.000000 0.000000 0.128755 0.006554 1.621609 2568.869640
0.864691 0.000000 0.000000 0.000000 0.000000 0.128755 0.006554 1.621609 2568.869640
0.864691 0.000000 0.000000 0.000000 0.000000 0.128755 0.006554 1.621609 2568.869640
0.864691 0.000000 0.000000 0.000000 0.000000 0.128755 0.006554 1.621609 2568.869640
0.864691 0.000000 0.000000 0.000000 0.000000 0.128755 0.006554 1.621609 2568.869640
0.864691 0.000000 0.000000 0.000000 0.000000 0.128755 0.006554 1.621609 2568.869640
0.864691 0.000000 0.000000 0.000000 0.000000 0.128755 0.006554 1.621609 2568.869640
0.864691 0.000000 0.000000 0.000000 0.000000 0.128755 0.006554 1.621609 2568.869640
0.864691 0.000000 0.000000 0.000000 0.000000 0.128755 0.006554 1.621609 2568.869640
0.864691 0.000000 0.000000 0.000000 0.000000 0.128755 0.006554 1.621609 2568.869640
0.864691 0.000000 0.000000 0.000000 0.000000 0.128755 0.006554 1.621609 2568.869640
0.864691 0.000000 0.000000 0.000000 0.000000 0.128755 0.006554 1.621609 2568.869640
0.864691 0.000000 0.000000 0.000000 0.000000 0.128755 0.006554 1.621609 2568.869640
0.864691 0.000000 0.000000 0.000000 0.000000 0.128755 0.006554 1.621609 2568.869640
0.864691 0.000000 0.000000 0.000000 0.000000 0.128755 0.006554 1.621609 2568.869640
0.864691 0.000000 0.000000 0.000000 0.000000 0.128755 0.006554 1.621609 2568.869640
0.864691 0.000000 0.000000 0.000000 0.000000 0.128755 0.006554 1.621609 2568.869640
0.864691 0.000000 0.000000 0.000000 0.000000 0.128755 0.006554 1.621609 2568.869640
0.864691 0.000000 0.000000 0.000000 0.000000 0.128755 0.006554 1.621609 2568.869640
0.864691 0.000000 0.000000 0.000000 0.000000 0.128755 0.006554 1.621609 2568.869640
0.864691 0.000000 0.000000 0.000000 0.000000 0.128755 0.006554 1.621609 2568.869640
0.864691 0.000000 0.000000 0.000000 0.000000 0.128755 0.006554 1.621609 2568.869640
0.864691 0.000000 0.000000 0.000000 0.000000 0.128755 0.006554 1.621609 2568.869640
0.864691 0.000000 0.000000 0.000000 0.000000 0.128755 0.006554 1.621609 2568.869640
0.864691 0.000000 0.000000 0.000000 0.000000 0.128755 0.006554 1.621609 2568.869640
0.864691 0.000000 0.000000 0.000000 0.000000 0.128755 0.006554 1.621609 2568.869640
0.864691 0.000000 0.000000 0.000000 0.000000 0.128755 0.006554 1.621609 2568.869640
0.864691 0.000000 0.000000 0.000000 0.000000 0.128755 0.006554 1.621609 2568.869640
0.864691 0.000000 0.000000 0.000000 0.000000 0.128755 0.006554 1.621609 2568.869640
0.864691 0.000000 0.000000 0.000000 0.000000 0.128755 0.006554 1.621609 2568.869640
0.864691 0.000000 0.000000 0.000000 0.000000 0.128755 0.006554 1.621609 2568.869640
0.864691 0.000000 0.000000 0.000000 0.000000 0.128755 0.006554 1.621609 2568.869640
0.864691 0.000000 0.000000 0.000000 0.000000 0.128755 0.006554 1.621609 2568.869640
0.864691 0.000000 0.000000 0.000000 0.000000 0.128755 0.006554 1.621609 2568.869640
0.864691 0.000000 0.000000 0.000000 0.000000 0.128755 0.006554 1.621609 2568.869640
0.864691 0.000000 0.000000 0.000000 0.000000 0.128755 0.006554 1.621609 2568.869640
0.864691 0.000000 0.000000 0.000000 0.000000 0.128755 0.006554 1.621609 2568.869640
0.864691 0.000000 0.000000 0.000000 0.000000 0.128755 0.006554 1.621609 2568.869640
0.864691 0.000000 0.000000 0.000000 0.000000 0.128755 0.006554 1.621609 2568.869640
0.864691 0.000000 0.000000 0.000000 0.000000 0.128755 0.006554 1.621609 2568.869640
0.864691 0.000000 0.000000 0.000000 0.000000 0.128755 0.006554 1.621609 2568.869640
0.864691 0.000000 0.000000 0.000000 0.000000 0.128755 0.006554 1.621609 2568.869640
0.864691 0.000000 0.000000 0.000000 0.000000 0.128755 0.006554 1.621609 2568.869640
0.864691 0.000000 0.000000 0.000000 0.000000 0.128755 0.006554 1.621609 2568.869640
0.864691 0.000000 0.000000 0.000000 0.000000 0.128755 0.006554 1.621609 2568.869640
0.864691 0.000000 0.000000 0.000000 0.000000 0.128755 0.006554 1.621609 2568.869640
0.864691 0.000000 0.000000 0.000000 0.000000 0.128755 0.006554 1.621609 2568.869640
0.864691 0.000000 0.000000 0.000000 0.000000 0.128755 0.006554 1.621609 2568.869640
0.864691 0.000000 0.000000 0.000000 0.000000 0.128755 0.006554 1.621609 2568.869640
0.864691 0.000000 0.000000 0.000000 0.000000 0.128755 0.006554 1.621609 2568.869640
0.864691 0.000000 0.000000 0.000000 0.000000 0.128755 0.006554 1.621609 2568.869640
0.864691 0.000000 0.000000 0.000000 0.000000 0.128755 0.006554 1.621609 2568.869640
0.864691 0.000000 0.000000 0.000000 0.000000 0.128755 0.006554 1.621609 2568.869640
0.864691 0.000000 0.000000 0.000000 0.000000 0.128755 0.006554 1.621609 2568.869640
0.864691 0.000000 0.000000 0.000000 0.000000 0.128755 0.006554 1.621609 2568.869640
0.864691 0.000000 0.000000 0.000000 0.000000 0.128755 0.006554 1.621609 2568.869640
0.864691 0.000000 0.000000 0.000000 0.000000 0.128755 0.006554 1.621609 2568.869640
0.864691 0.000000 0.000000 0.000000 0.000000 0.128755 0.006554 1.621609 2568.869640
0.864691 0.000000 0.000000 0.000000 0.000000 0.128755 0.006554 1.621609 2568.869640
0.864691 0.000000 0.000000 0.000000 0.000000 0.128755 0.006554 1.621609 2568.869640
0.864691 0.000000 0.000000 0.000000 0.000000 0.128755 0.006554 1.621609 2568.869640
0.864691 0.000000 0.000000 0.000000 0.000000 0.128755 0.006554 1.621609 2568.869640
0.864691 0.000000 0.000000 0.000000 0.000000 0.128755 0.006554 1.621609 2568.869640
0.864691 0.000000 0.000000 0.000000 0.000000 0.128755 0.006554 1.621609 2568.869640
0.864691 0.000000 0.000000 0.000000 0.000000 0.128755 0.006554 1.621609 2568.869640
0.864691 0.000000 0.000000 0.000000 0.000000 0.128755 0.006554 1.621609 2568.869640
0.864691 0.000000 0.000000 0.000000 0.000000 0.128755 0.006554 1.621609 2568.869640
0.864691 0.000000 0.000000 0.000000 0.000000 0.128755 0.006554 1.621609 2568.869640
0.864691 0.000000 0.000000 0.000000 0.000000 0.128755 0.006554 1.621609 2568.869640
0.864691 0.000000 0.000000 0.000000 0.000000 0.128755 0.006554 1.621609 2568.869640
0.864691 0.000000 0.000000 0.000000 0.000000 0.128755 0.006554 1.621609 2568.869640
0.864691 0.000000 0.000000 0.000000 0.000000 0.128755 0.006554 1.621609 2568.869640
0.864691 0.000000 0.000000 0.000000 0.000000 0.128755 0.006554 1.621609 2568.869640
0.864691 0.000000 0.000000 0.000000 0.000000 0.128755 0.006554 1.621609 2568.869640
0.864691 0.000000 0.000000 0.000000 0.000000 0.128755 0.006554 1.621609 2568.869640
0.864691 0.000000 0.000000 0.000000 0.000000 0.128755 0.006554 1.621609 2568.869640
0.864691 0.000000 0.000000 0.000000 0.000000 0.128755 0.006554 1.621609 2568.869640
0.864691 0.000000 0.000000 0.000000 0.000000 0.128755 0.006554 1.621609 2568.869640
0.864691 0.000000 0.000000 0.000000 0.000000 0.128755 0.006554 1.621609 2568.869640
0.864691 0.000000 0.000000 0.000000 0.000000 0.128755 0.006554 1.621609 2568.869640
0.864691 0.000000 0.000000 0.000000 0.000000 0.128755 0.006554 1.621609 2568.869640
0.864691 0.000000 0.000000 0.000000 0.000000 0.128755 0.006554 1.621609 2568.869640
0.864691 0.000000 0.000000 0.000000 0.000000 0.128755 0.006554 1.621609 2568.869640
0.864691 0.000000 0.000000 0.000000 0.000000 0.128755 0.006554 1.621609 2568.869640
0.864691 0.000000 0.000000 0.000000 0.000000 0.128755 0.006554 1.621609 2568.869640
0.864691 0.000000 0.000000 0.000000 0.000000 0.128755 0.006554 1.621609 2568.869640
0.864691 0.000000 0.000000 0.000000 0.000000 0.128755 0.006554 1.621609 2568.869640
0.864691 0.000000 0.000000 0.000000 0.000000 0.128755 0.006554 1.621609 2568.869640
0.864691 0.000000 0.000000 0.000000 0.000000 0.128755 0.006554 1.621609 2568.869640
0.864691 0.000000 0.000000 0.000000 0.000000 0.128755 0.006554 1.621609 2568.869640
0.864691 0.000000 0.000000 0.000000 0.000000 0.128755 0.006554 1.621609 2568.869640
0.864691 0.000000 0.000000 0.000000 0.000000 0.128755 0.006554 1.621609 2568.869640
0.864691 0.000000 0.000000 0.000000 0.000000 0.128755 0.006554 1.621609 2568.869640
0.864691 0.000000 0.000000 0.000000 0.000000 0.128755 0.006554 1.621609 2568.869640
0.864691 0.000000 0.000000 0.000000 0.000000 0.128755 0.006554 1.621609 2568.869640
0.864691 0.000000 0.000000 0.000000 0.000000 0.128755 0.006554 1.621609 2568.869640
0.864691 0.000000 0.000000 0.000000 0.000000 0.128755 0.006554 1.621609 2568.869640
0.864691 0.000000 0.000000 0.000000 0.000000 0.128755 0.006554 1.621609 2568.869640
0.864691 0.000000 0.000000 0.000000 0.000000 0.128755 0.006554 1.621609 2568.869640
0.864691 0.000000 0.000000 0.000000 0.000000 0.128755 0.006554 1.621609 2568.869640
0.864691 0.000000 0.000000 0.000000 0.000000 0.128755 0.006554 1.621609 2568.869640
0.864691 0.000000 0.000000 0.000000 0.000000 0.128755 0.006554 1.621609 2568.869640
0.864691 0.000000 0.000000 0.000000 0.000000 0.128755 0.006554 1.621609 2568.869640
0.864691 0.000000 0.000000 0.000000 0.000000 0.128755 0.006554 1.621609 2568.869640
0.864691 0.000000 0.000000 0.000000 0.000000 0.128755 0.006554 1.621609 2568.869640
0.864691 0.000000 0.000000 0.000000 0.000000 0.128755 0.006554 1.621609 2568.869640
0.864691 0.000000 0.000000 0.000000 0.000000 0.128755 0.006554 1.621609 2568.869640
0.864691 0.000000 0.000000 0.000000 0.000000 0.128755 0.006554 1.621609 2568.869640
0.864691 0.000000 0.000000 0.000000 0.000000 0.128755 0.006554 1.621609 2568.869640
0.864691 0.000000 0.000000 0.000000 0.000000 0.128755 0.006554 1.621609 2568.869640
0.864691 0.000000 0.000000 0.000000 0.000000 0.128755 0.006554 1.621609 2568.869640
0.864691 0.000000 0.000000 0.000000 0.000000 0.128755 0.006554 1.621609 2568.869640
0.864691 0.000000 0.000000 0.000000 0.000000 0.128755 0.006554 1.621609 2568.869640
0.864691 0.000000 0.000000 0.000000 0.000000 0.128755 0.006554 1.621609 2568.869640
0.864691 0.000000 0.000000 0.000000 0.000000 0.128755 0.006554 1.621609 2568.869640
0.864691 0.000000 0.000000 0.000000 0.000000 0.128755 0.006554 1.621609 2568.869640
0.864691 0.000000 0.000000 0.000000 0.000000 0.128755 0.006554 1.621609 2568.869640
0.864691 0.000000 0.000000 0.000000 0.000000 0.128755 0.006554 1.621609 2568.869640
0.864691 0.000000 0.000000 0.000000 0.000000 0.128755 0.006554 1.621609 2568.869640
0.864691 0.000000 0.000000 0.000000 0.000000 0.128755 0.006554 1.621609 2568.869640
0.864691 0.000000 0.000000 0.000000 0.000000 0.128755 0.006554 1.621609 2568.869640
0.864691 0.000000 0.000000 0.000000 0.000000 0.128755 0.006554 1.621609 2568.869640
0.864691 0.000000 0.000000 0.000000 0.000000 0.128755 0.006554 1.621609 2568.869640
0.864691 0.000000 0.000000 0.000000 0.000000 0.128755 0.006554 1.621609 2568.869640
0.864691 0.000000 0.000000 0.000000 0.000000 0.128755 0.006554 1.621609 2568.869640
0.864691 0.000000 0.000000 0.000000 0.000000 0.128755 0.006554 1.621609 2568.869640
0.864691 0.000000 0.000000 0.000000 0.000000 0.128755 0.006554 1.621609 2568.869640
0.864691 0.000000 0.000000 0.000000 0.000000 0.128755 0.006554 1.621609 2568.869640
0.864691 0.000000 0.000000 0.000000 0.000000 0.128755 0.006554 1.621609 2568.869640
0.864691 0.000000 0.000000 0.000000 0.000000 0.128755 0.006554 1.621609 2568.869640
0.864691 0.000000 0.000000 0.000000 0.000000 0.128755 0.006554 1.621609 2568.869640
0.864691 0.000000 0.000000 0.000000 0.000000 0.128755 0.006554 1.621609 2568.869640
0.864691 0.000000 0.000000 0.000000 0.000000 0.128755 0.006554 1.621609 2568.869640
0.864691 0.000000 0.000000 0.000000 0.000000 0.128755 0.006554 1.621609 2568.869640
0.864691 0.000000 0.000000 0.000000 0.000000 0.128755 0.006554 1.621609 2568.869640
0.864691 0.000000 0.000000 0.000000 0.000000 0.128755 0.006554 1.621609 2568.869640
0.864691 0.000000 0.000000 0.000000 0.000000 0.128755 0.006554 1.621609 2568.869640
0.864691 0.000000 0.000000 0.000000 0.000000 0.128755 0.006554 1.621609 2568.869640
0.864691 0.000000 0.000000 0.000000 0.000000 0.128755 0.006554 1.621609 2568.869640
0.864691 0.000000 0.000000 0.000000 0.000000 0.128755 0.006554 1.621609 2568.869640
0.864691 0.000000 0.000000 0.000000 0.000000 0.128755 0.006554 1.621609 2568.869640
0.864691 0.000000 0.000000 0.000000 0.000000 0.128755 0.006554 1.621609 2568.869640
0.864691 0.000000 0.000000 0.000000 0.000000 0.128755 0.006554 1.621609 2568.869640
0.864691 0.000000 0.000000 0.000000 0.000000 0.128755 0.006554 1.621609 2568.869640
0.864691 0.000000 0.000000 0.000000 0.000000 0.128755 0.006554 1.621609 2568.869640
0.864691 0.000000 0.000000 0.000000 0.000000 0.128755 0.006554 1.621609 2568.869640
0.864691 0.000000 0.000000 0.000000 0.000000 0.128755 0.006554 1.621609 2568.869640
0.864691 0.000000 0.000000 0.000000 0.000000 0.128755 0.006554 1.621609 2568.869640
0.864691 0.000000 0.000000 0.000000 0.000000 0.128755 0.006554 1.621609 2568.869640
0.864691 0.000000 0.000000 0.000000 0.000000 0.128755 0.006554 1.621609 2568.869640
0.864691 0.000000 0.000000 0.000000 0.000000 0.128755 0.006554 1.621609 2568.869640
0.864691 0.000000 0.000000 0.000000 0.000000 0.128755 0.006554 1.621609 2568.869640
0.864691 0.000000 0.000000 0.000000 0.000000 0.128755 0.006554 1.621609 2568.869640
0.864691 0.000000 0.000000 0.000000 0.000000 0.128755 0.006554 1.621609 2568.869640
0.864691 0.000000 0.000000 0.000000 0.000000 0.128755 0.006554 1.621609 2568.869640
0.864691 0.000000 0.000000 0.000000 0.000000 0.128755 0.006554 1.621609 2568.869640
0.864691 0.000000 0.000000 0.000000 0.000000 0.128755 0.006554 1.621609 2568.869640
0.864691 0.000000 0.000000 0.000000 0.000000 0.128755 0.006554 1.621609 2568.869640
0.864691 0.000000 0.000000 0.000000 0.000000 0.128755 0.006554 1.621609 2568.869640
0.864691 0.000000 0.000000 0.000000 0.000000 0.128755 0.006554 1.621609 2568.869640
0.864691 0.000000 0.000000 0.000000 0.000000 0.128755 0.006554 1.621609 2568.869640
0.864691 0.000000 0.000000 0.000000 0.000000 0.128755 0.006554 1.621609 2568.869640
0.864691 0.000000 0.000000 0.000000 0.000000 0.128755 0.006554 1.621609 2568.869640
0.864691 0.000000 0.000000 0.000000 0.000000 0.128755 0.006554 1.621609 2568.869640
0.864691 0.000000 0.000000 0.000000 0.000000 0.128755 0.006554 1.621609 2568.869640
0.864691 0.000000 0.000000 0.000000 0.000000 0.128755 0.006554 1.621609 2568.869640
0.864691 0.000000 0.000000 0.000000 0.000000 0.128755 0.006554 1.621609 2568.869640
0.864691 0.000000 0.000000 0.000000 0.000000 0.128755 0.006554 1.621609 2568.869640
0.864691 0.000000 0.000000 0.000000 0.000000 0.128755 0.006554 1.621609 2568.869640
0.864691 0.000000 0.000000 0.000000 0.000000 0.128755 0.006554 1.621609 2568.869640
0.864691 0.000000 0.000000 0.000000 0.000000 0.128755 0.006554 1.621609 2568.869640
0.864691 0.000000 0.000000 0.000000 0.000000 0.128755 0.006554 1.621609 2568.869640
0.864691 0.000000 0.000000 0.000000 0.000000 0.128755 0.006554 1.621609 2568.869640
0.864691 0.000000 0.000000 0.000000 0.000000 0.128755 0.006554 1.621609 2568.869640
0.864691 0.000000 0.000000 0.000000 0.000000 0.128755 0.006554 1.621609 2568.869640
0.864691 0.000000 0.000000 0.000000 0.000000 0.128755 0.006554 1.621609 2568.869640
0.864691 0.000000 0.000000 0.000000 0.000000 0.128755 0.006554 1.621609 2568.869640
0.864691 0.000000 0.000000 0.000000 0.000000 0.128755 0.006554 1.621609 2568.869640
0.864691 0.000000 0.000000 0.000000 0.000000 0.128755 0.006554 1.621609 2568.869640
0.864691 0.000000 0.000000 0.000000 0.000000 0.128755 0.006554 1.621609 2568.869640
0.864691 0.000000 0.000000 0.000000 0.000000 0.128755 0.006554 1.621609 2568.869640
0.864691 0.000000 0.000000 0.000000 0.000000 0.128755 0.006554 1.621609 2568.869640
0.864691 0.000000 0.000000 0.000000 0.000000 0.128755 0.006554 1.621609 2568.869640
0.864691 0.000000 0.000000 0.000000 0.000000 0.128755 0.006554 1.621609 2568.869640
0.864691 0.000000 0.000000 0.000000 0.000000 0.128755 0.006554 1.621609 2568.869640
0.864691 0.000000 0.000000 0.000000 0.000000 0.128755 0.006554 1.621609 2568.869640
0.864691 0.000000 0.000000 0.000000 0.000000 0.128755 0.006554 1.621609 2568.869640
0.864691 0.000000 0.000000 0.000000 0.000000 0.128755 0.006554 1.621609 2568.869640
0.864691 0.000000 0.000000 0.000000 0.000000 0.128755 0.006554 1.621609 2568.869640
0.864691 0.000000 0.000000 0.000000 0.000000 0.128755 0.006554 1.621609 2568.869640
0.864691 0.000000 0.000000 0.000000 0.000000 0.128755 0.006554 1.621609 2568.869640
0.864691 0.000000 0.000000 0.000000 0.000000 0.128755 0.006554 1.621609 2568.869640
0.864691 0.000000 0.000000 0.000000 0.000000 0.128755 0.006554 1.621609 2568.869640
0.864691 0.000000 0.000000 0.000000 0.000000 0.128755 0.006554 1.621609 2568.869640
0.864691 0.000000 0.000000 0.000000 0.000000 0.128755 0.006554 1.621609 2568.869640
0.864691 0.000000 0.000000 0.000000 0.000000 0.128755 0.006554 1.621609 2568.869640
0.864691 0.000000 0.000000 0.000000 0.000000 0.128755 0.006554 1.621609 2568.869640
0.864691 0.000000 0.000000 0.000000 0.000000 0.128755 0.006554 1.621609 2568.869640
0.864691 0.000000 0.000000 0.000000 0.000000 0.128755 0.006554 1.621609 2568.869640
0.864691 0.000000 0.000000 0.000000 0.000000 0.128755 0.006554 1.621609 2568.869640
0.864691 0.000000 0.000000 0.000000 0.000000 0.128755 0.006554 1.621609 2568.869640
0.864691 0.000000 0.000000 0.000000 0.000000 0.128755 0.006554 1.621609 2568.869640
0.864691 0.000000 0.000000 0.000000 0.000000 0.128755 0.006554 1.621609 2568.869640
0.864691 0.000000 0.000000 0.000000 0.000000 0.128755 0.006554 1.621609 2568.869640
0.864691 0.000000 0.000000 0.000000 0.000000 0.128755 0.006554 1.621609 2568.869640
0.864691 0.000000 0.000000 0.000000 0.000000 0.128755 0.006554 1.621609 2568.869640
0.864691 0.000000 0.000000 0.000000 0.000000 0.128755 0.006554 1.621609 2568.869640
0.864691 0.000000 0.000000 0.000000 0.000000 0.128755 0.006554 1.621609 2568.869640
0.864691 0.000000 0.000000 0.000000 0.000000 0.128755 0.006554 1.621609 2568.869640
0.864691 0.000000 0.000000 0.000000 0.000000 0.128755 0.006554 1.621609 2568.869640
0.864691 0.000000 0.000000 0.000000 0.000000 0.128755 0.006554 1.621609 2568.869640
0.864691 0.000000 0.000000 0.000000 0.000000 0.128755 0.006554 1.621609 2568.869640
0.864691 0.000000 0.000000 0.000000 0.000000 0.128755 0.006554 1.621609 2568.869640
0.864691 0.000000 0.000000 0.000000 0.000000 0.128755 0.006554 1.621609 2568.869640
0.864691 0.000000 0.000000 0.000000 0.000000 0.128755 0.006554 1.621609 2568.869640
0.864691 0.000000 0.000000 0.000000 0.000000 0.128755 0.006554 1.621609 2568.869640
0.864691 0.000000 0.000000 0.000000 0.000000 0.128755 0.006554 1.621609 2568.869640
0.864691 0.000000 0.000000 0.000000 0.000000 0.128755 0.006554 1.621609 2568.869640
0.864691 0.000000 0.000000 0.000000 0.000000 0.128755 0.006554 1.621609 2568.869640
0.864691 0.000000 0.000000 0.000000 0.000000 0.128755 0.006554 1.621609 2568.869640
0.864691 0.000000 0.000000 0.000000 0.000000 0.128755 0.006554 1.621609 2568.869640
0.864691 0.000000 0.000000 0.000000 0.000000 0.128755 0.006554 1.621609 2568.869640
0.864691 0.000000 0.000000 0.000000 0.000000 0.128755 0.006554 1.621609 2568.869640
0.864691 0.000000 0.000000 0.000000 0.000000 0.128755 0.006554 1.621609 2568.869640
0.864691 0.000000 0.000000 0.000000 0.000000 0.128755 0.006554 1.621609 2568.869640
0.864691 0.000000 0.000000 0.000000 0.000000 0.128755 0.006554 1.621609 2568.869640
0.864691 0.000000 0.000000 0.000000 0.000000 0.128755 0.006554 1.621609 2568.869640
0.864691 0.000000 0.000000 0.000000 0.000000 0.128755 0.006554 1.621609 2568.869640
0.864691 0.000000 0.000000 0.000000 0.000000 0.128755 0.006554 1.621609 2568.869640
0.864691 0.000000 0.000000 0.000000 0.000000 0.128755 0.006554 1.621609 2568.869640
0.864691 0.000000 0.000000 0.000000 0.000000 0.128755 0.006554 1.621609 2568.869640
0.864691 0.000000 0.000000 0.000000 0.000000 0.128755 0.006554 1.621609 2568.869640
0.864691 0.000000 0.000000 0.000000 0.000000 0.128755 0.006554 1.621609 2568.869640
0.864691 0.000000 0.000000 0.000000 0.000000 0.128755 0.006554 1.621609 2568.869640
0.864691 0.000000 0.000000 0.000000 0.000000 0.128755 0.006554 1.621609 2568.869640
0.864691 0.000000 0.000000 0.000000 0.000000 0.128755 0.006554 1.621609 2568.869640
0.864691 0.000000 0.000000 0.000000 0.000000 0.128755 0.006554 1.621609 2568.869640
0.864691 0.000000 0.000000 0.000000 0.000000 0.128755 0.006554 1.621609 2568.869640
0.864691 0.000000 0.000000 0.000000 0.000000 0.128755 0.006554 1.621609 2568.869640
0.864691 0.000000 0.000000 0.000000 0.000000 0.128755 0.006554 1.621609 2568.869640
0.864691 0.000000 0.000000 0.000000 0.000000 0.128755 0.006554 1.621609 2568.869640
0.864691 0.000000 0.000000 0.000000 0.000000 0.128755 0.006554 1.621609 2568.869640
0.864691 0.000000 0.000000 0.000000 0.000000 0.128755 0.006554 1.621609 2568.869640
0.864691 0.000000 0.000000 0.000000 0.000000 0.128755 0.006554 1.621609 2568.869640
0.864691 0.000000 0.000000 0.000000 0.000000 0.128755 0.006554 1.621609 2568.869640
0.864691 0.000000 0.000000 0.000000 0.000000 0.128755 0.006554 1.621609 2568.869640
0.864691 0.000000 0.000000 0.000000 0.000000 0.128755 0.006554 1.621609 2568.869640
0.864691 0.000000 0.000000 0.000000 0.000000 0.128755 0.006554 1.621609 2568.869640
0.864691 0.000000 0.000000 0.000000 0.000000 0.128755 0.006554 1.621609 2568.869640
0.864691 0.000000 0.000000 0.000000 0.000000 0.128755 0.006554 1.621609 2568.869640
0.864691 0.000000 0.000000 0.000000 0.000000 0.128755 0.006554 1.621609 2568.869640
0.864691 0.000000 0.000000 0.000000 0.000000 0.128755 0.006554 1.621609 2568.869640
0.864691 0.000000 0.000000 0.000000 0.000000 0.128755 0.006554 1.621609 2568.869640
0.864691 0.000000 0.000000 0.000000 0.000000 0.128755 0.006554 1.621609 2568.869640
0.864691 0.000000 0.000000 0.000000 0.000000 0.128755 0.006554 1.621609 2568.869640
0.864691 0.000000 0.000000 0.000000 0.000000 0.128755 0.006554 1.621609 2568.869640
0.864691 0.000000 0.000000 0.000000 0.000000 0.128755 0.006554 1.621609 2568.869640
0.864691 0.000000 0.000000 0.000000 0.000000 0.128755 0.006554 1.621609 2568.869640
0.864691 0.000000 0.000000 0.000000 0.000000 0.128755 0.006554 1.621609 2568.869640
0.864691 0.000000 0.000000 0.000000 0.000000 0.128755 0.006554 1.621609 2568.869640
0.864691 0.000000 0.000000 0.000000 0.000000 0.128755 0.006554 1.621609 2568.869640
0.864691 0.000000 0.000000 0.000000 0.000000 0.128755 0.006554 1.621609 2568.869640
0.864691 0.000000 0.000000 0.000000 0.000000 0.128755 0.006554 1.621609 2568.869640
0.864691 0.000000 0.000000 0.000000 0.000000 0.128755 0.006554 1.621609 2568.869640
0.864691 0.000000 0.000000 0.000000 0.000000 0.128755 0.006554 1.621609 2568.869640
0.864691 0.000000 0.000000 0.000000 0.000000 0.128755 0.006554 1.621609 2568.869640
0.864691 0.000000 0.000000 0.000000 0.000000 0.128755 0.006554 1.621609 2568.869640
0.864691 0.000000 0.000000 0.000000 0.000000 0.128755 0.006554 1.621609 2568.869640
0.864691 0.000000 0.000000 0.000000 0.000000 0.128755 0.006554 1.621609 2568.869640
0.864691 0.000000 0.000000 0.000000 0.000000 0.128755 0.006554 1.621609 2568.869640
0.864691 0.000000 0.000000 0.000000 0.000000 0.128755 0.006554 1.621609 2568.869640
0.864691 0.000000 0.000000 0.000000 0.000000 0.128755 0.006554 1.621609 2568.869640
0.864691 0.000000 0.000000 0.000000 0.000000 0.128755 0.006554 1.621609 2568.869640
0.864691 0.000000 0.000000 0.000000 0.000000 0.128755 0.006554 1.621609 2568.869640
0.864691 0.000000 0.000000 0.000000 0.000000 0.128755 0.006554 1.621609 2568.869640
0.864691 0.000000 0.000000 0.000000 0.000000 0.128755 0.006554 1.621609 2568.869640
0.864691 0.000000 0.000000 0.000000 0.000000 0.128755 0.006554 1.621609 2568.869640
0.864691 0.000000 0.000000 0.000000 0.000000 0.128755 0.006554 1.621609 2568.869640
0.864691 0.000000 0.000000 0.000000 0.000000 0.128755 0.006554 1.621609 2568.869640
0.864691 0.000000 0.000000 0.000000 0.000000 0.128755 0.006554 1.621609 2568.869640
0.864691 0.000000 0.000000 0.000000 0.000000 0.128755 0.006554 1.621609 2568.869640
0.864691 0.000000 0.000000 0.000000 0.000000 0.128755 0.006554 1.621609 2568.869640
0.864691 0.000000 0.000000 0.000000 0.000000 0.128755 0.006554 1.621609 2568.869640
0.864691 0.000000 0.000000 0.000000 0.000000 0.128755 0.006554 1.621609 2568.869640
0.864691 0.000000 0.000000 0.000000 0.000000 0.128755 0.006554 1.621609 2568.869640
0.864691 0.000000 0.000000 0.000000 0.000000 0.128755 0.006554 1.621609 2568.869640
