0.356193 0.062550 0.055259 0.031579 0.002058 0.486548 0.005813 1.594196 2040.299077
0.357522 0.061219 0.056345 0.030332 0.002060 0.486688 0.005834 1.600299 2049.944930
0.360459 0.058466 0.057155 0.029193 0.002050 0.486820 0.005857 1.606206 2059.755660
0.364319 0.055197 0.057634 0.028049 0.002035 0.486879 0.005888 1.611757 2071.193998
0.368652 0.051714 0.057902 0.026914 0.002025 0.486879 0.005915 1.616985 2082.595822
0.373429 0.048198 0.057793 0.025819 0.002002 0.486819 0.005941 1.621808 2094.128673
0.378453 0.044697 0.057511 0.024741 0.001981 0.486648 0.005968 1.626374 2104.939575
0.383678 0.041357 0.056887 0.023698 0.001977 0.486413 0.005990 1.630567 2113.746311
0.389036 0.038166 0.056088 0.022683 0.001960 0.486051 0.006016 1.634467 2123.902955
0.394538 0.035177 0.055054 0.021720 0.001931 0.485536 0.006044 1.638039 2133.413726
0.400095 0.032349 0.053902 0.020757 0.001905 0.484924 0.006069 1.641361 2142.935565
0.405739 0.029737 0.052597 0.019812 0.001875 0.484142 0.006098 1.644393 2153.285069
0.411434 0.027310 0.051271 0.018910 0.001849 0.483107 0.006121 1.647188 2163.726141
0.417088 0.025063 0.049822 0.018012 0.001822 0.482045 0.006148 1.649758 2173.050935
0.422944 0.022968 0.048258 0.017230 0.001791 0.480641 0.006169 1.652122 2183.275286
0.428700 0.021033 0.046704 0.016383 0.001755 0.479233 0.006192 1.654308 2194.308400
0.434504 0.019288 0.045061 0.015608 0.001726 0.477602 0.006211 1.656284 2203.425685
0.440176 0.017665 0.043422 0.014852 0.001692 0.475962 0.006231 1.658100 2212.774177
0.445957 0.016184 0.041744 0.014107 0.001652 0.474106 0.006251 1.659752 2223.381774
0.451734 0.014858 0.040008 0.013387 0.001621 0.472122 0.006270 1.661246 2231.812321
0.457434 0.013602 0.038370 0.012703 0.001589 0.470013 0.006290 1.662655 2241.102621
0.463186 0.012461 0.036731 0.012014 0.001553 0.467743 0.006312 1.663931 2251.546368
0.468887 0.011434 0.035119 0.011399 0.001516 0.465313 0.006333 1.665087 2261.970848
0.474623 0.010509 0.033505 0.010783 0.001480 0.462748 0.006352 1.666129 2272.482316
0.480285 0.009626 0.032020 0.010196 0.001450 0.460051 0.006371 1.667123 2281.982359
0.485925 0.008810 0.030569 0.009660 0.001412 0.457233 0.006391 1.668038 2291.061820
0.491425 0.008056 0.029131 0.009146 0.001384 0.454450 0.006408 1.668875 2298.954819
0.496984 0.007351 0.027785 0.008663 0.001359 0.451435 0.006423 1.669660 2306.718224
0.502566 0.006743 0.026430 0.008174 0.001323 0.448321 0.006442 1.670345 2316.461705
0.508001 0.006199 0.025127 0.007710 0.001293 0.445210 0.006459 1.670969 2325.533345
0.513518 0.005680 0.023875 0.007294 0.001257 0.441897 0.006478 1.671559 2335.793638
0.518939 0.005233 0.022631 0.006896 0.001226 0.438583 0.006493 1.672077 2344.106941
0.524303 0.004818 0.021458 0.006492 0.001198 0.435224 0.006507 1.672558 2351.469570
0.529716 0.004419 0.020317 0.006127 0.001162 0.431735 0.006524 1.673010 2361.205826
0.535063 0.004076 0.019200 0.005775 0.001126 0.428220 0.006540 1.673405 2370.522261
0.540324 0.003751 0.018175 0.005433 0.001094 0.424665 0.006558 1.673790 2378.454712
0.545526 0.003436 0.017215 0.005123 0.001068 0.421064 0.006568 1.674152 2385.994140
0.550745 0.003161 0.016250 0.004823 0.001041 0.417400 0.006581 1.674469 2392.775003
0.555892 0.002905 0.015363 0.004550 0.001013 0.413683 0.006593 1.674769 2400.496622
0.561021 0.002667 0.014507 0.004281 0.000984 0.409931 0.006609 1.675044 2408.498339
0.566018 0.002446 0.013707 0.004034 0.000952 0.406216 0.006627 1.675302 2416.417475
0.571016 0.002256 0.012912 0.003793 0.000925 0.402459 0.006639 1.675527 2423.235012
0.576017 0.002083 0.012199 0.003564 0.000897 0.398586 0.006653 1.675731 2430.928056
0.580927 0.001918 0.011539 0.003370 0.000871 0.394710 0.006665 1.675932 2437.912198
0.585818 0.001773 0.010888 0.003167 0.000847 0.390833 0.006674 1.676109 2445.265452
0.590604 0.001635 0.010273 0.002981 0.000818 0.387002 0.006686 1.676279 2452.969601
0.595401 0.001515 0.009667 0.002809 0.000796 0.383115 0.006696 1.676429 2459.430699
0.600176 0.001396 0.009124 0.002637 0.000775 0.379185 0.006707 1.676577 2465.866461
0.604881 0.001282 0.008579 0.002462 0.000753 0.375327 0.006717 1.676715 2472.395326
0.609558 0.001183 0.008091 0.002306 0.000731 0.371405 0.006725 1.676835 2479.277509
0.614191 0.001090 0.007605 0.002164 0.000708 0.367510 0.006733 1.676950 2485.590678
0.618723 0.001017 0.007154 0.002027 0.000687 0.363649 0.006743 1.677049 2492.568572
0.623226 0.000942 0.006724 0.001910 0.000668 0.359780 0.006751 1.677145 2498.373637
0.627661 0.000879 0.006334 0.001816 0.000643 0.355909 0.006760 1.677232 2504.521621
0.632059 0.000811 0.005957 0.001706 0.000623 0.352077 0.006768 1.677321 2510.667430
0.636405 0.000756 0.005588 0.001605 0.000596 0.348271 0.006779 1.677398 2518.026382
0.640733 0.000706 0.005246 0.001497 0.000582 0.344451 0.006786 1.677471 2522.544149
0.645033 0.000663 0.004930 0.001403 0.000559 0.340617 0.006796 1.677534 2529.683827
0.649265 0.000618 0.004652 0.001311 0.000544 0.336808 0.006803 1.677596 2534.590960
0.653428 0.000574 0.004370 0.001231 0.000524 0.333063 0.006809 1.677655 2539.567460
0.657610 0.000531 0.004110 0.001159 0.000509 0.329266 0.006816 1.677715 2544.099924
0.661595 0.000493 0.003879 0.001081 0.000491 0.325638 0.006824 1.677766 2549.655562
0.665608 0.000459 0.003648 0.001020 0.000469 0.321965 0.006832 1.677815 2556.275293
0.669592 0.000425 0.003419 0.000955 0.000455 0.318316 0.006837 1.677860 2560.865622
0.673557 0.000389 0.003227 0.000901 0.000437 0.314645 0.006844 1.677907 2566.360277
0.677482 0.000369 0.003027 0.000845 0.000423 0.311004 0.006850 1.677940 2570.748738
0.681289 0.000349 0.002840 0.000788 0.000405 0.307473 0.006856 1.677971 2576.681884
0.685087 0.000332 0.002675 0.000737 0.000390 0.303916 0.006863 1.678002 2580.986050
0.688838 0.000315 0.002520 0.000690 0.000383 0.300389 0.006866 1.678033 2583.522419
0.692569 0.000300 0.002369 0.000650 0.000370 0.296871 0.006872 1.678060 2587.709255
0.696250 0.000279 0.002224 0.000614 0.000358 0.293398 0.006878 1.678090 2591.204890
0.699825 0.000261 0.002086 0.000575 0.000344 0.290025 0.006884 1.678116 2595.468590
0.703372 0.000240 0.001971 0.000543 0.000332 0.286655 0.006887 1.678144 2599.397475
0.706916 0.000226 0.001852 0.000510 0.000320 0.283285 0.006891 1.678165 2603.561889
0.710416 0.000206 0.001748 0.000478 0.000306 0.279950 0.006896 1.678189 2608.438114
0.713890 0.000194 0.001648 0.000447 0.000295 0.276624 0.006901 1.678211 2612.397406
0.717344 0.000181 0.001545 0.000418 0.000286 0.273320 0.006905 1.678230 2615.697382
0.720699 0.000170 0.001452 0.000394 0.000278 0.270100 0.006908 1.678249 2618.871387
0.724074 0.000158 0.001369 0.000373 0.000265 0.266850 0.006911 1.678267 2623.206526
0.727417 0.000149 0.001282 0.000347 0.000254 0.263637 0.006915 1.678282 2627.407781
0.730674 0.000139 0.001200 0.000327 0.000245 0.260495 0.006919 1.678296 2630.178136
0.733956 0.000132 0.001122 0.000307 0.000235 0.257326 0.006923 1.678310 2634.049772
0.737120 0.000121 0.001063 0.000289 0.000227 0.254254 0.006926 1.678325 2637.118975
0.740296 0.000116 0.000998 0.000273 0.000218 0.251167 0.006932 1.678336 2640.755942
0.743407 0.000110 0.000941 0.000254 0.000211 0.248143 0.006934 1.678348 2643.184975
0.746479 0.000105 0.000880 0.000240 0.000204 0.245156 0.006937 1.678357 2646.210160
0.749558 0.000100 0.000827 0.000226 0.000195 0.242153 0.006941 1.678367 2649.334994
0.752589 0.000092 0.000779 0.000211 0.000188 0.239198 0.006944 1.678379 2652.305434
0.755543 0.000087 0.000730 0.000199 0.000181 0.236316 0.006945 1.678387 2654.828337
0.758467 0.000082 0.000684 0.000186 0.000174 0.233460 0.006946 1.678395 2657.667581
0.761363 0.000077 0.000643 0.000177 0.000168 0.230623 0.006949 1.678403 2660.148523
0.764253 0.000074 0.000604 0.000166 0.000162 0.227791 0.006951 1.678411 2662.605772
0.767091 0.000068 0.000566 0.000157 0.000156 0.225009 0.006953 1.678419 2664.673610
0.769864 0.000064 0.000529 0.000147 0.000150 0.222290 0.006955 1.678426 2667.008850
0.772643 0.000060 0.000500 0.000139 0.000144 0.219557 0.006957 1.678434 2669.295426
0.775373 0.000060 0.000471 0.000129 0.000140 0.216867 0.006960 1.678436 2671.249104
0.778117 0.000056 0.000442 0.000122 0.000136 0.214164 0.006962 1.678443 2673.277321
0.780739 0.000056 0.000419 0.000116 0.000130 0.211577 0.006964 1.678447 2675.645381
0.783369 0.000049 0.000400 0.000107 0.000126 0.208985 0.006965 1.678455 2677.764720
0.785955 0.000045 0.000375 0.000102 0.000120 0.206435 0.006968 1.678461 2680.477977
0.788524 0.000045 0.000346 0.000096 0.000115 0.203904 0.006970 1.678464 2683.078915
0.791070 0.000044 0.000323 0.000092 0.000111 0.201388 0.006972 1.678468 2685.446781
0.793607 0.000042 0.000303 0.000086 0.000106 0.198882 0.006974 1.678472 2687.824773
0.796122 0.000040 0.000288 0.000082 0.000102 0.196390 0.006975 1.678476 2689.508176
0.798565 0.000036 0.000268 0.000078 0.000099 0.193977 0.006977 1.678480 2691.242718
0.800986 0.000033 0.000251 0.000076 0.000094 0.191580 0.006980 1.678485 2693.453736
0.803326 0.000033 0.000237 0.000071 0.000091 0.189260 0.006982 1.678488 2694.685637
0.805610 0.000032 0.000223 0.000066 0.000088 0.186998 0.006983 1.678491 2696.458757
0.807888 0.000033 0.000208 0.000062 0.000084 0.184741 0.006983 1.678493 2698.448491
0.810137 0.000032 0.000192 0.000060 0.000079 0.182515 0.006985 1.678496 2700.567620
0.812309 0.000030 0.000181 0.000058 0.000075 0.180360 0.006986 1.678499 2701.964501
0.814506 0.000029 0.000171 0.000055 0.000072 0.178180 0.006987 1.678502 2703.606349
0.816598 0.000029 0.000163 0.000052 0.000069 0.176101 0.006988 1.678505 2704.813272
0.818665 0.000028 0.000152 0.000047 0.000067 0.174052 0.006989 1.678507 2705.648294
0.820684 0.000026 0.000145 0.000044 0.000064 0.172046 0.006989 1.678509 2707.081243
0.822595 0.000025 0.000136 0.000042 0.000061 0.170149 0.006991 1.678511 2708.343237
0.824484 0.000024 0.000128 0.000039 0.000058 0.168273 0.006992 1.678514 2709.715744
0.826273 0.000023 0.000120 0.000037 0.000056 0.166497 0.006993 1.678516 2710.726458
0.828031 0.000020 0.000116 0.000036 0.000054 0.164749 0.006995 1.678520 2711.799694
0.829734 0.000019 0.000110 0.000033 0.000051 0.163058 0.006995 1.678522 2712.898877
0.831354 0.000018 0.000103 0.000032 0.000049 0.161448 0.006996 1.678523 2714.237697
0.832970 0.000018 0.000097 0.000030 0.000048 0.159842 0.006996 1.678526 2715.224676
0.834513 0.000017 0.000092 0.000029 0.000045 0.158307 0.006996 1.678528 2716.176398
0.836011 0.000018 0.000085 0.000027 0.000043 0.156819 0.006996 1.678528 2717.352716
0.837422 0.000017 0.000082 0.000026 0.000041 0.155415 0.006997 1.678530 2718.307214
0.838766 0.000014 0.000080 0.000025 0.000040 0.154077 0.006998 1.678533 2719.047821
0.840056 0.000015 0.000075 0.000024 0.000037 0.152794 0.006999 1.678534 2720.571650
0.841316 0.000013 0.000072 0.000023 0.000036 0.151540 0.006999 1.678536 2721.216081
0.842508 0.000013 0.000067 0.000021 0.000034 0.150356 0.007000 1.678537 2721.899694
0.843654 0.000013 0.000063 0.000019 0.000033 0.149217 0.007001 1.678538 2722.667212
0.844762 0.000014 0.000060 0.000017 0.000031 0.148115 0.007001 1.678540 2723.500051
0.845810 0.000013 0.000056 0.000016 0.000029 0.147073 0.007002 1.678541 2724.588198
0.846821 0.000014 0.000053 0.000016 0.000029 0.146066 0.007002 1.678542 2725.029296
0.847810 0.000013 0.000049 0.000015 0.000028 0.145083 0.007002 1.678543 2725.610880
0.848745 0.000012 0.000046 0.000015 0.000027 0.144153 0.007002 1.678544 2726.042000
0.849631 0.000012 0.000043 0.000014 0.000025 0.143272 0.007003 1.678544 2727.430692
0.850500 0.000011 0.000041 0.000013 0.000023 0.142407 0.007004 1.678546 2728.490005
0.851305 0.000011 0.000040 0.000011 0.000022 0.141607 0.007004 1.678547 2728.801062
0.852110 0.000010 0.000039 0.000011 0.000021 0.140804 0.007005 1.678548 2729.260107
0.852873 0.000009 0.000036 0.000010 0.000021 0.140045 0.007005 1.678549 2729.554491
0.853599 0.000010 0.000033 0.000009 0.000019 0.139324 0.007006 1.678549 2730.584466
0.854254 0.000010 0.000030 0.000009 0.000019 0.138672 0.007006 1.678550 2730.584466
0.854878 0.000010 0.000027 0.000008 0.000019 0.138052 0.007006 1.678550 2730.601593
0.855468 0.000009 0.000025 0.000009 0.000017 0.137466 0.007007 1.678552 2731.639293
0.856051 0.000009 0.000024 0.000008 0.000017 0.136884 0.007007 1.678552 2731.979190
0.856560 0.000008 0.000023 0.000008 0.000017 0.136378 0.007007 1.678553 2732.018019
0.857052 0.000008 0.000021 0.000008 0.000016 0.135888 0.007008 1.678554 2732.522224
0.857531 0.000008 0.000021 0.000007 0.000016 0.135409 0.007008 1.678555 2732.522224
0.857993 0.000008 0.000021 0.000007 0.000015 0.134950 0.007008 1.678556 2733.153778
0.858436 0.000007 0.000021 0.000007 0.000014 0.134508 0.007008 1.678556 2733.549367
0.858844 0.000006 0.000020 0.000007 0.000014 0.134100 0.007009 1.678557 2734.080599
0.859233 0.000006 0.000020 0.000006 0.000013 0.133714 0.007009 1.678557 2734.411333
0.859609 0.000006 0.000019 0.000006 0.000013 0.133339 0.007009 1.678558 2734.411333
0.859988 0.000006 0.000018 0.000005 0.000012 0.132961 0.007009 1.678558 2734.716259
0.860330 0.000006 0.000017 0.000005 0.000011 0.132621 0.007009 1.678558 2735.389560
0.860652 0.000005 0.000016 0.000006 0.000011 0.132301 0.007010 1.678559 2735.618508
0.860950 0.000005 0.000016 0.000006 0.000011 0.132004 0.007010 1.678560 2735.618508
0.861248 0.000005 0.000016 0.000006 0.000010 0.131706 0.007010 1.678561 2736.018698
0.861539 0.000005 0.000014 0.000005 0.000010 0.131416 0.007010 1.678561 2736.187841
0.861820 0.000005 0.000014 0.000005 0.000010 0.131135 0.007010 1.678561 2736.187841
0.862087 0.000004 0.000014 0.000005 0.000010 0.130869 0.007010 1.678562 2736.376443
0.862333 0.000004 0.000013 0.000004 0.000009 0.130625 0.007010 1.678562 2736.381309
0.862565 0.000004 0.000012 0.000004 0.000009 0.130395 0.007011 1.678562 2736.776431
0.862776 0.000004 0.000011 0.000004 0.000009 0.130185 0.007011 1.678563 2736.945607
0.862987 0.000005 0.000011 0.000004 0.000008 0.129974 0.007011 1.678563 2737.058909
0.863191 0.000005 0.000012 0.000003 0.000008 0.129770 0.007011 1.678564 2737.258363
0.863389 0.000004 0.000012 0.000003 0.000008 0.129573 0.007011 1.678564 2737.258363
0.863588 0.000003 0.000011 0.000003 0.000008 0.129376 0.007011 1.678565 2737.381051
0.863766 0.000004 0.000011 0.000002 0.000007 0.129199 0.007011 1.678565 2737.744434
0.863946 0.000003 0.000011 0.000002 0.000007 0.129020 0.007011 1.678566 2737.744434
0.864113 0.000003 0.000011 0.000002 0.000007 0.128853 0.007011 1.678567 2738.147528
0.864269 0.000003 0.000010 0.000002 0.000007 0.128698 0.007011 1.678567 2738.337373
0.864423 0.000002 0.000011 0.000002 0.000006 0.128545 0.007012 1.678567 2738.524693
0.864563 0.000002 0.000009 0.000002 0.000006 0.128406 0.007012 1.678567 2738.665744
0.864698 0.000002 0.000008 0.000002 0.000006 0.128272 0.007012 1.678568 2738.946631
0.864820 0.000002 0.000009 0.000002 0.000006 0.128150 0.007012 1.678568 2739.077124
0.864940 0.000002 0.000008 0.000002 0.000005 0.128031 0.007012 1.678568 2739.268351
0.865068 0.000002 0.000007 0.000002 0.000005 0.127904 0.007012 1.678569 2739.412426
0.865183 0.000002 0.000008 0.000002 0.000005 0.127789 0.007012 1.678569 2739.412426
0.865291 0.000001 0.000007 0.000003 0.000005 0.127682 0.007012 1.678569 2739.603777
0.865397 0.000002 0.000006 0.000003 0.000005 0.127577 0.007012 1.678569 2739.603777
0.865492 0.000002 0.000005 0.000002 0.000004 0.127483 0.007012 1.678569 2739.844447
0.865586 0.000001 0.000006 0.000002 0.000004 0.127388 0.007013 1.678570 2740.069794
0.865677 0.000001 0.000005 0.000002 0.000004 0.127297 0.007013 1.678570 2740.069794
0.865766 0.000001 0.000005 0.000002 0.000004 0.127210 0.007013 1.678570 2740.069794
0.865850 0.000001 0.000005 0.000001 0.000004 0.127127 0.007013 1.678570 2740.239141
0.865923 0.000001 0.000004 0.000001 0.000003 0.127055 0.007013 1.678570 2740.601755
0.865981 0.000001 0.000004 0.000001 0.000003 0.126997 0.007013 1.678570 2740.798120
0.866034 0.000001 0.000004 0.000001 0.000003 0.126945 0.007013 1.678570 2741.021922
0.866088 0.000001 0.000004 0.000001 0.000003 0.126891 0.007013 1.678570 2741.021922
0.866139 0.000001 0.000004 0.000001 0.000003 0.126840 0.007013 1.678570 2741.021922
0.866190 0.000001 0.000004 0.000001 0.000002 0.126790 0.007013 1.678570 2741.086015
0.866237 0.000001 0.000003 0.000001 0.000002 0.126742 0.007013 1.678570 2741.086015
0.866278 0.000001 0.000003 0.000001 0.000002 0.126701 0.007013 1.678570 2741.086015
0.866321 0.000001 0.000003 0.000001 0.000002 0.126659 0.007013 1.678570 2741.086015
0.866364 0.000001 0.000003 0.000001 0.000002 0.126616 0.007014 1.678570 2741.292699
0.866401 0.000001 0.000003 0.000001 0.000002 0.126580 0.007014 1.678570 2741.292699
0.866444 0.000001 0.000003 0.000001 0.000002 0.126536 0.007014 1.678570 2741.292699
0.866481 0.000001 0.000002 0.000001 0.000002 0.126499 0.007014 1.678570 2741.494988
0.866517 0.000001 0.000002 0.000001 0.000002 0.126463 0.007014 1.678570 2741.494988
0.866552 0.000000 0.000003 0.000001 0.000002 0.126429 0.007014 1.678571 2741.494988
0.866585 0.000001 0.000003 0.000001 0.000002 0.126395 0.007014 1.678571 2741.494988
0.866621 0.000001 0.000002 0.000001 0.000002 0.126359 0.007014 1.678571 2741.494988
0.866650 0.000001 0.000002 0.000001 0.000002 0.126330 0.007014 1.678571 2741.494988
0.866681 0.000000 0.000003 0.000001 0.000002 0.126300 0.007014 1.678571 2741.633827
0.866707 0.000000 0.000003 0.000001 0.000001 0.126274 0.007014 1.678571 2741.655216
0.866733 0.000000 0.000003 0.000001 0.000001 0.126248 0.007014 1.678571 2741.655216
0.866758 0.000000 0.000002 0.000001 0.000001 0.126223 0.007014 1.678571 2741.655216
0.866781 0.000000 0.000002 0.000001 0.000001 0.126200 0.007014 1.678571 2741.655216
0.866807 0.000000 0.000002 0.000001 0.000001 0.126174 0.007014 1.678571 2741.655216
0.866829 0.000000 0.000002 0.000001 0.000001 0.126152 0.007014 1.678571 2741.655216
0.866853 0.000000 0.000002 0.000001 0.000001 0.126128 0.007014 1.678571 2741.655216
0.866876 0.000000 0.000002 0.000001 0.000001 0.126106 0.007014 1.678571 2741.692991
0.866894 0.000000 0.000002 0.000001 0.000001 0.126087 0.007014 1.678571 2741.692991
0.866914 0.000000 0.000002 0.000001 0.000001 0.126068 0.007014 1.678572 2741.957079
0.866933 0.000000 0.000002 0.000001 0.000001 0.126049 0.007014 1.678572 2741.957079
0.866949 0.000000 0.000002 0.000001 0.000000 0.126033 0.007014 1.678572 2742.010944
0.866965 0.000000 0.000002 0.000001 0.000000 0.126018 0.007014 1.678572 2742.010944
0.866979 0.000000 0.000001 0.000001 0.000000 0.126004 0.007014 1.678572 2742.010944
0.866992 0.000000 0.000001 0.000001 0.000000 0.125991 0.007014 1.678572 2742.010944
0.867005 0.000000 0.000001 0.000001 0.000000 0.125979 0.007014 1.678572 2742.010944
0.867015 0.000000 0.000001 0.000001 0.000000 0.125969 0.007014 1.678572 2742.010944
0.867029 0.000000 0.000001 0.000001 0.000000 0.125954 0.007014 1.678572 2742.010944
0.867041 0.000000 0.000000 0.000001 0.000000 0.125943 0.007014 1.678572 2742.010944
0.867052 0.000000 0.000000 0.000001 0.000000 0.125932 0.007014 1.678572 2742.010944
0.867058 0.000000 0.000000 0.000000 0.000000 0.125926 0.007014 1.678572 2742.010944
0.867066 0.000000 0.000000 0.000000 0.000000 0.125918 0.007015 1.678572 2742.179400
0.867070 0.000000 0.000000 0.000000 0.000000 0.125915 0.007015 1.678572 2742.179400
0.867075 0.000000 0.000000 0.000000 0.000000 0.125910 0.007015 1.678572 2742.179400
0.867079 0.000000 0.000000 0.000000 0.000000 0.125906 0.007015 1.678572 2742.179400
0.867082 0.000000 0.000000 0.000000 0.000000 0.125903 0.007015 1.678572 2742.179400
0.867085 0.000000 0.000000 0.000000 0.000000 0.125900 0.007015 1.678572 2742.179400
0.867089 0.000000 0.000000 0.000000 0.000000 0.125896 0.007015 1.678572 2742.179400
0.867092 0.000000 0.000000 0.000000 0.000000 0.125893 0.007015 1.678572 2742.179400
0.867094 0.000000 0.000000 0.000000 0.000000 0.125891 0.007015 1.678572 2742.179400
0.867096 0.000000 0.000000 0.000000 0.000000 0.125889 0.007015 1.678572 2742.179400
0.867097 0.000000 0.000000 0.000000 0.000000 0.125888 0.007015 1.678572 2742.179400
0.867099 0.000000 0.000000 0.000000 0.000000 0.125886 0.007015 1.678572 2742.179400
0.867101 0.000000 0.000000 0.000000 0.000000 0.125884 0.007015 1.678572 2742.179400
0.867104 0.000000 0.000000 0.000000 0.000000 0.125881 0.007015 1.678572 2742.179400
0.867106 0.000000 0.000000 0.000000 0.000000 0.125879 0.007015 1.678572 2742.179400
0.867109 0.000000 0.000000 0.000000 0.000000 0.125876 0.007015 1.678572 2742.179400
0.867110 0.000000 0.000000 0.000000 0.000000 0.125875 0.007015 1.678572 2742.179400
0.867112 0.000000 0.000000 0.000000 0.000000 0.125873 0.007015 1.678572 2742.179400
0.867112 0.000000 0.000000 0.000000 0.000000 0.125873 0.007015 1.678572 2742.179400
0.867114 0.000000 0.000000 0.000000 0.000000 0.125871 0.007015 1.678572 2742.179400
0.867115 0.000000 0.000000 0.000000 0.000000 0.125871 0.007015 1.678572 2742.179400
0.867116 0.000000 0.000000 0.000000 0.000000 0.125869 0.007015 1.678572 2742.179400
0.867117 0.000000 0.000000 0.000000 0.000000 0.125869 0.007015 1.678572 2742.179400
0.867117 0.000000 0.000000 0.000000 0.000000 0.125868 0.007015 1.678572 2742.179400
0.867118 0.000000 0.000000 0.000000 0.000000 0.125867 0.007015 1.678572 2742.179400
0.867119 0.000000 0.000000 0.000000 0.000000 0.125867 0.007015 1.678572 2742.179400
0.867119 0.000000 0.000000 0.000000 0.000000 0.125866 0.007015 1.678572 2742.179400
0.867120 0.000000 0.000000 0.000000 0.000000 0.125865 0.007015 1.678572 2742.179400
0.867121 0.000000 0.000000 0.000000 0.000000 0.125865 0.007015 1.678572 2742.179400
0.867122 0.000000 0.000000 0.000000 0.000000 0.125863 0.007015 1.678572 2742.179400
0.867123 0.000000 0.000000 0.000000 0.000000 0.125862 0.007015 1.678572 2742.179400
0.867124 0.000000 0.000000 0.000000 0.000000 0.125861 0.007015 1.678572 2742.179400
0.867126 0.000000 0.000000 0.000000 0.000000 0.125860 0.007015 1.678572 2742.179400
0.867127 0.000000 0.000000 0.000000 0.000000 0.125859 0.007015 1.678572 2742.179400
0.867127 0.000000 0.000000 0.000000 0.000000 0.125858 0.007015 1.678572 2742.179400
0.867128 0.000000 0.000000 0.000000 0.000000 0.125857 0.007015 1.678572 2742.179400
0.867129 0.000000 0.000000 0.000000 0.000000 0.125856 0.007015 1.678572 2742.179400
0.867130 0.000000 0.000000 0.000000 0.000000 0.125855 0.007015 1.678572 2742.179400
0.867130 0.000000 0.000000 0.000000 0.000000 0.125856 0.007015 1.678572 2742.458462
0.867130 0.000000 0.000000 0.000000 0.000000 0.125856 0.007015 1.678572 2742.458462
0.867130 0.000000 0.000000 0.000000 0.000000 0.125856 0.007015 1.678572 2742.458462
0.867130 0.000000 0.000000 0.000000 0.000000 0.125856 0.007015 1.678572 2742.458462
0.867130 0.000000 0.000000 0.000000 0.000000 0.125856 0.007015 1.678572 2742.458462
0.867130 0.000000 0.000000 0.000000 0.000000 0.125856 0.007015 1.678572 2742.458462
0.867130 0.000000 0.000000 0.000000 0.000000 0.125856 0.007015 1.678572 2742.458462
0.867130 0.000000 0.000000 0.000000 0.000000 0.125856 0.007015 1.678572 2742.458462
0.867130 0.000000 0.000000 0.000000 0.000000 0.125856 0.007015 1.678572 2742.458462
0.867130 0.000000 0.000000 0.000000 0.000000 0.125856 0.007015 1.678572 2742.458462
0.867130 0.000000 0.000000 0.000000 0.000000 0.125856 0.007015 1.678572 2742.458462
0.867130 0.000000 0.000000 0.000000 0.000000 0.125856 0.007015 1.678572 2742.458462
0.867130 0.000000 0.000000 0.000000 0.000000 0.125856 0.007015 1.678572 2742.458462
0.867130 0.000000 0.000000 0.000000 0.000000 0.125856 0.007015 1.678572 2742.458462
0.867130 0.000000 0.000000 0.000000 0.000000 0.125856 0.007015 1.678572 2742.458462
0.867130 0.000000 0.000000 0.000000 0.000000 0.125856 0.007015 1.678572 2742.458462
0.867130 0.000000 0.000000 0.000000 0.000000 0.125856 0.007015 1.678572 2742.458462
0.867130 0.000000 0.000000 0.000000 0.000000 0.125856 0.007015 1.678572 2742.458462
0.867130 0.000000 0.000000 0.000000 0.000000 0.125856 0.007015 1.678572 2742.458462
0.867130 0.000000 0.000000 0.000000 0.000000 0.125856 0.007015 1.678572 2742.458462
0.867130 0.000000 0.000000 0.000000 0.000000 0.125856 0.007015 1.678572 2742.458462
0.867130 0.000000 0.000000 0.000000 0.000000 0.125856 0.007015 1.678572 2742.458462
0.867130 0.000000 0.000000 0.000000 0.000000 0.125856 0.007015 1.678572 2742.458462
0.867130 0.000000 0.000000 0.000000 0.000000 0.125856 0.007015 1.678572 2742.458462
0.867130 0.000000 0.000000 0.000000 0.000000 0.125856 0.007015 1.678572 2742.458462
0.867130 0.000000 0.000000 0.000000 0.000000 0.125856 0.007015 1.678572 2742.458462
0.867130 0.000000 0.000000 0.000000 0.000000 0.125856 0.007015 1.678572 2742.458462
0.867130 0.000000 0.000000 0.000000 0.000000 0.125856 0.007015 1.678572 2742.458462
0.867130 0.000000 0.000000 0.000000 0.000000 0.125856 0.007015 1.678572 2742.458462
0.867130 0.000000 0.000000 0.000000 0.000000 0.125856 0.007015 1.678572 2742.458462
0.867130 0.000000 0.000000 0.000000 0.000000 0.125856 0.007015 1.678572 2742.458462
0.867130 0.000000 0.000000 0.000000 0.000000 0.125856 0.007015 1.678572 2742.458462
0.867130 0.000000 0.000000 0.000000 0.000000 0.125856 0.007015 1.678572 2742.458462
0.867130 0.000000 0.000000 0.000000 0.000000 0.125856 0.007015 1.678572 2742.458462
0.867130 0.000000 0.000000 0.000000 0.000000 0.125856 0.007015 1.678572 2742.458462
0.867130 0.000000 0.000000 0.000000 0.000000 0.125856 0.007015 1.678572 2742.458462
0.867130 0.000000 0.000000 0.000000 0.000000 0.125856 0.007015 1.678572 2742.458462
0.867130 0.000000 0.000000 0.000000 0.000000 0.125856 0.007015 1.678572 2742.458462
0.867130 0.000000 0.000000 0.000000 0.000000 0.125856 0.007015 1.678572 2742.458462
0.867130 0.000000 0.000000 0.000000 0.000000 0.125856 0.007015 1.678572 2742.458462
0.867130 0.000000 0.000000 0.000000 0.000000 0.125856 0.007015 1.678572 2742.458462
0.867130 0.000000 0.000000 0.000000 0.000000 0.125856 0.007015 1.678572 2742.458462
0.867130 0.000000 0.000000 0.000000 0.000000 0.125856 0.007015 1.678572 2742.458462
0.867130 0.000000 0.000000 0.000000 0.000000 0.125856 0.007015 1.678572 2742.458462
0.867130 0.000000 0.000000 0.000000 0.000000 0.125856 0.007015 1.678572 2742.458462
0.867130 0.000000 0.000000 0.000000 0.000000 0.125856 0.007015 1.678572 2742.458462
0.867130 0.000000 0.000000 0.000000 0.000000 0.125856 0.007015 1.678572 2742.458462
0.867130 0.000000 0.000000 0.000000 0.000000 0.125856 0.007015 1.678572 2742.458462
0.867130 0.000000 0.000000 0.000000 0.000000 0.125856 0.007015 1.678572 2742.458462
0.867130 0.000000 0.000000 0.000000 0.000000 0.125856 0.007015 1.678572 2742.458462
0.867130 0.000000 0.000000 0.000000 0.000000 0.125856 0.007015 1.678572 2742.458462
0.867130 0.000000 0.000000 0.000000 0.000000 0.125856 0.007015 1.678572 2742.458462
0.867130 0.000000 0.000000 0.000000 0.000000 0.125856 0.007015 1.678572 2742.458462
0.867130 0.000000 0.000000 0.000000 0.000000 0.125856 0.007015 1.678572 2742.458462
0.867130 0.000000 0.000000 0.000000 0.000000 0.125856 0.007015 1.678572 2742.458462
0.867130 0.000000 0.000000 0.000000 0.000000 0.125856 0.007015 1.678572 2742.458462
0.867130 0.000000 0.000000 0.000000 0.000000 0.125856 0.007015 1.678572 2742.458462
0.867130 0.000000 0.000000 0.000000 0.000000 0.125856 0.007015 1.678572 2742.458462
0.867130 0.000000 0.000000 0.000000 0.000000 0.125856 0.007015 1.678572 2742.458462
0.867130 0.000000 0.000000 0.000000 0.000000 0.125856 0.007015 1.678572 2742.458462
0.867130 0.000000 0.000000 0.000000 0.000000 0.125856 0.007015 1.678572 2742.458462
0.867130 0.000000 0.000000 0.000000 0.000000 0.125856 0.007015 1.678572 2742.458462
0.867130 0.000000 0.000000 0.000000 0.000000 0.125856 0.007015 1.678572 2742.458462
0.867130 0.000000 0.000000 0.000000 0.000000 0.125856 0.007015 1.678572 2742.458462
0.867130 0.000000 0.000000 0.000000 0.000000 0.125856 0.007015 1.678572 2742.458462
0.867130 0.000000 0.000000 0.000000 0.000000 0.125856 0.007015 1.678572 2742.458462
0.867130 0.000000 0.000000 0.000000 0.000000 0.125856 0.007015 1.678572 2742.458462
0.867130 0.000000 0.000000 0.000000 0.000000 0.125856 0.007015 1.678572 2742.458462
0.867130 0.000000 0.000000 0.000000 0.000000 0.125856 0.007015 1.678572 2742.458462
0.867130 0.000000 0.000000 0.000000 0.000000 0.125856 0.007015 1.678572 2742.458462
0.867130 0.000000 0.000000 0.000000 0.000000 0.125856 0.007015 1.678572 2742.458462
0.867130 0.000000 0.000000 0.000000 0.000000 0.125856 0.007015 1.678572 2742.458462
0.867130 0.000000 0.000000 0.000000 0.000000 0.125856 0.007015 1.678572 2742.458462
0.867130 0.000000 0.000000 0.000000 0.000000 0.125856 0.007015 1.678572 2742.458462
0.867130 0.000000 0.000000 0.000000 0.000000 0.125856 0.007015 1.678572 2742.458462
0.867130 0.000000 0.000000 0.000000 0.000000 0.125856 0.007015 1.678572 2742.458462
0.867130 0.000000 0.000000 0.000000 0.000000 0.125856 0.007015 1.678572 2742.458462
0.867130 0.000000 0.000000 0.000000 0.000000 0.125856 0.007015 1.678572 2742.458462
0.867130 0.000000 0.000000 0.000000 0.000000 0.125856 0.007015 1.678572 2742.458462
0.867130 0.000000 0.000000 0.000000 0.000000 0.125856 0.007015 1.678572 2742.458462
0.867130 0.000000 0.000000 0.000000 0.000000 0.125856 0.007015 1.678572 2742.458462
0.867130 0.000000 0.000000 0.000000 0.000000 0.125856 0.007015 1.678572 2742.458462
0.867130 0.000000 0.000000 0.000000 0.000000 0.125856 0.007015 1.678572 2742.458462
0.867130 0.000000 0.000000 0.000000 0.000000 0.125856 0.007015 1.678572 2742.458462
0.867130 0.000000 0.000000 0.000000 0.000000 0.125856 0.007015 1.678572 2742.458462
0.867130 0.000000 0.000000 0.000000 0.000000 0.125856 0.007015 1.678572 2742.458462
0.867130 0.000000 0.000000 0.000000 0.000000 0.125856 0.007015 1.678572 2742.458462
0.867130 0.000000 0.000000 0.000000 0.000000 0.125856 0.007015 1.678572 2742.458462
0.867130 0.000000 0.000000 0.000000 0.000000 0.125856 0.007015 1.678572 2742.458462
0.867130 0.000000 0.000000 0.000000 0.000000 0.125856 0.007015 1.678572 2742.458462
0.867130 0.000000 0.000000 0.000000 0.000000 0.125856 0.007015 1.678572 2742.458462
0.867130 0.000000 0.000000 0.000000 0.000000 0.125856 0.007015 1.678572 2742.458462
0.867130 0.000000 0.000000 0.000000 0.000000 0.125856 0.007015 1.678572 2742.458462
0.867130 0.000000 0.000000 0.000000 0.000000 0.125856 0.007015 1.678572 2742.458462
0.867130 0.000000 0.000000 0.000000 0.000000 0.125856 0.007015 1.678572 2742.458462
0.867130 0.000000 0.000000 0.000000 0.000000 0.125856 0.007015 1.678572 2742.458462
0.867130 0.000000 0.000000 0.000000 0.000000 0.125856 0.007015 1.678572 2742.458462
0.867130 0.000000 0.000000 0.000000 0.000000 0.125856 0.007015 1.678572 2742.458462
0.867130 0.000000 0.000000 0.000000 0.000000 0.125856 0.007015 1.678572 2742.458462
0.867130 0.000000 0.000000 0.000000 0.000000 0.125856 0.007015 1.678572 2742.458462
0.867130 0.000000 0.000000 0.000000 0.000000 0.125856 0.007015 1.678572 2742.458462
0.867130 0.000000 0.000000 0.000000 0.000000 0.125856 0.007015 1.678572 2742.458462
0.867130 0.000000 0.000000 0.000000 0.000000 0.125856 0.007015 1.678572 2742.458462
0.867130 0.000000 0.000000 0.000000 0.000000 0.125856 0.007015 1.678572 2742.458462
0.867130 0.000000 0.000000 0.000000 0.000000 0.125856 0.007015 1.678572 2742.458462
0.867130 0.000000 0.000000 0.000000 0.000000 0.125856 0.007015 1.678572 2742.458462
0.867130 0.000000 0.000000 0.000000 0.000000 0.125856 0.007015 1.678572 2742.458462
0.867130 0.000000 0.000000 0.000000 0.000000 0.125856 0.007015 1.678572 2742.458462
0.867130 0.000000 0.000000 0.000000 0.000000 0.125856 0.007015 1.678572 2742.458462
0.867130 0.000000 0.000000 0.000000 0.000000 0.125856 0.007015 1.678572 2742.458462
0.867130 0.000000 0.000000 0.000000 0.000000 0.125856 0.007015 1.678572 2742.458462
0.867130 0.000000 0.000000 0.000000 0.000000 0.125856 0.007015 1.678572 2742.458462
0.867130 0.000000 0.000000 0.000000 0.000000 0.125856 0.007015 1.678572 2742.458462
0.867130 0.000000 0.000000 0.000000 0.000000 0.125856 0.007015 1.678572 2742.458462
0.867130 0.000000 0.000000 0.000000 0.000000 0.125856 0.007015 1.678572 2742.458462
0.867130 0.000000 0.000000 0.000000 0.000000 0.125856 0.007015 1.678572 2742.458462
0.867130 0.000000 0.000000 0.000000 0.000000 0.125856 0.007015 1.678572 2742.458462
0.867130 0.000000 0.000000 0.000000 0.000000 0.125856 0.007015 1.678572 2742.458462
0.867130 0.000000 0.000000 0.000000 0.000000 0.125856 0.007015 1.678572 2742.458462
0.867130 0.000000 0.000000 0.000000 0.000000 0.125856 0.007015 1.678572 2742.458462
0.867130 0.000000 0.000000 0.000000 0.000000 0.125856 0.007015 1.678572 2742.458462
0.867130 0.000000 0.000000 0.000000 0.000000 0.125856 0.007015 1.678572 2742.458462
0.867130 0.000000 0.000000 0.000000 0.000000 0.125856 0.007015 1.678572 2742.458462
0.867130 0.000000 0.000000 0.000000 0.000000 0.125856 0.007015 1.678572 2742.458462
0.867130 0.000000 0.000000 0.000000 0.000000 0.125856 0.007015 1.678572 2742.458462
0.867130 0.000000 0.000000 0.000000 0.000000 0.125856 0.007015 1.678572 2742.458462
0.867130 0.000000 0.000000 0.000000 0.000000 0.125856 0.007015 1.678572 2742.458462
0.867130 0.000000 0.000000 0.000000 0.000000 0.125856 0.007015 1.678572 2742.458462
0.867130 0.000000 0.000000 0.000000 0.000000 0.125856 0.007015 1.678572 2742.458462
0.867130 0.000000 0.000000 0.000000 0.000000 0.125856 0.007015 1.678572 2742.458462
0.867130 0.000000 0.000000 0.000000 0.000000 0.125856 0.007015 1.678572 2742.458462
0.867130 0.000000 0.000000 0.000000 0.000000 0.125856 0.007015 1.678572 2742.458462
0.867130 0.000000 0.000000 0.000000 0.000000 0.125856 0.007015 1.678572 2742.458462
0.867130 0.000000 0.000000 0.000000 0.000000 0.125856 0.007015 1.678572 2742.458462
0.867130 0.000000 0.000000 0.000000 0.000000 0.125856 0.007015 1.678572 2742.458462
0.867130 0.000000 0.000000 0.000000 0.000000 0.125856 0.007015 1.678572 2742.458462
0.867130 0.000000 0.000000 0.000000 0.000000 0.125856 0.007015 1.678572 2742.458462
0.867130 0.000000 0.000000 0.000000 0.000000 0.125856 0.007015 1.678572 2742.458462
0.867130 0.000000 0.000000 0.000000 0.000000 0.125856 0.007015 1.678572 2742.458462
0.867130 0.000000 0.000000 0.000000 0.000000 0.125856 0.007015 1.678572 2742.458462
0.867130 0.000000 0.000000 0.000000 0.000000 0.125856 0.007015 1.678572 2742.458462
0.867130 0.000000 0.000000 0.000000 0.000000 0.125856 0.007015 1.678572 2742.458462
0.867130 0.000000 0.000000 0.000000 0.000000 0.125856 0.007015 1.678572 2742.458462
0.867130 0.000000 0.000000 0.000000 0.000000 0.125856 0.007015 1.678572 2742.458462
0.867130 0.000000 0.000000 0.000000 0.000000 0.125856 0.007015 1.678572 2742.458462
0.867130 0.000000 0.000000 0.000000 0.000000 0.125856 0.007015 1.678572 2742.458462
0.867130 0.000000 0.000000 0.000000 0.000000 0.125856 0.007015 1.678572 2742.458462
0.867130 0.000000 0.000000 0.000000 0.000000 0.125856 0.007015 1.678572 2742.458462
0.867130 0.000000 0.000000 0.000000 0.000000 0.125856 0.007015 1.678572 2742.458462
0.867130 0.000000 0.000000 0.000000 0.000000 0.125856 0.007015 1.678572 2742.458462
0.867130 0.000000 0.000000 0.000000 0.000000 0.125856 0.007015 1.678572 2742.458462
0.867130 0.000000 0.000000 0.000000 0.000000 0.125856 0.007015 1.678572 2742.458462
0.867130 0.000000 0.000000 0.000000 0.000000 0.125856 0.007015 1.678572 2742.458462
0.867130 0.000000 0.000000 0.000000 0.000000 0.125856 0.007015 1.678572 2742.458462
0.867130 0.000000 0.000000 0.000000 0.000000 0.125856 0.007015 1.678572 2742.458462
0.867130 0.000000 0.000000 0.000000 0.000000 0.125856 0.007015 1.678572 2742.458462
0.867130 0.000000 0.000000 0.000000 0.000000 0.125856 0.007015 1.678572 2742.458462
0.867130 0.000000 0.000000 0.000000 0.000000 0.125856 0.007015 1.678572 2742.458462
0.867130 0.000000 0.000000 0.000000 0.000000 0.125856 0.007015 1.678572 2742.458462
0.867130 0.000000 0.000000 0.000000 0.000000 0.125856 0.007015 1.678572 2742.458462
0.867130 0.000000 0.000000 0.000000 0.000000 0.125856 0.007015 1.678572 2742.458462
0.867130 0.000000 0.000000 0.000000 0.000000 0.125856 0.007015 1.678572 2742.458462
0.867130 0.000000 0.000000 0.000000 0.000000 0.125856 0.007015 1.678572 2742.458462
0.867130 0.000000 0.000000 0.000000 0.000000 0.125856 0.007015 1.678572 2742.458462
0.867130 0.000000 0.000000 0.000000 0.000000 0.125856 0.007015 1.678572 2742.458462
0.867130 0.000000 0.000000 0.000000 0.000000 0.125856 0.007015 1.678572 2742.458462
0.867130 0.000000 0.000000 0.000000 0.000000 0.125856 0.007015 1.678572 2742.458462
0.867130 0.000000 0.000000 0.000000 0.000000 0.125856 0.007015 1.678572 2742.458462
0.867130 0.000000 0.000000 0.000000 0.000000 0.125856 0.007015 1.678572 2742.458462
0.867130 0.000000 0.000000 0.000000 0.000000 0.125856 0.007015 1.678572 2742.458462
0.867130 0.000000 0.000000 0.000000 0.000000 0.125856 0.007015 1.678572 2742.458462
0.867130 0.000000 0.000000 0.000000 0.000000 0.125856 0.007015 1.678572 2742.458462
0.867130 0.000000 0.000000 0.000000 0.000000 0.125856 0.007015 1.678572 2742.458462
0.867130 0.000000 0.000000 0.000000 0.000000 0.125856 0.007015 1.678572 2742.458462
0.867130 0.000000 0.000000 0.000000 0.000000 0.125856 0.007015 1.678572 2742.458462
0.867130 0.000000 0.000000 0.000000 0.000000 0.125856 0.007015 1.678572 2742.458462
0.867130 0.000000 0.000000 0.000000 0.000000 0.125856 0.007015 1.678572 2742.458462
0.867130 0.000000 0.000000 0.000000 0.000000 0.125856 0.007015 1.678572 2742.458462
0.867130 0.000000 0.000000 0.000000 0.000000 0.125856 0.007015 1.678572 2742.458462
0.867130 0.000000 0.000000 0.000000 0.000000 0.125856 0.007015 1.678572 2742.458462
0.867130 0.000000 0.000000 0.000000 0.000000 0.125856 0.007015 1.678572 2742.458462
0.867130 0.000000 0.000000 0.000000 0.000000 0.125856 0.007015 1.678572 2742.458462
0.867130 0.000000 0.000000 0.000000 0.000000 0.125856 0.007015 1.678572 2742.458462
0.867130 0.000000 0.000000 0.000000 0.000000 0.125856 0.007015 1.678572 2742.458462
0.867130 0.000000 0.000000 0.000000 0.000000 0.125856 0.007015 1.678572 2742.458462
0.867130 0.000000 0.000000 0.000000 0.000000 0.125856 0.007015 1.678572 2742.458462
0.867130 0.000000 0.000000 0.000000 0.000000 0.125856 0.007015 1.678572 2742.458462
0.867130 0.000000 0.000000 0.000000 0.000000 0.125856 0.007015 1.678572 2742.458462
0.867130 0.000000 0.000000 0.000000 0.000000 0.125856 0.007015 1.678572 2742.458462
0.867130 0.000000 0.000000 0.000000 0.000000 0.125856 0.007015 1.678572 2742.458462
0.867130 0.000000 0.000000 0.000000 0.000000 0.125856 0.007015 1.678572 2742.458462
0.867130 0.000000 0.000000 0.000000 0.000000 0.125856 0.007015 1.678572 2742.458462
0.867130 0.000000 0.000000 0.000000 0.000000 0.125856 0.007015 1.678572 2742.458462
0.867130 0.000000 0.000000 0.000000 0.000000 0.125856 0.007015 1.678572 2742.458462
0.867130 0.000000 0.000000 0.000000 0.000000 0.125856 0.007015 1.678572 2742.458462
0.867130 0.000000 0.000000 0.000000 0.000000 0.125856 0.007015 1.678572 2742.458462
0.867130 0.000000 0.000000 0.000000 0.000000 0.125856 0.007015 1.678572 2742.458462
0.867130 0.000000 0.000000 0.000000 0.000000 0.125856 0.007015 1.678572 2742.458462
0.867130 0.000000 0.000000 0.000000 0.000000 0.125856 0.007015 1.678572 2742.458462
0.867130 0.000000 0.000000 0.000000 0.000000 0.125856 0.007015 1.678572 2742.458462
0.867130 0.000000 0.000000 0.000000 0.000000 0.125856 0.007015 1.678572 2742.458462
0.867130 0.000000 0.000000 0.000000 0.000000 0.125856 0.007015 1.678572 2742.458462
0.867130 0.000000 0.000000 0.000000 0.000000 0.125856 0.007015 1.678572 2742.458462
0.867130 0.000000 0.000000 0.000000 0.000000 0.125856 0.007015 1.678572 2742.458462
0.867130 0.000000 0.000000 0.000000 0.000000 0.125856 0.007015 1.678572 2742.458462
0.867130 0.000000 0.000000 0.000000 0.000000 0.125856 0.007015 1.678572 2742.458462
0.867130 0.000000 0.000000 0.000000 0.000000 0.125856 0.007015 1.678572 2742.458462
0.867130 0.000000 0.000000 0.000000 0.000000 0.125856 0.007015 1.678572 2742.458462
0.867130 0.000000 0.000000 0.000000 0.000000 0.125856 0.007015 1.678572 2742.458462
0.867130 0.000000 0.000000 0.000000 0.000000 0.125856 0.007015 1.678572 2742.458462
0.867130 0.000000 0.000000 0.000000 0.000000 0.125856 0.007015 1.678572 2742.458462
0.867130 0.000000 0.000000 0.000000 0.000000 0.125856 0.007015 1.678572 2742.458462
0.867130 0.000000 0.000000 0.000000 0.000000 0.125856 0.007015 1.678572 2742.458462
0.867130 0.000000 0.000000 0.000000 0.000000 0.125856 0.007015 1.678572 2742.458462
0.867130 0.000000 0.000000 0.000000 0.000000 0.125856 0.007015 1.678572 2742.458462
0.867130 0.000000 0.000000 0.000000 0.000000 0.125856 0.007015 1.678572 2742.458462
0.867130 0.000000 0.000000 0.000000 0.000000 0.125856 0.007015 1.678572 2742.458462
0.867130 0.000000 0.000000 0.000000 0.000000 0.125856 0.007015 1.678572 2742.458462
0.867130 0.000000 0.000000 0.000000 0.000000 0.125856 0.007015 1.678572 2742.458462
0.867130 0.000000 0.000000 0.000000 0.000000 0.125856 0.007015 1.678572 2742.458462
0.867130 0.000000 0.000000 0.000000 0.000000 0.125856 0.007015 1.678572 2742.458462
0.867130 0.000000 0.000000 0.000000 0.000000 0.125856 0.007015 1.678572 2742.458462
0.867130 0.000000 0.000000 0.000000 0.000000 0.125856 0.007015 1.678572 2742.458462
0.867130 0.000000 0.000000 0.000000 0.000000 0.125856 0.007015 1.678572 2742.458462
0.867130 0.000000 0.000000 0.000000 0.000000 0.125856 0.007015 1.678572 2742.458462
0.867130 0.000000 0.000000 0.000000 0.000000 0.125856 0.007015 1.678572 2742.458462
0.867130 0.000000 0.000000 0.000000 0.000000 0.125856 0.007015 1.678572 2742.458462
0.867130 0.000000 0.000000 0.000000 0.000000 0.125856 0.007015 1.678572 2742.458462
0.867130 0.000000 0.000000 0.000000 0.000000 0.125856 0.007015 1.678572 2742.458462
0.867130 0.000000 0.000000 0.000000 0.000000 0.125856 0.007015 1.678572 2742.458462
0.867130 0.000000 0.000000 0.000000 0.000000 0.125856 0.007015 1.678572 2742.458462
0.867130 0.000000 0.000000 0.000000 0.000000 0.125856 0.007015 1.678572 2742.458462
0.867130 0.000000 0.000000 0.000000 0.000000 0.125856 0.007015 1.678572 2742.458462
0.867130 0.000000 0.000000 0.000000 0.000000 0.125856 0.007015 1.678572 2742.458462
0.867130 0.000000 0.000000 0.000000 0.000000 0.125856 0.007015 1.678572 2742.458462
0.867130 0.000000 0.000000 0.000000 0.000000 0.125856 0.007015 1.678572 2742.458462
0.867130 0.000000 0.000000 0.000000 0.000000 0.125856 0.007015 1.678572 2742.458462
0.867130 0.000000 0.000000 0.000000 0.000000 0.125856 0.007015 1.678572 2742.458462
0.867130 0.000000 0.000000 0.000000 0.000000 0.125856 0.007015 1.678572 2742.458462
0.867130 0.000000 0.000000 0.000000 0.000000 0.125856 0.007015 1.678572 2742.458462
0.867130 0.000000 0.000000 0.000000 0.000000 0.125856 0.007015 1.678572 2742.458462
0.867130 0.000000 0.000000 0.000000 0.000000 0.125856 0.007015 1.678572 2742.458462
0.867130 0.000000 0.000000 0.000000 0.000000 0.125856 0.007015 1.678572 2742.458462
0.867130 0.000000 0.000000 0.000000 0.000000 0.125856 0.007015 1.678572 2742.458462
0.867130 0.000000 0.000000 0.000000 0.000000 0.125856 0.007015 1.678572 2742.458462
0.867130 0.000000 0.000000 0.000000 0.000000 0.125856 0.007015 1.678572 2742.458462
0.867130 0.000000 0.000000 0.000000 0.000000 0.125856 0.007015 1.678572 2742.458462
0.867130 0.000000 0.000000 0.000000 0.000000 0.125856 0.007015 1.678572 2742.458462
0.867130 0.000000 0.000000 0.000000 0.000000 0.125856 0.007015 1.678572 2742.458462
0.867130 0.000000 0.000000 0.000000 0.000000 0.125856 0.007015 1.678572 2742.458462
0.867130 0.000000 0.000000 0.000000 0.000000 0.125856 0.007015 1.678572 2742.458462
0.867130 0.000000 0.000000 0.000000 0.000000 0.125856 0.007015 1.678572 2742.458462
0.867130 0.000000 0.000000 0.000000 0.000000 0.125856 0.007015 1.678572 2742.458462
0.867130 0.000000 0.000000 0.000000 0.000000 0.125856 0.007015 1.678572 2742.458462
0.867130 0.000000 0.000000 0.000000 0.000000 0.125856 0.007015 1.678572 2742.458462
0.867130 0.000000 0.000000 0.000000 0.000000 0.125856 0.007015 1.678572 2742.458462
0.867130 0.000000 0.000000 0.000000 0.000000 0.125856 0.007015 1.678572 2742.458462
0.867130 0.000000 0.000000 0.000000 0.000000 0.125856 0.007015 1.678572 2742.458462
0.867130 0.000000 0.000000 0.000000 0.000000 0.125856 0.007015 1.678572 2742.458462
0.867130 0.000000 0.000000 0.000000 0.000000 0.125856 0.007015 1.678572 2742.458462
0.867130 0.000000 0.000000 0.000000 0.000000 0.125856 0.007015 1.678572 2742.458462
0.867130 0.000000 0.000000 0.000000 0.000000 0.125856 0.007015 1.678572 2742.458462
0.867130 0.000000 0.000000 0.000000 0.000000 0.125856 0.007015 1.678572 2742.458462
0.867130 0.000000 0.000000 0.000000 0.000000 0.125856 0.007015 1.678572 2742.458462
0.867130 0.000000 0.000000 0.000000 0.000000 0.125856 0.007015 1.678572 2742.458462
0.867130 0.000000 0.000000 0.000000 0.000000 0.125856 0.007015 1.678572 2742.458462
0.867130 0.000000 0.000000 0.000000 0.000000 0.125856 0.007015 1.678572 2742.458462
0.867130 0.000000 0.000000 0.000000 0.000000 0.125856 0.007015 1.678572 2742.458462
0.867130 0.000000 0.000000 0.000000 0.000000 0.125856 0.007015 1.678572 2742.458462
0.867130 0.000000 0.000000 0.000000 0.000000 0.125856 0.007015 1.678572 2742.458462
0.867130 0.000000 0.000000 0.000000 0.000000 0.125856 0.007015 1.678572 2742.458462
0.867130 0.000000 0.000000 0.000000 0.000000 0.125856 0.007015 1.678572 2742.458462
0.867130 0.000000 0.000000 0.000000 0.000000 0.125856 0.007015 1.678572 2742.458462
0.867130 0.000000 0.000000 0.000000 0.000000 0.125856 0.007015 1.678572 2742.458462
0.867130 0.000000 0.000000 0.000000 0.000000 0.125856 0.007015 1.678572 2742.458462
0.867130 0.000000 0.000000 0.000000 0.000000 0.125856 0.007015 1.678572 2742.458462
0.867130 0.000000 0.000000 0.000000 0.000000 0.125856 0.007015 1.678572 2742.458462
0.867130 0.000000 0.000000 0.000000 0.000000 0.125856 0.007015 1.678572 2742.458462
0.867130 0.000000 0.000000 0.000000 0.000000 0.125856 0.007015 1.678572 2742.458462
0.867130 0.000000 0.000000 0.000000 0.000000 0.125856 0.007015 1.678572 2742.458462
0.867130 0.000000 0.000000 0.000000 0.000000 0.125856 0.007015 1.678572 2742.458462
0.867130 0.000000 0.000000 0.000000 0.000000 0.125856 0.007015 1.678572 2742.458462
0.867130 0.000000 0.000000 0.000000 0.000000 0.125856 0.007015 1.678572 2742.458462
0.867130 0.000000 0.000000 0.000000 0.000000 0.125856 0.007015 1.678572 2742.458462
0.867130 0.000000 0.000000 0.000000 0.000000 0.125856 0.007015 1.678572 2742.458462
0.867130 0.000000 0.000000 0.000000 0.000000 0.125856 0.007015 1.678572 2742.458462
0.867130 0.000000 0.000000 0.000000 0.000000 0.125856 0.007015 1.678572 2742.458462
0.867130 0.000000 0.000000 0.000000 0.000000 0.125856 0.007015 1.678572 2742.458462
0.867130 0.000000 0.000000 0.000000 0.000000 0.125856 0.007015 1.678572 2742.458462
0.867130 0.000000 0.000000 0.000000 0.000000 0.125856 0.007015 1.678572 2742.458462
0.867130 0.000000 0.000000 0.000000 0.000000 0.125856 0.007015 1.678572 2742.458462
0.867130 0.000000 0.000000 0.000000 0.000000 0.125856 0.007015 1.678572 2742.458462
0.867130 0.000000 0.000000 0.000000 0.000000 0.125856 0.007015 1.678572 2742.458462
0.867130 0.000000 0.000000 0.000000 0.000000 0.125856 0.007015 1.678572 2742.458462
0.867130 0.000000 0.000000 0.000000 0.000000 0.125856 0.007015 1.678572 2742.458462
0.867130 0.000000 0.000000 0.000000 0.000000 0.125856 0.007015 1.678572 2742.458462
0.867130 0.000000 0.000000 0.000000 0.000000 0.125856 0.007015 1.678572 2742.458462
0.867130 0.000000 0.000000 0.000000 0.000000 0.125856 0.007015 1.678572 2742.458462
0.867130 0.000000 0.000000 0.000000 0.000000 0.125856 0.007015 1.678572 2742.458462
0.867130 0.000000 0.000000 0.000000 0.000000 0.125856 0.007015 1.678572 2742.458462
0.867130 0.000000 0.000000 0.000000 0.000000 0.125856 0.007015 1.678572 2742.458462
0.867130 0.000000 0.000000 0.000000 0.000000 0.125856 0.007015 1.678572 2742.458462
0.867130 0.000000 0.000000 0.000000 0.000000 0.125856 0.007015 1.678572 2742.458462
0.867130 0.000000 0.000000 0.000000 0.000000 0.125856 0.007015 1.678572 2742.458462
0.867130 0.000000 0.000000 0.000000 0.000000 0.125856 0.007015 1.678572 2742.458462
0.867130 0.000000 0.000000 0.000000 0.000000 0.125856 0.007015 1.678572 2742.458462
0.867130 0.000000 0.000000 0.000000 0.000000 0.125856 0.007015 1.678572 2742.458462
0.867130 0.000000 0.000000 0.000000 0.000000 0.125856 0.007015 1.678572 2742.458462
0.867130 0.000000 0.000000 0.000000 0.000000 0.125856 0.007015 1.678572 2742.458462
0.867130 0.000000 0.000000 0.000000 0.000000 0.125856 0.007015 1.678572 2742.458462
0.867130 0.000000 0.000000 0.000000 0.000000 0.125856 0.007015 1.678572 2742.458462
0.867130 0.000000 0.000000 0.000000 0.000000 0.125856 0.007015 1.678572 2742.458462
0.867130 0.000000 0.000000 0.000000 0.000000 0.125856 0.007015 1.678572 2742.458462
0.867130 0.000000 0.000000 0.000000 0.000000 0.125856 0.007015 1.678572 2742.458462
0.867130 0.000000 0.000000 0.000000 0.000000 0.125856 0.007015 1.678572 2742.458462
0.867130 0.000000 0.000000 0.000000 0.000000 0.125856 0.007015 1.678572 2742.458462
0.867130 0.000000 0.000000 0.000000 0.000000 0.125856 0.007015 1.678572 2742.458462
0.867130 0.000000 0.000000 0.000000 0.000000 0.125856 0.007015 1.678572 2742.458462
0.867130 0.000000 0.000000 0.000000 0.000000 0.125856 0.007015 1.678572 2742.458462
0.867130 0.000000 0.000000 0.000000 0.000000 0.125856 0.007015 1.678572 2742.458462
0.867130 0.000000 0.000000 0.000000 0.000000 0.125856 0.007015 1.678572 2742.458462
0.867130 0.000000 0.000000 0.000000 0.000000 0.125856 0.007015 1.678572 2742.458462
0.867130 0.000000 0.000000 0.000000 0.000000 0.125856 0.007015 1.678572 2742.458462
0.867130 0.000000 0.000000 0.000000 0.000000 0.125856 0.007015 1.678572 2742.458462
0.867130 0.000000 0.000000 0.000000 0.000000 0.125856 0.007015 1.678572 2742.458462
0.867130 0.000000 0.000000 0.000000 0.000000 0.125856 0.007015 1.678572 2742.458462
0.867130 0.000000 0.000000 0.000000 0.000000 0.125856 0.007015 1.678572 2742.458462
0.867130 0.000000 0.000000 0.000000 0.000000 0.125856 0.007015 1.678572 2742.458462
0.867130 0.000000 0.000000 0.000000 0.000000 0.125856 0.007015 1.678572 2742.458462
0.867130 0.000000 0.000000 0.000000 0.000000 0.125856 0.007015 1.678572 2742.458462
0.867130 0.000000 0.000000 0.000000 0.000000 0.125856 0.007015 1.678572 2742.458462
0.867130 0.000000 0.000000 0.000000 0.000000 0.125856 0.007015 1.678572 2742.458462
0.867130 0.000000 0.000000 0.000000 0.000000 0.125856 0.007015 1.678572 2742.458462
0.867130 0.000000 0.000000 0.000000 0.000000 0.125856 0.007015 1.678572 2742.458462
0.867130 0.000000 0.000000 0.000000 0.000000 0.125856 0.007015 1.678572 2742.458462
0.867130 0.000000 0.000000 0.000000 0.000000 0.125856 0.007015 1.678572 2742.458462
0.867130 0.000000 0.000000 0.000000 0.000000 0.125856 0.007015 1.678572 2742.458462
0.867130 0.000000 0.000000 0.000000 0.000000 0.125856 0.007015 1.678572 2742.458462
0.867130 0.000000 0.000000 0.000000 0.000000 0.125856 0.007015 1.678572 2742.458462
0.867130 0.000000 0.000000 0.000000 0.000000 0.125856 0.007015 1.678572 2742.458462
0.867130 0.000000 0.000000 0.000000 0.000000 0.125856 0.007015 1.678572 2742.458462
0.867130 0.000000 0.000000 0.000000 0.000000 0.125856 0.007015 1.678572 2742.458462
0.867130 0.000000 0.000000 0.000000 0.000000 0.125856 0.007015 1.678572 2742.458462
0.867130 0.000000 0.000000 0.000000 0.000000 0.125856 0.007015 1.678572 2742.458462
0.867130 0.000000 0.000000 0.000000 0.000000 0.125856 0.007015 1.678572 2742.458462
0.867130 0.000000 0.000000 0.000000 0.000000 0.125856 0.007015 1.678572 2742.458462
0.867130 0.000000 0.000000 0.000000 0.000000 0.125856 0.007015 1.678572 2742.458462
0.867130 0.000000 0.000000 0.000000 0.000000 0.125856 0.007015 1.678572 2742.458462
0.867130 0.000000 0.000000 0.000000 0.000000 0.125856 0.007015 1.678572 2742.458462
0.867130 0.000000 0.000000 0.000000 0.000000 0.125856 0.007015 1.678572 2742.458462
0.867130 0.000000 0.000000 0.000000 0.000000 0.125856 0.007015 1.678572 2742.458462
0.867130 0.000000 0.000000 0.000000 0.000000 0.125856 0.007015 1.678572 2742.458462
0.867130 0.000000 0.000000 0.000000 0.000000 0.125856 0.007015 1.678572 2742.458462
0.867130 0.000000 0.000000 0.000000 0.000000 0.125856 0.007015 1.678572 2742.458462
0.867130 0.000000 0.000000 0.000000 0.000000 0.125856 0.007015 1.678572 2742.458462
0.867130 0.000000 0.000000 0.000000 0.000000 0.125856 0.007015 1.678572 2742.458462
0.867130 0.000000 0.000000 0.000000 0.000000 0.125856 0.007015 1.678572 2742.458462
0.867130 0.000000 0.000000 0.000000 0.000000 0.125856 0.007015 1.678572 2742.458462
0.867130 0.000000 0.000000 0.000000 0.000000 0.125856 0.007015 1.678572 2742.458462
0.867130 0.000000 0.000000 0.000000 0.000000 0.125856 0.007015 1.678572 2742.458462
0.867130 0.000000 0.000000 0.000000 0.000000 0.125856 0.007015 1.678572 2742.458462
0.867130 0.000000 0.000000 0.000000 0.000000 0.125856 0.007015 1.678572 2742.458462
0.867130 0.000000 0.000000 0.000000 0.000000 0.125856 0.007015 1.678572 2742.458462
0.867130 0.000000 0.000000 0.000000 0.000000 0.125856 0.007015 1.678572 2742.458462
0.867130 0.000000 0.000000 0.000000 0.000000 0.125856 0.007015 1.678572 2742.458462
0.867130 0.000000 0.000000 0.000000 0.000000 0.125856 0.007015 1.678572 2742.458462
0.867130 0.000000 0.000000 0.000000 0.000000 0.125856 0.007015 1.678572 2742.458462
0.867130 0.000000 0.000000 0.000000 0.000000 0.125856 0.007015 1.678572 2742.458462
0.867130 0.000000 0.000000 0.000000 0.000000 0.125856 0.007015 1.678572 2742.458462
0.867130 0.000000 0.000000 0.000000 0.000000 0.125856 0.007015 1.678572 2742.458462
0.867130 0.000000 0.000000 0.000000 0.000000 0.125856 0.007015 1.678572 2742.458462
0.867130 0.000000 0.000000 0.000000 0.000000 0.125856 0.007015 1.678572 2742.458462
0.867130 0.000000 0.000000 0.000000 0.000000 0.125856 0.007015 1.678572 2742.458462
0.867130 0.000000 0.000000 0.000000 0.000000 0.125856 0.007015 1.678572 2742.458462
0.867130 0.000000 0.000000 0.000000 0.000000 0.125856 0.007015 1.678572 2742.458462
0.867130 0.000000 0.000000 0.000000 0.000000 0.125856 0.007015 1.678572 2742.458462
0.867130 0.000000 0.000000 0.000000 0.000000 0.125856 0.007015 1.678572 2742.458462
0.867130 0.000000 0.000000 0.000000 0.000000 0.125856 0.007015 1.678572 2742.458462
0.867130 0.000000 0.000000 0.000000 0.000000 0.125856 0.007015 1.678572 2742.458462
0.867130 0.000000 0.000000 0.000000 0.000000 0.125856 0.007015 1.678572 2742.458462
0.867130 0.000000 0.000000 0.000000 0.000000 0.125856 0.007015 1.678572 2742.458462
0.867130 0.000000 0.000000 0.000000 0.000000 0.125856 0.007015 1.678572 2742.458462
0.867130 0.000000 0.000000 0.000000 0.000000 0.125856 0.007015 1.678572 2742.458462
0.867130 0.000000 0.000000 0.000000 0.000000 0.125856 0.007015 1.678572 2742.458462
0.867130 0.000000 0.000000 0.000000 0.000000 0.125856 0.007015 1.678572 2742.458462
0.867130 0.000000 0.000000 0.000000 0.000000 0.125856 0.007015 1.678572 2742.458462
0.867130 0.000000 0.000000 0.000000 0.000000 0.125856 0.007015 1.678572 2742.458462
0.867130 0.000000 0.000000 0.000000 0.000000 0.125856 0.007015 1.678572 2742.458462
0.867130 0.000000 0.000000 0.000000 0.000000 0.125856 0.007015 1.678572 2742.458462
0.867130 0.000000 0.000000 0.000000 0.000000 0.125856 0.007015 1.678572 2742.458462
0.867130 0.000000 0.000000 0.000000 0.000000 0.125856 0.007015 1.678572 2742.458462
0.867130 0.000000 0.000000 0.000000 0.000000 0.125856 0.007015 1.678572 2742.458462
0.867130 0.000000 0.000000 0.000000 0.000000 0.125856 0.007015 1.678572 2742.458462
0.867130 0.000000 0.000000 0.000000 0.000000 0.125856 0.007015 1.678572 2742.458462
0.867130 0.000000 0.000000 0.000000 0.000000 0.125856 0.007015 1.678572 2742.458462
0.867130 0.000000 0.000000 0.000000 0.000000 0.125856 0.007015 1.678572 2742.458462
0.867130 0.000000 0.000000 0.000000 0.000000 0.125856 0.007015 1.678572 2742.458462
0.867130 0.000000 0.000000 0.000000 0.000000 0.125856 0.007015 1.678572 2742.458462
0.867130 0.000000 0.000000 0.000000 0.000000 0.125856 0.007015 1.678572 2742.458462
0.867130 0.000000 0.000000 0.000000 0.000000 0.125856 0.007015 1.678572 2742.458462
0.867130 0.000000 0.000000 0.000000 0.000000 0.125856 0.007015 1.678572 2742.458462
0.867130 0.000000 0.000000 0.000000 0.000000 0.125856 0.007015 1.678572 2742.458462
0.867130 0.000000 0.000000 0.000000 0.000000 0.125856 0.007015 1.678572 2742.458462
0.867130 0.000000 0.000000 0.000000 0.000000 0.125856 0.007015 1.678572 2742.458462
0.867130 0.000000 0.000000 0.000000 0.000000 0.125856 0.007015 1.678572 2742.458462
0.867130 0.000000 0.000000 0.000000 0.000000 0.125856 0.007015 1.678572 2742.458462
0.867130 0.000000 0.000000 0.000000 0.000000 0.125856 0.007015 1.678572 2742.458462
0.867130 0.000000 0.000000 0.000000 0.000000 0.125856 0.007015 1.678572 2742.458462
0.867130 0.000000 0.000000 0.000000 0.000000 0.125856 0.007015 1.678572 2742.458462
0.867130 0.000000 0.000000 0.000000 0.000000 0.125856 0.007015 1.678572 2742.458462
0.867130 0.000000 0.000000 0.000000 0.000000 0.125856 0.007015 1.678572 2742.458462
0.867130 0.000000 0.000000 0.000000 0.000000 0.125856 0.007015 1.678572 2742.458462
0.867130 0.000000 0.000000 0.000000 0.000000 0.125856 0.007015 1.678572 2742.458462
0.867130 0.000000 0.000000 0.000000 0.000000 0.125856 0.007015 1.678572 2742.458462
0.867130 0.000000 0.000000 0.000000 0.000000 0.125856 0.007015 1.678572 2742.458462
0.867130 0.000000 0.000000 0.000000 0.000000 0.125856 0.007015 1.678572 2742.458462
0.867130 0.000000 0.000000 0.000000 0.000000 0.125856 0.007015 1.678572 2742.458462
0.867130 0.000000 0.000000 0.000000 0.000000 0.125856 0.007015 1.678572 2742.458462
0.867130 0.000000 0.000000 0.000000 0.000000 0.125856 0.007015 1.678572 2742.458462
0.867130 0.000000 0.000000 0.000000 0.000000 0.125856 0.007015 1.678572 2742.458462
0.867130 0.000000 0.000000 0.000000 0.000000 0.125856 0.007015 1.678572 2742.458462
0.867130 0.000000 0.000000 0.000000 0.000000 0.125856 0.007015 1.678572 2742.458462
0.867130 0.000000 0.000000 0.000000 0.000000 0.125856 0.007015 1.678572 2742.458462
0.867130 0.000000 0.000000 0.000000 0.000000 0.125856 0.007015 1.678572 2742.458462
0.867130 0.000000 0.000000 0.000000 0.000000 0.125856 0.007015 1.678572 2742.458462
0.867130 0.000000 0.000000 0.000000 0.000000 0.125856 0.007015 1.678572 2742.458462
0.867130 0.000000 0.000000 0.000000 0.000000 0.125856 0.007015 1.678572 2742.458462
0.867130 0.000000 0.000000 0.000000 0.000000 0.125856 0.007015 1.678572 2742.458462
0.867130 0.000000 0.000000 0.000000 0.000000 0.125856 0.007015 1.678572 2742.458462
0.867130 0.000000 0.000000 0.000000 0.000000 0.125856 0.007015 1.678572 2742.458462
0.867130 0.000000 0.000000 0.000000 0.000000 0.125856 0.007015 1.678572 2742.458462
0.867130 0.000000 0.000000 0.000000 0.000000 0.125856 0.007015 1.678572 2742.458462
0.867130 0.000000 0.000000 0.000000 0.000000 0.125856 0.007015 1.678572 2742.458462
0.867130 0.000000 0.000000 0.000000 0.000000 0.125856 0.007015 1.678572 2742.458462
0.867130 0.000000 0.000000 0.000000 0.000000 0.125856 0.007015 1.678572 2742.458462
0.867130 0.000000 0.000000 0.000000 0.000000 0.125856 0.007015 1.678572 2742.458462
0.867130 0.000000 0.000000 0.000000 0.000000 0.125856 0.007015 1.678572 2742.458462
0.867130 0.000000 0.000000 0.000000 0.000000 0.125856 0.007015 1.678572 2742.458462
0.867130 0.000000 0.000000 0.000000 0.000000 0.125856 0.007015 1.678572 2742.458462
0.867130 0.000000 0.000000 0.000000 0.000000 0.125856 0.007015 1.678572 2742.458462
0.867130 0.000000 0.000000 0.000000 0.000000 0.125856 0.007015 1.678572 2742.458462
0.867130 0.000000 0.000000 0.000000 0.000000 0.125856 0.007015 1.678572 2742.458462
0.867130 0.000000 0.000000 0.000000 0.000000 0.125856 0.007015 1.678572 2742.458462
0.867130 0.000000 0.000000 0.000000 0.000000 0.125856 0.007015 1.678572 2742.458462
0.867130 0.000000 0.000000 0.000000 0.000000 0.125856 0.007015 1.678572 2742.458462
0.867130 0.000000 0.000000 0.000000 0.000000 0.125856 0.007015 1.678572 2742.458462
0.867130 0.000000 0.000000 0.000000 0.000000 0.125856 0.007015 1.678572 2742.458462
0.867130 0.000000 0.000000 0.000000 0.000000 0.125856 0.007015 1.678572 2742.458462
0.867130 0.000000 0.000000 0.000000 0.000000 0.125856 0.007015 1.678572 2742.458462
0.867130 0.000000 0.000000 0.000000 0.000000 0.125856 0.007015 1.678572 2742.458462
0.867130 0.000000 0.000000 0.000000 0.000000 0.125856 0.007015 1.678572 2742.458462
0.867130 0.000000 0.000000 0.000000 0.000000 0.125856 0.007015 1.678572 2742.458462
0.867130 0.000000 0.000000 0.000000 0.000000 0.125856 0.007015 1.678572 2742.458462
0.867130 0.000000 0.000000 0.000000 0.000000 0.125856 0.007015 1.678572 2742.458462
0.867130 0.000000 0.000000 0.000000 0.000000 0.125856 0.007015 1.678572 2742.458462
0.867130 0.000000 0.000000 0.000000 0.000000 0.125856 0.007015 1.678572 2742.458462
0.867130 0.000000 0.000000 0.000000 0.000000 0.125856 0.007015 1.678572 2742.458462
0.867130 0.000000 0.000000 0.000000 0.000000 0.125856 0.007015 1.678572 2742.458462
0.867130 0.000000 0.000000 0.000000 0.000000 0.125856 0.007015 1.678572 2742.458462
0.867130 0.000000 0.000000 0.000000 0.000000 0.125856 0.007015 1.678572 2742.458462
0.867130 0.000000 0.000000 0.000000 0.000000 0.125856 0.007015 1.678572 2742.458462
0.867130 0.000000 0.000000 0.000000 0.000000 0.125856 0.007015 1.678572 2742.458462
0.867130 0.000000 0.000000 0.000000 0.000000 0.125856 0.007015 1.678572 2742.458462
0.867130 0.000000 0.000000 0.000000 0.000000 0.125856 0.007015 1.678572 2742.458462
0.867130 0.000000 0.000000 0.000000 0.000000 0.125856 0.007015 1.678572 2742.458462
0.867130 0.000000 0.000000 0.000000 0.000000 0.125856 0.007015 1.678572 2742.458462
