0.373625 0.060863 0.053536 0.030784 0.001918 0.473869 0.005405 1.550319 1899.443604
0.374875 0.059500 0.054857 0.029414 0.001923 0.473998 0.005432 1.556300 1908.440476
0.377726 0.056867 0.055805 0.028073 0.001926 0.474147 0.005455 1.561975 1917.025277
0.381464 0.053556 0.056543 0.026822 0.001917 0.474217 0.005481 1.567431 1925.771002
0.385739 0.050066 0.056997 0.025561 0.001895 0.474236 0.005506 1.572515 1936.617535
0.390459 0.046483 0.057092 0.024391 0.001881 0.474167 0.005527 1.577287 1946.344779
0.395565 0.043042 0.056882 0.023248 0.001864 0.473847 0.005552 1.581673 1955.841614
0.400816 0.039735 0.056317 0.022135 0.001846 0.473579 0.005573 1.585730 1966.147821
0.406179 0.036560 0.055628 0.021067 0.001824 0.473149 0.005593 1.589505 1975.833554
0.411619 0.033596 0.054729 0.020041 0.001793 0.472605 0.005617 1.592960 1987.678735
0.417105 0.030829 0.053634 0.019083 0.001773 0.471934 0.005642 1.596124 1997.577209
0.422740 0.028269 0.052357 0.018124 0.001743 0.471100 0.005668 1.599029 2009.071810
0.428348 0.025904 0.051050 0.017161 0.001711 0.470128 0.005696 1.601665 2019.135202
0.433932 0.023726 0.049578 0.016280 0.001683 0.469084 0.005717 1.604091 2028.331570
0.439571 0.021712 0.048044 0.015424 0.001656 0.467856 0.005737 1.606313 2038.838081
0.445221 0.019840 0.046431 0.014616 0.001629 0.466502 0.005760 1.608364 2048.051571
0.450923 0.018125 0.044777 0.013811 0.001606 0.464981 0.005777 1.610226 2056.314237
0.456610 0.016538 0.043168 0.013057 0.001579 0.463245 0.005802 1.611943 2065.512023
0.462258 0.015085 0.041530 0.012340 0.001553 0.461413 0.005820 1.613510 2074.303079
0.467959 0.013773 0.039863 0.011663 0.001523 0.459378 0.005842 1.614930 2082.479217
0.473518 0.012540 0.038212 0.010997 0.001490 0.457379 0.005864 1.616243 2091.336126
0.479173 0.011443 0.036600 0.010382 0.001457 0.455059 0.005885 1.617419 2100.605975
0.484784 0.010433 0.034972 0.009780 0.001430 0.452697 0.005904 1.618501 2108.817796
0.490376 0.009543 0.033373 0.009206 0.001393 0.450189 0.005920 1.619449 2118.804082
0.495889 0.008687 0.031788 0.008695 0.001366 0.447638 0.005936 1.620360 2126.524880
0.501395 0.007939 0.030265 0.008178 0.001330 0.444937 0.005956 1.621155 2135.919782
0.506922 0.007245 0.028788 0.007696 0.001300 0.442077 0.005971 1.621890 2144.457196
0.512387 0.006591 0.027381 0.007246 0.001276 0.439137 0.005983 1.622584 2151.479344
0.517825 0.006010 0.025992 0.006825 0.001238 0.436112 0.005999 1.623196 2160.719165
0.523209 0.005495 0.024672 0.006401 0.001207 0.433001 0.006015 1.623748 2169.116152
0.528537 0.005024 0.023365 0.006020 0.001189 0.429835 0.006029 1.624249 2175.427779
0.533836 0.004574 0.022147 0.005668 0.001156 0.426571 0.006049 1.624724 2184.474503
0.539146 0.004158 0.020983 0.005335 0.001125 0.423188 0.006065 1.625160 2193.367561
0.544388 0.003789 0.019852 0.005027 0.001090 0.419772 0.006081 1.625552 2201.076719
0.549609 0.003464 0.018768 0.004734 0.001060 0.416270 0.006095 1.625899 2209.300868
0.554673 0.003150 0.017712 0.004441 0.001028 0.412889 0.006107 1.626230 2217.243025
0.559770 0.002868 0.016762 0.004150 0.000995 0.409333 0.006122 1.626529 2225.639073
0.564891 0.002613 0.015824 0.003881 0.000964 0.405692 0.006134 1.626797 2233.072116
0.569949 0.002389 0.014917 0.003640 0.000934 0.402025 0.006146 1.627039 2241.751073
0.574896 0.002180 0.014084 0.003414 0.000912 0.398359 0.006156 1.627266 2248.307556
0.579819 0.001983 0.013267 0.003207 0.000884 0.394673 0.006167 1.627473 2254.646015
0.584702 0.001821 0.012517 0.003002 0.000854 0.390926 0.006179 1.627648 2262.262895
0.589593 0.001664 0.011782 0.002821 0.000826 0.387123 0.006190 1.627818 2269.735042
0.594329 0.001528 0.011130 0.002644 0.000795 0.383373 0.006200 1.627968 2277.299452
0.599134 0.001393 0.010446 0.002484 0.000771 0.379560 0.006212 1.628111 2284.036536
0.603857 0.001273 0.009817 0.002328 0.000752 0.375750 0.006222 1.628242 2290.551121
0.608517 0.001167 0.009254 0.002189 0.000730 0.371912 0.006231 1.628357 2296.687191
0.613186 0.001060 0.008699 0.002057 0.000707 0.368052 0.006240 1.628469 2303.152013
0.617772 0.000969 0.008169 0.001930 0.000681 0.364230 0.006249 1.628567 2310.277922
0.622311 0.000882 0.007667 0.001815 0.000658 0.360411 0.006257 1.628661 2316.131262
0.626805 0.000802 0.007225 0.001704 0.000636 0.356562 0.006265 1.628747 2321.916330
0.631222 0.000726 0.006792 0.001604 0.000616 0.352768 0.006272 1.628828 2328.176744
0.635631 0.000667 0.006391 0.001504 0.000598 0.348929 0.006280 1.628893 2333.436441
0.639965 0.000612 0.006012 0.001414 0.000578 0.345133 0.006286 1.628954 2339.562352
0.644314 0.000565 0.005640 0.001320 0.000556 0.341311 0.006295 1.629007 2346.076801
0.648580 0.000514 0.005301 0.001228 0.000540 0.337534 0.006303 1.629062 2350.865953
0.652732 0.000466 0.004979 0.001148 0.000519 0.333843 0.006314 1.629115 2356.857658
0.656894 0.000433 0.004667 0.001069 0.000501 0.330114 0.006322 1.629153 2362.445636
0.661019 0.000400 0.004382 0.001002 0.000483 0.326386 0.006328 1.629190 2368.412492
0.665072 0.000364 0.004111 0.000944 0.000467 0.322708 0.006334 1.629231 2373.180422
0.669070 0.000331 0.003858 0.000884 0.000451 0.319067 0.006339 1.629267 2377.737806
0.673012 0.000305 0.003618 0.000830 0.000437 0.315453 0.006344 1.629297 2382.178232
0.676885 0.000285 0.003391 0.000768 0.000425 0.311896 0.006350 1.629320 2385.841641
0.680782 0.000261 0.003173 0.000721 0.000409 0.308298 0.006356 1.629347 2390.950325
0.684635 0.000236 0.002982 0.000679 0.000398 0.304707 0.006363 1.629375 2394.206636
0.688427 0.000216 0.002785 0.000640 0.000388 0.301179 0.006366 1.629397 2397.405392
0.692116 0.000198 0.002612 0.000598 0.000375 0.297731 0.006370 1.629418 2402.077577
0.695841 0.000179 0.002460 0.000561 0.000363 0.294220 0.006375 1.629440 2405.914287
0.699470 0.000165 0.002305 0.000524 0.000350 0.290805 0.006381 1.629456 2410.025883
0.703089 0.000151 0.002150 0.000493 0.000336 0.287395 0.006385 1.629472 2414.686697
0.706636 0.000139 0.002021 0.000462 0.000329 0.284024 0.006389 1.629487 2417.215210
0.710198 0.000130 0.001897 0.000430 0.000318 0.280634 0.006393 1.629498 2420.686981
0.713706 0.000118 0.001775 0.000404 0.000307 0.277293 0.006397 1.629511 2424.461842
0.717197 0.000108 0.001659 0.000377 0.000297 0.273962 0.006399 1.629522 2427.484733
0.720584 0.000100 0.001552 0.000349 0.000283 0.270727 0.006405 1.629532 2432.375039
0.723936 0.000092 0.001457 0.000333 0.000271 0.267502 0.006409 1.629542 2437.060067
0.727268 0.000086 0.001356 0.000313 0.000262 0.264305 0.006411 1.629551 2440.305643
0.730568 0.000078 0.001268 0.000294 0.000252 0.261125 0.006415 1.629559 2443.959007
0.733778 0.000074 0.001186 0.000276 0.000244 0.258022 0.006419 1.629564 2446.500306
0.736975 0.000068 0.001117 0.000260 0.000237 0.254920 0.006422 1.629571 2448.792605
0.740123 0.000063 0.001049 0.000241 0.000228 0.251869 0.006426 1.629577 2452.378408
0.743270 0.000060 0.000986 0.000224 0.000222 0.248809 0.006429 1.629583 2454.846340
0.746417 0.000056 0.000922 0.000210 0.000213 0.245751 0.006432 1.629588 2457.869015
0.749430 0.000049 0.000866 0.000197 0.000207 0.242816 0.006435 1.629595 2459.863541
0.752464 0.000046 0.000813 0.000184 0.000200 0.239856 0.006438 1.629600 2462.618577
0.755431 0.000043 0.000761 0.000172 0.000192 0.236960 0.006441 1.629605 2465.830523
0.758377 0.000041 0.000710 0.000162 0.000186 0.234079 0.006444 1.629608 2468.206109
0.761292 0.000039 0.000663 0.000152 0.000180 0.231228 0.006447 1.629612 2470.749459
0.764146 0.000034 0.000623 0.000143 0.000174 0.228432 0.006449 1.629617 2472.836019
0.766980 0.000034 0.000579 0.000134 0.000168 0.225655 0.006451 1.629619 2475.355524
0.769780 0.000031 0.000540 0.000123 0.000161 0.222911 0.006455 1.629622 2478.388308
0.772531 0.000029 0.000506 0.000115 0.000156 0.220206 0.006457 1.629625 2480.101542
0.775240 0.000027 0.000473 0.000108 0.000151 0.217542 0.006459 1.629628 2481.948167
0.777957 0.000025 0.000440 0.000102 0.000146 0.214869 0.006461 1.629630 2484.155741
0.780597 0.000023 0.000410 0.000096 0.000140 0.212271 0.006464 1.629633 2486.295148
0.783238 0.000020 0.000386 0.000090 0.000132 0.209666 0.006467 1.629637 2489.325541
0.785836 0.000019 0.000363 0.000085 0.000125 0.207102 0.006469 1.629639 2492.177837
0.788446 0.000018 0.000338 0.000079 0.000119 0.204529 0.006472 1.629641 2494.863821
0.790956 0.000016 0.000314 0.000075 0.000114 0.202052 0.006473 1.629643 2496.846283
0.793459 0.000015 0.000297 0.000071 0.000111 0.199573 0.006474 1.629644 2498.370459
0.795865 0.000014 0.000280 0.000067 0.000107 0.197191 0.006475 1.629645 2499.902338
0.798273 0.000014 0.000265 0.000064 0.000101 0.194806 0.006478 1.629647 2502.045412
0.800650 0.000012 0.000248 0.000060 0.000098 0.192453 0.006479 1.629649 2503.704503
0.802971 0.000010 0.000230 0.000058 0.000095 0.190157 0.006480 1.629652 2505.214277
0.805286 0.000011 0.000211 0.000053 0.000090 0.187867 0.006482 1.629652 2507.050969
0.807473 0.000010 0.000198 0.000050 0.000088 0.185699 0.006482 1.629653 2507.957023
0.809635 0.000009 0.000185 0.000048 0.000084 0.183555 0.006483 1.629655 2509.856500
0.811788 0.000009 0.000172 0.000046 0.000081 0.181421 0.006484 1.629655 2510.983793
0.813910 0.000008 0.000159 0.000043 0.000079 0.179315 0.006485 1.629656 2512.198765
0.815953 0.000008 0.000149 0.000041 0.000076 0.177287 0.006486 1.629657 2513.373974
0.817982 0.000008 0.000139 0.000038 0.000073 0.175274 0.006487 1.629657 2515.176274
0.819911 0.000007 0.000129 0.000034 0.000069 0.173361 0.006488 1.629658 2516.909308
0.821842 0.000007 0.000122 0.000033 0.000066 0.171441 0.006489 1.629658 2518.234794
0.823710 0.000006 0.000114 0.000031 0.000064 0.169585 0.006490 1.629659 2519.364746
0.825485 0.000006 0.000111 0.000029 0.000063 0.167816 0.006490 1.629660 2519.718868
0.827224 0.000005 0.000106 0.000028 0.000061 0.166085 0.006491 1.629661 2520.544031
0.828952 0.000005 0.000100 0.000026 0.000060 0.164366 0.006492 1.629662 2521.254719
0.830639 0.000005 0.000094 0.000024 0.000058 0.162688 0.006493 1.629662 2522.317641
0.832273 0.000004 0.000087 0.000023 0.000058 0.161062 0.006493 1.629663 2522.317641
0.833791 0.000003 0.000080 0.000021 0.000055 0.159557 0.006494 1.629663 2523.973438
0.835280 0.000003 0.000073 0.000019 0.000053 0.158077 0.006495 1.629664 2525.106554
0.836682 0.000003 0.000069 0.000019 0.000051 0.156681 0.006495 1.629664 2526.287126
0.838059 0.000003 0.000063 0.000018 0.000049 0.155312 0.006496 1.629664 2527.079866
0.839402 0.000003 0.000059 0.000017 0.000048 0.153975 0.006497 1.629665 2528.164778
0.840723 0.000003 0.000055 0.000017 0.000045 0.152658 0.006499 1.629665 2529.661713
0.841901 0.000003 0.000051 0.000015 0.000044 0.151487 0.006500 1.629665 2530.578186
0.843067 0.000002 0.000047 0.000015 0.000042 0.150326 0.006500 1.629665 2531.280236
0.844156 0.000002 0.000044 0.000015 0.000041 0.149242 0.006501 1.629666 2532.202762
0.845213 0.000002 0.000042 0.000013 0.000039 0.148189 0.006501 1.629666 2533.145436
0.846229 0.000002 0.000039 0.000013 0.000038 0.147178 0.006502 1.629666 2533.618108
0.847216 0.000002 0.000037 0.000012 0.000036 0.146195 0.006502 1.629666 2534.492154
0.848175 0.000002 0.000034 0.000010 0.000034 0.145240 0.006504 1.629666 2535.727038
0.849069 0.000002 0.000033 0.000009 0.000033 0.144349 0.006504 1.629666 2536.077093
0.849911 0.000002 0.000030 0.000009 0.000032 0.143510 0.006505 1.629666 2536.683782
0.850723 0.000002 0.000029 0.000009 0.000029 0.142701 0.006506 1.629666 2538.352493
0.851518 0.000002 0.000026 0.000009 0.000027 0.141912 0.006506 1.629667 2539.008399
0.852251 0.000002 0.000025 0.000008 0.000026 0.141181 0.006507 1.629667 2539.457227
0.852952 0.000002 0.000025 0.000006 0.000026 0.140483 0.006507 1.629667 2539.815230
0.853611 0.000002 0.000023 0.000006 0.000025 0.139826 0.006508 1.629667 2540.444606
0.854205 0.000002 0.000021 0.000005 0.000024 0.139235 0.006509 1.629667 2541.119155
0.854790 0.000002 0.000021 0.000005 0.000022 0.138651 0.006509 1.629667 2541.835990
0.855373 0.000001 0.000020 0.000005 0.000022 0.138069 0.006509 1.629668 2541.835990
0.855916 0.000001 0.000019 0.000004 0.000022 0.137529 0.006509 1.629668 2542.044836
0.856455 0.000001 0.000017 0.000003 0.000022 0.136992 0.006509 1.629668 2542.044836
0.856959 0.000001 0.000016 0.000003 0.000022 0.136490 0.006509 1.629668 2542.448018
0.857423 0.000001 0.000014 0.000002 0.000021 0.136029 0.006510 1.629668 2542.823462
0.857856 0.000001 0.000013 0.000002 0.000020 0.135598 0.006510 1.629668 2543.235152
0.858264 0.000001 0.000013 0.000002 0.000020 0.135190 0.006510 1.629668 2543.708152
0.858672 0.000001 0.000011 0.000002 0.000019 0.134785 0.006511 1.629668 2544.480239
0.859050 0.000001 0.000011 0.000002 0.000017 0.134407 0.006512 1.629668 2545.432926
0.859385 0.000001 0.000009 0.000002 0.000016 0.134075 0.006512 1.629668 2546.159637
0.859700 0.000001 0.000009 0.000002 0.000016 0.133761 0.006512 1.629668 2546.416646
0.859994 0.000001 0.000009 0.000001 0.000016 0.133467 0.006512 1.629668 2546.652590
0.860279 0.000000 0.000008 0.000001 0.000016 0.133183 0.006512 1.629669 2546.652590
0.860545 0.000000 0.000008 0.000001 0.000015 0.132918 0.006513 1.629669 2547.459889
0.860809 0.000000 0.000008 0.000001 0.000014 0.132654 0.006513 1.629669 2547.575972
0.861059 0.000000 0.000007 0.000001 0.000014 0.132406 0.006513 1.629669 2548.153054
0.861277 0.000000 0.000006 0.000001 0.000013 0.132188 0.006513 1.629669 2548.328098
0.861502 0.000000 0.000006 0.000001 0.000013 0.131964 0.006513 1.629669 2548.328098
0.861699 0.000000 0.000005 0.000001 0.000012 0.131769 0.006514 1.629669 2548.807116
0.861891 0.000001 0.000005 0.000001 0.000011 0.131577 0.006514 1.629669 2549.393084
0.862058 0.000001 0.000004 0.000001 0.000011 0.131410 0.006514 1.629669 2549.393084
0.862231 0.000000 0.000004 0.000001 0.000011 0.131238 0.006514 1.629669 2549.593777
0.862398 0.000000 0.000004 0.000001 0.000010 0.131072 0.006515 1.629669 2550.283584
0.862552 0.000000 0.000004 0.000000 0.000010 0.130917 0.006515 1.629669 2550.467947
0.862684 0.000000 0.000004 0.000000 0.000009 0.130787 0.006515 1.629670 2551.057419
0.862825 0.000000 0.000004 0.000000 0.000009 0.130646 0.006515 1.629670 2551.399127
0.862952 0.000000 0.000004 0.000000 0.000009 0.130519 0.006515 1.629670 2551.399127
0.863077 0.000000 0.000004 0.000001 0.000008 0.130394 0.006515 1.629670 2551.539120
0.863208 0.000000 0.000003 0.000001 0.000008 0.130264 0.006515 1.629670 2552.071249
0.863321 0.000000 0.000003 0.000001 0.000007 0.130151 0.006516 1.629670 2552.308317
0.863426 0.000000 0.000003 0.000001 0.000007 0.130047 0.006516 1.629670 2552.519287
0.863534 0.000000 0.000003 0.000000 0.000007 0.129939 0.006516 1.629670 2552.695265
0.863623 0.000000 0.000003 0.000000 0.000007 0.129851 0.006516 1.629670 2552.780825
0.863715 0.000000 0.000003 0.000000 0.000007 0.129759 0.006516 1.629670 2552.780825
0.863805 0.000000 0.000003 0.000000 0.000006 0.129669 0.006516 1.629670 2552.998833
0.863888 0.000000 0.000002 0.000001 0.000006 0.129587 0.006516 1.629670 2553.362263
0.863961 0.000000 0.000002 0.000001 0.000006 0.129514 0.006516 1.629670 2553.362263
0.864039 0.000000 0.000002 0.000000 0.000006 0.129437 0.006516 1.629670 2553.552331
0.864108 0.000000 0.000002 0.000000 0.000005 0.129368 0.006516 1.629670 2554.073130
0.864171 0.000000 0.000002 0.000000 0.000005 0.129305 0.006516 1.629670 2554.158160
0.864235 0.000000 0.000002 0.000000 0.000005 0.129242 0.006516 1.629670 2554.158160
0.864292 0.000000 0.000002 0.000000 0.000005 0.129184 0.006516 1.629670 2554.158160
0.864351 0.000000 0.000002 0.000000 0.000005 0.129126 0.006516 1.629670 2554.158160
0.864401 0.000000 0.000002 0.000000 0.000004 0.129076 0.006517 1.629670 2554.597468
0.864451 0.000000 0.000002 0.000000 0.000004 0.129026 0.006517 1.629670 2554.844236
0.864502 0.000000 0.000002 0.000000 0.000004 0.128975 0.006517 1.629670 2554.854011
0.864544 0.000000 0.000002 0.000000 0.000004 0.128933 0.006517 1.629670 2555.040014
0.864589 0.000000 0.000002 0.000000 0.000003 0.128888 0.006517 1.629670 2555.196558
0.864632 0.000000 0.000002 0.000000 0.000003 0.128846 0.006517 1.629670 2555.196558
0.864674 0.000000 0.000002 0.000000 0.000003 0.128803 0.006517 1.629670 2555.196558
0.864711 0.000000 0.000002 0.000000 0.000003 0.128767 0.006517 1.629670 2555.196558
0.864750 0.000000 0.000001 0.000000 0.000003 0.128728 0.006517 1.629670 2555.196558
0.864788 0.000000 0.000001 0.000000 0.000003 0.128691 0.006517 1.629670 2555.196558
0.864823 0.000000 0.000001 0.000000 0.000003 0.128655 0.006517 1.629670 2555.196558
0.864859 0.000000 0.000001 0.000000 0.000003 0.128620 0.006518 1.629670 2555.634062
0.864882 0.000000 0.000001 0.000000 0.000003 0.128597 0.006518 1.629670 2555.634062
0.864908 0.000000 0.000001 0.000000 0.000003 0.128571 0.006518 1.629670 2555.634062
0.864934 0.000000 0.000001 0.000000 0.000003 0.128545 0.006518 1.629670 2555.634062
0.864955 0.000000 0.000001 0.000000 0.000003 0.128523 0.006518 1.629670 2555.634062
0.864980 0.000000 0.000000 0.000000 0.000003 0.128499 0.006518 1.629670 2555.634062
0.865002 0.000000 0.000000 0.000000 0.000003 0.128477 0.006518 1.629670 2555.634062
0.865025 0.000000 0.000000 0.000000 0.000003 0.128454 0.006518 1.629670 2555.634062
0.865047 0.000000 0.000000 0.000000 0.000003 0.128432 0.006518 1.629670 2555.650149
0.865067 0.000000 0.000000 0.000000 0.000003 0.128412 0.006518 1.629670 2555.650149
0.865082 0.000000 0.000000 0.000000 0.000003 0.128397 0.006518 1.629670 2555.650149
0.865102 0.000000 0.000000 0.000000 0.000002 0.128377 0.006518 1.629670 2555.866636
0.865122 0.000000 0.000000 0.000000 0.000002 0.128358 0.006518 1.629670 2555.866636
0.865136 0.000000 0.000000 0.000000 0.000002 0.128343 0.006518 1.629670 2555.866636
0.865153 0.000000 0.000000 0.000000 0.000002 0.128326 0.006518 1.629670 2555.866636
0.865171 0.000000 0.000000 0.000000 0.000002 0.128308 0.006518 1.629670 2555.866636
0.865187 0.000000 0.000000 0.000000 0.000002 0.128293 0.006518 1.629670 2555.866636
0.865200 0.000000 0.000000 0.000000 0.000002 0.128280 0.006518 1.629670 2555.866636
0.865213 0.000000 0.000000 0.000000 0.000002 0.128266 0.006518 1.629670 2555.866636
0.865224 0.000000 0.000000 0.000000 0.000002 0.128255 0.006518 1.629670 2555.866636
0.865239 0.000000 0.000000 0.000000 0.000002 0.128240 0.006518 1.629670 2555.866636
0.865250 0.000000 0.000000 0.000000 0.000002 0.128230 0.006518 1.629670 2555.866636
0.865264 0.000000 0.000000 0.000000 0.000002 0.128215 0.006518 1.629670 2555.866636
0.865277 0.000000 0.000000 0.000000 0.000002 0.128202 0.006518 1.629670 2556.118431
0.865286 0.000000 0.000000 0.000000 0.000002 0.128193 0.006519 1.629670 2556.339161
0.865295 0.000000 0.000000 0.000000 0.000002 0.128185 0.006519 1.629670 2556.373117
0.865303 0.000000 0.000000 0.000000 0.000001 0.128176 0.006519 1.629670 2556.632085
0.865310 0.000000 0.000000 0.000000 0.000001 0.128170 0.006519 1.629670 2556.632085
0.865319 0.000000 0.000000 0.000000 0.000001 0.128161 0.006519 1.629670 2556.632085
0.865326 0.000000 0.000000 0.000000 0.000001 0.128154 0.006519 1.629670 2556.632085
0.865331 0.000000 0.000000 0.000000 0.000001 0.128148 0.006519 1.629670 2556.632085
0.865338 0.000000 0.000000 0.000000 0.000001 0.128142 0.006519 1.629670 2556.632085
0.865342 0.000000 0.000000 0.000000 0.000001 0.128137 0.006519 1.629670 2556.896574
0.865348 0.000000 0.000000 0.000000 0.000001 0.128132 0.006519 1.629670 2556.896574
0.865353 0.000000 0.000000 0.000000 0.000001 0.128127 0.006519 1.629670 2556.896574
0.865359 0.000000 0.000000 0.000000 0.000001 0.128121 0.006519 1.629670 2556.999325
0.865364 0.000000 0.000000 0.000000 0.000001 0.128115 0.006519 1.629670 2556.999325
0.865366 0.000000 0.000000 0.000000 0.000000 0.128114 0.006519 1.629670 2557.232324
0.865370 0.000000 0.000000 0.000000 0.000000 0.128110 0.006519 1.629670 2557.232324
0.865372 0.000000 0.000000 0.000000 0.000000 0.128108 0.006519 1.629670 2557.232324
0.865374 0.000000 0.000000 0.000000 0.000000 0.128106 0.006519 1.629670 2557.232324
0.865378 0.000000 0.000000 0.000000 0.000000 0.128102 0.006519 1.629670 2557.232324
0.865381 0.000000 0.000000 0.000000 0.000000 0.128099 0.006519 1.629670 2557.232324
0.865384 0.000000 0.000000 0.000000 0.000000 0.128096 0.006519 1.629670 2557.232324
0.865386 0.000000 0.000000 0.000000 0.000000 0.128094 0.006519 1.629670 2557.232324
0.865388 0.000000 0.000000 0.000000 0.000000 0.128092 0.006519 1.629670 2557.232324
0.865391 0.000000 0.000000 0.000000 0.000000 0.128089 0.006519 1.629670 2557.232324
0.865394 0.000000 0.000000 0.000000 0.000000 0.128086 0.006519 1.629670 2557.232324
0.865397 0.000000 0.000000 0.000000 0.000000 0.128083 0.006519 1.629670 2557.232324
0.865399 0.000000 0.000000 0.000000 0.000000 0.128081 0.006519 1.629670 2557.232324
0.865400 0.000000 0.000000 0.000000 0.000000 0.128080 0.006519 1.629670 2557.232324
0.865403 0.000000 0.000000 0.000000 0.000000 0.128077 0.006519 1.629670 2557.232324
0.865406 0.000000 0.000000 0.000000 0.000000 0.128074 0.006519 1.629670 2557.232324
0.865408 0.000000 0.000000 0.000000 0.000000 0.128072 0.006519 1.629670 2557.232324
0.865410 0.000000 0.000000 0.000000 0.000000 0.128070 0.006519 1.629670 2557.232324
0.865412 0.000000 0.000000 0.000000 0.000000 0.128068 0.006519 1.629670 2557.232324
0.865413 0.000000 0.000000 0.000000 0.000000 0.128067 0.006519 1.629670 2557.232324
0.865416 0.000000 0.000000 0.000000 0.000000 0.128064 0.006519 1.629670 2557.232324
0.865418 0.000000 0.000000 0.000000 0.000000 0.128062 0.006519 1.629670 2557.232324
0.865418 0.000000 0.000000 0.000000 0.000000 0.128062 0.006520 1.629670 2557.304302
0.865420 0.000000 0.000000 0.000000 0.000000 0.128060 0.006520 1.629670 2557.304302
0.865421 0.000000 0.000000 0.000000 0.000000 0.128059 0.006520 1.629670 2557.304302
0.865422 0.000000 0.000000 0.000000 0.000000 0.128058 0.006520 1.629670 2557.304302
0.865422 0.000000 0.000000 0.000000 0.000000 0.128058 0.006520 1.629670 2557.304302
0.865423 0.000000 0.000000 0.000000 0.000000 0.128057 0.006520 1.629670 2557.304302
0.865423 0.000000 0.000000 0.000000 0.000000 0.128057 0.006520 1.629670 2557.304302
0.865424 0.000000 0.000000 0.000000 0.000000 0.128056 0.006520 1.629670 2557.304302
0.865425 0.000000 0.000000 0.000000 0.000000 0.128055 0.006520 1.629670 2557.304302
0.865426 0.000000 0.000000 0.000000 0.000000 0.128054 0.006520 1.629670 2557.304302
0.865426 0.000000 0.000000 0.000000 0.000000 0.128054 0.006520 1.629670 2557.304302
0.865427 0.000000 0.000000 0.000000 0.000000 0.128053 0.006520 1.629670 2557.304302
0.865428 0.000000 0.000000 0.000000 0.000000 0.128052 0.006520 1.629670 2557.304302
0.865429 0.000000 0.000000 0.000000 0.000000 0.128051 0.006520 1.629670 2557.304302
0.865429 0.000000 0.000000 0.000000 0.000000 0.128051 0.006520 1.629670 2557.304302
0.865430 0.000000 0.000000 0.000000 0.000000 0.128050 0.006520 1.629670 2557.304302
0.865431 0.000000 0.000000 0.000000 0.000000 0.128049 0.006520 1.629670 2557.304302
0.865431 0.000000 0.000000 0.000000 0.000000 0.128049 0.006520 1.629670 2557.304302
0.865433 0.000000 0.000000 0.000000 0.000000 0.128047 0.006520 1.629670 2557.304302
0.865434 0.000000 0.000000 0.000000 0.000000 0.128046 0.006520 1.629670 2557.304302
0.865434 0.000000 0.000000 0.000000 0.000000 0.128046 0.006520 1.629670 2557.304302
0.865435 0.000000 0.000000 0.000000 0.000000 0.128045 0.006520 1.629670 2557.304302
0.865435 0.000000 0.000000 0.000000 0.000000 0.128045 0.006520 1.629670 2557.304302
0.865436 0.000000 0.000000 0.000000 0.000000 0.128044 0.006520 1.629670 2557.304302
0.865437 0.000000 0.000000 0.000000 0.000000 0.128043 0.006520 1.629670 2557.304302
0.865437 0.000000 0.000000 0.000000 0.000000 0.128043 0.006520 1.629670 2557.304302
0.865438 0.000000 0.000000 0.000000 0.000000 0.128042 0.006520 1.629670 2557.304302
0.865439 0.000000 0.000000 0.000000 0.000000 0.128041 0.006520 1.629670 2557.304302
0.865439 0.000000 0.000000 0.000000 0.000000 0.128041 0.006520 1.629670 2557.304302
0.865440 0.000000 0.000000 0.000000 0.000000 0.128040 0.006520 1.629670 2557.304302
0.865441 0.000000 0.000000 0.000000 0.000000 0.128039 0.006520 1.629670 2557.304302
0.865441 0.000000 0.000000 0.000000 0.000000 0.128039 0.006520 1.629670 2557.304302
0.865441 0.000000 0.000000 0.000000 0.000000 0.128039 0.006520 1.629670 2557.304302
0.865441 0.000000 0.000000 0.000000 0.000000 0.128039 0.006520 1.629670 2557.551863
0.865441 0.000000 0.000000 0.000000 0.000000 0.128039 0.006520 1.629670 2557.551863
0.865441 0.000000 0.000000 0.000000 0.000000 0.128039 0.006520 1.629670 2557.551863
0.865441 0.000000 0.000000 0.000000 0.000000 0.128039 0.006520 1.629670 2557.551863
0.865441 0.000000 0.000000 0.000000 0.000000 0.128039 0.006520 1.629670 2557.551863
0.865441 0.000000 0.000000 0.000000 0.000000 0.128039 0.006520 1.629670 2557.551863
0.865441 0.000000 0.000000 0.000000 0.000000 0.128039 0.006520 1.629670 2557.551863
0.865441 0.000000 0.000000 0.000000 0.000000 0.128039 0.006520 1.629670 2557.551863
0.865441 0.000000 0.000000 0.000000 0.000000 0.128039 0.006520 1.629670 2557.551863
0.865441 0.000000 0.000000 0.000000 0.000000 0.128039 0.006520 1.629670 2557.551863
0.865441 0.000000 0.000000 0.000000 0.000000 0.128039 0.006520 1.629670 2557.551863
0.865441 0.000000 0.000000 0.000000 0.000000 0.128039 0.006520 1.629670 2557.551863
0.865441 0.000000 0.000000 0.000000 0.000000 0.128039 0.006520 1.629670 2557.551863
0.865441 0.000000 0.000000 0.000000 0.000000 0.128039 0.006520 1.629670 2557.551863
0.865441 0.000000 0.000000 0.000000 0.000000 0.128039 0.006520 1.629670 2557.551863
0.865441 0.000000 0.000000 0.000000 0.000000 0.128039 0.006520 1.629670 2557.551863
0.865441 0.000000 0.000000 0.000000 0.000000 0.128039 0.006520 1.629670 2557.551863
0.865441 0.000000 0.000000 0.000000 0.000000 0.128039 0.006520 1.629670 2557.551863
0.865441 0.000000 0.000000 0.000000 0.000000 0.128039 0.006520 1.629670 2557.551863
0.865441 0.000000 0.000000 0.000000 0.000000 0.128039 0.006520 1.629670 2557.551863
0.865441 0.000000 0.000000 0.000000 0.000000 0.128039 0.006520 1.629670 2557.551863
0.865441 0.000000 0.000000 0.000000 0.000000 0.128039 0.006520 1.629670 2557.551863
0.865441 0.000000 0.000000 0.000000 0.000000 0.128039 0.006520 1.629670 2557.551863
0.865441 0.000000 0.000000 0.000000 0.000000 0.128039 0.006520 1.629670 2557.551863
0.865441 0.000000 0.000000 0.000000 0.000000 0.128039 0.006520 1.629670 2557.551863
0.865441 0.000000 0.000000 0.000000 0.000000 0.128039 0.006520 1.629670 2557.551863
0.865441 0.000000 0.000000 0.000000 0.000000 0.128039 0.006520 1.629670 2557.551863
0.865441 0.000000 0.000000 0.000000 0.000000 0.128039 0.006520 1.629670 2557.551863
0.865441 0.000000 0.000000 0.000000 0.000000 0.128039 0.006520 1.629670 2557.551863
0.865441 0.000000 0.000000 0.000000 0.000000 0.128039 0.006520 1.629670 2557.551863
0.865441 0.000000 0.000000 0.000000 0.000000 0.128039 0.006520 1.629670 2557.551863
0.865441 0.000000 0.000000 0.000000 0.000000 0.128039 0.006520 1.629670 2557.551863
0.865441 0.000000 0.000000 0.000000 0.000000 0.128039 0.006520 1.629670 2557.551863
0.865441 0.000000 0.000000 0.000000 0.000000 0.128039 0.006520 1.629670 2557.551863
0.865441 0.000000 0.000000 0.000000 0.000000 0.128039 0.006520 1.629670 2557.551863
0.865441 0.000000 0.000000 0.000000 0.000000 0.128039 0.006520 1.629670 2557.551863
0.865441 0.000000 0.000000 0.000000 0.000000 0.128039 0.006520 1.629670 2557.551863
0.865441 0.000000 0.000000 0.000000 0.000000 0.128039 0.006520 1.629670 2557.551863
0.865441 0.000000 0.000000 0.000000 0.000000 0.128039 0.006520 1.629670 2557.551863
0.865441 0.000000 0.000000 0.000000 0.000000 0.128039 0.006520 1.629670 2557.551863
0.865441 0.000000 0.000000 0.000000 0.000000 0.128039 0.006520 1.629670 2557.551863
0.865441 0.000000 0.000000 0.000000 0.000000 0.128039 0.006520 1.629670 2557.551863
0.865441 0.000000 0.000000 0.000000 0.000000 0.128039 0.006520 1.629670 2557.551863
0.865441 0.000000 0.000000 0.000000 0.000000 0.128039 0.006520 1.629670 2557.551863
0.865441 0.000000 0.000000 0.000000 0.000000 0.128039 0.006520 1.629670 2557.551863
0.865441 0.000000 0.000000 0.000000 0.000000 0.128039 0.006520 1.629670 2557.551863
0.865441 0.000000 0.000000 0.000000 0.000000 0.128039 0.006520 1.629670 2557.551863
0.865441 0.000000 0.000000 0.000000 0.000000 0.128039 0.006520 1.629670 2557.551863
0.865441 0.000000 0.000000 0.000000 0.000000 0.128039 0.006520 1.629670 2557.551863
0.865441 0.000000 0.000000 0.000000 0.000000 0.128039 0.006520 1.629670 2557.551863
0.865441 0.000000 0.000000 0.000000 0.000000 0.128039 0.006520 1.629670 2557.551863
0.865441 0.000000 0.000000 0.000000 0.000000 0.128039 0.006520 1.629670 2557.551863
0.865441 0.000000 0.000000 0.000000 0.000000 0.128039 0.006520 1.629670 2557.551863
0.865441 0.000000 0.000000 0.000000 0.000000 0.128039 0.006520 1.629670 2557.551863
0.865441 0.000000 0.000000 0.000000 0.000000 0.128039 0.006520 1.629670 2557.551863
0.865441 0.000000 0.000000 0.000000 0.000000 0.128039 0.006520 1.629670 2557.551863
0.865441 0.000000 0.000000 0.000000 0.000000 0.128039 0.006520 1.629670 2557.551863
0.865441 0.000000 0.000000 0.000000 0.000000 0.128039 0.006520 1.629670 2557.551863
0.865441 0.000000 0.000000 0.000000 0.000000 0.128039 0.006520 1.629670 2557.551863
0.865441 0.000000 0.000000 0.000000 0.000000 0.128039 0.006520 1.629670 2557.551863
0.865441 0.000000 0.000000 0.000000 0.000000 0.128039 0.006520 1.629670 2557.551863
0.865441 0.000000 0.000000 0.000000 0.000000 0.128039 0.006520 1.629670 2557.551863
0.865441 0.000000 0.000000 0.000000 0.000000 0.128039 0.006520 1.629670 2557.551863
0.865441 0.000000 0.000000 0.000000 0.000000 0.128039 0.006520 1.629670 2557.551863
0.865441 0.000000 0.000000 0.000000 0.000000 0.128039 0.006520 1.629670 2557.551863
0.865441 0.000000 0.000000 0.000000 0.000000 0.128039 0.006520 1.629670 2557.551863
0.865441 0.000000 0.000000 0.000000 0.000000 0.128039 0.006520 1.629670 2557.551863
0.865441 0.000000 0.000000 0.000000 0.000000 0.128039 0.006520 1.629670 2557.551863
0.865441 0.000000 0.000000 0.000000 0.000000 0.128039 0.006520 1.629670 2557.551863
0.865441 0.000000 0.000000 0.000000 0.000000 0.128039 0.006520 1.629670 2557.551863
0.865441 0.000000 0.000000 0.000000 0.000000 0.128039 0.006520 1.629670 2557.551863
0.865441 0.000000 0.000000 0.000000 0.000000 0.128039 0.006520 1.629670 2557.551863
0.865441 0.000000 0.000000 0.000000 0.000000 0.128039 0.006520 1.629670 2557.551863
0.865441 0.000000 0.000000 0.000000 0.000000 0.128039 0.006520 1.629670 2557.551863
0.865441 0.000000 0.000000 0.000000 0.000000 0.128039 0.006520 1.629670 2557.551863
0.865441 0.000000 0.000000 0.000000 0.000000 0.128039 0.006520 1.629670 2557.551863
0.865441 0.000000 0.000000 0.000000 0.000000 0.128039 0.006520 1.629670 2557.551863
0.865441 0.000000 0.000000 0.000000 0.000000 0.128039 0.006520 1.629670 2557.551863
0.865441 0.000000 0.000000 0.000000 0.000000 0.128039 0.006520 1.629670 2557.551863
0.865441 0.000000 0.000000 0.000000 0.000000 0.128039 0.006520 1.629670 2557.551863
0.865441 0.000000 0.000000 0.000000 0.000000 0.128039 0.006520 1.629670 2557.551863
0.865441 0.000000 0.000000 0.000000 0.000000 0.128039 0.006520 1.629670 2557.551863
0.865441 0.000000 0.000000 0.000000 0.000000 0.128039 0.006520 1.629670 2557.551863
0.865441 0.000000 0.000000 0.000000 0.000000 0.128039 0.006520 1.629670 2557.551863
0.865441 0.000000 0.000000 0.000000 0.000000 0.128039 0.006520 1.629670 2557.551863
0.865441 0.000000 0.000000 0.000000 0.000000 0.128039 0.006520 1.629670 2557.551863
0.865441 0.000000 0.000000 0.000000 0.000000 0.128039 0.006520 1.629670 2557.551863
0.865441 0.000000 0.000000 0.000000 0.000000 0.128039 0.006520 1.629670 2557.551863
0.865441 0.000000 0.000000 0.000000 0.000000 0.128039 0.006520 1.629670 2557.551863
0.865441 0.000000 0.000000 0.000000 0.000000 0.128039 0.006520 1.629670 2557.551863
0.865441 0.000000 0.000000 0.000000 0.000000 0.128039 0.006520 1.629670 2557.551863
0.865441 0.000000 0.000000 0.000000 0.000000 0.128039 0.006520 1.629670 2557.551863
0.865441 0.000000 0.000000 0.000000 0.000000 0.128039 0.006520 1.629670 2557.551863
0.865441 0.000000 0.000000 0.000000 0.000000 0.128039 0.006520 1.629670 2557.551863
0.865441 0.000000 0.000000 0.000000 0.000000 0.128039 0.006520 1.629670 2557.551863
0.865441 0.000000 0.000000 0.000000 0.000000 0.128039 0.006520 1.629670 2557.551863
0.865441 0.000000 0.000000 0.000000 0.000000 0.128039 0.006520 1.629670 2557.551863
0.865441 0.000000 0.000000 0.000000 0.000000 0.128039 0.006520 1.629670 2557.551863
0.865441 0.000000 0.000000 0.000000 0.000000 0.128039 0.006520 1.629670 2557.551863
0.865441 0.000000 0.000000 0.000000 0.000000 0.128039 0.006520 1.629670 2557.551863
0.865441 0.000000 0.000000 0.000000 0.000000 0.128039 0.006520 1.629670 2557.551863
0.865441 0.000000 0.000000 0.000000 0.000000 0.128039 0.006520 1.629670 2557.551863
0.865441 0.000000 0.000000 0.000000 0.000000 0.128039 0.006520 1.629670 2557.551863
0.865441 0.000000 0.000000 0.000000 0.000000 0.128039 0.006520 1.629670 2557.551863
0.865441 0.000000 0.000000 0.000000 0.000000 0.128039 0.006520 1.629670 2557.551863
0.865441 0.000000 0.000000 0.000000 0.000000 0.128039 0.006520 1.629670 2557.551863
0.865441 0.000000 0.000000 0.000000 0.000000 0.128039 0.006520 1.629670 2557.551863
0.865441 0.000000 0.000000 0.000000 0.000000 0.128039 0.006520 1.629670 2557.551863
0.865441 0.000000 0.000000 0.000000 0.000000 0.128039 0.006520 1.629670 2557.551863
0.865441 0.000000 0.000000 0.000000 0.000000 0.128039 0.006520 1.629670 2557.551863
0.865441 0.000000 0.000000 0.000000 0.000000 0.128039 0.006520 1.629670 2557.551863
0.865441 0.000000 0.000000 0.000000 0.000000 0.128039 0.006520 1.629670 2557.551863
0.865441 0.000000 0.000000 0.000000 0.000000 0.128039 0.006520 1.629670 2557.551863
0.865441 0.000000 0.000000 0.000000 0.000000 0.128039 0.006520 1.629670 2557.551863
0.865441 0.000000 0.000000 0.000000 0.000000 0.128039 0.006520 1.629670 2557.551863
0.865441 0.000000 0.000000 0.000000 0.000000 0.128039 0.006520 1.629670 2557.551863
0.865441 0.000000 0.000000 0.000000 0.000000 0.128039 0.006520 1.629670 2557.551863
0.865441 0.000000 0.000000 0.000000 0.000000 0.128039 0.006520 1.629670 2557.551863
0.865441 0.000000 0.000000 0.000000 0.000000 0.128039 0.006520 1.629670 2557.551863
0.865441 0.000000 0.000000 0.000000 0.000000 0.128039 0.006520 1.629670 2557.551863
0.865441 0.000000 0.000000 0.000000 0.000000 0.128039 0.006520 1.629670 2557.551863
0.865441 0.000000 0.000000 0.000000 0.000000 0.128039 0.006520 1.629670 2557.551863
0.865441 0.000000 0.000000 0.000000 0.000000 0.128039 0.006520 1.629670 2557.551863
0.865441 0.000000 0.000000 0.000000 0.000000 0.128039 0.006520 1.629670 2557.551863
0.865441 0.000000 0.000000 0.000000 0.000000 0.128039 0.006520 1.629670 2557.551863
0.865441 0.000000 0.000000 0.000000 0.000000 0.128039 0.006520 1.629670 2557.551863
0.865441 0.000000 0.000000 0.000000 0.000000 0.128039 0.006520 1.629670 2557.551863
0.865441 0.000000 0.000000 0.000000 0.000000 0.128039 0.006520 1.629670 2557.551863
0.865441 0.000000 0.000000 0.000000 0.000000 0.128039 0.006520 1.629670 2557.551863
0.865441 0.000000 0.000000 0.000000 0.000000 0.128039 0.006520 1.629670 2557.551863
0.865441 0.000000 0.000000 0.000000 0.000000 0.128039 0.006520 1.629670 2557.551863
0.865441 0.000000 0.000000 0.000000 0.000000 0.128039 0.006520 1.629670 2557.551863
0.865441 0.000000 0.000000 0.000000 0.000000 0.128039 0.006520 1.629670 2557.551863
0.865441 0.000000 0.000000 0.000000 0.000000 0.128039 0.006520 1.629670 2557.551863
0.865441 0.000000 0.000000 0.000000 0.000000 0.128039 0.006520 1.629670 2557.551863
0.865441 0.000000 0.000000 0.000000 0.000000 0.128039 0.006520 1.629670 2557.551863
0.865441 0.000000 0.000000 0.000000 0.000000 0.128039 0.006520 1.629670 2557.551863
0.865441 0.000000 0.000000 0.000000 0.000000 0.128039 0.006520 1.629670 2557.551863
0.865441 0.000000 0.000000 0.000000 0.000000 0.128039 0.006520 1.629670 2557.551863
0.865441 0.000000 0.000000 0.000000 0.000000 0.128039 0.006520 1.629670 2557.551863
0.865441 0.000000 0.000000 0.000000 0.000000 0.128039 0.006520 1.629670 2557.551863
0.865441 0.000000 0.000000 0.000000 0.000000 0.128039 0.006520 1.629670 2557.551863
0.865441 0.000000 0.000000 0.000000 0.000000 0.128039 0.006520 1.629670 2557.551863
0.865441 0.000000 0.000000 0.000000 0.000000 0.128039 0.006520 1.629670 2557.551863
0.865441 0.000000 0.000000 0.000000 0.000000 0.128039 0.006520 1.629670 2557.551863
0.865441 0.000000 0.000000 0.000000 0.000000 0.128039 0.006520 1.629670 2557.551863
0.865441 0.000000 0.000000 0.000000 0.000000 0.128039 0.006520 1.629670 2557.551863
0.865441 0.000000 0.000000 0.000000 0.000000 0.128039 0.006520 1.629670 2557.551863
0.865441 0.000000 0.000000 0.000000 0.000000 0.128039 0.006520 1.629670 2557.551863
0.865441 0.000000 0.000000 0.000000 0.000000 0.128039 0.006520 1.629670 2557.551863
0.865441 0.000000 0.000000 0.000000 0.000000 0.128039 0.006520 1.629670 2557.551863
0.865441 0.000000 0.000000 0.000000 0.000000 0.128039 0.006520 1.629670 2557.551863
0.865441 0.000000 0.000000 0.000000 0.000000 0.128039 0.006520 1.629670 2557.551863
0.865441 0.000000 0.000000 0.000000 0.000000 0.128039 0.006520 1.629670 2557.551863
0.865441 0.000000 0.000000 0.000000 0.000000 0.128039 0.006520 1.629670 2557.551863
0.865441 0.000000 0.000000 0.000000 0.000000 0.128039 0.006520 1.629670 2557.551863
0.865441 0.000000 0.000000 0.000000 0.000000 0.128039 0.006520 1.629670 2557.551863
0.865441 0.000000 0.000000 0.000000 0.000000 0.128039 0.006520 1.629670 2557.551863
0.865441 0.000000 0.000000 0.000000 0.000000 0.128039 0.006520 1.629670 2557.551863
0.865441 0.000000 0.000000 0.000000 0.000000 0.128039 0.006520 1.629670 2557.551863
0.865441 0.000000 0.000000 0.000000 0.000000 0.128039 0.006520 1.629670 2557.551863
0.865441 0.000000 0.000000 0.000000 0.000000 0.128039 0.006520 1.629670 2557.551863
0.865441 0.000000 0.000000 0.000000 0.000000 0.128039 0.006520 1.629670 2557.551863
0.865441 0.000000 0.000000 0.000000 0.000000 0.128039 0.006520 1.629670 2557.551863
0.865441 0.000000 0.000000 0.000000 0.000000 0.128039 0.006520 1.629670 2557.551863
0.865441 0.000000 0.000000 0.000000 0.000000 0.128039 0.006520 1.629670 2557.551863
0.865441 0.000000 0.000000 0.000000 0.000000 0.128039 0.006520 1.629670 2557.551863
0.865441 0.000000 0.000000 0.000000 0.000000 0.128039 0.006520 1.629670 2557.551863
0.865441 0.000000 0.000000 0.000000 0.000000 0.128039 0.006520 1.629670 2557.551863
0.865441 0.000000 0.000000 0.000000 0.000000 0.128039 0.006520 1.629670 2557.551863
0.865441 0.000000 0.000000 0.000000 0.000000 0.128039 0.006520 1.629670 2557.551863
0.865441 0.000000 0.000000 0.000000 0.000000 0.128039 0.006520 1.629670 2557.551863
0.865441 0.000000 0.000000 0.000000 0.000000 0.128039 0.006520 1.629670 2557.551863
0.865441 0.000000 0.000000 0.000000 0.000000 0.128039 0.006520 1.629670 2557.551863
0.865441 0.000000 0.000000 0.000000 0.000000 0.128039 0.006520 1.629670 2557.551863
0.865441 0.000000 0.000000 0.000000 0.000000 0.128039 0.006520 1.629670 2557.551863
0.865441 0.000000 0.000000 0.000000 0.000000 0.128039 0.006520 1.629670 2557.551863
0.865441 0.000000 0.000000 0.000000 0.000000 0.128039 0.006520 1.629670 2557.551863
0.865441 0.000000 0.000000 0.000000 0.000000 0.128039 0.006520 1.629670 2557.551863
0.865441 0.000000 0.000000 0.000000 0.000000 0.128039 0.006520 1.629670 2557.551863
0.865441 0.000000 0.000000 0.000000 0.000000 0.128039 0.006520 1.629670 2557.551863
0.865441 0.000000 0.000000 0.000000 0.000000 0.128039 0.006520 1.629670 2557.551863
0.865441 0.000000 0.000000 0.000000 0.000000 0.128039 0.006520 1.629670 2557.551863
0.865441 0.000000 0.000000 0.000000 0.000000 0.128039 0.006520 1.629670 2557.551863
0.865441 0.000000 0.000000 0.000000 0.000000 0.128039 0.006520 1.629670 2557.551863
0.865441 0.000000 0.000000 0.000000 0.000000 0.128039 0.006520 1.629670 2557.551863
0.865441 0.000000 0.000000 0.000000 0.000000 0.128039 0.006520 1.629670 2557.551863
0.865441 0.000000 0.000000 0.000000 0.000000 0.128039 0.006520 1.629670 2557.551863
0.865441 0.000000 0.000000 0.000000 0.000000 0.128039 0.006520 1.629670 2557.551863
0.865441 0.000000 0.000000 0.000000 0.000000 0.128039 0.006520 1.629670 2557.551863
0.865441 0.000000 0.000000 0.000000 0.000000 0.128039 0.006520 1.629670 2557.551863
0.865441 0.000000 0.000000 0.000000 0.000000 0.128039 0.006520 1.629670 2557.551863
0.865441 0.000000 0.000000 0.000000 0.000000 0.128039 0.006520 1.629670 2557.551863
0.865441 0.000000 0.000000 0.000000 0.000000 0.128039 0.006520 1.629670 2557.551863
0.865441 0.000000 0.000000 0.000000 0.000000 0.128039 0.006520 1.629670 2557.551863
0.865441 0.000000 0.000000 0.000000 0.000000 0.128039 0.006520 1.629670 2557.551863
0.865441 0.000000 0.000000 0.000000 0.000000 0.128039 0.006520 1.629670 2557.551863
0.865441 0.000000 0.000000 0.000000 0.000000 0.128039 0.006520 1.629670 2557.551863
0.865441 0.000000 0.000000 0.000000 0.000000 0.128039 0.006520 1.629670 2557.551863
0.865441 0.000000 0.000000 0.000000 0.000000 0.128039 0.006520 1.629670 2557.551863
0.865441 0.000000 0.000000 0.000000 0.000000 0.128039 0.006520 1.629670 2557.551863
0.865441 0.000000 0.000000 0.000000 0.000000 0.128039 0.006520 1.629670 2557.551863
0.865441 0.000000 0.000000 0.000000 0.000000 0.128039 0.006520 1.629670 2557.551863
0.865441 0.000000 0.000000 0.000000 0.000000 0.128039 0.006520 1.629670 2557.551863
0.865441 0.000000 0.000000 0.000000 0.000000 0.128039 0.006520 1.629670 2557.551863
0.865441 0.000000 0.000000 0.000000 0.000000 0.128039 0.006520 1.629670 2557.551863
0.865441 0.000000 0.000000 0.000000 0.000000 0.128039 0.006520 1.629670 2557.551863
0.865441 0.000000 0.000000 0.000000 0.000000 0.128039 0.006520 1.629670 2557.551863
0.865441 0.000000 0.000000 0.000000 0.000000 0.128039 0.006520 1.629670 2557.551863
0.865441 0.000000 0.000000 0.000000 0.000000 0.128039 0.006520 1.629670 2557.551863
0.865441 0.000000 0.000000 0.000000 0.000000 0.128039 0.006520 1.629670 2557.551863
0.865441 0.000000 0.000000 0.000000 0.000000 0.128039 0.006520 1.629670 2557.551863
0.865441 0.000000 0.000000 0.000000 0.000000 0.128039 0.006520 1.629670 2557.551863
0.865441 0.000000 0.000000 0.000000 0.000000 0.128039 0.006520 1.629670 2557.551863
0.865441 0.000000 0.000000 0.000000 0.000000 0.128039 0.006520 1.629670 2557.551863
0.865441 0.000000 0.000000 0.000000 0.000000 0.128039 0.006520 1.629670 2557.551863
0.865441 0.000000 0.000000 0.000000 0.000000 0.128039 0.006520 1.629670 2557.551863
0.865441 0.000000 0.000000 0.000000 0.000000 0.128039 0.006520 1.629670 2557.551863
0.865441 0.000000 0.000000 0.000000 0.000000 0.128039 0.006520 1.629670 2557.551863
0.865441 0.000000 0.000000 0.000000 0.000000 0.128039 0.006520 1.629670 2557.551863
0.865441 0.000000 0.000000 0.000000 0.000000 0.128039 0.006520 1.629670 2557.551863
0.865441 0.000000 0.000000 0.000000 0.000000 0.128039 0.006520 1.629670 2557.551863
0.865441 0.000000 0.000000 0.000000 0.000000 0.128039 0.006520 1.629670 2557.551863
0.865441 0.000000 0.000000 0.000000 0.000000 0.128039 0.006520 1.629670 2557.551863
0.865441 0.000000 0.000000 0.000000 0.000000 0.128039 0.006520 1.629670 2557.551863
0.865441 0.000000 0.000000 0.000000 0.000000 0.128039 0.006520 1.629670 2557.551863
0.865441 0.000000 0.000000 0.000000 0.000000 0.128039 0.006520 1.629670 2557.551863
0.865441 0.000000 0.000000 0.000000 0.000000 0.128039 0.006520 1.629670 2557.551863
0.865441 0.000000 0.000000 0.000000 0.000000 0.128039 0.006520 1.629670 2557.551863
0.865441 0.000000 0.000000 0.000000 0.000000 0.128039 0.006520 1.629670 2557.551863
0.865441 0.000000 0.000000 0.000000 0.000000 0.128039 0.006520 1.629670 2557.551863
0.865441 0.000000 0.000000 0.000000 0.000000 0.128039 0.006520 1.629670 2557.551863
0.865441 0.000000 0.000000 0.000000 0.000000 0.128039 0.006520 1.629670 2557.551863
0.865441 0.000000 0.000000 0.000000 0.000000 0.128039 0.006520 1.629670 2557.551863
0.865441 0.000000 0.000000 0.000000 0.000000 0.128039 0.006520 1.629670 2557.551863
0.865441 0.000000 0.000000 0.000000 0.000000 0.128039 0.006520 1.629670 2557.551863
0.865441 0.000000 0.000000 0.000000 0.000000 0.128039 0.006520 1.629670 2557.551863
0.865441 0.000000 0.000000 0.000000 0.000000 0.128039 0.006520 1.629670 2557.551863
0.865441 0.000000 0.000000 0.000000 0.000000 0.128039 0.006520 1.629670 2557.551863
0.865441 0.000000 0.000000 0.000000 0.000000 0.128039 0.006520 1.629670 2557.551863
0.865441 0.000000 0.000000 0.000000 0.000000 0.128039 0.006520 1.629670 2557.551863
0.865441 0.000000 0.000000 0.000000 0.000000 0.128039 0.006520 1.629670 2557.551863
0.865441 0.000000 0.000000 0.000000 0.000000 0.128039 0.006520 1.629670 2557.551863
0.865441 0.000000 0.000000 0.000000 0.000000 0.128039 0.006520 1.629670 2557.551863
0.865441 0.000000 0.000000 0.000000 0.000000 0.128039 0.006520 1.629670 2557.551863
0.865441 0.000000 0.000000 0.000000 0.000000 0.128039 0.006520 1.629670 2557.551863
0.865441 0.000000 0.000000 0.000000 0.000000 0.128039 0.006520 1.629670 2557.551863
0.865441 0.000000 0.000000 0.000000 0.000000 0.128039 0.006520 1.629670 2557.551863
0.865441 0.000000 0.000000 0.000000 0.000000 0.128039 0.006520 1.629670 2557.551863
0.865441 0.000000 0.000000 0.000000 0.000000 0.128039 0.006520 1.629670 2557.551863
0.865441 0.000000 0.000000 0.000000 0.000000 0.128039 0.006520 1.629670 2557.551863
0.865441 0.000000 0.000000 0.000000 0.000000 0.128039 0.006520 1.629670 2557.551863
0.865441 0.000000 0.000000 0.000000 0.000000 0.128039 0.006520 1.629670 2557.551863
0.865441 0.000000 0.000000 0.000000 0.000000 0.128039 0.006520 1.629670 2557.551863
0.865441 0.000000 0.000000 0.000000 0.000000 0.128039 0.006520 1.629670 2557.551863
0.865441 0.000000 0.000000 0.000000 0.000000 0.128039 0.006520 1.629670 2557.551863
0.865441 0.000000 0.000000 0.000000 0.000000 0.128039 0.006520 1.629670 2557.551863
0.865441 0.000000 0.000000 0.000000 0.000000 0.128039 0.006520 1.629670 2557.551863
0.865441 0.000000 0.000000 0.000000 0.000000 0.128039 0.006520 1.629670 2557.551863
0.865441 0.000000 0.000000 0.000000 0.000000 0.128039 0.006520 1.629670 2557.551863
0.865441 0.000000 0.000000 0.000000 0.000000 0.128039 0.006520 1.629670 2557.551863
0.865441 0.000000 0.000000 0.000000 0.000000 0.128039 0.006520 1.629670 2557.551863
0.865441 0.000000 0.000000 0.000000 0.000000 0.128039 0.006520 1.629670 2557.551863
0.865441 0.000000 0.000000 0.000000 0.000000 0.128039 0.006520 1.629670 2557.551863
0.865441 0.000000 0.000000 0.000000 0.000000 0.128039 0.006520 1.629670 2557.551863
0.865441 0.000000 0.000000 0.000000 0.000000 0.128039 0.006520 1.629670 2557.551863
0.865441 0.000000 0.000000 0.000000 0.000000 0.128039 0.006520 1.629670 2557.551863
0.865441 0.000000 0.000000 0.000000 0.000000 0.128039 0.006520 1.629670 2557.551863
0.865441 0.000000 0.000000 0.000000 0.000000 0.128039 0.006520 1.629670 2557.551863
0.865441 0.000000 0.000000 0.000000 0.000000 0.128039 0.006520 1.629670 2557.551863
0.865441 0.000000 0.000000 0.000000 0.000000 0.128039 0.006520 1.629670 2557.551863
0.865441 0.000000 0.000000 0.000000 0.000000 0.128039 0.006520 1.629670 2557.551863
0.865441 0.000000 0.000000 0.000000 0.000000 0.128039 0.006520 1.629670 2557.551863
0.865441 0.000000 0.000000 0.000000 0.000000 0.128039 0.006520 1.629670 2557.551863
0.865441 0.000000 0.000000 0.000000 0.000000 0.128039 0.006520 1.629670 2557.551863
0.865441 0.000000 0.000000 0.000000 0.000000 0.128039 0.006520 1.629670 2557.551863
0.865441 0.000000 0.000000 0.000000 0.000000 0.128039 0.006520 1.629670 2557.551863
0.865441 0.000000 0.000000 0.000000 0.000000 0.128039 0.006520 1.629670 2557.551863
0.865441 0.000000 0.000000 0.000000 0.000000 0.128039 0.006520 1.629670 2557.551863
0.865441 0.000000 0.000000 0.000000 0.000000 0.128039 0.006520 1.629670 2557.551863
0.865441 0.000000 0.000000 0.000000 0.000000 0.128039 0.006520 1.629670 2557.551863
0.865441 0.000000 0.000000 0.000000 0.000000 0.128039 0.006520 1.629670 2557.551863
0.865441 0.000000 0.000000 0.000000 0.000000 0.128039 0.006520 1.629670 2557.551863
0.865441 0.000000 0.000000 0.000000 0.000000 0.128039 0.006520 1.629670 2557.551863
0.865441 0.000000 0.000000 0.000000 0.000000 0.128039 0.006520 1.629670 2557.551863
0.865441 0.000000 0.000000 0.000000 0.000000 0.128039 0.006520 1.629670 2557.551863
0.865441 0.000000 0.000000 0.000000 0.000000 0.128039 0.006520 1.629670 2557.551863
0.865441 0.000000 0.000000 0.000000 0.000000 0.128039 0.006520 1.629670 2557.551863
0.865441 0.000000 0.000000 0.000000 0.000000 0.128039 0.006520 1.629670 2557.551863
0.865441 0.000000 0.000000 0.000000 0.000000 0.128039 0.006520 1.629670 2557.551863
0.865441 0.000000 0.000000 0.000000 0.000000 0.128039 0.006520 1.629670 2557.551863
0.865441 0.000000 0.000000 0.000000 0.000000 0.128039 0.006520 1.629670 2557.551863
0.865441 0.000000 0.000000 0.000000 0.000000 0.128039 0.006520 1.629670 2557.551863
0.865441 0.000000 0.000000 0.000000 0.000000 0.128039 0.006520 1.629670 2557.551863
0.865441 0.000000 0.000000 0.000000 0.000000 0.128039 0.006520 1.629670 2557.551863
0.865441 0.000000 0.000000 0.000000 0.000000 0.128039 0.006520 1.629670 2557.551863
0.865441 0.000000 0.000000 0.000000 0.000000 0.128039 0.006520 1.629670 2557.551863
0.865441 0.000000 0.000000 0.000000 0.000000 0.128039 0.006520 1.629670 2557.551863
0.865441 0.000000 0.000000 0.000000 0.000000 0.128039 0.006520 1.629670 2557.551863
0.865441 0.000000 0.000000 0.000000 0.000000 0.128039 0.006520 1.629670 2557.551863
0.865441 0.000000 0.000000 0.000000 0.000000 0.128039 0.006520 1.629670 2557.551863
0.865441 0.000000 0.000000 0.000000 0.000000 0.128039 0.006520 1.629670 2557.551863
0.865441 0.000000 0.000000 0.000000 0.000000 0.128039 0.006520 1.629670 2557.551863
0.865441 0.000000 0.000000 0.000000 0.000000 0.128039 0.006520 1.629670 2557.551863
0.865441 0.000000 0.000000 0.000000 0.000000 0.128039 0.006520 1.629670 2557.551863
0.865441 0.000000 0.000000 0.000000 0.000000 0.128039 0.006520 1.629670 2557.551863
0.865441 0.000000 0.000000 0.000000 0.000000 0.128039 0.006520 1.629670 2557.551863
0.865441 0.000000 0.000000 0.000000 0.000000 0.128039 0.006520 1.629670 2557.551863
0.865441 0.000000 0.000000 0.000000 0.000000 0.128039 0.006520 1.629670 2557.551863
0.865441 0.000000 0.000000 0.000000 0.000000 0.128039 0.006520 1.629670 2557.551863
0.865441 0.000000 0.000000 0.000000 0.000000 0.128039 0.006520 1.629670 2557.551863
0.865441 0.000000 0.000000 0.000000 0.000000 0.128039 0.006520 1.629670 2557.551863
0.865441 0.000000 0.000000 0.000000 0.000000 0.128039 0.006520 1.629670 2557.551863
0.865441 0.000000 0.000000 0.000000 0.000000 0.128039 0.006520 1.629670 2557.551863
0.865441 0.000000 0.000000 0.000000 0.000000 0.128039 0.006520 1.629670 2557.551863
0.865441 0.000000 0.000000 0.000000 0.000000 0.128039 0.006520 1.629670 2557.551863
0.865441 0.000000 0.000000 0.000000 0.000000 0.128039 0.006520 1.629670 2557.551863
0.865441 0.000000 0.000000 0.000000 0.000000 0.128039 0.006520 1.629670 2557.551863
0.865441 0.000000 0.000000 0.000000 0.000000 0.128039 0.006520 1.629670 2557.551863
0.865441 0.000000 0.000000 0.000000 0.000000 0.128039 0.006520 1.629670 2557.551863
0.865441 0.000000 0.000000 0.000000 0.000000 0.128039 0.006520 1.629670 2557.551863
0.865441 0.000000 0.000000 0.000000 0.000000 0.128039 0.006520 1.629670 2557.551863
0.865441 0.000000 0.000000 0.000000 0.000000 0.128039 0.006520 1.629670 2557.551863
0.865441 0.000000 0.000000 0.000000 0.000000 0.128039 0.006520 1.629670 2557.551863
0.865441 0.000000 0.000000 0.000000 0.000000 0.128039 0.006520 1.629670 2557.551863
0.865441 0.000000 0.000000 0.000000 0.000000 0.128039 0.006520 1.629670 2557.551863
0.865441 0.000000 0.000000 0.000000 0.000000 0.128039 0.006520 1.629670 2557.551863
0.865441 0.000000 0.000000 0.000000 0.000000 0.128039 0.006520 1.629670 2557.551863
0.865441 0.000000 0.000000 0.000000 0.000000 0.128039 0.006520 1.629670 2557.551863
0.865441 0.000000 0.000000 0.000000 0.000000 0.128039 0.006520 1.629670 2557.551863
0.865441 0.000000 0.000000 0.000000 0.000000 0.128039 0.006520 1.629670 2557.551863
0.865441 0.000000 0.000000 0.000000 0.000000 0.128039 0.006520 1.629670 2557.551863
0.865441 0.000000 0.000000 0.000000 0.000000 0.128039 0.006520 1.629670 2557.551863
0.865441 0.000000 0.000000 0.000000 0.000000 0.128039 0.006520 1.629670 2557.551863
0.865441 0.000000 0.000000 0.000000 0.000000 0.128039 0.006520 1.629670 2557.551863
0.865441 0.000000 0.000000 0.000000 0.000000 0.128039 0.006520 1.629670 2557.551863
0.865441 0.000000 0.000000 0.000000 0.000000 0.128039 0.006520 1.629670 2557.551863
0.865441 0.000000 0.000000 0.000000 0.000000 0.128039 0.006520 1.629670 2557.551863
0.865441 0.000000 0.000000 0.000000 0.000000 0.128039 0.006520 1.629670 2557.551863
0.865441 0.000000 0.000000 0.000000 0.000000 0.128039 0.006520 1.629670 2557.551863
0.865441 0.000000 0.000000 0.000000 0.000000 0.128039 0.006520 1.629670 2557.551863
0.865441 0.000000 0.000000 0.000000 0.000000 0.128039 0.006520 1.629670 2557.551863
0.865441 0.000000 0.000000 0.000000 0.000000 0.128039 0.006520 1.629670 2557.551863
0.865441 0.000000 0.000000 0.000000 0.000000 0.128039 0.006520 1.629670 2557.551863
0.865441 0.000000 0.000000 0.000000 0.000000 0.128039 0.006520 1.629670 2557.551863
0.865441 0.000000 0.000000 0.000000 0.000000 0.128039 0.006520 1.629670 2557.551863
0.865441 0.000000 0.000000 0.000000 0.000000 0.128039 0.006520 1.629670 2557.551863
0.865441 0.000000 0.000000 0.000000 0.000000 0.128039 0.006520 1.629670 2557.551863
0.865441 0.000000 0.000000 0.000000 0.000000 0.128039 0.006520 1.629670 2557.551863
0.865441 0.000000 0.000000 0.000000 0.000000 0.128039 0.006520 1.629670 2557.551863
0.865441 0.000000 0.000000 0.000000 0.000000 0.128039 0.006520 1.629670 2557.551863
0.865441 0.000000 0.000000 0.000000 0.000000 0.128039 0.006520 1.629670 2557.551863
0.865441 0.000000 0.000000 0.000000 0.000000 0.128039 0.006520 1.629670 2557.551863
0.865441 0.000000 0.000000 0.000000 0.000000 0.128039 0.006520 1.629670 2557.551863
0.865441 0.000000 0.000000 0.000000 0.000000 0.128039 0.006520 1.629670 2557.551863
0.865441 0.000000 0.000000 0.000000 0.000000 0.128039 0.006520 1.629670 2557.551863
0.865441 0.000000 0.000000 0.000000 0.000000 0.128039 0.006520 1.629670 2557.551863
0.865441 0.000000 0.000000 0.000000 0.000000 0.128039 0.006520 1.629670 2557.551863
0.865441 0.000000 0.000000 0.000000 0.000000 0.128039 0.006520 1.629670 2557.551863
0.865441 0.000000 0.000000 0.000000 0.000000 0.128039 0.006520 1.629670 2557.551863
0.865441 0.000000 0.000000 0.000000 0.000000 0.128039 0.006520 1.629670 2557.551863
0.865441 0.000000 0.000000 0.000000 0.000000 0.128039 0.006520 1.629670 2557.551863
0.865441 0.000000 0.000000 0.000000 0.000000 0.128039 0.006520 1.629670 2557.551863
0.865441 0.000000 0.000000 0.000000 0.000000 0.128039 0.006520 1.629670 2557.551863
0.865441 0.000000 0.000000 0.000000 0.000000 0.128039 0.006520 1.629670 2557.551863
0.865441 0.000000 0.000000 0.000000 0.000000 0.128039 0.006520 1.629670 2557.551863
0.865441 0.000000 0.000000 0.000000 0.000000 0.128039 0.006520 1.629670 2557.551863
0.865441 0.000000 0.000000 0.000000 0.000000 0.128039 0.006520 1.629670 2557.551863
0.865441 0.000000 0.000000 0.000000 0.000000 0.128039 0.006520 1.629670 2557.551863
0.865441 0.000000 0.000000 0.000000 0.000000 0.128039 0.006520 1.629670 2557.551863
0.865441 0.000000 0.000000 0.000000 0.000000 0.128039 0.006520 1.629670 2557.551863
0.865441 0.000000 0.000000 0.000000 0.000000 0.128039 0.006520 1.629670 2557.551863
0.865441 0.000000 0.000000 0.000000 0.000000 0.128039 0.006520 1.629670 2557.551863
0.865441 0.000000 0.000000 0.000000 0.000000 0.128039 0.006520 1.629670 2557.551863
0.865441 0.000000 0.000000 0.000000 0.000000 0.128039 0.006520 1.629670 2557.551863
0.865441 0.000000 0.000000 0.000000 0.000000 0.128039 0.006520 1.629670 2557.551863
0.865441 0.000000 0.000000 0.000000 0.000000 0.128039 0.006520 1.629670 2557.551863
0.865441 0.000000 0.000000 0.000000 0.000000 0.128039 0.006520 1.629670 2557.551863
0.865441 0.000000 0.000000 0.000000 0.000000 0.128039 0.006520 1.629670 2557.551863
0.865441 0.000000 0.000000 0.000000 0.000000 0.128039 0.006520 1.629670 2557.551863
0.865441 0.000000 0.000000 0.000000 0.000000 0.128039 0.006520 1.629670 2557.551863
0.865441 0.000000 0.000000 0.000000 0.000000 0.128039 0.006520 1.629670 2557.551863
0.865441 0.000000 0.000000 0.000000 0.000000 0.128039 0.006520 1.629670 2557.551863
0.865441 0.000000 0.000000 0.000000 0.000000 0.128039 0.006520 1.629670 2557.551863
0.865441 0.000000 0.000000 0.000000 0.000000 0.128039 0.006520 1.629670 2557.551863
0.865441 0.000000 0.000000 0.000000 0.000000 0.128039 0.006520 1.629670 2557.551863
0.865441 0.000000 0.000000 0.000000 0.000000 0.128039 0.006520 1.629670 2557.551863
0.865441 0.000000 0.000000 0.000000 0.000000 0.128039 0.006520 1.629670 2557.551863
0.865441 0.000000 0.000000 0.000000 0.000000 0.128039 0.006520 1.629670 2557.551863
0.865441 0.000000 0.000000 0.000000 0.000000 0.128039 0.006520 1.629670 2557.551863
0.865441 0.000000 0.000000 0.000000 0.000000 0.128039 0.006520 1.629670 2557.551863
0.865441 0.000000 0.000000 0.000000 0.000000 0.128039 0.006520 1.629670 2557.551863
0.865441 0.000000 0.000000 0.000000 0.000000 0.128039 0.006520 1.629670 2557.551863
0.865441 0.000000 0.000000 0.000000 0.000000 0.128039 0.006520 1.629670 2557.551863
0.865441 0.000000 0.000000 0.000000 0.000000 0.128039 0.006520 1.629670 2557.551863
0.865441 0.000000 0.000000 0.000000 0.000000 0.128039 0.006520 1.629670 2557.551863
0.865441 0.000000 0.000000 0.000000 0.000000 0.128039 0.006520 1.629670 2557.551863
0.865441 0.000000 0.000000 0.000000 0.000000 0.128039 0.006520 1.629670 2557.551863
0.865441 0.000000 0.000000 0.000000 0.000000 0.128039 0.006520 1.629670 2557.551863
0.865441 0.000000 0.000000 0.000000 0.000000 0.128039 0.006520 1.629670 2557.551863
0.865441 0.000000 0.000000 0.000000 0.000000 0.128039 0.006520 1.629670 2557.551863
0.865441 0.000000 0.000000 0.000000 0.000000 0.128039 0.006520 1.629670 2557.551863
0.865441 0.000000 0.000000 0.000000 0.000000 0.128039 0.006520 1.629670 2557.551863
0.865441 0.000000 0.000000 0.000000 0.000000 0.128039 0.006520 1.629670 2557.551863
0.865441 0.000000 0.000000 0.000000 0.000000 0.128039 0.006520 1.629670 2557.551863
0.865441 0.000000 0.000000 0.000000 0.000000 0.128039 0.006520 1.629670 2557.551863
0.865441 0.000000 0.000000 0.000000 0.000000 0.128039 0.006520 1.629670 2557.551863
0.865441 0.000000 0.000000 0.000000 0.000000 0.128039 0.006520 1.629670 2557.551863
0.865441 0.000000 0.000000 0.000000 0.000000 0.128039 0.006520 1.629670 2557.551863
0.865441 0.000000 0.000000 0.000000 0.000000 0.128039 0.006520 1.629670 2557.551863
0.865441 0.000000 0.000000 0.000000 0.000000 0.128039 0.006520 1.629670 2557.551863
0.865441 0.000000 0.000000 0.000000 0.000000 0.128039 0.006520 1.629670 2557.551863
0.865441 0.000000 0.000000 0.000000 0.000000 0.128039 0.006520 1.629670 2557.551863
0.865441 0.000000 0.000000 0.000000 0.000000 0.128039 0.006520 1.629670 2557.551863
0.865441 0.000000 0.000000 0.000000 0.000000 0.128039 0.006520 1.629670 2557.551863
0.865441 0.000000 0.000000 0.000000 0.000000 0.128039 0.006520 1.629670 2557.551863
0.865441 0.000000 0.000000 0.000000 0.000000 0.128039 0.006520 1.629670 2557.551863
0.865441 0.000000 0.000000 0.000000 0.000000 0.128039 0.006520 1.629670 2557.551863
0.865441 0.000000 0.000000 0.000000 0.000000 0.128039 0.006520 1.629670 2557.551863
0.865441 0.000000 0.000000 0.000000 0.000000 0.128039 0.006520 1.629670 2557.551863
0.865441 0.000000 0.000000 0.000000 0.000000 0.128039 0.006520 1.629670 2557.551863
0.865441 0.000000 0.000000 0.000000 0.000000 0.128039 0.006520 1.629670 2557.551863
0.865441 0.000000 0.000000 0.000000 0.000000 0.128039 0.006520 1.629670 2557.551863
0.865441 0.000000 0.000000 0.000000 0.000000 0.128039 0.006520 1.629670 2557.551863
0.865441 0.000000 0.000000 0.000000 0.000000 0.128039 0.006520 1.629670 2557.551863
0.865441 0.000000 0.000000 0.000000 0.000000 0.128039 0.006520 1.629670 2557.551863
0.865441 0.000000 0.000000 0.000000 0.000000 0.128039 0.006520 1.629670 2557.551863
0.865441 0.000000 0.000000 0.000000 0.000000 0.128039 0.006520 1.629670 2557.551863
0.865441 0.000000 0.000000 0.000000 0.000000 0.128039 0.006520 1.629670 2557.551863
0.865441 0.000000 0.000000 0.000000 0.000000 0.128039 0.006520 1.629670 2557.551863
0.865441 0.000000 0.000000 0.000000 0.000000 0.128039 0.006520 1.629670 2557.551863
0.865441 0.000000 0.000000 0.000000 0.000000 0.128039 0.006520 1.629670 2557.551863
0.865441 0.000000 0.000000 0.000000 0.000000 0.128039 0.006520 1.629670 2557.551863
0.865441 0.000000 0.000000 0.000000 0.000000 0.128039 0.006520 1.629670 2557.551863
0.865441 0.000000 0.000000 0.000000 0.000000 0.128039 0.006520 1.629670 2557.551863
0.865441 0.000000 0.000000 0.000000 0.000000 0.128039 0.006520 1.629670 2557.551863
0.865441 0.000000 0.000000 0.000000 0.000000 0.128039 0.006520 1.629670 2557.551863
0.865441 0.000000 0.000000 0.000000 0.000000 0.128039 0.006520 1.629670 2557.551863
0.865441 0.000000 0.000000 0.000000 0.000000 0.128039 0.006520 1.629670 2557.551863
0.865441 0.000000 0.000000 0.000000 0.000000 0.128039 0.006520 1.629670 2557.551863
0.865441 0.000000 0.000000 0.000000 0.000000 0.128039 0.006520 1.629670 2557.551863
0.865441 0.000000 0.000000 0.000000 0.000000 0.128039 0.006520 1.629670 2557.551863
0.865441 0.000000 0.000000 0.000000 0.000000 0.128039 0.006520 1.629670 2557.551863
