0.375008 0.061629 0.053857 0.030826 0.001903 0.471384 0.005393 1.539706 1893.296910
0.376124 0.060397 0.054665 0.029975 0.001899 0.471525 0.005415 1.545685 1902.873770
0.378816 0.057805 0.055285 0.029117 0.001886 0.471649 0.005443 1.551493 1913.351124
0.382345 0.054639 0.055620 0.028267 0.001881 0.471780 0.005468 1.557032 1923.163761
0.386382 0.051298 0.055656 0.027434 0.001880 0.471858 0.005491 1.562230 1931.340561
0.390841 0.047958 0.055494 0.026574 0.001880 0.471741 0.005512 1.567046 1939.930775
0.395561 0.044684 0.054959 0.025725 0.001866 0.471667 0.005539 1.571578 1949.475334
0.400386 0.041467 0.054327 0.024851 0.001852 0.471553 0.005563 1.575830 1960.429583
0.405362 0.038506 0.053461 0.024023 0.001841 0.471225 0.005583 1.579709 1970.277528
0.410432 0.035716 0.052446 0.023184 0.001837 0.470781 0.005603 1.583324 1979.788444
0.415656 0.033092 0.051333 0.022276 0.001818 0.470197 0.005629 1.586692 1990.327144
0.420872 0.030599 0.050141 0.021462 0.001798 0.469478 0.005650 1.589846 1999.754454
0.426184 0.028293 0.048806 0.020660 0.001788 0.468592 0.005677 1.592756 2008.396287
0.431509 0.026213 0.047321 0.019845 0.001781 0.467632 0.005700 1.595384 2017.426092
0.436873 0.024261 0.045869 0.019035 0.001753 0.466487 0.005722 1.597847 2027.755182
0.442231 0.022443 0.044424 0.018280 0.001729 0.465149 0.005745 1.600131 2037.731014
0.447658 0.020739 0.042861 0.017521 0.001707 0.463748 0.005767 1.602258 2046.423537
0.453037 0.019175 0.041364 0.016748 0.001688 0.462201 0.005786 1.604229 2053.997868
0.458363 0.017768 0.039823 0.016028 0.001672 0.460539 0.005807 1.606033 2062.965258
0.463718 0.016463 0.038285 0.015313 0.001640 0.458755 0.005827 1.607714 2072.393741
0.469107 0.015273 0.036730 0.014649 0.001616 0.456777 0.005847 1.609242 2081.225594
0.474497 0.014140 0.035222 0.014003 0.001595 0.454677 0.005866 1.610694 2089.747817
0.479934 0.013094 0.033774 0.013370 0.001571 0.452368 0.005889 1.612044 2097.827699
0.485230 0.012173 0.032322 0.012757 0.001540 0.450069 0.005908 1.613258 2106.860795
0.490579 0.011310 0.030922 0.012166 0.001503 0.447591 0.005929 1.614405 2116.689618
0.495829 0.010513 0.029557 0.011582 0.001471 0.445097 0.005950 1.615463 2127.078231
0.501144 0.009764 0.028252 0.011068 0.001437 0.442366 0.005969 1.616475 2136.598368
0.506440 0.009094 0.026977 0.010548 0.001409 0.439547 0.005986 1.617397 2147.002076
0.511746 0.008483 0.025711 0.010075 0.001378 0.436604 0.006004 1.618229 2155.615530
0.516987 0.007909 0.024512 0.009594 0.001351 0.433628 0.006019 1.619034 2163.187784
0.522159 0.007366 0.023335 0.009133 0.001329 0.430645 0.006033 1.619781 2171.458145
0.527292 0.006893 0.022240 0.008666 0.001313 0.427550 0.006045 1.620480 2177.847071
0.532396 0.006444 0.021135 0.008249 0.001276 0.424435 0.006066 1.621130 2187.093558
0.537508 0.006013 0.020103 0.007833 0.001250 0.421210 0.006082 1.621756 2196.116541
0.542581 0.005666 0.019081 0.007452 0.001215 0.417905 0.006099 1.622302 2205.095917
0.547606 0.005310 0.018126 0.007076 0.001190 0.414578 0.006114 1.622837 2212.106827
0.552589 0.004979 0.017225 0.006727 0.001161 0.411193 0.006127 1.623333 2219.487349
0.557565 0.004689 0.016361 0.006385 0.001133 0.407724 0.006141 1.623786 2227.419307
0.562484 0.004397 0.015562 0.006048 0.001101 0.404250 0.006158 1.624236 2235.723622
0.567348 0.004134 0.014789 0.005750 0.001073 0.400735 0.006171 1.624660 2243.935859
0.572187 0.003903 0.014041 0.005468 0.001040 0.397176 0.006184 1.625045 2251.511025
0.577020 0.003667 0.013320 0.005188 0.001010 0.393594 0.006201 1.625419 2258.793152
0.581736 0.003451 0.012649 0.004939 0.000984 0.390027 0.006214 1.625770 2265.546137
0.586484 0.003249 0.011994 0.004686 0.000959 0.386401 0.006228 1.626098 2273.176727
0.591230 0.003066 0.011376 0.004461 0.000933 0.382692 0.006242 1.626399 2280.325048
0.595898 0.002908 0.010780 0.004234 0.000909 0.379017 0.006255 1.626679 2288.555211
0.600470 0.002755 0.010210 0.004021 0.000884 0.375387 0.006273 1.626953 2295.878082
0.605068 0.002622 0.009664 0.003812 0.000864 0.371685 0.006285 1.627203 2301.748551
0.609615 0.002481 0.009174 0.003628 0.000839 0.367966 0.006297 1.627456 2309.556685
0.614034 0.002366 0.008686 0.003432 0.000817 0.364357 0.006308 1.627678 2316.359746
0.618545 0.002240 0.008253 0.003256 0.000798 0.360589 0.006318 1.627901 2323.051931
0.622931 0.002117 0.007819 0.003105 0.000777 0.356922 0.006329 1.628126 2329.668014
0.627254 0.002019 0.007400 0.002946 0.000746 0.353294 0.006341 1.628320 2337.263882
0.631573 0.001919 0.007009 0.002802 0.000726 0.349622 0.006350 1.628515 2342.587522
0.635790 0.001825 0.006656 0.002662 0.000703 0.346004 0.006359 1.628698 2348.948811
0.640047 0.001727 0.006305 0.002529 0.000685 0.342338 0.006368 1.628876 2354.376334
0.644232 0.001639 0.005982 0.002403 0.000665 0.338702 0.006377 1.629046 2360.330409
0.648371 0.001560 0.005676 0.002268 0.000647 0.335093 0.006385 1.629200 2366.190638
0.652480 0.001491 0.005393 0.002169 0.000623 0.331449 0.006395 1.629350 2373.100190
0.656526 0.001425 0.005103 0.002061 0.000609 0.327872 0.006404 1.629491 2377.641257
0.660519 0.001360 0.004845 0.001962 0.000588 0.324313 0.006413 1.629624 2383.689305
0.664440 0.001309 0.004593 0.001867 0.000572 0.320799 0.006420 1.629749 2388.525827
0.668360 0.001246 0.004357 0.001789 0.000549 0.317271 0.006428 1.629877 2394.581642
0.672214 0.001186 0.004133 0.001706 0.000533 0.313793 0.006434 1.630003 2399.246261
0.676074 0.001137 0.003906 0.001633 0.000518 0.310293 0.006440 1.630111 2403.585426
0.679961 0.001083 0.003704 0.001563 0.000498 0.306744 0.006447 1.630223 2408.973725
0.683724 0.001055 0.003521 0.001485 0.000484 0.303277 0.006455 1.630316 2414.259161
0.687469 0.001007 0.003343 0.001416 0.000468 0.299837 0.006460 1.630420 2419.311192
0.691180 0.000968 0.003168 0.001338 0.000450 0.296429 0.006466 1.630508 2425.514118
0.694810 0.000923 0.003021 0.001266 0.000432 0.293076 0.006472 1.630605 2430.931149
0.698415 0.000890 0.002859 0.001203 0.000417 0.289736 0.006480 1.630693 2435.693876
0.701988 0.000854 0.002712 0.001144 0.000403 0.286412 0.006488 1.630774 2440.262156
0.705534 0.000821 0.002561 0.001094 0.000392 0.283105 0.006494 1.630851 2444.320706
0.709008 0.000795 0.002429 0.001044 0.000380 0.279846 0.006499 1.630923 2448.362308
0.712448 0.000760 0.002312 0.000999 0.000370 0.276609 0.006502 1.630999 2451.559002
0.715855 0.000725 0.002202 0.000957 0.000357 0.273396 0.006507 1.631074 2455.135759
0.719240 0.000696 0.002094 0.000908 0.000346 0.270203 0.006513 1.631141 2458.978250
0.722561 0.000667 0.001986 0.000881 0.000332 0.267054 0.006520 1.631211 2463.640876
0.725824 0.000646 0.001901 0.000837 0.000322 0.263946 0.006524 1.631276 2467.562104
0.729069 0.000616 0.001813 0.000809 0.000309 0.260855 0.006528 1.631347 2471.839475
0.732238 0.000594 0.001727 0.000773 0.000299 0.257837 0.006533 1.631407 2475.654725
0.735365 0.000580 0.001647 0.000734 0.000292 0.254846 0.006536 1.631461 2477.873716
0.738532 0.000567 0.001572 0.000701 0.000282 0.251807 0.006539 1.631514 2481.578296
0.741581 0.000543 0.001489 0.000672 0.000274 0.248898 0.006543 1.631567 2484.738079
0.744631 0.000521 0.001426 0.000643 0.000268 0.245965 0.006546 1.631622 2486.794626
0.747641 0.000499 0.001353 0.000618 0.000258 0.243081 0.006549 1.631673 2490.022996
0.750605 0.000477 0.001282 0.000590 0.000247 0.240247 0.006552 1.631725 2493.674438
0.753565 0.000464 0.001225 0.000567 0.000237 0.237387 0.006555 1.631768 2496.899384
0.756502 0.000445 0.001174 0.000542 0.000232 0.234549 0.006557 1.631817 2499.290086
0.759369 0.000426 0.001119 0.000516 0.000226 0.231786 0.006559 1.631865 2502.047032
0.762195 0.000410 0.001080 0.000491 0.000217 0.229046 0.006563 1.631908 2505.791789
0.765041 0.000394 0.001034 0.000470 0.000209 0.226287 0.006566 1.631950 2508.075454
0.767814 0.000378 0.000990 0.000452 0.000202 0.223595 0.006569 1.631990 2510.212203
0.770574 0.000363 0.000944 0.000435 0.000196 0.220916 0.006572 1.632026 2512.890018
0.773270 0.000353 0.000902 0.000412 0.000190 0.218299 0.006575 1.632058 2515.550701
0.775997 0.000335 0.000864 0.000397 0.000185 0.215646 0.006576 1.632095 2517.804850
0.778655 0.000316 0.000828 0.000383 0.000180 0.213061 0.006578 1.632133 2520.081328
0.781299 0.000305 0.000793 0.000361 0.000173 0.210490 0.006579 1.632162 2522.576117
0.783875 0.000304 0.000757 0.000346 0.000167 0.207970 0.006581 1.632186 2524.764045
0.786413 0.000297 0.000725 0.000334 0.000162 0.205487 0.006582 1.632215 2526.752093
0.788923 0.000289 0.000687 0.000324 0.000157 0.203036 0.006584 1.632242 2529.228889
0.791469 0.000280 0.000657 0.000308 0.000152 0.200547 0.006587 1.632266 2531.133023
0.793949 0.000272 0.000628 0.000294 0.000145 0.198123 0.006590 1.632289 2533.745223
0.796422 0.000261 0.000605 0.000284 0.000139 0.195697 0.006592 1.632319 2536.231450
0.798815 0.000250 0.000576 0.000268 0.000136 0.193363 0.006593 1.632345 2537.725232
0.801191 0.000244 0.000552 0.000259 0.000129 0.191030 0.006595 1.632368 2540.474814
0.803539 0.000231 0.000528 0.000251 0.000126 0.188729 0.006597 1.632393 2542.066566
0.805838 0.000223 0.000506 0.000242 0.000123 0.186471 0.006598 1.632416 2543.186814
0.808094 0.000217 0.000482 0.000235 0.000119 0.184254 0.006600 1.632438 2545.092565
0.810345 0.000208 0.000458 0.000225 0.000114 0.182047 0.006603 1.632458 2547.027864
0.812581 0.000200 0.000433 0.000218 0.000111 0.179853 0.006605 1.632479 2548.242304
0.814784 0.000194 0.000415 0.000202 0.000108 0.177691 0.006606 1.632499 2549.875340
0.816979 0.000189 0.000392 0.000195 0.000101 0.175534 0.006609 1.632517 2552.413813
0.819121 0.000183 0.000373 0.000191 0.000098 0.173424 0.006610 1.632535 2553.858847
0.821241 0.000182 0.000356 0.000182 0.000093 0.171334 0.006613 1.632550 2556.000865
0.823331 0.000177 0.000339 0.000176 0.000090 0.169273 0.006615 1.632569 2557.353592
0.825397 0.000170 0.000323 0.000169 0.000086 0.167238 0.006616 1.632588 2559.375699
0.827469 0.000166 0.000310 0.000163 0.000083 0.165191 0.006618 1.632604 2560.378589
0.829459 0.000159 0.000294 0.000157 0.000080 0.163232 0.006620 1.632621 2562.052316
0.831475 0.000155 0.000282 0.000153 0.000078 0.161237 0.006621 1.632635 2563.004503
0.833441 0.000146 0.000270 0.000145 0.000077 0.159298 0.006622 1.632651 2563.368350
0.835340 0.000138 0.000264 0.000140 0.000073 0.157422 0.006624 1.632668 2565.567689
0.837229 0.000133 0.000251 0.000135 0.000069 0.155559 0.006624 1.632682 2567.208919
0.839081 0.000129 0.000241 0.000128 0.000066 0.153730 0.006626 1.632695 2568.591288
0.840893 0.000126 0.000230 0.000125 0.000064 0.151938 0.006626 1.632706 2570.149878
0.842726 0.000121 0.000219 0.000119 0.000062 0.150127 0.006628 1.632716 2570.901531
0.844515 0.000116 0.000215 0.000116 0.000059 0.148350 0.006630 1.632729 2572.324048
0.846271 0.000112 0.000204 0.000112 0.000058 0.146612 0.006630 1.632740 2573.064006
0.847959 0.000109 0.000194 0.000108 0.000056 0.144942 0.006631 1.632751 2573.759998
0.849593 0.000107 0.000190 0.000103 0.000054 0.143322 0.006632 1.632762 2574.409332
0.851218 0.000104 0.000183 0.000100 0.000053 0.141710 0.006632 1.632773 2575.124310
0.852777 0.000101 0.000176 0.000096 0.000052 0.140166 0.006632 1.632783 2575.798458
0.854337 0.000098 0.000174 0.000091 0.000051 0.138617 0.006633 1.632795 2576.721068
0.855889 0.000097 0.000169 0.000089 0.000049 0.137073 0.006634 1.632803 2577.857631
0.857410 0.000093 0.000161 0.000088 0.000047 0.135566 0.006635 1.632814 2578.835876
0.858889 0.000088 0.000156 0.000084 0.000045 0.134102 0.006635 1.632823 2579.739490
0.860318 0.000087 0.000151 0.000080 0.000045 0.132685 0.006636 1.632832 2580.407551
0.861729 0.000084 0.000143 0.000076 0.000042 0.131289 0.006637 1.632840 2581.322173
0.863102 0.000083 0.000137 0.000074 0.000041 0.129926 0.006637 1.632847 2582.065205
0.864436 0.000078 0.000136 0.000070 0.000041 0.128602 0.006638 1.632857 2582.925112
0.865743 0.000076 0.000132 0.000068 0.000040 0.127303 0.006638 1.632864 2582.977379
0.867011 0.000074 0.000129 0.000065 0.000039 0.126044 0.006638 1.632871 2583.579947
0.868238 0.000072 0.000122 0.000064 0.000037 0.124827 0.006639 1.632879 2584.792949
0.869452 0.000071 0.000116 0.000062 0.000036 0.123625 0.006640 1.632884 2585.606138
0.870607 0.000069 0.000114 0.000058 0.000035 0.122478 0.006640 1.632890 2586.083778
0.871731 0.000070 0.000110 0.000055 0.000033 0.121360 0.006641 1.632897 2587.116495
0.872816 0.000067 0.000106 0.000054 0.000033 0.120283 0.006641 1.632906 2587.317946
0.873870 0.000067 0.000102 0.000052 0.000032 0.119236 0.006641 1.632910 2587.954293
0.874904 0.000062 0.000099 0.000052 0.000030 0.118210 0.006642 1.632919 2588.869177
0.875887 0.000062 0.000097 0.000049 0.000029 0.117233 0.006642 1.632923 2589.536869
0.876856 0.000059 0.000094 0.000048 0.000029 0.116272 0.006642 1.632930 2589.540226
0.877796 0.000056 0.000092 0.000047 0.000027 0.115340 0.006643 1.632938 2590.621711
0.878689 0.000055 0.000089 0.000046 0.000025 0.114452 0.006644 1.632941 2591.570007
0.879571 0.000054 0.000085 0.000043 0.000024 0.113578 0.006644 1.632946 2592.416189
0.880395 0.000050 0.000086 0.000044 0.000023 0.112758 0.006645 1.632953 2592.840993
0.881219 0.000051 0.000084 0.000042 0.000022 0.111935 0.006645 1.632958 2593.034611
0.881997 0.000050 0.000082 0.000040 0.000021 0.111164 0.006646 1.632963 2594.106635
0.882744 0.000045 0.000080 0.000042 0.000020 0.110422 0.006646 1.632971 2594.604553
0.883453 0.000047 0.000077 0.000040 0.000019 0.109717 0.006646 1.632972 2595.391967
0.884124 0.000047 0.000073 0.000038 0.000019 0.109052 0.006646 1.632976 2595.496513
0.884788 0.000045 0.000071 0.000038 0.000018 0.108393 0.006646 1.632981 2595.625745
0.885448 0.000043 0.000069 0.000038 0.000017 0.107738 0.006647 1.632986 2596.253868
0.886075 0.000041 0.000069 0.000035 0.000016 0.107116 0.006647 1.632990 2597.019642
0.886673 0.000040 0.000066 0.000033 0.000015 0.106525 0.006648 1.632992 2597.576114
0.887251 0.000039 0.000064 0.000031 0.000014 0.105952 0.006648 1.632995 2597.922994
0.887818 0.000038 0.000062 0.000029 0.000014 0.105391 0.006648 1.632998 2598.136316
0.888325 0.000039 0.000060 0.000029 0.000013 0.104885 0.006649 1.633000 2598.691410
0.888834 0.000039 0.000058 0.000027 0.000013 0.104381 0.006649 1.633003 2598.691410
0.889317 0.000037 0.000055 0.000026 0.000013 0.103904 0.006649 1.633006 2598.691410
0.889784 0.000036 0.000051 0.000026 0.000012 0.103443 0.006649 1.633010 2599.244584
0.890223 0.000034 0.000049 0.000025 0.000011 0.103008 0.006649 1.633014 2599.454570
0.890628 0.000034 0.000046 0.000025 0.000011 0.102607 0.006650 1.633016 2599.471071
0.891064 0.000032 0.000047 0.000025 0.000010 0.102172 0.006650 1.633021 2599.727698
0.891477 0.000030 0.000045 0.000025 0.000009 0.101763 0.006651 1.633024 2600.059002
0.891867 0.000030 0.000044 0.000025 0.000009 0.101374 0.006651 1.633027 2600.059002
0.892236 0.000029 0.000044 0.000024 0.000009 0.101007 0.006651 1.633031 2600.389809
0.892615 0.000029 0.000043 0.000023 0.000009 0.100629 0.006651 1.633034 2600.608399
0.892971 0.000027 0.000042 0.000023 0.000008 0.100276 0.006651 1.633038 2600.613340
0.893287 0.000026 0.000043 0.000023 0.000008 0.099962 0.006651 1.633041 2601.028454
0.893603 0.000025 0.000040 0.000024 0.000008 0.099649 0.006652 1.633044 2601.251705
0.893906 0.000025 0.000038 0.000023 0.000008 0.099348 0.006652 1.633045 2601.251705
0.894206 0.000025 0.000039 0.000021 0.000008 0.099049 0.006652 1.633048 2601.251705
0.894505 0.000023 0.000039 0.000019 0.000007 0.098756 0.006652 1.633051 2601.585838
0.894793 0.000023 0.000037 0.000020 0.000007 0.098468 0.006652 1.633054 2601.585838
0.895071 0.000022 0.000038 0.000021 0.000007 0.098189 0.006652 1.633058 2601.832732
0.895320 0.000023 0.000036 0.000021 0.000006 0.097943 0.006653 1.633060 2602.152689
0.895578 0.000022 0.000036 0.000019 0.000005 0.097687 0.006653 1.633063 2602.479625
0.895813 0.000022 0.000033 0.000018 0.000005 0.097456 0.006653 1.633064 2602.479625
0.896040 0.000022 0.000032 0.000016 0.000004 0.097233 0.006653 1.633065 2603.030488
0.896257 0.000021 0.000031 0.000017 0.000004 0.097017 0.006653 1.633067 2603.030488
0.896474 0.000021 0.000029 0.000017 0.000004 0.096803 0.006653 1.633069 2603.030488
0.896657 0.000020 0.000028 0.000016 0.000004 0.096622 0.006653 1.633071 2603.379520
0.896855 0.000021 0.000027 0.000016 0.000004 0.096425 0.006653 1.633072 2603.379520
0.897031 0.000020 0.000026 0.000016 0.000004 0.096250 0.006653 1.633074 2603.379520
0.897197 0.000019 0.000025 0.000016 0.000004 0.096087 0.006653 1.633076 2603.379520
0.897369 0.000018 0.000025 0.000015 0.000004 0.095917 0.006653 1.633077 2603.613803
0.897527 0.000017 0.000025 0.000014 0.000004 0.095760 0.006653 1.633079 2603.613803
0.897682 0.000017 0.000025 0.000013 0.000003 0.095607 0.006653 1.633080 2603.879992
0.897833 0.000016 0.000025 0.000013 0.000003 0.095457 0.006653 1.633082 2603.879992
0.897970 0.000015 0.000025 0.000012 0.000003 0.095322 0.006653 1.633085 2603.879992
0.898099 0.000016 0.000024 0.000011 0.000003 0.095194 0.006653 1.633086 2603.879992
0.898231 0.000016 0.000023 0.000010 0.000003 0.095063 0.006653 1.633087 2603.879992
0.898364 0.000016 0.000023 0.000010 0.000003 0.094931 0.006653 1.633089 2603.962639
0.898480 0.000014 0.000022 0.000010 0.000003 0.094818 0.006653 1.633091 2603.962639
0.898589 0.000014 0.000022 0.000008 0.000003 0.094711 0.006653 1.633092 2603.962639
0.898691 0.000013 0.000021 0.000009 0.000003 0.094610 0.006653 1.633093 2603.962639
0.898790 0.000012 0.000020 0.000008 0.000002 0.094514 0.006654 1.633094 2604.583078
0.898888 0.000011 0.000019 0.000009 0.000002 0.094417 0.006654 1.633096 2604.583078
0.898987 0.000010 0.000019 0.000009 0.000002 0.094319 0.006654 1.633098 2605.006746
0.899085 0.000010 0.000019 0.000008 0.000002 0.094222 0.006654 1.633099 2605.006746
0.899179 0.000010 0.000018 0.000008 0.000002 0.094129 0.006654 1.633100 2605.006746
0.899262 0.000010 0.000016 0.000008 0.000002 0.094049 0.006654 1.633100 2605.006746
0.899337 0.000009 0.000015 0.000008 0.000002 0.093976 0.006654 1.633102 2605.006746
0.899413 0.000010 0.000014 0.000007 0.000002 0.093901 0.006654 1.633102 2605.006746
0.899492 0.000010 0.000013 0.000007 0.000002 0.093822 0.006654 1.633102 2605.006746
0.899563 0.000010 0.000013 0.000007 0.000002 0.093752 0.006654 1.633103 2605.006746
0.899639 0.000009 0.000013 0.000006 0.000002 0.093677 0.006654 1.633104 2605.006746
0.899708 0.000009 0.000013 0.000007 0.000002 0.093608 0.006654 1.633105 2605.218192
0.899774 0.000008 0.000013 0.000007 0.000002 0.093542 0.006654 1.633106 2605.218192
0.899833 0.000009 0.000013 0.000007 0.000002 0.093483 0.006654 1.633107 2605.218192
0.899901 0.000007 0.000014 0.000006 0.000002 0.093416 0.006654 1.633109 2605.218192
0.899964 0.000007 0.000014 0.000006 0.000002 0.093354 0.006654 1.633110 2605.218192
0.900029 0.000007 0.000012 0.000005 0.000002 0.093292 0.006654 1.633110 2605.218192
0.900097 0.000007 0.000011 0.000005 0.000002 0.093225 0.006654 1.633111 2605.218192
0.900142 0.000007 0.000011 0.000005 0.000002 0.093179 0.006654 1.633113 2605.218192
0.900195 0.000007 0.000011 0.000005 0.000002 0.093127 0.006654 1.633113 2605.218192
0.900245 0.000006 0.000011 0.000005 0.000001 0.093078 0.006654 1.633114 2605.646588
0.900291 0.000006 0.000012 0.000005 0.000001 0.093032 0.006654 1.633115 2605.646588
0.900336 0.000006 0.000012 0.000004 0.000001 0.092987 0.006654 1.633117 2605.646588
0.900379 0.000005 0.000012 0.000004 0.000001 0.092944 0.006654 1.633117 2605.646588
0.900424 0.000006 0.000011 0.000004 0.000001 0.092899 0.006655 1.633118 2605.886622
0.900468 0.000006 0.000010 0.000004 0.000001 0.092856 0.006655 1.633118 2605.886622
0.900506 0.000007 0.000011 0.000004 0.000001 0.092818 0.006655 1.633119 2605.886622
0.900543 0.000006 0.000011 0.000005 0.000001 0.092780 0.006655 1.633120 2605.886622
0.900582 0.000006 0.000011 0.000005 0.000001 0.092742 0.006655 1.633121 2605.886622
0.900619 0.000006 0.000010 0.000005 0.000001 0.092706 0.006655 1.633121 2605.886622
0.900652 0.000006 0.000009 0.000005 0.000001 0.092673 0.006655 1.633122 2605.886622
0.900690 0.000006 0.000008 0.000005 0.000001 0.092636 0.006655 1.633123 2605.886622
0.900722 0.000006 0.000008 0.000005 0.000001 0.092604 0.006655 1.633123 2605.886622
0.900754 0.000006 0.000008 0.000004 0.000001 0.092572 0.006655 1.633124 2605.886622
0.900782 0.000006 0.000008 0.000004 0.000001 0.092544 0.006655 1.633124 2605.886622
0.900809 0.000006 0.000007 0.000004 0.000001 0.092518 0.006655 1.633124 2605.938056
0.900836 0.000006 0.000008 0.000005 0.000001 0.092491 0.006655 1.633125 2605.938056
0.900866 0.000006 0.000008 0.000004 0.000001 0.092461 0.006655 1.633126 2605.938056
0.900891 0.000005 0.000008 0.000004 0.000001 0.092436 0.006655 1.633127 2605.938056
0.900919 0.000006 0.000008 0.000004 0.000001 0.092408 0.006655 1.633127 2605.938056
0.900944 0.000005 0.000009 0.000004 0.000001 0.092383 0.006655 1.633128 2605.938056
0.900970 0.000006 0.000009 0.000003 0.000001 0.092356 0.006655 1.633128 2605.938056
0.900996 0.000006 0.000008 0.000003 0.000001 0.092332 0.006655 1.633129 2605.938056
0.901016 0.000006 0.000007 0.000004 0.000001 0.092312 0.006655 1.633130 2605.938056
0.901037 0.000006 0.000007 0.000004 0.000001 0.092291 0.006655 1.633131 2605.938056
0.901058 0.000006 0.000007 0.000005 0.000001 0.092269 0.006655 1.633132 2605.938056
0.901083 0.000006 0.000006 0.000005 0.000001 0.092246 0.006655 1.633133 2605.938056
0.901101 0.000005 0.000006 0.000004 0.000001 0.092228 0.006655 1.633133 2605.938056
0.901120 0.000005 0.000006 0.000005 0.000001 0.092210 0.006655 1.633134 2605.938056
0.901138 0.000005 0.000005 0.000004 0.000001 0.092192 0.006655 1.633134 2605.938056
0.901153 0.000005 0.000006 0.000004 0.000000 0.092177 0.006655 1.633135 2605.958840
0.901174 0.000005 0.000006 0.000004 0.000000 0.092157 0.006655 1.633136 2605.958840
0.901191 0.000004 0.000006 0.000005 0.000000 0.092140 0.006655 1.633137 2605.958840
0.901204 0.000003 0.000006 0.000004 0.000000 0.092127 0.006655 1.633138 2605.958840
0.901217 0.000003 0.000006 0.000004 0.000000 0.092114 0.006655 1.633138 2605.958840
0.901232 0.000003 0.000006 0.000004 0.000000 0.092099 0.006655 1.633139 2605.958840
0.901248 0.000003 0.000007 0.000004 0.000000 0.092083 0.006655 1.633140 2605.958840
0.901262 0.000003 0.000006 0.000004 0.000000 0.092070 0.006655 1.633140 2605.958840
0.901275 0.000003 0.000006 0.000004 0.000000 0.092058 0.006655 1.633140 2605.958840
0.901291 0.000002 0.000006 0.000004 0.000000 0.092042 0.006655 1.633141 2605.958840
0.901305 0.000002 0.000006 0.000004 0.000000 0.092029 0.006655 1.633141 2605.958840
0.901317 0.000002 0.000006 0.000004 0.000000 0.092017 0.006655 1.633141 2605.958840
0.901328 0.000002 0.000006 0.000003 0.000000 0.092007 0.006655 1.633141 2605.958840
0.901337 0.000002 0.000005 0.000003 0.000000 0.091998 0.006655 1.633141 2605.958840
0.901349 0.000002 0.000005 0.000003 0.000000 0.091986 0.006655 1.633142 2605.958840
0.901360 0.000002 0.000005 0.000003 0.000000 0.091976 0.006655 1.633142 2605.958840
0.901370 0.000002 0.000004 0.000002 0.000000 0.091967 0.006655 1.633142 2605.958840
0.901380 0.000002 0.000004 0.000002 0.000000 0.091957 0.006655 1.633142 2605.958840
0.901389 0.000002 0.000004 0.000002 0.000000 0.091949 0.006655 1.633142 2606.213957
0.901395 0.000002 0.000004 0.000002 0.000000 0.091943 0.006655 1.633142 2606.213957
0.901403 0.000002 0.000004 0.000002 0.000000 0.091935 0.006655 1.633142 2606.213957
0.901412 0.000002 0.000003 0.000002 0.000000 0.091927 0.006655 1.633143 2606.213957
0.901419 0.000002 0.000003 0.000002 0.000000 0.091919 0.006655 1.633143 2606.213957
0.901425 0.000002 0.000003 0.000002 0.000000 0.091913 0.006655 1.633143 2606.213957
0.901431 0.000002 0.000003 0.000002 0.000000 0.091907 0.006655 1.633143 2606.213957
0.901439 0.000002 0.000003 0.000002 0.000000 0.091900 0.006655 1.633143 2606.213957
0.901446 0.000002 0.000003 0.000001 0.000000 0.091893 0.006655 1.633144 2606.213957
0.901450 0.000002 0.000003 0.000001 0.000000 0.091889 0.006655 1.633144 2606.213957
0.901454 0.000002 0.000003 0.000001 0.000000 0.091887 0.006655 1.633144 2606.525041
0.901457 0.000002 0.000002 0.000000 0.000000 0.091883 0.006655 1.633144 2606.525041
0.901461 0.000002 0.000002 0.000000 0.000000 0.091879 0.006655 1.633144 2606.525041
0.901465 0.000002 0.000002 0.000000 0.000000 0.091876 0.006655 1.633144 2606.525041
0.901469 0.000002 0.000002 0.000000 0.000000 0.091871 0.006655 1.633145 2606.525041
0.901474 0.000002 0.000002 0.000000 0.000000 0.091867 0.006655 1.633145 2606.525041
0.901477 0.000002 0.000002 0.000000 0.000000 0.091864 0.006655 1.633145 2606.525041
0.901479 0.000002 0.000003 0.000000 0.000000 0.091862 0.006655 1.633145 2606.525041
0.901483 0.000002 0.000002 0.000000 0.000000 0.091859 0.006655 1.633145 2606.525041
0.901485 0.000001 0.000002 0.000000 0.000000 0.091857 0.006655 1.633146 2606.525041
0.901489 0.000001 0.000002 0.000000 0.000000 0.091853 0.006655 1.633146 2606.525041
0.901493 0.000001 0.000002 0.000000 0.000000 0.091849 0.006655 1.633146 2606.525041
0.901497 0.000001 0.000002 0.000001 0.000000 0.091846 0.006655 1.633146 2606.525041
0.901500 0.000001 0.000002 0.000001 0.000000 0.091843 0.006655 1.633146 2606.525041
0.901501 0.000001 0.000002 0.000001 0.000000 0.091841 0.006655 1.633146 2606.525041
0.901504 0.000001 0.000002 0.000001 0.000000 0.091838 0.006655 1.633146 2606.525041
0.901508 0.000001 0.000002 0.000001 0.000000 0.091834 0.006655 1.633146 2606.525041
0.901511 0.000000 0.000002 0.000001 0.000000 0.091831 0.006655 1.633147 2606.525041
0.901514 0.000000 0.000002 0.000000 0.000000 0.091828 0.006655 1.633147 2606.525041
0.901518 0.000000 0.000002 0.000000 0.000000 0.091825 0.006655 1.633147 2606.525041
0.901520 0.000000 0.000002 0.000001 0.000000 0.091822 0.006655 1.633147 2606.525041
0.901524 0.000000 0.000002 0.000001 0.000000 0.091818 0.006655 1.633147 2606.525041
0.901527 0.000000 0.000002 0.000001 0.000000 0.091816 0.006655 1.633147 2606.525041
0.901529 0.000000 0.000002 0.000001 0.000000 0.091813 0.006655 1.633147 2606.525041
0.901532 0.000000 0.000001 0.000001 0.000000 0.091811 0.006655 1.633147 2606.525041
0.901533 0.000000 0.000001 0.000001 0.000000 0.091810 0.006655 1.633147 2606.525041
0.901535 0.000000 0.000001 0.000001 0.000000 0.091808 0.006655 1.633147 2606.525041
0.901537 0.000000 0.000001 0.000001 0.000000 0.091807 0.006655 1.633148 2606.525041
0.901539 0.000000 0.000001 0.000001 0.000000 0.091805 0.006655 1.633148 2606.525041
0.901540 0.000000 0.000001 0.000001 0.000000 0.091804 0.006655 1.633148 2606.525041
0.901541 0.000000 0.000001 0.000001 0.000000 0.091803 0.006655 1.633148 2606.525041
0.901543 0.000000 0.000001 0.000001 0.000000 0.091801 0.006655 1.633148 2606.525041
0.901543 0.000000 0.000000 0.000001 0.000000 0.091801 0.006655 1.633148 2606.525041
0.901544 0.000000 0.000000 0.000001 0.000000 0.091800 0.006655 1.633148 2606.525041
0.901546 0.000000 0.000000 0.000001 0.000000 0.091798 0.006655 1.633148 2606.525041
0.901547 0.000000 0.000000 0.000001 0.000000 0.091797 0.006655 1.633148 2606.525041
0.901549 0.000000 0.000000 0.000001 0.000000 0.091796 0.006655 1.633148 2606.525041
0.901550 0.000000 0.000000 0.000001 0.000000 0.091794 0.006655 1.633148 2606.525041
0.901551 0.000000 0.000000 0.000000 0.000000 0.091793 0.006655 1.633148 2606.525041
0.901552 0.000000 0.000000 0.000000 0.000000 0.091792 0.006655 1.633148 2606.525041
0.901552 0.000000 0.000000 0.000000 0.000000 0.091792 0.006655 1.633148 2606.525041
0.901554 0.000000 0.000000 0.000000 0.000000 0.091791 0.006655 1.633148 2606.525041
0.901554 0.000000 0.000000 0.000000 0.000000 0.091790 0.006655 1.633148 2606.525041
0.901555 0.000000 0.000000 0.000000 0.000000 0.091790 0.006655 1.633148 2606.525041
0.901555 0.000000 0.000000 0.000000 0.000000 0.091789 0.006655 1.633148 2606.525041
0.901557 0.000000 0.000000 0.000000 0.000000 0.091788 0.006655 1.633148 2606.525041
0.901559 0.000000 0.000000 0.000000 0.000000 0.091786 0.006655 1.633148 2606.525041
0.901560 0.000000 0.000000 0.000000 0.000000 0.091785 0.006655 1.633148 2606.525041
0.901560 0.000000 0.000000 0.000000 0.000000 0.091785 0.006655 1.633148 2606.525041
0.901561 0.000000 0.000000 0.000000 0.000000 0.091784 0.006655 1.633148 2606.525041
0.901561 0.000000 0.000000 0.000000 0.000000 0.091784 0.006655 1.633148 2606.525041
0.901561 0.000000 0.000000 0.000000 0.000000 0.091784 0.006655 1.633148 2606.525041
0.901562 0.000000 0.000000 0.000000 0.000000 0.091783 0.006655 1.633148 2606.525041
0.901562 0.000000 0.000000 0.000000 0.000000 0.091783 0.006655 1.633148 2606.525041
0.901562 0.000000 0.000000 0.000000 0.000000 0.091783 0.006655 1.633148 2606.525041
0.901562 0.000000 0.000000 0.000000 0.000000 0.091783 0.006655 1.633148 2606.525041
0.901562 0.000000 0.000000 0.000000 0.000000 0.091783 0.006655 1.633148 2606.525041
0.901563 0.000000 0.000000 0.000000 0.000000 0.091782 0.006655 1.633148 2606.525041
0.901563 0.000000 0.000000 0.000000 0.000000 0.091782 0.006655 1.633148 2606.525041
0.901563 0.000000 0.000000 0.000000 0.000000 0.091782 0.006655 1.633148 2606.525041
0.901564 0.000000 0.000000 0.000000 0.000000 0.091782 0.006655 1.633148 2606.525041
0.901564 0.000000 0.000000 0.000000 0.000000 0.091781 0.006655 1.633148 2606.525041
0.901564 0.000000 0.000000 0.000000 0.000000 0.091781 0.006655 1.633148 2606.525041
0.901565 0.000000 0.000000 0.000000 0.000000 0.091781 0.006655 1.633148 2606.525041
0.901565 0.000000 0.000000 0.000000 0.000000 0.091780 0.006655 1.633148 2606.525041
0.901565 0.000000 0.000000 0.000000 0.000000 0.091780 0.006655 1.633148 2606.525041
0.901565 0.000000 0.000000 0.000000 0.000000 0.091780 0.006655 1.633148 2606.525041
0.901566 0.000000 0.000000 0.000000 0.000000 0.091780 0.006655 1.633148 2606.525041
0.901566 0.000000 0.000000 0.000000 0.000000 0.091779 0.006655 1.633148 2606.525041
0.901566 0.000000 0.000000 0.000000 0.000000 0.091779 0.006655 1.633148 2606.525041
0.901567 0.000000 0.000000 0.000000 0.000000 0.091778 0.006655 1.633148 2606.525041
0.901568 0.000000 0.000000 0.000000 0.000000 0.091777 0.006655 1.633148 2606.525041
0.901568 0.000000 0.000000 0.000000 0.000000 0.091777 0.006655 1.633148 2606.525041
0.901569 0.000000 0.000000 0.000000 0.000000 0.091777 0.006655 1.633148 2606.525041
0.901569 0.000000 0.000000 0.000000 0.000000 0.091776 0.006655 1.633148 2606.525041
0.901569 0.000000 0.000000 0.000000 0.000000 0.091776 0.006655 1.633148 2606.525041
0.901569 0.000000 0.000000 0.000000 0.000000 0.091776 0.006655 1.633148 2606.525041
0.901570 0.000000 0.000000 0.000000 0.000000 0.091775 0.006655 1.633148 2606.525041
0.901570 0.000000 0.000000 0.000000 0.000000 0.091775 0.006655 1.633148 2606.525041
0.901570 0.000000 0.000000 0.000000 0.000000 0.091775 0.006655 1.633148 2606.525041
0.901570 0.000000 0.000000 0.000000 0.000000 0.091775 0.006655 1.633148 2606.525041
0.901570 0.000000 0.000000 0.000000 0.000000 0.091775 0.006655 1.633148 2606.525041
0.901570 0.000000 0.000000 0.000000 0.000000 0.091775 0.006655 1.633148 2606.525041
0.901570 0.000000 0.000000 0.000000 0.000000 0.091775 0.006655 1.633148 2606.525041
0.901570 0.000000 0.000000 0.000000 0.000000 0.091775 0.006655 1.633148 2606.525041
0.901570 0.000000 0.000000 0.000000 0.000000 0.091775 0.006655 1.633148 2606.525041
0.901570 0.000000 0.000000 0.000000 0.000000 0.091775 0.006655 1.633148 2606.525041
0.901570 0.000000 0.000000 0.000000 0.000000 0.091775 0.006655 1.633148 2606.525041
0.901570 0.000000 0.000000 0.000000 0.000000 0.091775 0.006655 1.633148 2606.525041
0.901570 0.000000 0.000000 0.000000 0.000000 0.091775 0.006655 1.633148 2606.525041
0.901570 0.000000 0.000000 0.000000 0.000000 0.091775 0.006655 1.633148 2606.525041
0.901570 0.000000 0.000000 0.000000 0.000000 0.091775 0.006655 1.633148 2606.525041
0.901570 0.000000 0.000000 0.000000 0.000000 0.091775 0.006655 1.633148 2606.525041
0.901570 0.000000 0.000000 0.000000 0.000000 0.091775 0.006655 1.633148 2606.525041
0.901570 0.000000 0.000000 0.000000 0.000000 0.091775 0.006655 1.633148 2606.525041
0.901570 0.000000 0.000000 0.000000 0.000000 0.091775 0.006655 1.633148 2606.525041
0.901570 0.000000 0.000000 0.000000 0.000000 0.091775 0.006655 1.633148 2606.525041
0.901570 0.000000 0.000000 0.000000 0.000000 0.091775 0.006655 1.633148 2606.525041
0.901570 0.000000 0.000000 0.000000 0.000000 0.091775 0.006655 1.633148 2606.525041
0.901570 0.000000 0.000000 0.000000 0.000000 0.091775 0.006655 1.633148 2606.525041
0.901570 0.000000 0.000000 0.000000 0.000000 0.091775 0.006655 1.633148 2606.525041
0.901570 0.000000 0.000000 0.000000 0.000000 0.091775 0.006655 1.633148 2606.525041
0.901570 0.000000 0.000000 0.000000 0.000000 0.091775 0.006655 1.633148 2606.525041
0.901570 0.000000 0.000000 0.000000 0.000000 0.091775 0.006655 1.633148 2606.525041
0.901570 0.000000 0.000000 0.000000 0.000000 0.091775 0.006655 1.633148 2606.525041
0.901570 0.000000 0.000000 0.000000 0.000000 0.091775 0.006655 1.633148 2606.525041
0.901570 0.000000 0.000000 0.000000 0.000000 0.091775 0.006655 1.633148 2606.525041
0.901570 0.000000 0.000000 0.000000 0.000000 0.091775 0.006655 1.633148 2606.525041
0.901570 0.000000 0.000000 0.000000 0.000000 0.091775 0.006655 1.633148 2606.525041
0.901570 0.000000 0.000000 0.000000 0.000000 0.091775 0.006655 1.633148 2606.525041
0.901570 0.000000 0.000000 0.000000 0.000000 0.091775 0.006655 1.633148 2606.525041
0.901570 0.000000 0.000000 0.000000 0.000000 0.091775 0.006655 1.633148 2606.525041
0.901570 0.000000 0.000000 0.000000 0.000000 0.091775 0.006655 1.633148 2606.525041
0.901570 0.000000 0.000000 0.000000 0.000000 0.091775 0.006655 1.633148 2606.525041
0.901570 0.000000 0.000000 0.000000 0.000000 0.091775 0.006655 1.633148 2606.525041
0.901570 0.000000 0.000000 0.000000 0.000000 0.091775 0.006655 1.633148 2606.525041
0.901570 0.000000 0.000000 0.000000 0.000000 0.091775 0.006655 1.633148 2606.525041
0.901570 0.000000 0.000000 0.000000 0.000000 0.091775 0.006655 1.633148 2606.525041
0.901570 0.000000 0.000000 0.000000 0.000000 0.091775 0.006655 1.633148 2606.525041
0.901570 0.000000 0.000000 0.000000 0.000000 0.091775 0.006655 1.633148 2606.525041
0.901570 0.000000 0.000000 0.000000 0.000000 0.091775 0.006655 1.633148 2606.525041
0.901570 0.000000 0.000000 0.000000 0.000000 0.091775 0.006655 1.633148 2606.525041
0.901570 0.000000 0.000000 0.000000 0.000000 0.091775 0.006655 1.633148 2606.525041
0.901570 0.000000 0.000000 0.000000 0.000000 0.091775 0.006655 1.633148 2606.525041
0.901570 0.000000 0.000000 0.000000 0.000000 0.091775 0.006655 1.633148 2606.525041
0.901570 0.000000 0.000000 0.000000 0.000000 0.091775 0.006655 1.633148 2606.525041
0.901570 0.000000 0.000000 0.000000 0.000000 0.091775 0.006655 1.633148 2606.525041
0.901570 0.000000 0.000000 0.000000 0.000000 0.091775 0.006655 1.633148 2606.525041
0.901570 0.000000 0.000000 0.000000 0.000000 0.091775 0.006655 1.633148 2606.525041
0.901570 0.000000 0.000000 0.000000 0.000000 0.091775 0.006655 1.633148 2606.525041
0.901570 0.000000 0.000000 0.000000 0.000000 0.091775 0.006655 1.633148 2606.525041
0.901570 0.000000 0.000000 0.000000 0.000000 0.091775 0.006655 1.633148 2606.525041
0.901570 0.000000 0.000000 0.000000 0.000000 0.091775 0.006655 1.633148 2606.525041
0.901570 0.000000 0.000000 0.000000 0.000000 0.091775 0.006655 1.633148 2606.525041
0.901570 0.000000 0.000000 0.000000 0.000000 0.091775 0.006655 1.633148 2606.525041
0.901570 0.000000 0.000000 0.000000 0.000000 0.091775 0.006655 1.633148 2606.525041
0.901570 0.000000 0.000000 0.000000 0.000000 0.091775 0.006655 1.633148 2606.525041
0.901570 0.000000 0.000000 0.000000 0.000000 0.091775 0.006655 1.633148 2606.525041
0.901570 0.000000 0.000000 0.000000 0.000000 0.091775 0.006655 1.633148 2606.525041
0.901570 0.000000 0.000000 0.000000 0.000000 0.091775 0.006655 1.633148 2606.525041
0.901570 0.000000 0.000000 0.000000 0.000000 0.091775 0.006655 1.633148 2606.525041
0.901570 0.000000 0.000000 0.000000 0.000000 0.091775 0.006655 1.633148 2606.525041
0.901570 0.000000 0.000000 0.000000 0.000000 0.091775 0.006655 1.633148 2606.525041
0.901570 0.000000 0.000000 0.000000 0.000000 0.091775 0.006655 1.633148 2606.525041
0.901570 0.000000 0.000000 0.000000 0.000000 0.091775 0.006655 1.633148 2606.525041
0.901570 0.000000 0.000000 0.000000 0.000000 0.091775 0.006655 1.633148 2606.525041
0.901570 0.000000 0.000000 0.000000 0.000000 0.091775 0.006655 1.633148 2606.525041
0.901570 0.000000 0.000000 0.000000 0.000000 0.091775 0.006655 1.633148 2606.525041
0.901570 0.000000 0.000000 0.000000 0.000000 0.091775 0.006655 1.633148 2606.525041
0.901570 0.000000 0.000000 0.000000 0.000000 0.091775 0.006655 1.633148 2606.525041
0.901570 0.000000 0.000000 0.000000 0.000000 0.091775 0.006655 1.633148 2606.525041
0.901570 0.000000 0.000000 0.000000 0.000000 0.091775 0.006655 1.633148 2606.525041
0.901570 0.000000 0.000000 0.000000 0.000000 0.091775 0.006655 1.633148 2606.525041
0.901570 0.000000 0.000000 0.000000 0.000000 0.091775 0.006655 1.633148 2606.525041
0.901570 0.000000 0.000000 0.000000 0.000000 0.091775 0.006655 1.633148 2606.525041
0.901570 0.000000 0.000000 0.000000 0.000000 0.091775 0.006655 1.633148 2606.525041
0.901570 0.000000 0.000000 0.000000 0.000000 0.091775 0.006655 1.633148 2606.525041
0.901570 0.000000 0.000000 0.000000 0.000000 0.091775 0.006655 1.633148 2606.525041
0.901570 0.000000 0.000000 0.000000 0.000000 0.091775 0.006655 1.633148 2606.525041
0.901570 0.000000 0.000000 0.000000 0.000000 0.091775 0.006655 1.633148 2606.525041
0.901570 0.000000 0.000000 0.000000 0.000000 0.091775 0.006655 1.633148 2606.525041
0.901570 0.000000 0.000000 0.000000 0.000000 0.091775 0.006655 1.633148 2606.525041
0.901570 0.000000 0.000000 0.000000 0.000000 0.091775 0.006655 1.633148 2606.525041
0.901570 0.000000 0.000000 0.000000 0.000000 0.091775 0.006655 1.633148 2606.525041
0.901570 0.000000 0.000000 0.000000 0.000000 0.091775 0.006655 1.633148 2606.525041
0.901570 0.000000 0.000000 0.000000 0.000000 0.091775 0.006655 1.633148 2606.525041
0.901570 0.000000 0.000000 0.000000 0.000000 0.091775 0.006655 1.633148 2606.525041
0.901570 0.000000 0.000000 0.000000 0.000000 0.091775 0.006655 1.633148 2606.525041
0.901570 0.000000 0.000000 0.000000 0.000000 0.091775 0.006655 1.633148 2606.525041
0.901570 0.000000 0.000000 0.000000 0.000000 0.091775 0.006655 1.633148 2606.525041
0.901570 0.000000 0.000000 0.000000 0.000000 0.091775 0.006655 1.633148 2606.525041
0.901570 0.000000 0.000000 0.000000 0.000000 0.091775 0.006655 1.633148 2606.525041
0.901570 0.000000 0.000000 0.000000 0.000000 0.091775 0.006655 1.633148 2606.525041
0.901570 0.000000 0.000000 0.000000 0.000000 0.091775 0.006655 1.633148 2606.525041
0.901570 0.000000 0.000000 0.000000 0.000000 0.091775 0.006655 1.633148 2606.525041
0.901570 0.000000 0.000000 0.000000 0.000000 0.091775 0.006655 1.633148 2606.525041
0.901570 0.000000 0.000000 0.000000 0.000000 0.091775 0.006655 1.633148 2606.525041
0.901570 0.000000 0.000000 0.000000 0.000000 0.091775 0.006655 1.633148 2606.525041
0.901570 0.000000 0.000000 0.000000 0.000000 0.091775 0.006655 1.633148 2606.525041
0.901570 0.000000 0.000000 0.000000 0.000000 0.091775 0.006655 1.633148 2606.525041
0.901570 0.000000 0.000000 0.000000 0.000000 0.091775 0.006655 1.633148 2606.525041
0.901570 0.000000 0.000000 0.000000 0.000000 0.091775 0.006655 1.633148 2606.525041
0.901570 0.000000 0.000000 0.000000 0.000000 0.091775 0.006655 1.633148 2606.525041
0.901570 0.000000 0.000000 0.000000 0.000000 0.091775 0.006655 1.633148 2606.525041
0.901570 0.000000 0.000000 0.000000 0.000000 0.091775 0.006655 1.633148 2606.525041
0.901570 0.000000 0.000000 0.000000 0.000000 0.091775 0.006655 1.633148 2606.525041
0.901570 0.000000 0.000000 0.000000 0.000000 0.091775 0.006655 1.633148 2606.525041
0.901570 0.000000 0.000000 0.000000 0.000000 0.091775 0.006655 1.633148 2606.525041
0.901570 0.000000 0.000000 0.000000 0.000000 0.091775 0.006655 1.633148 2606.525041
0.901570 0.000000 0.000000 0.000000 0.000000 0.091775 0.006655 1.633148 2606.525041
0.901570 0.000000 0.000000 0.000000 0.000000 0.091775 0.006655 1.633148 2606.525041
0.901570 0.000000 0.000000 0.000000 0.000000 0.091775 0.006655 1.633148 2606.525041
0.901570 0.000000 0.000000 0.000000 0.000000 0.091775 0.006655 1.633148 2606.525041
0.901570 0.000000 0.000000 0.000000 0.000000 0.091775 0.006655 1.633148 2606.525041
0.901570 0.000000 0.000000 0.000000 0.000000 0.091775 0.006655 1.633148 2606.525041
0.901570 0.000000 0.000000 0.000000 0.000000 0.091775 0.006655 1.633148 2606.525041
0.901570 0.000000 0.000000 0.000000 0.000000 0.091775 0.006655 1.633148 2606.525041
0.901570 0.000000 0.000000 0.000000 0.000000 0.091775 0.006655 1.633148 2606.525041
0.901570 0.000000 0.000000 0.000000 0.000000 0.091775 0.006655 1.633148 2606.525041
0.901570 0.000000 0.000000 0.000000 0.000000 0.091775 0.006655 1.633148 2606.525041
0.901570 0.000000 0.000000 0.000000 0.000000 0.091775 0.006655 1.633148 2606.525041
0.901570 0.000000 0.000000 0.000000 0.000000 0.091775 0.006655 1.633148 2606.525041
0.901570 0.000000 0.000000 0.000000 0.000000 0.091775 0.006655 1.633148 2606.525041
0.901570 0.000000 0.000000 0.000000 0.000000 0.091775 0.006655 1.633148 2606.525041
0.901570 0.000000 0.000000 0.000000 0.000000 0.091775 0.006655 1.633148 2606.525041
0.901570 0.000000 0.000000 0.000000 0.000000 0.091775 0.006655 1.633148 2606.525041
0.901570 0.000000 0.000000 0.000000 0.000000 0.091775 0.006655 1.633148 2606.525041
0.901570 0.000000 0.000000 0.000000 0.000000 0.091775 0.006655 1.633148 2606.525041
0.901570 0.000000 0.000000 0.000000 0.000000 0.091775 0.006655 1.633148 2606.525041
0.901570 0.000000 0.000000 0.000000 0.000000 0.091775 0.006655 1.633148 2606.525041
0.901570 0.000000 0.000000 0.000000 0.000000 0.091775 0.006655 1.633148 2606.525041
0.901570 0.000000 0.000000 0.000000 0.000000 0.091775 0.006655 1.633148 2606.525041
0.901570 0.000000 0.000000 0.000000 0.000000 0.091775 0.006655 1.633148 2606.525041
0.901570 0.000000 0.000000 0.000000 0.000000 0.091775 0.006655 1.633148 2606.525041
0.901570 0.000000 0.000000 0.000000 0.000000 0.091775 0.006655 1.633148 2606.525041
0.901570 0.000000 0.000000 0.000000 0.000000 0.091775 0.006655 1.633148 2606.525041
0.901570 0.000000 0.000000 0.000000 0.000000 0.091775 0.006655 1.633148 2606.525041
0.901570 0.000000 0.000000 0.000000 0.000000 0.091775 0.006655 1.633148 2606.525041
0.901570 0.000000 0.000000 0.000000 0.000000 0.091775 0.006655 1.633148 2606.525041
0.901570 0.000000 0.000000 0.000000 0.000000 0.091775 0.006655 1.633148 2606.525041
0.901570 0.000000 0.000000 0.000000 0.000000 0.091775 0.006655 1.633148 2606.525041
0.901570 0.000000 0.000000 0.000000 0.000000 0.091775 0.006655 1.633148 2606.525041
0.901570 0.000000 0.000000 0.000000 0.000000 0.091775 0.006655 1.633148 2606.525041
0.901570 0.000000 0.000000 0.000000 0.000000 0.091775 0.006655 1.633148 2606.525041
0.901570 0.000000 0.000000 0.000000 0.000000 0.091775 0.006655 1.633148 2606.525041
0.901570 0.000000 0.000000 0.000000 0.000000 0.091775 0.006655 1.633148 2606.525041
0.901570 0.000000 0.000000 0.000000 0.000000 0.091775 0.006655 1.633148 2606.525041
0.901570 0.000000 0.000000 0.000000 0.000000 0.091775 0.006655 1.633148 2606.525041
0.901570 0.000000 0.000000 0.000000 0.000000 0.091775 0.006655 1.633148 2606.525041
0.901570 0.000000 0.000000 0.000000 0.000000 0.091775 0.006655 1.633148 2606.525041
0.901570 0.000000 0.000000 0.000000 0.000000 0.091775 0.006655 1.633148 2606.525041
0.901570 0.000000 0.000000 0.000000 0.000000 0.091775 0.006655 1.633148 2606.525041
0.901570 0.000000 0.000000 0.000000 0.000000 0.091775 0.006655 1.633148 2606.525041
0.901570 0.000000 0.000000 0.000000 0.000000 0.091775 0.006655 1.633148 2606.525041
0.901570 0.000000 0.000000 0.000000 0.000000 0.091775 0.006655 1.633148 2606.525041
0.901570 0.000000 0.000000 0.000000 0.000000 0.091775 0.006655 1.633148 2606.525041
0.901570 0.000000 0.000000 0.000000 0.000000 0.091775 0.006655 1.633148 2606.525041
0.901570 0.000000 0.000000 0.000000 0.000000 0.091775 0.006655 1.633148 2606.525041
0.901570 0.000000 0.000000 0.000000 0.000000 0.091775 0.006655 1.633148 2606.525041
0.901570 0.000000 0.000000 0.000000 0.000000 0.091775 0.006655 1.633148 2606.525041
0.901570 0.000000 0.000000 0.000000 0.000000 0.091775 0.006655 1.633148 2606.525041
0.901570 0.000000 0.000000 0.000000 0.000000 0.091775 0.006655 1.633148 2606.525041
0.901570 0.000000 0.000000 0.000000 0.000000 0.091775 0.006655 1.633148 2606.525041
0.901570 0.000000 0.000000 0.000000 0.000000 0.091775 0.006655 1.633148 2606.525041
0.901570 0.000000 0.000000 0.000000 0.000000 0.091775 0.006655 1.633148 2606.525041
0.901570 0.000000 0.000000 0.000000 0.000000 0.091775 0.006655 1.633148 2606.525041
0.901570 0.000000 0.000000 0.000000 0.000000 0.091775 0.006655 1.633148 2606.525041
0.901570 0.000000 0.000000 0.000000 0.000000 0.091775 0.006655 1.633148 2606.525041
0.901570 0.000000 0.000000 0.000000 0.000000 0.091775 0.006655 1.633148 2606.525041
0.901570 0.000000 0.000000 0.000000 0.000000 0.091775 0.006655 1.633148 2606.525041
0.901570 0.000000 0.000000 0.000000 0.000000 0.091775 0.006655 1.633148 2606.525041
0.901570 0.000000 0.000000 0.000000 0.000000 0.091775 0.006655 1.633148 2606.525041
0.901570 0.000000 0.000000 0.000000 0.000000 0.091775 0.006655 1.633148 2606.525041
0.901570 0.000000 0.000000 0.000000 0.000000 0.091775 0.006655 1.633148 2606.525041
0.901570 0.000000 0.000000 0.000000 0.000000 0.091775 0.006655 1.633148 2606.525041
0.901570 0.000000 0.000000 0.000000 0.000000 0.091775 0.006655 1.633148 2606.525041
0.901570 0.000000 0.000000 0.000000 0.000000 0.091775 0.006655 1.633148 2606.525041
0.901570 0.000000 0.000000 0.000000 0.000000 0.091775 0.006655 1.633148 2606.525041
0.901570 0.000000 0.000000 0.000000 0.000000 0.091775 0.006655 1.633148 2606.525041
0.901570 0.000000 0.000000 0.000000 0.000000 0.091775 0.006655 1.633148 2606.525041
0.901570 0.000000 0.000000 0.000000 0.000000 0.091775 0.006655 1.633148 2606.525041
0.901570 0.000000 0.000000 0.000000 0.000000 0.091775 0.006655 1.633148 2606.525041
0.901570 0.000000 0.000000 0.000000 0.000000 0.091775 0.006655 1.633148 2606.525041
0.901570 0.000000 0.000000 0.000000 0.000000 0.091775 0.006655 1.633148 2606.525041
0.901570 0.000000 0.000000 0.000000 0.000000 0.091775 0.006655 1.633148 2606.525041
0.901570 0.000000 0.000000 0.000000 0.000000 0.091775 0.006655 1.633148 2606.525041
0.901570 0.000000 0.000000 0.000000 0.000000 0.091775 0.006655 1.633148 2606.525041
0.901570 0.000000 0.000000 0.000000 0.000000 0.091775 0.006655 1.633148 2606.525041
0.901570 0.000000 0.000000 0.000000 0.000000 0.091775 0.006655 1.633148 2606.525041
0.901570 0.000000 0.000000 0.000000 0.000000 0.091775 0.006655 1.633148 2606.525041
0.901570 0.000000 0.000000 0.000000 0.000000 0.091775 0.006655 1.633148 2606.525041
0.901570 0.000000 0.000000 0.000000 0.000000 0.091775 0.006655 1.633148 2606.525041
0.901570 0.000000 0.000000 0.000000 0.000000 0.091775 0.006655 1.633148 2606.525041
0.901570 0.000000 0.000000 0.000000 0.000000 0.091775 0.006655 1.633148 2606.525041
0.901570 0.000000 0.000000 0.000000 0.000000 0.091775 0.006655 1.633148 2606.525041
0.901570 0.000000 0.000000 0.000000 0.000000 0.091775 0.006655 1.633148 2606.525041
0.901570 0.000000 0.000000 0.000000 0.000000 0.091775 0.006655 1.633148 2606.525041
0.901570 0.000000 0.000000 0.000000 0.000000 0.091775 0.006655 1.633148 2606.525041
0.901570 0.000000 0.000000 0.000000 0.000000 0.091775 0.006655 1.633148 2606.525041
0.901570 0.000000 0.000000 0.000000 0.000000 0.091775 0.006655 1.633148 2606.525041
0.901570 0.000000 0.000000 0.000000 0.000000 0.091775 0.006655 1.633148 2606.525041
0.901570 0.000000 0.000000 0.000000 0.000000 0.091775 0.006655 1.633148 2606.525041
0.901570 0.000000 0.000000 0.000000 0.000000 0.091775 0.006655 1.633148 2606.525041
0.901570 0.000000 0.000000 0.000000 0.000000 0.091775 0.006655 1.633148 2606.525041
0.901570 0.000000 0.000000 0.000000 0.000000 0.091775 0.006655 1.633148 2606.525041
0.901570 0.000000 0.000000 0.000000 0.000000 0.091775 0.006655 1.633148 2606.525041
0.901570 0.000000 0.000000 0.000000 0.000000 0.091775 0.006655 1.633148 2606.525041
0.901570 0.000000 0.000000 0.000000 0.000000 0.091775 0.006655 1.633148 2606.525041
0.901570 0.000000 0.000000 0.000000 0.000000 0.091775 0.006655 1.633148 2606.525041
0.901570 0.000000 0.000000 0.000000 0.000000 0.091775 0.006655 1.633148 2606.525041
0.901570 0.000000 0.000000 0.000000 0.000000 0.091775 0.006655 1.633148 2606.525041
0.901570 0.000000 0.000000 0.000000 0.000000 0.091775 0.006655 1.633148 2606.525041
0.901570 0.000000 0.000000 0.000000 0.000000 0.091775 0.006655 1.633148 2606.525041
0.901570 0.000000 0.000000 0.000000 0.000000 0.091775 0.006655 1.633148 2606.525041
0.901570 0.000000 0.000000 0.000000 0.000000 0.091775 0.006655 1.633148 2606.525041
0.901570 0.000000 0.000000 0.000000 0.000000 0.091775 0.006655 1.633148 2606.525041
0.901570 0.000000 0.000000 0.000000 0.000000 0.091775 0.006655 1.633148 2606.525041
0.901570 0.000000 0.000000 0.000000 0.000000 0.091775 0.006655 1.633148 2606.525041
0.901570 0.000000 0.000000 0.000000 0.000000 0.091775 0.006655 1.633148 2606.525041
0.901570 0.000000 0.000000 0.000000 0.000000 0.091775 0.006655 1.633148 2606.525041
0.901570 0.000000 0.000000 0.000000 0.000000 0.091775 0.006655 1.633148 2606.525041
0.901570 0.000000 0.000000 0.000000 0.000000 0.091775 0.006655 1.633148 2606.525041
0.901570 0.000000 0.000000 0.000000 0.000000 0.091775 0.006655 1.633148 2606.525041
0.901570 0.000000 0.000000 0.000000 0.000000 0.091775 0.006655 1.633148 2606.525041
0.901570 0.000000 0.000000 0.000000 0.000000 0.091775 0.006655 1.633148 2606.525041
0.901570 0.000000 0.000000 0.000000 0.000000 0.091775 0.006655 1.633148 2606.525041
0.901570 0.000000 0.000000 0.000000 0.000000 0.091775 0.006655 1.633148 2606.525041
0.901570 0.000000 0.000000 0.000000 0.000000 0.091775 0.006655 1.633148 2606.525041
0.901570 0.000000 0.000000 0.000000 0.000000 0.091775 0.006655 1.633148 2606.525041
0.901570 0.000000 0.000000 0.000000 0.000000 0.091775 0.006655 1.633148 2606.525041
0.901570 0.000000 0.000000 0.000000 0.000000 0.091775 0.006655 1.633148 2606.525041
0.901570 0.000000 0.000000 0.000000 0.000000 0.091775 0.006655 1.633148 2606.525041
0.901570 0.000000 0.000000 0.000000 0.000000 0.091775 0.006655 1.633148 2606.525041
0.901570 0.000000 0.000000 0.000000 0.000000 0.091775 0.006655 1.633148 2606.525041
0.901570 0.000000 0.000000 0.000000 0.000000 0.091775 0.006655 1.633148 2606.525041
0.901570 0.000000 0.000000 0.000000 0.000000 0.091775 0.006655 1.633148 2606.525041
0.901570 0.000000 0.000000 0.000000 0.000000 0.091775 0.006655 1.633148 2606.525041
0.901570 0.000000 0.000000 0.000000 0.000000 0.091775 0.006655 1.633148 2606.525041
0.901570 0.000000 0.000000 0.000000 0.000000 0.091775 0.006655 1.633148 2606.525041
0.901570 0.000000 0.000000 0.000000 0.000000 0.091775 0.006655 1.633148 2606.525041
0.901570 0.000000 0.000000 0.000000 0.000000 0.091775 0.006655 1.633148 2606.525041
0.901570 0.000000 0.000000 0.000000 0.000000 0.091775 0.006655 1.633148 2606.525041
0.901570 0.000000 0.000000 0.000000 0.000000 0.091775 0.006655 1.633148 2606.525041
0.901570 0.000000 0.000000 0.000000 0.000000 0.091775 0.006655 1.633148 2606.525041
0.901570 0.000000 0.000000 0.000000 0.000000 0.091775 0.006655 1.633148 2606.525041
0.901570 0.000000 0.000000 0.000000 0.000000 0.091775 0.006655 1.633148 2606.525041
0.901570 0.000000 0.000000 0.000000 0.000000 0.091775 0.006655 1.633148 2606.525041
0.901570 0.000000 0.000000 0.000000 0.000000 0.091775 0.006655 1.633148 2606.525041
0.901570 0.000000 0.000000 0.000000 0.000000 0.091775 0.006655 1.633148 2606.525041
0.901570 0.000000 0.000000 0.000000 0.000000 0.091775 0.006655 1.633148 2606.525041
0.901570 0.000000 0.000000 0.000000 0.000000 0.091775 0.006655 1.633148 2606.525041
0.901570 0.000000 0.000000 0.000000 0.000000 0.091775 0.006655 1.633148 2606.525041
0.901570 0.000000 0.000000 0.000000 0.000000 0.091775 0.006655 1.633148 2606.525041
0.901570 0.000000 0.000000 0.000000 0.000000 0.091775 0.006655 1.633148 2606.525041
0.901570 0.000000 0.000000 0.000000 0.000000 0.091775 0.006655 1.633148 2606.525041
0.901570 0.000000 0.000000 0.000000 0.000000 0.091775 0.006655 1.633148 2606.525041
0.901570 0.000000 0.000000 0.000000 0.000000 0.091775 0.006655 1.633148 2606.525041
0.901570 0.000000 0.000000 0.000000 0.000000 0.091775 0.006655 1.633148 2606.525041
0.901570 0.000000 0.000000 0.000000 0.000000 0.091775 0.006655 1.633148 2606.525041
0.901570 0.000000 0.000000 0.000000 0.000000 0.091775 0.006655 1.633148 2606.525041
0.901570 0.000000 0.000000 0.000000 0.000000 0.091775 0.006655 1.633148 2606.525041
0.901570 0.000000 0.000000 0.000000 0.000000 0.091775 0.006655 1.633148 2606.525041
0.901570 0.000000 0.000000 0.000000 0.000000 0.091775 0.006655 1.633148 2606.525041
0.901570 0.000000 0.000000 0.000000 0.000000 0.091775 0.006655 1.633148 2606.525041
0.901570 0.000000 0.000000 0.000000 0.000000 0.091775 0.006655 1.633148 2606.525041
0.901570 0.000000 0.000000 0.000000 0.000000 0.091775 0.006655 1.633148 2606.525041
0.901570 0.000000 0.000000 0.000000 0.000000 0.091775 0.006655 1.633148 2606.525041
0.901570 0.000000 0.000000 0.000000 0.000000 0.091775 0.006655 1.633148 2606.525041
0.901570 0.000000 0.000000 0.000000 0.000000 0.091775 0.006655 1.633148 2606.525041
0.901570 0.000000 0.000000 0.000000 0.000000 0.091775 0.006655 1.633148 2606.525041
0.901570 0.000000 0.000000 0.000000 0.000000 0.091775 0.006655 1.633148 2606.525041
0.901570 0.000000 0.000000 0.000000 0.000000 0.091775 0.006655 1.633148 2606.525041
0.901570 0.000000 0.000000 0.000000 0.000000 0.091775 0.006655 1.633148 2606.525041
0.901570 0.000000 0.000000 0.000000 0.000000 0.091775 0.006655 1.633148 2606.525041
0.901570 0.000000 0.000000 0.000000 0.000000 0.091775 0.006655 1.633148 2606.525041
0.901570 0.000000 0.000000 0.000000 0.000000 0.091775 0.006655 1.633148 2606.525041
0.901570 0.000000 0.000000 0.000000 0.000000 0.091775 0.006655 1.633148 2606.525041
0.901570 0.000000 0.000000 0.000000 0.000000 0.091775 0.006655 1.633148 2606.525041
0.901570 0.000000 0.000000 0.000000 0.000000 0.091775 0.006655 1.633148 2606.525041
0.901570 0.000000 0.000000 0.000000 0.000000 0.091775 0.006655 1.633148 2606.525041
0.901570 0.000000 0.000000 0.000000 0.000000 0.091775 0.006655 1.633148 2606.525041
0.901570 0.000000 0.000000 0.000000 0.000000 0.091775 0.006655 1.633148 2606.525041
0.901570 0.000000 0.000000 0.000000 0.000000 0.091775 0.006655 1.633148 2606.525041
0.901570 0.000000 0.000000 0.000000 0.000000 0.091775 0.006655 1.633148 2606.525041
0.901570 0.000000 0.000000 0.000000 0.000000 0.091775 0.006655 1.633148 2606.525041
0.901570 0.000000 0.000000 0.000000 0.000000 0.091775 0.006655 1.633148 2606.525041
0.901570 0.000000 0.000000 0.000000 0.000000 0.091775 0.006655 1.633148 2606.525041
0.901570 0.000000 0.000000 0.000000 0.000000 0.091775 0.006655 1.633148 2606.525041
0.901570 0.000000 0.000000 0.000000 0.000000 0.091775 0.006655 1.633148 2606.525041
0.901570 0.000000 0.000000 0.000000 0.000000 0.091775 0.006655 1.633148 2606.525041
0.901570 0.000000 0.000000 0.000000 0.000000 0.091775 0.006655 1.633148 2606.525041
0.901570 0.000000 0.000000 0.000000 0.000000 0.091775 0.006655 1.633148 2606.525041
0.901570 0.000000 0.000000 0.000000 0.000000 0.091775 0.006655 1.633148 2606.525041
0.901570 0.000000 0.000000 0.000000 0.000000 0.091775 0.006655 1.633148 2606.525041
0.901570 0.000000 0.000000 0.000000 0.000000 0.091775 0.006655 1.633148 2606.525041
0.901570 0.000000 0.000000 0.000000 0.000000 0.091775 0.006655 1.633148 2606.525041
0.901570 0.000000 0.000000 0.000000 0.000000 0.091775 0.006655 1.633148 2606.525041
0.901570 0.000000 0.000000 0.000000 0.000000 0.091775 0.006655 1.633148 2606.525041
0.901570 0.000000 0.000000 0.000000 0.000000 0.091775 0.006655 1.633148 2606.525041
0.901570 0.000000 0.000000 0.000000 0.000000 0.091775 0.006655 1.633148 2606.525041
0.901570 0.000000 0.000000 0.000000 0.000000 0.091775 0.006655 1.633148 2606.525041
0.901570 0.000000 0.000000 0.000000 0.000000 0.091775 0.006655 1.633148 2606.525041
0.901570 0.000000 0.000000 0.000000 0.000000 0.091775 0.006655 1.633148 2606.525041
0.901570 0.000000 0.000000 0.000000 0.000000 0.091775 0.006655 1.633148 2606.525041
0.901570 0.000000 0.000000 0.000000 0.000000 0.091775 0.006655 1.633148 2606.525041
0.901570 0.000000 0.000000 0.000000 0.000000 0.091775 0.006655 1.633148 2606.525041
0.901570 0.000000 0.000000 0.000000 0.000000 0.091775 0.006655 1.633148 2606.525041
0.901570 0.000000 0.000000 0.000000 0.000000 0.091775 0.006655 1.633148 2606.525041
0.901570 0.000000 0.000000 0.000000 0.000000 0.091775 0.006655 1.633148 2606.525041
0.901570 0.000000 0.000000 0.000000 0.000000 0.091775 0.006655 1.633148 2606.525041
0.901570 0.000000 0.000000 0.000000 0.000000 0.091775 0.006655 1.633148 2606.525041
0.901570 0.000000 0.000000 0.000000 0.000000 0.091775 0.006655 1.633148 2606.525041
0.901570 0.000000 0.000000 0.000000 0.000000 0.091775 0.006655 1.633148 2606.525041
0.901570 0.000000 0.000000 0.000000 0.000000 0.091775 0.006655 1.633148 2606.525041
0.901570 0.000000 0.000000 0.000000 0.000000 0.091775 0.006655 1.633148 2606.525041
0.901570 0.000000 0.000000 0.000000 0.000000 0.091775 0.006655 1.633148 2606.525041
0.901570 0.000000 0.000000 0.000000 0.000000 0.091775 0.006655 1.633148 2606.525041
0.901570 0.000000 0.000000 0.000000 0.000000 0.091775 0.006655 1.633148 2606.525041
0.901570 0.000000 0.000000 0.000000 0.000000 0.091775 0.006655 1.633148 2606.525041
0.901570 0.000000 0.000000 0.000000 0.000000 0.091775 0.006655 1.633148 2606.525041
0.901570 0.000000 0.000000 0.000000 0.000000 0.091775 0.006655 1.633148 2606.525041
0.901570 0.000000 0.000000 0.000000 0.000000 0.091775 0.006655 1.633148 2606.525041
0.901570 0.000000 0.000000 0.000000 0.000000 0.091775 0.006655 1.633148 2606.525041
0.901570 0.000000 0.000000 0.000000 0.000000 0.091775 0.006655 1.633148 2606.525041
0.901570 0.000000 0.000000 0.000000 0.000000 0.091775 0.006655 1.633148 2606.525041
0.901570 0.000000 0.000000 0.000000 0.000000 0.091775 0.006655 1.633148 2606.525041
0.901570 0.000000 0.000000 0.000000 0.000000 0.091775 0.006655 1.633148 2606.525041
0.901570 0.000000 0.000000 0.000000 0.000000 0.091775 0.006655 1.633148 2606.525041
0.901570 0.000000 0.000000 0.000000 0.000000 0.091775 0.006655 1.633148 2606.525041
0.901570 0.000000 0.000000 0.000000 0.000000 0.091775 0.006655 1.633148 2606.525041
0.901570 0.000000 0.000000 0.000000 0.000000 0.091775 0.006655 1.633148 2606.525041
0.901570 0.000000 0.000000 0.000000 0.000000 0.091775 0.006655 1.633148 2606.525041
0.901570 0.000000 0.000000 0.000000 0.000000 0.091775 0.006655 1.633148 2606.525041
0.901570 0.000000 0.000000 0.000000 0.000000 0.091775 0.006655 1.633148 2606.525041
0.901570 0.000000 0.000000 0.000000 0.000000 0.091775 0.006655 1.633148 2606.525041
0.901570 0.000000 0.000000 0.000000 0.000000 0.091775 0.006655 1.633148 2606.525041
0.901570 0.000000 0.000000 0.000000 0.000000 0.091775 0.006655 1.633148 2606.525041
0.901570 0.000000 0.000000 0.000000 0.000000 0.091775 0.006655 1.633148 2606.525041
0.901570 0.000000 0.000000 0.000000 0.000000 0.091775 0.006655 1.633148 2606.525041
0.901570 0.000000 0.000000 0.000000 0.000000 0.091775 0.006655 1.633148 2606.525041
0.901570 0.000000 0.000000 0.000000 0.000000 0.091775 0.006655 1.633148 2606.525041
0.901570 0.000000 0.000000 0.000000 0.000000 0.091775 0.006655 1.633148 2606.525041
0.901570 0.000000 0.000000 0.000000 0.000000 0.091775 0.006655 1.633148 2606.525041
0.901570 0.000000 0.000000 0.000000 0.000000 0.091775 0.006655 1.633148 2606.525041
0.901570 0.000000 0.000000 0.000000 0.000000 0.091775 0.006655 1.633148 2606.525041
0.901570 0.000000 0.000000 0.000000 0.000000 0.091775 0.006655 1.633148 2606.525041
0.901570 0.000000 0.000000 0.000000 0.000000 0.091775 0.006655 1.633148 2606.525041
0.901570 0.000000 0.000000 0.000000 0.000000 0.091775 0.006655 1.633148 2606.525041
0.901570 0.000000 0.000000 0.000000 0.000000 0.091775 0.006655 1.633148 2606.525041
0.901570 0.000000 0.000000 0.000000 0.000000 0.091775 0.006655 1.633148 2606.525041
0.901570 0.000000 0.000000 0.000000 0.000000 0.091775 0.006655 1.633148 2606.525041
0.901570 0.000000 0.000000 0.000000 0.000000 0.091775 0.006655 1.633148 2606.525041
0.901570 0.000000 0.000000 0.000000 0.000000 0.091775 0.006655 1.633148 2606.525041
0.901570 0.000000 0.000000 0.000000 0.000000 0.091775 0.006655 1.633148 2606.525041
0.901570 0.000000 0.000000 0.000000 0.000000 0.091775 0.006655 1.633148 2606.525041
0.901570 0.000000 0.000000 0.000000 0.000000 0.091775 0.006655 1.633148 2606.525041
0.901570 0.000000 0.000000 0.000000 0.000000 0.091775 0.006655 1.633148 2606.525041
0.901570 0.000000 0.000000 0.000000 0.000000 0.091775 0.006655 1.633148 2606.525041
0.901570 0.000000 0.000000 0.000000 0.000000 0.091775 0.006655 1.633148 2606.525041
0.901570 0.000000 0.000000 0.000000 0.000000 0.091775 0.006655 1.633148 2606.525041
0.901570 0.000000 0.000000 0.000000 0.000000 0.091775 0.006655 1.633148 2606.525041
0.901570 0.000000 0.000000 0.000000 0.000000 0.091775 0.006655 1.633148 2606.525041
0.901570 0.000000 0.000000 0.000000 0.000000 0.091775 0.006655 1.633148 2606.525041
0.901570 0.000000 0.000000 0.000000 0.000000 0.091775 0.006655 1.633148 2606.525041
0.901570 0.000000 0.000000 0.000000 0.000000 0.091775 0.006655 1.633148 2606.525041
0.901570 0.000000 0.000000 0.000000 0.000000 0.091775 0.006655 1.633148 2606.525041
