0.371074 0.060885 0.053330 0.030744 0.002185 0.475224 0.006558 1.565334 2205.390522
0.372016 0.059920 0.053962 0.029963 0.002180 0.475369 0.006590 1.571255 2216.720390
0.374142 0.057929 0.054487 0.029239 0.002186 0.475402 0.006615 1.577058 2226.933955
0.376998 0.055464 0.054841 0.028560 0.002168 0.475325 0.006645 1.582646 2238.378708
0.380321 0.052785 0.054993 0.027829 0.002150 0.475250 0.006671 1.587978 2248.981656
0.383972 0.050057 0.054854 0.027072 0.002134 0.475213 0.006698 1.593028 2262.656462
0.387837 0.047406 0.054549 0.026329 0.002127 0.475028 0.006724 1.597776 2273.004826
0.391780 0.044824 0.054093 0.025646 0.002116 0.474787 0.006754 1.602354 2282.720602
0.395856 0.042343 0.053486 0.024911 0.002099 0.474522 0.006783 1.606669 2294.442601
0.399966 0.040026 0.052659 0.024187 0.002086 0.474263 0.006812 1.610743 2304.583691
0.404265 0.037808 0.051777 0.023501 0.002071 0.473739 0.006839 1.614596 2314.192953
0.408478 0.035801 0.050740 0.022820 0.002062 0.473233 0.006866 1.618200 2325.579638
0.412777 0.033930 0.049620 0.022146 0.002041 0.472596 0.006890 1.621625 2336.273412
0.417233 0.032097 0.048506 0.021514 0.002021 0.471712 0.006916 1.624941 2346.550840
0.421653 0.030489 0.047308 0.020825 0.002001 0.470779 0.006944 1.628012 2357.076612
0.426153 0.028955 0.046103 0.020208 0.001983 0.469629 0.006969 1.630937 2367.007827
0.430714 0.027543 0.044838 0.019569 0.001968 0.468373 0.006995 1.633693 2377.369617
0.435256 0.026246 0.043571 0.018952 0.001944 0.467010 0.007020 1.636315 2387.158178
0.439798 0.025015 0.042348 0.018343 0.001925 0.465529 0.007042 1.638843 2397.318112
0.444404 0.023855 0.041083 0.017758 0.001890 0.463941 0.007070 1.641244 2408.669596
0.448925 0.022812 0.039773 0.017198 0.001867 0.462329 0.007098 1.643530 2419.003343
0.453479 0.021871 0.038492 0.016657 0.001839 0.460541 0.007121 1.645718 2429.274413
0.457972 0.021001 0.037308 0.016083 0.001803 0.458689 0.007144 1.647820 2440.579174
0.462465 0.020217 0.036087 0.015560 0.001783 0.456720 0.007167 1.649813 2450.626441
0.466940 0.019439 0.034970 0.015066 0.001752 0.454637 0.007195 1.651787 2461.769024
0.471430 0.018780 0.033805 0.014618 0.001740 0.452409 0.007217 1.653643 2470.834857
0.475844 0.018142 0.032718 0.014141 0.001710 0.450205 0.007240 1.655456 2481.067912
0.480318 0.017529 0.031603 0.013676 0.001675 0.447937 0.007263 1.657202 2492.035113
0.484735 0.017034 0.030532 0.013221 0.001638 0.445552 0.007288 1.658854 2501.533141
0.489179 0.016537 0.029536 0.012793 0.001605 0.443039 0.007313 1.660487 2513.509470
0.493679 0.016065 0.028492 0.012380 0.001580 0.440471 0.007333 1.662063 2523.443214
0.498076 0.015652 0.027518 0.012005 0.001552 0.437844 0.007353 1.663610 2532.770817
0.502435 0.015270 0.026609 0.011639 0.001528 0.435148 0.007371 1.665115 2540.003840
0.506804 0.014918 0.025750 0.011285 0.001500 0.432349 0.007394 1.666586 2549.561503
0.511135 0.014577 0.024880 0.010983 0.001472 0.429543 0.007410 1.668032 2558.504952
0.515366 0.014272 0.024056 0.010674 0.001443 0.426759 0.007431 1.669448 2568.259000
0.519570 0.014014 0.023279 0.010372 0.001411 0.423907 0.007448 1.670813 2577.676988
0.523803 0.013728 0.022494 0.010096 0.001390 0.421024 0.007466 1.672176 2586.447460
0.527927 0.013452 0.021813 0.009874 0.001358 0.418090 0.007486 1.673541 2596.520933
0.532092 0.013223 0.021176 0.009642 0.001329 0.415033 0.007505 1.674848 2606.342626
0.536152 0.013020 0.020551 0.009377 0.001307 0.412069 0.007523 1.676138 2614.912681
0.540279 0.012789 0.019955 0.009152 0.001287 0.408999 0.007539 1.677420 2622.299306
0.544329 0.012605 0.019426 0.008929 0.001267 0.405889 0.007556 1.678682 2629.592140
0.548261 0.012493 0.018893 0.008710 0.001241 0.402830 0.007572 1.679894 2638.839586
0.552165 0.012353 0.018382 0.008495 0.001217 0.399798 0.007589 1.681129 2646.900785
0.556097 0.012195 0.017909 0.008285 0.001197 0.396713 0.007604 1.682346 2655.401766
0.559944 0.012085 0.017413 0.008112 0.001171 0.393653 0.007622 1.683535 2663.801881
0.563803 0.011962 0.016947 0.007949 0.001150 0.390552 0.007637 1.684723 2671.382970
0.567553 0.011850 0.016539 0.007795 0.001128 0.387483 0.007653 1.685898 2679.929444
0.571327 0.011728 0.016155 0.007663 0.001103 0.384357 0.007668 1.687082 2689.068451
0.575014 0.011665 0.015777 0.007507 0.001087 0.381269 0.007681 1.688223 2697.068011
0.578709 0.011606 0.015381 0.007349 0.001073 0.378186 0.007696 1.689332 2703.697794
0.582405 0.011540 0.015022 0.007227 0.001044 0.375050 0.007712 1.690471 2712.684986
0.586032 0.011455 0.014719 0.007102 0.001022 0.371939 0.007730 1.691634 2720.209068
0.589636 0.011380 0.014414 0.006967 0.001000 0.368858 0.007744 1.692773 2728.128075
0.593230 0.011358 0.014102 0.006860 0.000983 0.365711 0.007756 1.693866 2734.499886
0.596637 0.011333 0.013809 0.006763 0.000966 0.362720 0.007772 1.694975 2740.972169
0.600108 0.011262 0.013560 0.006672 0.000947 0.359666 0.007785 1.696108 2748.283169
0.603522 0.011231 0.013334 0.006579 0.000932 0.356603 0.007798 1.697210 2755.127243
0.606911 0.011217 0.013109 0.006482 0.000911 0.353557 0.007812 1.698309 2763.327159
0.610207 0.011240 0.012883 0.006395 0.000892 0.350556 0.007827 1.699374 2770.843621
0.613435 0.011257 0.012669 0.006334 0.000878 0.347585 0.007842 1.700455 2776.823854
0.616645 0.011251 0.012491 0.006262 0.000863 0.344636 0.007851 1.701553 2783.234820
0.619831 0.011247 0.012312 0.006225 0.000846 0.341674 0.007865 1.702669 2790.263499
0.622998 0.011242 0.012150 0.006169 0.000831 0.338733 0.007877 1.703786 2796.784059
0.626066 0.011241 0.012014 0.006134 0.000806 0.335846 0.007893 1.704901 2804.798236
0.629167 0.011257 0.011862 0.006107 0.000796 0.332907 0.007905 1.705991 2810.383643
0.632183 0.011284 0.011729 0.006052 0.000784 0.330053 0.007914 1.707101 2816.404636
0.635195 0.011296 0.011609 0.006010 0.000767 0.327196 0.007927 1.708209 2822.779889
0.638134 0.011300 0.011504 0.005964 0.000757 0.324403 0.007939 1.709307 2829.489042
0.641061 0.011363 0.011369 0.005916 0.000744 0.321600 0.007948 1.710384 2835.665613
0.643894 0.011435 0.011304 0.005875 0.000728 0.318807 0.007958 1.711485 2842.189572
0.646720 0.011464 0.011211 0.005839 0.000712 0.316086 0.007967 1.712587 2848.668013
0.649447 0.011518 0.011157 0.005814 0.000701 0.313385 0.007979 1.713713 2854.921372
0.652153 0.011563 0.011083 0.005799 0.000691 0.310721 0.007990 1.714857 2861.382315
0.654784 0.011635 0.011016 0.005776 0.000683 0.308106 0.008001 1.715970 2867.070296
0.657372 0.011700 0.010960 0.005770 0.000672 0.305516 0.008009 1.717107 2871.996615
0.659987 0.011752 0.010900 0.005763 0.000663 0.302917 0.008018 1.718253 2877.951547
0.662535 0.011769 0.010904 0.005798 0.000653 0.300316 0.008026 1.719461 2882.844460
0.665057 0.011791 0.010890 0.005788 0.000644 0.297795 0.008036 1.720641 2889.596769
0.667508 0.011886 0.010825 0.005789 0.000634 0.295312 0.008046 1.721780 2895.220225
0.669978 0.011932 0.010797 0.005783 0.000621 0.292837 0.008053 1.722948 2900.005308
0.672437 0.011965 0.010823 0.005780 0.000610 0.290324 0.008062 1.724138 2905.120966
0.674851 0.012042 0.010780 0.005793 0.000595 0.287868 0.008071 1.725302 2910.316014
0.677170 0.012116 0.010779 0.005783 0.000589 0.285483 0.008081 1.726490 2915.462577
0.679449 0.012170 0.010797 0.005818 0.000576 0.283099 0.008091 1.727691 2920.898958
0.681715 0.012238 0.010789 0.005822 0.000566 0.280768 0.008102 1.728885 2925.893200
0.683872 0.012367 0.010799 0.005834 0.000562 0.278454 0.008111 1.730074 2930.157951
0.685968 0.012531 0.010808 0.005835 0.000556 0.276184 0.008118 1.731259 2934.613870
0.688056 0.012614 0.010850 0.005854 0.000551 0.273952 0.008125 1.732504 2938.843702
0.690176 0.012674 0.010888 0.005891 0.000546 0.271691 0.008133 1.733766 2942.832039
0.692282 0.012753 0.010910 0.005883 0.000541 0.269490 0.008141 1.735007 2946.734962
0.694303 0.012880 0.010928 0.005904 0.000538 0.267302 0.008146 1.736259 2950.420903
0.696280 0.012983 0.010973 0.005896 0.000531 0.265183 0.008154 1.737534 2954.754505
0.698223 0.013080 0.010987 0.005931 0.000528 0.263091 0.008160 1.738811 2958.759448
0.700100 0.013181 0.011056 0.005935 0.000521 0.261038 0.008169 1.740086 2964.307698
0.701926 0.013300 0.011107 0.005942 0.000518 0.259033 0.008176 1.741387 2968.557349
0.703733 0.013412 0.011147 0.005976 0.000512 0.257039 0.008183 1.742709 2972.184393
0.705498 0.013503 0.011224 0.006005 0.000511 0.255069 0.008190 1.744046 2975.273297
0.707256 0.013584 0.011271 0.006056 0.000516 0.253121 0.008196 1.745401 2977.705751
0.708936 0.013694 0.011344 0.006088 0.000512 0.251224 0.008202 1.746743 2982.137954
0.710656 0.013839 0.011384 0.006102 0.000515 0.249295 0.008210 1.748055 2984.469493
0.712205 0.014004 0.011422 0.006127 0.000514 0.247513 0.008215 1.749396 2988.289055
0.713807 0.014099 0.011476 0.006179 0.000514 0.245705 0.008221 1.750763 2991.282073
0.715356 0.014207 0.011563 0.006225 0.000511 0.243912 0.008226 1.752167 2994.542689
0.716847 0.014339 0.011623 0.006287 0.000508 0.242163 0.008233 1.753586 2997.910024
0.718335 0.014434 0.011725 0.006330 0.000503 0.240432 0.008241 1.755027 3001.998850
0.719741 0.014582 0.011804 0.006366 0.000498 0.238761 0.008249 1.756427 3005.873464
0.721128 0.014709 0.011885 0.006426 0.000494 0.237098 0.008259 1.757876 3010.008901
0.722535 0.014820 0.011995 0.006465 0.000487 0.235432 0.008267 1.759348 3014.156424
0.723821 0.014950 0.012095 0.006506 0.000486 0.233869 0.008274 1.760819 3017.721307
0.725131 0.015071 0.012197 0.006576 0.000492 0.232254 0.008279 1.762305 3021.308384
0.726409 0.015236 0.012281 0.006601 0.000491 0.230696 0.008286 1.763770 3024.677019
0.727621 0.015386 0.012369 0.006669 0.000490 0.229171 0.008294 1.765282 3027.694902
0.728780 0.015560 0.012456 0.006717 0.000489 0.227698 0.008301 1.766780 3030.880997
0.730030 0.015651 0.012554 0.006800 0.000488 0.226169 0.008308 1.768313 3034.336258
0.731154 0.015818 0.012641 0.006829 0.000489 0.224757 0.008312 1.769828 3037.515610
0.732159 0.016035 0.012723 0.006875 0.000488 0.223402 0.008319 1.771367 3040.590459
0.733234 0.016167 0.012843 0.006944 0.000489 0.221998 0.008325 1.772948 3043.485949
0.734219 0.016379 0.012929 0.006990 0.000486 0.220665 0.008333 1.774503 3046.907982
0.735273 0.016506 0.013040 0.007059 0.000483 0.219299 0.008339 1.776107 3049.823433
0.736251 0.016632 0.013156 0.007094 0.000492 0.218028 0.008347 1.777734 3052.161808
0.737174 0.016808 0.013295 0.007125 0.000488 0.216757 0.008352 1.779349 3054.915919
0.738103 0.016927 0.013431 0.007198 0.000494 0.215488 0.008360 1.781024 3057.597075
0.738941 0.017087 0.013526 0.007296 0.000494 0.214292 0.008364 1.782705 3060.480863
0.739827 0.017182 0.013667 0.007367 0.000500 0.213087 0.008369 1.784408 3062.952704
0.740590 0.017322 0.013812 0.007423 0.000493 0.211982 0.008378 1.786114 3066.376905
0.741410 0.017420 0.013931 0.007493 0.000498 0.210862 0.008385 1.787851 3068.994462
0.742177 0.017511 0.014051 0.007585 0.000497 0.209790 0.008390 1.789587 3071.805984
0.742858 0.017719 0.014164 0.007640 0.000503 0.208720 0.008396 1.791306 3074.739094
0.743536 0.017883 0.014260 0.007695 0.000505 0.207719 0.008402 1.793051 3077.790203
0.744251 0.018048 0.014355 0.007763 0.000506 0.206664 0.008411 1.794774 3080.631761
0.744904 0.018226 0.014474 0.007844 0.000509 0.205626 0.008417 1.796541 3084.201373
0.745447 0.018392 0.014625 0.007893 0.000506 0.204711 0.008425 1.798341 3088.216342
0.746059 0.018538 0.014743 0.007975 0.000513 0.203742 0.008430 1.800157 3089.962306
0.746623 0.018637 0.014860 0.008084 0.000512 0.202848 0.008437 1.802013 3093.302280
0.747193 0.018789 0.014969 0.008117 0.000509 0.201979 0.008445 1.803828 3095.689377
0.747640 0.018972 0.015092 0.008165 0.000510 0.201170 0.008451 1.805677 3099.165557
0.748101 0.019111 0.015251 0.008226 0.000513 0.200341 0.008456 1.807558 3101.234141
0.748546 0.019283 0.015380 0.008312 0.000519 0.199499 0.008461 1.809428 3103.426617
0.749005 0.019317 0.015529 0.008413 0.000526 0.198742 0.008469 1.811398 3106.771838
0.749457 0.019454 0.015597 0.008469 0.000533 0.198014 0.008476 1.813287 3108.952992
0.749938 0.019531 0.015732 0.008563 0.000537 0.197218 0.008482 1.815217 3111.674857
0.750312 0.019663 0.015851 0.008646 0.000546 0.196492 0.008488 1.817151 3113.409138
0.750745 0.019761 0.015952 0.008690 0.000547 0.195811 0.008495 1.819070 3115.654357
0.751115 0.019889 0.016085 0.008741 0.000547 0.195123 0.008500 1.821035 3118.592155
0.751566 0.020000 0.016193 0.008808 0.000544 0.194384 0.008505 1.822961 3121.373140
0.751928 0.020129 0.016282 0.008847 0.000543 0.193760 0.008511 1.824898 3124.426208
0.752287 0.020221 0.016356 0.008931 0.000547 0.193143 0.008516 1.826880 3127.245075
0.752593 0.020281 0.016481 0.009007 0.000556 0.192561 0.008522 1.828926 3129.002022
0.752906 0.020416 0.016564 0.009050 0.000552 0.191983 0.008528 1.830897 3131.516244
0.753165 0.020544 0.016680 0.009061 0.000561 0.191453 0.008536 1.832896 3134.047357
0.753495 0.020619 0.016811 0.009091 0.000567 0.190872 0.008543 1.834910 3136.700370
0.753790 0.020754 0.016934 0.009117 0.000575 0.190281 0.008549 1.836900 3138.947962
0.754036 0.020807 0.017044 0.009172 0.000577 0.189809 0.008556 1.838951 3141.989723
0.754284 0.020912 0.017131 0.009221 0.000586 0.189303 0.008563 1.840983 3144.454627
0.754544 0.020954 0.017201 0.009276 0.000591 0.188864 0.008571 1.843038 3147.588327
0.754702 0.021059 0.017298 0.009363 0.000597 0.188399 0.008581 1.845104 3149.684455
0.754884 0.021124 0.017403 0.009450 0.000598 0.187953 0.008588 1.847208 3152.701844
0.755106 0.021175 0.017523 0.009476 0.000606 0.187517 0.008596 1.849286 3155.101143
0.755278 0.021216 0.017641 0.009534 0.000610 0.187119 0.008603 1.851390 3157.636713
0.755376 0.021314 0.017748 0.009576 0.000611 0.186766 0.008609 1.853500 3160.110538
0.755518 0.021413 0.017870 0.009601 0.000612 0.186369 0.008617 1.855590 3162.625954
0.755698 0.021461 0.017912 0.009662 0.000617 0.186026 0.008625 1.857690 3165.413103
0.755851 0.021468 0.018017 0.009710 0.000619 0.185701 0.008634 1.859815 3168.531306
0.756017 0.021509 0.018108 0.009718 0.000616 0.185389 0.008644 1.861923 3172.201720
0.756228 0.021549 0.018212 0.009742 0.000620 0.184999 0.008649 1.864030 3175.300987
0.756421 0.021591 0.018305 0.009762 0.000626 0.184636 0.008659 1.866132 3178.586516
0.756550 0.021611 0.018378 0.009802 0.000630 0.184362 0.008668 1.868260 3181.283065
0.756654 0.021705 0.018474 0.009828 0.000637 0.184028 0.008675 1.870349 3183.816804
0.756791 0.021738 0.018518 0.009871 0.000635 0.183762 0.008684 1.872487 3187.156435
0.756866 0.021782 0.018553 0.009903 0.000636 0.183568 0.008693 1.874612 3189.512583
0.756961 0.021824 0.018670 0.009927 0.000647 0.183272 0.008700 1.876784 3192.030486
0.757009 0.021872 0.018737 0.009956 0.000648 0.183070 0.008708 1.878924 3194.898090
0.757127 0.021882 0.018784 0.010003 0.000647 0.182840 0.008718 1.881092 3197.501651
0.757217 0.021967 0.018833 0.009999 0.000645 0.182610 0.008727 1.883211 3200.917421
0.757328 0.021982 0.018891 0.010035 0.000645 0.182384 0.008735 1.885339 3204.080401
0.757447 0.021937 0.018921 0.010083 0.000649 0.182222 0.008741 1.887528 3206.694276
0.757538 0.021953 0.018960 0.010105 0.000653 0.182043 0.008749 1.889667 3209.710537
0.757602 0.021959 0.019045 0.010148 0.000653 0.181836 0.008757 1.891862 3213.378602
0.757740 0.021934 0.019119 0.010161 0.000657 0.181624 0.008765 1.894039 3216.051256
0.757811 0.021955 0.019134 0.010182 0.000658 0.181486 0.008774 1.896182 3219.081137
0.757965 0.021946 0.019139 0.010210 0.000666 0.181294 0.008781 1.898303 3221.788907
0.758017 0.022020 0.019186 0.010215 0.000670 0.181103 0.008790 1.900453 3224.483473
0.758106 0.021977 0.019228 0.010255 0.000669 0.180964 0.008801 1.902641 3227.587274
0.758268 0.021941 0.019288 0.010252 0.000675 0.180768 0.008809 1.904814 3230.272419
0.758428 0.021925 0.019364 0.010262 0.000680 0.180526 0.008816 1.906961 3233.526407
0.758496 0.021963 0.019413 0.010276 0.000683 0.180344 0.008826 1.909100 3236.714079
0.758574 0.021958 0.019458 0.010314 0.000682 0.180181 0.008833 1.911265 3239.027637
0.758677 0.021952 0.019457 0.010329 0.000682 0.180061 0.008841 1.913405 3242.412923
0.758813 0.021927 0.019502 0.010298 0.000682 0.179927 0.008851 1.915565 3245.130686
0.758905 0.021909 0.019543 0.010299 0.000687 0.179798 0.008859 1.917725 3248.097082
0.759064 0.021893 0.019534 0.010315 0.000685 0.179642 0.008868 1.919867 3251.889518
0.759183 0.021886 0.019527 0.010332 0.000689 0.179507 0.008877 1.921993 3255.264555
0.759238 0.021941 0.019544 0.010325 0.000688 0.179379 0.008885 1.924129 3258.390749
0.759364 0.021885 0.019612 0.010355 0.000690 0.179200 0.008894 1.926329 3261.456667
0.759511 0.021851 0.019609 0.010344 0.000686 0.179096 0.008904 1.928492 3265.587368
0.759628 0.021823 0.019651 0.010334 0.000691 0.178962 0.008911 1.930656 3268.624875
0.759709 0.021842 0.019638 0.010340 0.000690 0.178863 0.008919 1.932796 3271.576907
0.759841 0.021825 0.019647 0.010349 0.000694 0.178716 0.008929 1.934923 3274.245284
0.759930 0.021830 0.019636 0.010360 0.000698 0.178606 0.008939 1.937052 3277.181872
0.760031 0.021823 0.019628 0.010367 0.000703 0.178501 0.008947 1.939212 3280.101142
0.760150 0.021775 0.019642 0.010340 0.000702 0.178433 0.008959 1.941353 3284.275982
0.760290 0.021701 0.019638 0.010368 0.000700 0.178334 0.008970 1.943509 3287.964026
0.760320 0.021739 0.019621 0.010370 0.000702 0.178268 0.008981 1.945638 3292.312097
0.760422 0.021686 0.019627 0.010387 0.000707 0.178181 0.008989 1.947794 3294.958740
0.760517 0.021670 0.019616 0.010360 0.000714 0.178124 0.008998 1.949914 3298.356708
0.760638 0.021693 0.019587 0.010340 0.000714 0.178017 0.009011 1.952007 3301.897997
0.760817 0.021660 0.019594 0.010307 0.000716 0.177885 0.009021 1.954121 3305.388233
0.760989 0.021611 0.019602 0.010310 0.000717 0.177739 0.009032 1.956254 3308.717805
0.761139 0.021528 0.019596 0.010297 0.000718 0.177680 0.009043 1.958380 3312.184324
0.761296 0.021483 0.019609 0.010302 0.000717 0.177540 0.009054 1.960516 3315.781667
0.761483 0.021457 0.019587 0.010248 0.000713 0.177447 0.009065 1.962602 3319.134814
0.761628 0.021414 0.019601 0.010235 0.000712 0.177338 0.009073 1.964703 3322.497398
0.761727 0.021411 0.019565 0.010193 0.000709 0.177313 0.009083 1.966807 3325.546168
0.761892 0.021391 0.019550 0.010178 0.000717 0.177183 0.009091 1.968904 3329.027149
0.762063 0.021325 0.019545 0.010131 0.000721 0.177116 0.009099 1.970991 3332.267341
0.762231 0.021291 0.019540 0.010089 0.000724 0.177018 0.009107 1.973079 3334.994473
0.762417 0.021262 0.019518 0.010084 0.000727 0.176878 0.009114 1.975170 3338.032462
0.762522 0.021261 0.019477 0.010078 0.000728 0.176810 0.009124 1.977254 3340.914626
0.762657 0.021272 0.019409 0.010039 0.000724 0.176763 0.009135 1.979300 3344.389238
0.762836 0.021227 0.019381 0.010056 0.000732 0.176624 0.009145 1.981392 3347.609424
0.762984 0.021200 0.019358 0.010039 0.000735 0.176531 0.009153 1.983469 3350.950843
0.763142 0.021144 0.019349 0.010039 0.000732 0.176430 0.009164 1.985546 3353.625933
0.763284 0.021111 0.019310 0.010047 0.000735 0.176341 0.009172 1.987619 3356.576131
0.763447 0.021098 0.019280 0.010036 0.000735 0.176220 0.009182 1.989675 3360.653838
0.763635 0.021082 0.019257 0.010019 0.000736 0.176082 0.009191 1.991725 3363.972176
0.763782 0.021049 0.019228 0.010018 0.000736 0.175986 0.009202 1.993798 3367.794872
0.763947 0.020975 0.019251 0.009997 0.000735 0.175883 0.009212 1.995893 3371.448609
0.764127 0.020935 0.019217 0.009975 0.000736 0.175791 0.009220 1.997938 3375.564548
0.764297 0.020869 0.019212 0.009964 0.000738 0.175690 0.009231 2.000013 3378.903340
0.764506 0.020811 0.019212 0.009964 0.000734 0.175535 0.009239 2.002074 3382.327574
0.764734 0.020764 0.019198 0.009961 0.000733 0.175361 0.009251 2.004106 3385.490780
0.764851 0.020735 0.019150 0.009974 0.000730 0.175300 0.009260 2.006154 3389.589582
0.765053 0.020688 0.019143 0.009977 0.000729 0.175142 0.009269 2.008184 3393.172130
0.765242 0.020674 0.019087 0.009974 0.000736 0.175009 0.009277 2.010197 3396.516075
0.765475 0.020584 0.019067 0.009955 0.000736 0.174897 0.009285 2.012224 3400.245185
0.765640 0.020558 0.018993 0.009968 0.000733 0.174812 0.009297 2.014244 3403.428480
0.765827 0.020511 0.018957 0.009937 0.000730 0.174732 0.009307 2.016282 3407.113635
0.766046 0.020509 0.018899 0.009880 0.000732 0.174617 0.009317 2.018270 3410.323734
0.766324 0.020457 0.018890 0.009836 0.000733 0.174432 0.009329 2.020260 3413.815468
0.766526 0.020457 0.018807 0.009809 0.000730 0.174333 0.009339 2.022217 3418.195343
0.766736 0.020424 0.018745 0.009816 0.000720 0.174209 0.009350 2.024201 3421.945510
0.766907 0.020375 0.018718 0.009795 0.000724 0.174121 0.009359 2.026215 3425.155214
0.767086 0.020372 0.018707 0.009765 0.000723 0.173979 0.009368 2.028188 3428.300461
0.767317 0.020324 0.018702 0.009751 0.000720 0.173810 0.009377 2.030180 3431.980632
0.767527 0.020287 0.018643 0.009712 0.000711 0.173735 0.009385 2.032156 3436.723059
0.767760 0.020257 0.018597 0.009720 0.000706 0.173565 0.009396 2.034139 3440.391703
0.767953 0.020208 0.018615 0.009712 0.000712 0.173394 0.009406 2.036142 3443.735201
0.768140 0.020162 0.018585 0.009700 0.000714 0.173285 0.009415 2.038162 3447.625486
0.768358 0.020095 0.018544 0.009709 0.000714 0.173155 0.009424 2.040144 3451.274124
0.768588 0.020071 0.018490 0.009692 0.000717 0.173009 0.009434 2.042073 3454.526722
0.768880 0.020052 0.018418 0.009679 0.000712 0.172817 0.009442 2.044005 3458.377454
0.769075 0.020076 0.018396 0.009655 0.000709 0.172638 0.009452 2.045974 3462.479726
0.769320 0.020020 0.018367 0.009656 0.000710 0.172466 0.009461 2.047941 3465.279343
0.769538 0.020065 0.018301 0.009602 0.000706 0.172316 0.009472 2.049842 3468.873229
0.769754 0.020031 0.018293 0.009569 0.000706 0.172162 0.009483 2.051782 3472.552279
0.769987 0.019949 0.018290 0.009570 0.000710 0.172000 0.009494 2.053774 3475.323023
0.770172 0.019923 0.018304 0.009533 0.000704 0.171862 0.009503 2.055751 3479.991758
0.770395 0.019884 0.018256 0.009522 0.000696 0.171733 0.009514 2.057708 3484.188340
0.770586 0.019879 0.018237 0.009504 0.000706 0.171565 0.009522 2.059670 3486.943660
0.770868 0.019797 0.018245 0.009479 0.000704 0.171376 0.009532 2.061636 3491.080335
0.771161 0.019761 0.018180 0.009465 0.000703 0.171190 0.009540 2.063540 3495.262880
0.771409 0.019739 0.018147 0.009418 0.000699 0.171039 0.009550 2.065460 3498.425100
0.771670 0.019695 0.018132 0.009392 0.000693 0.170861 0.009557 2.067399 3502.199378
0.771949 0.019640 0.018084 0.009378 0.000693 0.170686 0.009569 2.069345 3506.372077
0.772153 0.019649 0.018044 0.009387 0.000693 0.170495 0.009578 2.071276 3509.813257
0.772390 0.019652 0.018020 0.009378 0.000697 0.170277 0.009586 2.073199 3512.830050
0.772636 0.019600 0.018011 0.009365 0.000683 0.170110 0.009596 2.075106 3517.247912
0.772895 0.019574 0.018013 0.009332 0.000681 0.169899 0.009606 2.077008 3521.473651
0.773150 0.019510 0.017989 0.009335 0.000675 0.169725 0.009615 2.078941 3524.505346
0.773457 0.019424 0.017961 0.009305 0.000674 0.169554 0.009625 2.080854 3528.132186
0.773694 0.019388 0.017907 0.009293 0.000669 0.169413 0.009636 2.082751 3531.919486
0.773911 0.019378 0.017852 0.009283 0.000673 0.169259 0.009644 2.084651 3534.905680
0.774149 0.019427 0.017801 0.009238 0.000675 0.169057 0.009654 2.086512 3537.978671
0.774333 0.019445 0.017745 0.009252 0.000673 0.168888 0.009664 2.088402 3540.807666
0.774567 0.019400 0.017734 0.009265 0.000669 0.168691 0.009673 2.090311 3545.053113
0.774817 0.019346 0.017728 0.009265 0.000663 0.168498 0.009684 2.092238 3548.652710
0.775042 0.019367 0.017730 0.009230 0.000656 0.168281 0.009695 2.094093 3553.259382
0.775299 0.019336 0.017718 0.009211 0.000654 0.168075 0.009706 2.095979 3556.432401
0.775538 0.019317 0.017710 0.009194 0.000649 0.167877 0.009715 2.097863 3560.195226
0.775728 0.019328 0.017712 0.009193 0.000653 0.167662 0.009724 2.099753 3563.035670
0.775909 0.019330 0.017710 0.009200 0.000652 0.167464 0.009734 2.101666 3566.050923
0.776133 0.019317 0.017701 0.009182 0.000656 0.167271 0.009740 2.103582 3568.496285
0.776305 0.019306 0.017665 0.009174 0.000658 0.167141 0.009750 2.105478 3571.893844
0.776494 0.019294 0.017681 0.009176 0.000656 0.166942 0.009757 2.107378 3575.117230
0.776712 0.019279 0.017659 0.009154 0.000653 0.166771 0.009771 2.109278 3579.576372
0.776920 0.019253 0.017662 0.009169 0.000654 0.166563 0.009779 2.111178 3582.786812
0.777127 0.019283 0.017643 0.009171 0.000655 0.166333 0.009788 2.113067 3585.843011
0.777348 0.019265 0.017604 0.009156 0.000655 0.166178 0.009794 2.114960 3588.837927
0.777549 0.019207 0.017604 0.009176 0.000658 0.166002 0.009804 2.116872 3592.128180
0.777703 0.019245 0.017594 0.009186 0.000657 0.165803 0.009812 2.118756 3595.256526
0.777863 0.019230 0.017612 0.009200 0.000655 0.165621 0.009820 2.120666 3598.057097
0.778014 0.019253 0.017597 0.009219 0.000659 0.165431 0.009827 2.122562 3601.115370
0.778178 0.019221 0.017565 0.009212 0.000662 0.165324 0.009837 2.124450 3604.011685
0.778343 0.019236 0.017562 0.009190 0.000658 0.165165 0.009847 2.126340 3607.860673
0.778499 0.019233 0.017562 0.009172 0.000655 0.165021 0.009859 2.128230 3611.504376
0.778654 0.019245 0.017567 0.009158 0.000658 0.164854 0.009865 2.130126 3614.881295
0.778816 0.019230 0.017538 0.009150 0.000659 0.164732 0.009874 2.132037 3618.205848
0.778951 0.019210 0.017558 0.009152 0.000658 0.164587 0.009884 2.133938 3621.449907
0.779108 0.019210 0.017555 0.009128 0.000657 0.164449 0.009894 2.135819 3624.937365
0.779269 0.019196 0.017581 0.009131 0.000658 0.164263 0.009902 2.137742 3628.153818
0.779385 0.019228 0.017574 0.009136 0.000656 0.164109 0.009912 2.139621 3631.370575
0.779554 0.019280 0.017490 0.009098 0.000653 0.164002 0.009923 2.141464 3634.637716
0.779704 0.019289 0.017498 0.009082 0.000661 0.163834 0.009931 2.143334 3637.744465
0.779806 0.019341 0.017504 0.009090 0.000666 0.163656 0.009940 2.145217 3641.129612
0.779986 0.019299 0.017513 0.009102 0.000667 0.163482 0.009952 2.147127 3645.084779
0.780124 0.019303 0.017508 0.009094 0.000665 0.163346 0.009960 2.149019 3648.697574
0.780333 0.019257 0.017517 0.009088 0.000665 0.163171 0.009969 2.150926 3651.898774
0.780497 0.019226 0.017526 0.009073 0.000663 0.163035 0.009980 2.152825 3655.612814
0.780635 0.019216 0.017482 0.009082 0.000663 0.162935 0.009987 2.154720 3658.718514
0.780766 0.019274 0.017419 0.009052 0.000666 0.162824 0.009999 2.156561 3661.786640
0.780869 0.019327 0.017415 0.009044 0.000664 0.162674 0.010008 2.158434 3665.042936
0.781030 0.019361 0.017385 0.009061 0.000669 0.162480 0.010015 2.160295 3668.072578
0.781156 0.019335 0.017397 0.009055 0.000666 0.162367 0.010023 2.162220 3671.322294
0.781310 0.019332 0.017367 0.009044 0.000664 0.162250 0.010033 2.164100 3675.286249
0.781450 0.019295 0.017386 0.009072 0.000663 0.162092 0.010042 2.166038 3678.402728
0.781619 0.019269 0.017413 0.009075 0.000662 0.161912 0.010052 2.167950 3682.731139
0.781691 0.019304 0.017380 0.009056 0.000663 0.161845 0.010062 2.169839 3686.405053
0.781747 0.019372 0.017410 0.009052 0.000661 0.161688 0.010070 2.171722 3689.530614
0.781822 0.019389 0.017455 0.009061 0.000665 0.161531 0.010078 2.173638 3691.964986
0.781933 0.019386 0.017473 0.009059 0.000665 0.161400 0.010084 2.175540 3695.558360
0.781989 0.019461 0.017457 0.009075 0.000659 0.161265 0.010095 2.177432 3699.091139
0.782043 0.019477 0.017451 0.009095 0.000654 0.161175 0.010105 2.179337 3702.250303
0.782166 0.019467 0.017419 0.009100 0.000653 0.161081 0.010115 2.181244 3705.162229
0.782240 0.019502 0.017410 0.009151 0.000648 0.160926 0.010124 2.183162 3708.598354
0.782376 0.019526 0.017397 0.009129 0.000648 0.160792 0.010132 2.185061 3712.295149
0.782429 0.019489 0.017449 0.009166 0.000650 0.160676 0.010141 2.187018 3715.720819
0.782482 0.019537 0.017468 0.009124 0.000653 0.160587 0.010150 2.188910 3718.744260
0.782590 0.019500 0.017476 0.009118 0.000656 0.160503 0.010157 2.190819 3721.517198
0.782655 0.019517 0.017488 0.009119 0.000663 0.160394 0.010165 2.192720 3724.633112
0.782780 0.019516 0.017515 0.009111 0.000659 0.160243 0.010175 2.194628 3728.431523
0.782877 0.019527 0.017522 0.009111 0.000656 0.160123 0.010184 2.196531 3731.632795
0.782945 0.019574 0.017518 0.009121 0.000659 0.159994 0.010189 2.198431 3734.685096
0.783092 0.019542 0.017493 0.009157 0.000659 0.159861 0.010198 2.200348 3737.398411
0.783158 0.019619 0.017487 0.009155 0.000661 0.159714 0.010206 2.202239 3740.675329
0.783229 0.019628 0.017486 0.009175 0.000656 0.159611 0.010215 2.204171 3744.353449
0.783292 0.019618 0.017530 0.009170 0.000659 0.159511 0.010222 2.206116 3747.262669
0.783300 0.019643 0.017547 0.009135 0.000664 0.159483 0.010229 2.208044 3749.519754
0.783341 0.019660 0.017548 0.009152 0.000661 0.159402 0.010238 2.209961 3753.710492
0.783413 0.019668 0.017567 0.009130 0.000662 0.159315 0.010246 2.211895 3757.181537
0.783461 0.019633 0.017632 0.009150 0.000660 0.159210 0.010254 2.213853 3760.762602
0.783496 0.019707 0.017657 0.009146 0.000658 0.159074 0.010263 2.215731 3764.058416
0.783567 0.019730 0.017704 0.009148 0.000654 0.158925 0.010272 2.217674 3767.307877
0.783585 0.019711 0.017723 0.009183 0.000653 0.158864 0.010281 2.219649 3770.544431
0.783631 0.019700 0.017705 0.009191 0.000656 0.158828 0.010290 2.221569 3774.099266
0.783655 0.019687 0.017694 0.009223 0.000649 0.158793 0.010299 2.223514 3777.480492
0.783757 0.019668 0.017668 0.009212 0.000650 0.158739 0.010307 2.225438 3780.349930
0.783804 0.019742 0.017654 0.009210 0.000646 0.158627 0.010316 2.227339 3784.026526
0.783829 0.019778 0.017657 0.009219 0.000648 0.158543 0.010326 2.229251 3787.137253
0.783875 0.019751 0.017690 0.009228 0.000646 0.158474 0.010336 2.231206 3791.184771
0.783949 0.019761 0.017661 0.009278 0.000644 0.158362 0.010344 2.233123 3794.532948
0.784026 0.019693 0.017695 0.009292 0.000643 0.158295 0.010356 2.235137 3798.925191
0.784040 0.019731 0.017676 0.009269 0.000641 0.158277 0.010366 2.237071 3801.933218
0.784059 0.019744 0.017659 0.009272 0.000630 0.158261 0.010376 2.238983 3805.792291
0.784093 0.019745 0.017694 0.009271 0.000632 0.158182 0.010382 2.240923 3808.825578
0.784110 0.019815 0.017734 0.009264 0.000631 0.158055 0.010392 2.242833 3811.922873
0.784127 0.019835 0.017746 0.009280 0.000634 0.157981 0.010398 2.244758 3814.385091
0.784131 0.019845 0.017784 0.009280 0.000637 0.157916 0.010406 2.246714 3817.050687
0.784116 0.019897 0.017770 0.009281 0.000639 0.157884 0.010413 2.248637 3819.491692
0.784113 0.019935 0.017774 0.009292 0.000640 0.157826 0.010420 2.250578 3822.464858
0.784155 0.019945 0.017782 0.009313 0.000644 0.157736 0.010427 2.252514 3826.025993
0.784079 0.019957 0.017815 0.009307 0.000644 0.157762 0.010436 2.254491 3829.194876
0.784088 0.020002 0.017794 0.009308 0.000647 0.157716 0.010445 2.256413 3832.463586
0.784050 0.020037 0.017828 0.009312 0.000646 0.157674 0.010454 2.258366 3835.082211
0.784070 0.020056 0.017840 0.009309 0.000645 0.157619 0.010461 2.260323 3838.721429
0.784098 0.020004 0.017854 0.009311 0.000646 0.157619 0.010469 2.262296 3841.840045
0.784161 0.019952 0.017855 0.009327 0.000645 0.157581 0.010477 2.264273 3845.286194
0.784121 0.019984 0.017887 0.009337 0.000647 0.157540 0.010485 2.266236 3848.669600
0.784148 0.019921 0.017883 0.009356 0.000651 0.157546 0.010495 2.268215 3852.032022
0.784135 0.019960 0.017926 0.009299 0.000651 0.157526 0.010502 2.270162 3855.058069
0.784121 0.019973 0.017953 0.009311 0.000650 0.157483 0.010509 2.272134 3858.095505
0.784117 0.019971 0.017917 0.009310 0.000650 0.157518 0.010517 2.274090 3861.136182
0.784168 0.019949 0.017918 0.009325 0.000642 0.157470 0.010527 2.276054 3864.640447
0.784217 0.019925 0.017890 0.009351 0.000643 0.157439 0.010534 2.278012 3867.207674
0.784186 0.019928 0.017913 0.009360 0.000639 0.157431 0.010544 2.279990 3870.783111
0.784217 0.019970 0.017883 0.009355 0.000643 0.157382 0.010549 2.281912 3873.747785
0.784230 0.019951 0.017854 0.009358 0.000645 0.157405 0.010558 2.283863 3877.016913
0.784212 0.019911 0.017891 0.009348 0.000652 0.157420 0.010567 2.285857 3880.499486
0.784247 0.019924 0.017907 0.009344 0.000659 0.157346 0.010573 2.287806 3883.213459
0.784276 0.019932 0.017894 0.009347 0.000660 0.157311 0.010581 2.289754 3886.761936
0.784335 0.019880 0.017925 0.009328 0.000661 0.157281 0.010590 2.291707 3889.887707
0.784386 0.019825 0.017923 0.009333 0.000662 0.157272 0.010599 2.293669 3893.169344
0.784340 0.019823 0.017938 0.009340 0.000665 0.157285 0.010610 2.295638 3896.471854
0.784332 0.019882 0.017917 0.009355 0.000663 0.157232 0.010619 2.297539 3899.914511
0.784373 0.019880 0.017895 0.009371 0.000663 0.157191 0.010627 2.299503 3903.028500
0.784377 0.019939 0.017901 0.009357 0.000657 0.157132 0.010637 2.301434 3906.765439
0.784430 0.019938 0.017899 0.009374 0.000653 0.157061 0.010645 2.303385 3909.278964
0.784440 0.019948 0.017899 0.009368 0.000652 0.157042 0.010652 2.305309 3912.291255
0.784530 0.019934 0.017919 0.009365 0.000652 0.156937 0.010664 2.307256 3915.748442
0.784581 0.019926 0.017911 0.009371 0.000648 0.156890 0.010673 2.309197 3919.485101
0.784587 0.019909 0.017938 0.009361 0.000659 0.156868 0.010679 2.311146 3922.356618
0.784605 0.019939 0.017903 0.009363 0.000659 0.156841 0.010688 2.313081 3926.282956
0.784611 0.019934 0.017914 0.009362 0.000656 0.156825 0.010698 2.315064 3929.560694
0.784658 0.019908 0.017896 0.009355 0.000650 0.156824 0.010707 2.317011 3932.889481
0.784612 0.019951 0.017884 0.009375 0.000652 0.156809 0.010716 2.318944 3935.790934
0.784575 0.019984 0.017898 0.009397 0.000658 0.156766 0.010723 2.320908 3939.018762
0.784588 0.019979 0.017904 0.009387 0.000659 0.156753 0.010729 2.322870 3941.867941
0.784596 0.019993 0.017882 0.009382 0.000659 0.156751 0.010738 2.324802 3945.515031
0.784595 0.019970 0.017883 0.009392 0.000655 0.156758 0.010747 2.326764 3949.125919
0.784595 0.019954 0.017918 0.009408 0.000655 0.156718 0.010752 2.328737 3952.155401
0.784561 0.019938 0.017951 0.009414 0.000651 0.156722 0.010763 2.330720 3956.304711
0.784570 0.019882 0.017961 0.009399 0.000650 0.156766 0.010772 2.332696 3959.644730
0.784618 0.019841 0.017979 0.009407 0.000649 0.156726 0.010780 2.334661 3963.028588
0.784612 0.019851 0.017966 0.009411 0.000649 0.156724 0.010788 2.336594 3965.956266
0.784614 0.019856 0.017932 0.009419 0.000651 0.156731 0.010797 2.338544 3969.049835
0.784629 0.019827 0.017913 0.009416 0.000649 0.156760 0.010805 2.340514 3972.187858
0.784664 0.019807 0.017911 0.009406 0.000648 0.156752 0.010813 2.342457 3975.264816
0.784740 0.019784 0.017903 0.009400 0.000651 0.156704 0.010818 2.344368 3978.034359
0.784741 0.019789 0.017883 0.009406 0.000651 0.156702 0.010827 2.346314 3981.085266
0.784757 0.019799 0.017929 0.009368 0.000651 0.156663 0.010834 2.348251 3984.202609
0.784773 0.019798 0.017897 0.009363 0.000643 0.156684 0.010842 2.350205 3988.282660
0.784762 0.019804 0.017903 0.009397 0.000644 0.156643 0.010848 2.352156 3991.328954
0.784777 0.019828 0.017926 0.009364 0.000647 0.156600 0.010858 2.354081 3994.599358
0.784817 0.019846 0.017878 0.009374 0.000642 0.156576 0.010866 2.356011 3998.356838
0.784847 0.019838 0.017887 0.009390 0.000648 0.156517 0.010874 2.357954 4000.518973
0.784879 0.019782 0.017915 0.009365 0.000654 0.156525 0.010880 2.359920 4003.631074
0.784926 0.019730 0.017937 0.009349 0.000653 0.156517 0.010887 2.361869 4006.913064
0.785006 0.019689 0.017948 0.009350 0.000658 0.156453 0.010897 2.363830 4009.875618
0.785030 0.019719 0.017919 0.009355 0.000658 0.156415 0.010905 2.365728 4012.576311
0.785086 0.019714 0.017931 0.009351 0.000656 0.156350 0.010912 2.367656 4015.983757
0.785106 0.019732 0.017929 0.009347 0.000659 0.156307 0.010920 2.369583 4019.205522
0.785143 0.019707 0.017924 0.009350 0.000659 0.156290 0.010927 2.371542 4022.921679
0.785196 0.019686 0.017926 0.009349 0.000657 0.156250 0.010936 2.373484 4026.866471
0.785218 0.019672 0.017927 0.009326 0.000657 0.156255 0.010945 2.375414 4029.467337
0.785204 0.019719 0.017903 0.009314 0.000654 0.156252 0.010954 2.377308 4032.504160
0.785244 0.019659 0.017864 0.009329 0.000651 0.156288 0.010965 2.379264 4036.603929
0.785314 0.019607 0.017882 0.009319 0.000652 0.156251 0.010975 2.381212 4039.937408
0.785355 0.019592 0.017894 0.009306 0.000652 0.156221 0.010982 2.383130 4042.619682
0.785360 0.019630 0.017903 0.009312 0.000646 0.156157 0.010991 2.385048 4045.559640
0.785427 0.019633 0.017835 0.009316 0.000646 0.156141 0.011002 2.386950 4049.491186
0.785461 0.019596 0.017846 0.009332 0.000640 0.156112 0.011014 2.388907 4054.472654
0.785476 0.019599 0.017803 0.009318 0.000648 0.156135 0.011020 2.390826 4057.205594
0.785540 0.019600 0.017788 0.009328 0.000650 0.156064 0.011028 2.392745 4060.618168
0.785598 0.019580 0.017788 0.009325 0.000644 0.156025 0.011039 2.394666 4064.409111
0.785645 0.019650 0.017783 0.009305 0.000642 0.155924 0.011050 2.396553 4067.463983
0.785713 0.019625 0.017771 0.009295 0.000638 0.155899 0.011059 2.398470 4071.223450
0.785742 0.019659 0.017734 0.009269 0.000641 0.155886 0.011068 2.400378 4074.669978
0.785743 0.019682 0.017724 0.009280 0.000642 0.155853 0.011076 2.402299 4077.301611
0.785749 0.019707 0.017726 0.009298 0.000637 0.155799 0.011085 2.404226 4080.689213
0.785741 0.019724 0.017710 0.009286 0.000635 0.155809 0.011095 2.406133 4084.104555
0.785801 0.019702 0.017726 0.009295 0.000633 0.155742 0.011100 2.408050 4086.755539
0.785825 0.019717 0.017720 0.009291 0.000633 0.155703 0.011111 2.409980 4089.970538
0.785822 0.019712 0.017739 0.009272 0.000634 0.155701 0.011119 2.411924 4092.504607
0.785793 0.019766 0.017732 0.009275 0.000635 0.155671 0.011127 2.413841 4095.731187
0.785755 0.019763 0.017736 0.009295 0.000639 0.155676 0.011136 2.415792 4098.808674
0.785749 0.019727 0.017716 0.009315 0.000643 0.155708 0.011143 2.417754 4102.699189
0.785768 0.019704 0.017767 0.009308 0.000649 0.155652 0.011151 2.419705 4105.652243
0.785777 0.019730 0.017748 0.009296 0.000656 0.155636 0.011159 2.421599 4108.772182
0.785752 0.019754 0.017751 0.009317 0.000650 0.155608 0.011167 2.423532 4112.416869
0.785796 0.019743 0.017761 0.009318 0.000650 0.155558 0.011176 2.425471 4115.041051
0.785799 0.019726 0.017767 0.009334 0.000651 0.155538 0.011185 2.427419 4119.315878
0.785831 0.019700 0.017787 0.009324 0.000655 0.155511 0.011191 2.429380 4122.529924
0.785832 0.019734 0.017787 0.009305 0.000658 0.155485 0.011198 2.431297 4125.904570
0.785830 0.019734 0.017802 0.009315 0.000660 0.155454 0.011206 2.433233 4128.623828
0.785828 0.019751 0.017787 0.009324 0.000660 0.155433 0.011216 2.435163 4132.380882
0.785796 0.019780 0.017800 0.009320 0.000663 0.155417 0.011224 2.437096 4136.081334
0.785844 0.019777 0.017815 0.009310 0.000668 0.155354 0.011232 2.439007 4139.136039
0.785857 0.019777 0.017805 0.009336 0.000668 0.155317 0.011240 2.440959 4142.329073
0.785897 0.019753 0.017796 0.009325 0.000666 0.155315 0.011248 2.442886 4146.077408
0.785949 0.019698 0.017852 0.009312 0.000673 0.155257 0.011259 2.444839 4149.505160
0.785935 0.019682 0.017858 0.009303 0.000671 0.155282 0.011268 2.446796 4152.563654
0.785924 0.019685 0.017872 0.009291 0.000672 0.155281 0.011275 2.448742 4155.626898
0.785924 0.019698 0.017845 0.009272 0.000674 0.155303 0.011285 2.450650 4158.791523
0.785953 0.019675 0.017834 0.009270 0.000667 0.155306 0.011295 2.452581 4161.955506
0.785933 0.019662 0.017838 0.009260 0.000666 0.155336 0.011303 2.454522 4165.071981
0.785875 0.019681 0.017813 0.009240 0.000671 0.155412 0.011309 2.456455 4168.499743
0.785877 0.019634 0.017823 0.009250 0.000670 0.155429 0.011318 2.458396 4171.967521
0.785866 0.019695 0.017836 0.009220 0.000671 0.155387 0.011326 2.460299 4174.785487
0.785873 0.019725 0.017819 0.009206 0.000671 0.155373 0.011334 2.462214 4177.679822
0.785903 0.019658 0.017821 0.009229 0.000670 0.155378 0.011342 2.464192 4180.906119
0.785909 0.019684 0.017805 0.009235 0.000669 0.155349 0.011348 2.466102 4184.383558
0.785914 0.019711 0.017822 0.009227 0.000670 0.155300 0.011357 2.468026 4187.669245
0.785925 0.019699 0.017834 0.009218 0.000668 0.155291 0.011365 2.469975 4191.534969
0.785920 0.019724 0.017818 0.009209 0.000665 0.155289 0.011374 2.471899 4195.306531
0.785920 0.019718 0.017810 0.009230 0.000661 0.155277 0.011384 2.473835 4199.260755
0.785960 0.019690 0.017770 0.009232 0.000654 0.155297 0.011395 2.475765 4203.367316
0.785946 0.019696 0.017729 0.009227 0.000651 0.155346 0.011404 2.477663 4206.597112
0.786002 0.019698 0.017708 0.009245 0.000652 0.155285 0.011410 2.479588 4209.112344
0.785968 0.019656 0.017745 0.009261 0.000656 0.155296 0.011419 2.481573 4212.592344
0.786000 0.019678 0.017697 0.009243 0.000656 0.155300 0.011426 2.483457 4216.317716
0.786017 0.019688 0.017694 0.009248 0.000655 0.155260 0.011437 2.485374 4220.021540
0.785987 0.019714 0.017694 0.009235 0.000657 0.155268 0.011446 2.487296 4222.984938
0.786015 0.019748 0.017645 0.009265 0.000657 0.155218 0.011453 2.489202 4226.559219
0.785981 0.019806 0.017629 0.009265 0.000656 0.155200 0.011463 2.491121 4229.268507
0.785975 0.019821 0.017664 0.009229 0.000655 0.155184 0.011472 2.493059 4232.499051
0.786021 0.019855 0.017661 0.009242 0.000654 0.155087 0.011479 2.494977 4235.727621
0.786045 0.019841 0.017702 0.009259 0.000661 0.155006 0.011485 2.496900 4238.445391
0.786052 0.019837 0.017723 0.009233 0.000662 0.155000 0.011493 2.498831 4241.546895
0.786087 0.019810 0.017738 0.009258 0.000653 0.154950 0.011504 2.500806 4245.478067
0.786042 0.019833 0.017728 0.009273 0.000650 0.154961 0.011513 2.502753 4248.765457
0.786049 0.019849 0.017728 0.009264 0.000645 0.154943 0.011522 2.504681 4252.305588
0.786006 0.019888 0.017732 0.009238 0.000642 0.154964 0.011531 2.506597 4255.731251
0.785955 0.019889 0.017732 0.009251 0.000641 0.154991 0.011540 2.508559 4259.305994
0.785938 0.019882 0.017743 0.009263 0.000643 0.154982 0.011549 2.510524 4262.151551
0.785860 0.019911 0.017779 0.009291 0.000649 0.154952 0.011557 2.512479 4264.953054
0.785840 0.019887 0.017797 0.009324 0.000648 0.154937 0.011566 2.514472 4268.648025
0.785876 0.019873 0.017788 0.009319 0.000647 0.154924 0.011573 2.516414 4271.487618
0.785883 0.019899 0.017780 0.009310 0.000645 0.154901 0.011583 2.518341 4275.353869
0.785852 0.019913 0.017807 0.009339 0.000646 0.154852 0.011591 2.520313 4278.115068
0.785807 0.019922 0.017838 0.009344 0.000654 0.154836 0.011599 2.522260 4281.039207
0.785821 0.019900 0.017818 0.009331 0.000656 0.154866 0.011608 2.524199 4284.356868
0.785810 0.019915 0.017827 0.009348 0.000652 0.154832 0.011616 2.526152 4287.451777
0.785839 0.019829 0.017834 0.009380 0.000650 0.154843 0.011625 2.528134 4290.976440
0.785881 0.019809 0.017813 0.009380 0.000651 0.154834 0.011632 2.530076 4293.793530
0.785857 0.019778 0.017816 0.009408 0.000649 0.154852 0.011641 2.532045 4296.655762
0.785913 0.019769 0.017803 0.009380 0.000648 0.154836 0.011651 2.533969 4300.381068
0.785919 0.019758 0.017793 0.009392 0.000651 0.154828 0.011658 2.535912 4303.393985
0.785905 0.019758 0.017781 0.009392 0.000654 0.154843 0.011667 2.537855 4305.850339
0.785887 0.019785 0.017788 0.009371 0.000656 0.154837 0.011677 2.539763 4309.288961
0.785924 0.019723 0.017781 0.009380 0.000658 0.154851 0.011683 2.541707 4312.049726
0.785919 0.019683 0.017778 0.009386 0.000659 0.154882 0.011693 2.543645 4315.554284
0.785937 0.019653 0.017798 0.009388 0.000651 0.154866 0.011706 2.545602 4319.612706
0.785954 0.019671 0.017754 0.009392 0.000647 0.154870 0.011713 2.547503 4322.716234
0.785955 0.019656 0.017760 0.009382 0.000642 0.154882 0.011722 2.549439 4325.742645
0.786015 0.019620 0.017760 0.009391 0.000641 0.154842 0.011732 2.551360 4328.745556
0.786047 0.019633 0.017742 0.009369 0.000642 0.154828 0.011739 2.553280 4331.499943
0.786037 0.019641 0.017775 0.009362 0.000639 0.154799 0.011747 2.555199 4335.222892
0.786071 0.019592 0.017759 0.009398 0.000641 0.154783 0.011757 2.557150 4338.975689
0.786111 0.019560 0.017729 0.009431 0.000637 0.154768 0.011765 2.559086 4342.140023
0.786133 0.019571 0.017693 0.009416 0.000634 0.154781 0.011772 2.561011 4345.550796
0.786158 0.019602 0.017673 0.009394 0.000636 0.154758 0.011780 2.562917 4349.826061
0.786144 0.019640 0.017695 0.009407 0.000643 0.154687 0.011785 2.564832 4352.353831
0.786165 0.019599 0.017708 0.009393 0.000642 0.154701 0.011793 2.566774 4355.255042
0.786171 0.019579 0.017663 0.009390 0.000638 0.154757 0.011802 2.568721 4358.829833
0.786137 0.019599 0.017671 0.009361 0.000643 0.154781 0.011808 2.570633 4361.620655
0.786075 0.019589 0.017719 0.009385 0.000644 0.154773 0.011816 2.572604 4364.678375
0.786055 0.019631 0.017685 0.009361 0.000639 0.154803 0.011825 2.574507 4368.430589
0.786034 0.019654 0.017692 0.009322 0.000641 0.154822 0.011834 2.576413 4371.670727
0.786033 0.019629 0.017729 0.009314 0.000645 0.154808 0.011842 2.578367 4374.957963
0.786040 0.019618 0.017756 0.009306 0.000646 0.154785 0.011850 2.580297 4378.319582
0.786050 0.019597 0.017789 0.009327 0.000645 0.154732 0.011858 2.582255 4381.722182
0.786033 0.019676 0.017736 0.009325 0.000653 0.154711 0.011866 2.584144 4384.349833
0.786048 0.019643 0.017717 0.009324 0.000647 0.154744 0.011877 2.586080 4387.347668
0.786042 0.019647 0.017686 0.009342 0.000651 0.154746 0.011886 2.587992 4390.198614
0.786058 0.019585 0.017698 0.009341 0.000650 0.154775 0.011894 2.589956 4393.366111
0.786101 0.019588 0.017703 0.009340 0.000652 0.154713 0.011903 2.591891 4396.243390
0.786112 0.019566 0.017689 0.009331 0.000648 0.154742 0.011913 2.593823 4399.665571
0.786138 0.019550 0.017722 0.009299 0.000648 0.154720 0.011923 2.595740 4403.326125
0.786187 0.019498 0.017741 0.009277 0.000641 0.154726 0.011931 2.597687 4406.381357
0.786252 0.019501 0.017676 0.009274 0.000643 0.154714 0.011939 2.599587 4409.479321
0.786254 0.019540 0.017648 0.009262 0.000641 0.154709 0.011946 2.601474 4412.467155
0.786261 0.019529 0.017636 0.009293 0.000637 0.154689 0.011955 2.603408 4416.319885
0.786292 0.019530 0.017632 0.009273 0.000640 0.154670 0.011963 2.605313 4419.015265
0.786283 0.019546 0.017651 0.009303 0.000640 0.154605 0.011972 2.607214 4422.158349
0.786327 0.019540 0.017660 0.009308 0.000643 0.154544 0.011978 2.609126 4425.236825
0.786350 0.019565 0.017629 0.009301 0.000652 0.154517 0.011986 2.611030 4428.316954
0.786342 0.019585 0.017609 0.009275 0.000645 0.154548 0.011996 2.612942 4432.006928
0.786328 0.019620 0.017603 0.009267 0.000642 0.154534 0.012006 2.614856 4435.570881
0.786330 0.019614 0.017627 0.009275 0.000643 0.154498 0.012013 2.616795 4438.577132
0.786363 0.019620 0.017635 0.009266 0.000641 0.154451 0.012025 2.618731 4442.703779
0.786366 0.019634 0.017654 0.009247 0.000647 0.154420 0.012032 2.620644 4445.963653
0.786348 0.019673 0.017642 0.009252 0.000646 0.154398 0.012041 2.622549 4450.192507
0.786363 0.019643 0.017680 0.009235 0.000646 0.154382 0.012051 2.624494 4452.840854
0.786371 0.019679 0.017704 0.009219 0.000638 0.154329 0.012060 2.626422 4455.994264
0.786367 0.019669 0.017697 0.009236 0.000639 0.154324 0.012069 2.628350 4459.634866
0.786403 0.019633 0.017680 0.009262 0.000635 0.154308 0.012079 2.630281 4462.676278
0.786408 0.019589 0.017691 0.009266 0.000635 0.154324 0.012088 2.632236 4465.829075
0.786413 0.019547 0.017751 0.009252 0.000640 0.154300 0.012097 2.634190 4469.000647
0.786400 0.019579 0.017701 0.009248 0.000638 0.154330 0.012105 2.636069 4472.689262
0.786322 0.019625 0.017700 0.009246 0.000637 0.154355 0.012115 2.637999 4476.307874
0.786347 0.019607 0.017686 0.009252 0.000634 0.154350 0.012123 2.639916 4479.470637
0.786349 0.019620 0.017700 0.009260 0.000637 0.154303 0.012131 2.641828 4482.074139
0.786287 0.019641 0.017732 0.009241 0.000630 0.154330 0.012140 2.643759 4485.228043
0.786282 0.019645 0.017731 0.009254 0.000621 0.154319 0.012148 2.645690 4488.677090
0.786240 0.019670 0.017709 0.009272 0.000616 0.154336 0.012158 2.647603 4492.389946
0.786265 0.019681 0.017639 0.009251 0.000611 0.154384 0.012168 2.649486 4495.314773
0.786221 0.019691 0.017641 0.009242 0.000610 0.154418 0.012178 2.651431 4498.302597
0.786257 0.019688 0.017635 0.009240 0.000606 0.154386 0.012187 2.653342 4501.989313
0.786270 0.019682 0.017648 0.009254 0.000602 0.154349 0.012194 2.655262 4504.835378
0.786283 0.019642 0.017656 0.009286 0.000604 0.154326 0.012204 2.657201 4508.562009
0.786289 0.019629 0.017639 0.009309 0.000611 0.154313 0.012211 2.659130 4510.788278
0.786309 0.019582 0.017662 0.009276 0.000620 0.154333 0.012217 2.661070 4513.387752
0.786307 0.019568 0.017649 0.009277 0.000620 0.154356 0.012224 2.663005 4517.233512
0.786276 0.019614 0.017682 0.009248 0.000618 0.154328 0.012234 2.664909 4521.143085
0.786274 0.019617 0.017679 0.009273 0.000620 0.154294 0.012243 2.666836 4524.006990
0.786299 0.019607 0.017696 0.009284 0.000620 0.154242 0.012252 2.668762 4526.709522
0.786255 0.019628 0.017684 0.009268 0.000619 0.154283 0.012264 2.670678 4530.032951
0.786222 0.019671 0.017665 0.009273 0.000621 0.154277 0.012271 2.672577 4532.561812
0.786216 0.019625 0.017670 0.009299 0.000617 0.154293 0.012281 2.674531 4535.924339
0.786180 0.019630 0.017620 0.009336 0.000611 0.154331 0.012291 2.676442 4539.144051
0.786249 0.019545 0.017627 0.009345 0.000611 0.154326 0.012298 2.678407 4542.190359
0.786346 0.019523 0.017652 0.009338 0.000611 0.154222 0.012307 2.680327 4545.257165
0.786326 0.019530 0.017629 0.009326 0.000617 0.154259 0.012313 2.682240 4548.087052
0.786379 0.019497 0.017587 0.009322 0.000613 0.154279 0.012322 2.684154 4552.125100
0.786443 0.019442 0.017588 0.009314 0.000616 0.154270 0.012327 2.686090 4555.196107
0.786469 0.019437 0.017603 0.009274 0.000622 0.154259 0.012336 2.687995 4558.958471
0.786484 0.019447 0.017575 0.009293 0.000625 0.154234 0.012343 2.689911 4562.156333
0.786536 0.019413 0.017573 0.009247 0.000630 0.154251 0.012351 2.691807 4565.379516
0.786581 0.019385 0.017562 0.009239 0.000630 0.154244 0.012359 2.693709 4568.297040
0.786587 0.019444 0.017529 0.009221 0.000633 0.154221 0.012365 2.695572 4571.147793
0.786603 0.019452 0.017504 0.009228 0.000630 0.154209 0.012373 2.697473 4574.170200
0.786632 0.019433 0.017473 0.009223 0.000637 0.154220 0.012382 2.699384 4577.108710
0.786683 0.019413 0.017496 0.009211 0.000629 0.154175 0.012393 2.701303 4580.590230
0.786715 0.019403 0.017533 0.009214 0.000630 0.154100 0.012404 2.703209 4583.798771
0.786720 0.019398 0.017514 0.009214 0.000631 0.154111 0.012413 2.705115 4586.917721
0.786776 0.019414 0.017492 0.009198 0.000636 0.154064 0.012421 2.706986 4589.159517
0.786826 0.019407 0.017486 0.009205 0.000633 0.154014 0.012429 2.708893 4592.832978
0.786836 0.019443 0.017472 0.009177 0.000630 0.154002 0.012439 2.710761 4596.541482
0.786825 0.019469 0.017455 0.009180 0.000628 0.153995 0.012448 2.712653 4600.042286
0.786860 0.019430 0.017476 0.009181 0.000624 0.153973 0.012456 2.714590 4603.306046
0.786918 0.019402 0.017451 0.009172 0.000625 0.153968 0.012464 2.716501 4606.679733
0.787020 0.019387 0.017435 0.009160 0.000631 0.153894 0.012473 2.718394 4609.627571
0.787008 0.019390 0.017470 0.009149 0.000631 0.153871 0.012481 2.720313 4612.872790
0.787051 0.019403 0.017441 0.009167 0.000632 0.153817 0.012488 2.722191 4615.434194
0.787101 0.019382 0.017454 0.009174 0.000636 0.153758 0.012497 2.724118 4618.179517
0.787076 0.019397 0.017436 0.009177 0.000635 0.153771 0.012508 2.726039 4621.202493
0.787096 0.019449 0.017445 0.009177 0.000637 0.153683 0.012514 2.727914 4623.977887
0.787134 0.019441 0.017432 0.009184 0.000638 0.153650 0.012521 2.729801 4626.733928
0.787158 0.019478 0.017407 0.009152 0.000632 0.153642 0.012531 2.731661 4630.059056
0.787144 0.019504 0.017427 0.009171 0.000632 0.153585 0.012537 2.733558 4633.336401
0.787177 0.019491 0.017452 0.009193 0.000634 0.153508 0.012545 2.735469 4636.730632
0.787234 0.019478 0.017488 0.009173 0.000636 0.153438 0.012553 2.737368 4639.788530
0.787293 0.019432 0.017508 0.009148 0.000641 0.153418 0.012560 2.739297 4642.318275
0.787345 0.019423 0.017472 0.009157 0.000642 0.153393 0.012568 2.741181 4645.490801
0.787311 0.019414 0.017440 0.009170 0.000637 0.153450 0.012577 2.743080 4649.673909
0.787319 0.019406 0.017448 0.009152 0.000638 0.153452 0.012585 2.744989 4652.736028
0.787390 0.019370 0.017417 0.009168 0.000638 0.153423 0.012594 2.746899 4655.394932
0.787400 0.019352 0.017434 0.009163 0.000639 0.153410 0.012601 2.748813 4658.390676
0.787370 0.019376 0.017428 0.009185 0.000639 0.153394 0.012609 2.750710 4660.830856
0.787353 0.019390 0.017407 0.009232 0.000638 0.153360 0.012619 2.752610 4663.760519
0.787328 0.019397 0.017412 0.009226 0.000640 0.153371 0.012625 2.754520 4666.108452
0.787328 0.019447 0.017412 0.009216 0.000634 0.153331 0.012633 2.756387 4669.354416
0.787367 0.019373 0.017394 0.009223 0.000633 0.153372 0.012638 2.758314 4672.459377
0.787412 0.019329 0.017448 0.009211 0.000638 0.153317 0.012644 2.760236 4675.449170
0.787444 0.019368 0.017436 0.009210 0.000635 0.153254 0.012653 2.762113 4678.800269
0.787488 0.019378 0.017404 0.009192 0.000642 0.153236 0.012660 2.763998 4681.409353
0.787501 0.019387 0.017397 0.009170 0.000641 0.153235 0.012670 2.765868 4684.631860
0.787482 0.019392 0.017407 0.009185 0.000642 0.153214 0.012678 2.767764 4688.338511
0.787530 0.019361 0.017399 0.009177 0.000643 0.153204 0.012687 2.769657 4691.458420
0.787584 0.019350 0.017393 0.009159 0.000647 0.153172 0.012695 2.771557 4695.090591
0.787639 0.019318 0.017386 0.009142 0.000654 0.153161 0.012701 2.773439 4698.015902
0.787663 0.019317 0.017411 0.009136 0.000652 0.153111 0.012710 2.775339 4701.708878
0.787641 0.019312 0.017427 0.009138 0.000654 0.153110 0.012718 2.777248 4704.709769
0.787682 0.019321 0.017449 0.009153 0.000650 0.153020 0.012724 2.779143 4707.934375
0.787714 0.019331 0.017409 0.009138 0.000643 0.153027 0.012736 2.781004 4711.344006
0.787735 0.019297 0.017420 0.009166 0.000649 0.152990 0.012743 2.782948 4714.083080
0.787696 0.019355 0.017411 0.009149 0.000651 0.152987 0.012753 2.784804 4717.112630
0.787710 0.019396 0.017407 0.009139 0.000646 0.152944 0.012760 2.786691 4720.663361
0.787720 0.019380 0.017409 0.009143 0.000645 0.152935 0.012769 2.788608 4724.168220
0.787753 0.019382 0.017386 0.009156 0.000641 0.152903 0.012777 2.790507 4727.587523
0.787798 0.019323 0.017410 0.009155 0.000640 0.152888 0.012785 2.792428 4731.211688
0.787828 0.019309 0.017418 0.009140 0.000640 0.152870 0.012794 2.794314 4734.464175
0.787840 0.019303 0.017435 0.009132 0.000640 0.152848 0.012802 2.796235 4737.233627
0.787826 0.019316 0.017403 0.009127 0.000642 0.152873 0.012813 2.798113 4740.032409
0.787815 0.019377 0.017357 0.009087 0.000644 0.152899 0.012820 2.799955 4743.322280
0.787807 0.019377 0.017396 0.009066 0.000648 0.152878 0.012829 2.801849 4746.472620
0.787861 0.019366 0.017405 0.009059 0.000644 0.152828 0.012836 2.803762 4749.165407
0.787882 0.019315 0.017438 0.009075 0.000643 0.152801 0.012845 2.805715 4752.071891
0.787871 0.019308 0.017484 0.009083 0.000642 0.152762 0.012851 2.807641 4755.573670
0.787885 0.019321 0.017481 0.009069 0.000644 0.152741 0.012858 2.809544 4758.670991
0.787873 0.019344 0.017457 0.009084 0.000640 0.152733 0.012869 2.811433 4762.403838
0.787895 0.019375 0.017432 0.009102 0.000638 0.152678 0.012880 2.813329 4766.414211
0.787952 0.019352 0.017399 0.009097 0.000640 0.152673 0.012888 2.815198 4769.981029
0.787979 0.019363 0.017387 0.009080 0.000640 0.152655 0.012897 2.817076 4773.348991
0.788026 0.019345 0.017364 0.009126 0.000637 0.152597 0.012905 2.818991 4776.284676
0.788073 0.019347 0.017400 0.009113 0.000637 0.152518 0.012912 2.820885 4779.662419
0.788053 0.019338 0.017438 0.009124 0.000632 0.152493 0.012921 2.822827 4782.654160
0.788081 0.019311 0.017442 0.009144 0.000633 0.152459 0.012929 2.824723 4785.299778
0.788089 0.019339 0.017439 0.009137 0.000634 0.152426 0.012936 2.826603 4788.122773
0.788087 0.019333 0.017466 0.009127 0.000630 0.152410 0.012946 2.828504 4792.540561
0.788035 0.019354 0.017472 0.009149 0.000629 0.152407 0.012956 2.830397 4795.710922
0.788065 0.019340 0.017473 0.009156 0.000629 0.152374 0.012963 2.832299 4799.040311
0.788062 0.019342 0.017490 0.009151 0.000632 0.152354 0.012970 2.834207 4802.001094
0.788045 0.019374 0.017460 0.009160 0.000630 0.152352 0.012979 2.836111 4805.337919
0.788061 0.019372 0.017425 0.009181 0.000627 0.152348 0.012986 2.838012 4808.747019
0.788098 0.019362 0.017400 0.009171 0.000625 0.152349 0.012996 2.839891 4811.673979
0.788118 0.019387 0.017396 0.009149 0.000626 0.152320 0.013003 2.841788 4815.175608
0.788171 0.019347 0.017382 0.009152 0.000627 0.152308 0.013013 2.843685 4817.999596
0.788136 0.019362 0.017357 0.009175 0.000626 0.152325 0.013020 2.845592 4821.023168
0.788148 0.019335 0.017366 0.009154 0.000633 0.152340 0.013024 2.847498 4823.435339
0.788119 0.019385 0.017375 0.009144 0.000635 0.152309 0.013034 2.849396 4827.118365
0.788093 0.019364 0.017403 0.009151 0.000631 0.152314 0.013044 2.851341 4830.554819
0.788128 0.019357 0.017387 0.009151 0.000627 0.152297 0.013053 2.853234 4833.949580
0.788132 0.019375 0.017365 0.009165 0.000624 0.152277 0.013062 2.855122 4837.004109
0.788091 0.019387 0.017429 0.009132 0.000625 0.152267 0.013069 2.857054 4839.785496
0.788169 0.019342 0.017422 0.009138 0.000626 0.152228 0.013076 2.858958 4842.483307
0.788189 0.019309 0.017419 0.009153 0.000628 0.152218 0.013084 2.860854 4845.567117
0.788173 0.019298 0.017453 0.009151 0.000631 0.152203 0.013091 2.862766 4848.772202
0.788156 0.019332 0.017441 0.009138 0.000630 0.152204 0.013099 2.864633 4851.414149
0.788178 0.019323 0.017429 0.009115 0.000630 0.152217 0.013108 2.866507 4853.984860
0.788260 0.019279 0.017426 0.009115 0.000624 0.152179 0.013117 2.868419 4857.311001
0.788263 0.019256 0.017427 0.009128 0.000626 0.152175 0.013125 2.870331 4860.496693
0.788259 0.019298 0.017427 0.009139 0.000627 0.152118 0.013131 2.872210 4864.132460
0.788245 0.019313 0.017412 0.009129 0.000631 0.152129 0.013140 2.874110 4867.257701
0.788250 0.019303 0.017444 0.009126 0.000632 0.152098 0.013148 2.876012 4870.670112
0.788309 0.019326 0.017457 0.009103 0.000634 0.152017 0.013154 2.877866 4873.316368
0.788307 0.019380 0.017410 0.009105 0.000629 0.152005 0.013164 2.879720 4877.326170
0.788280 0.019391 0.017452 0.009114 0.000629 0.151961 0.013173 2.881642 4880.822641
0.788255 0.019418 0.017459 0.009117 0.000634 0.151936 0.013181 2.883532 4883.387219
0.788232 0.019428 0.017473 0.009106 0.000643 0.151931 0.013188 2.885437 4885.602620
0.788176 0.019428 0.017480 0.009126 0.000647 0.151950 0.013194 2.887369 4888.091755
0.788130 0.019460 0.017452 0.009149 0.000645 0.151962 0.013203 2.889258 4892.364665
0.788101 0.019503 0.017423 0.009143 0.000642 0.151974 0.013213 2.891134 4895.346754
0.788125 0.019499 0.017424 0.009125 0.000645 0.151959 0.013224 2.893013 4898.578955
0.788088 0.019500 0.017429 0.009135 0.000645 0.151970 0.013232 2.894942 4901.507524
0.788081 0.019504 0.017471 0.009124 0.000645 0.151936 0.013240 2.896846 4905.040761
0.788017 0.019482 0.017456 0.009150 0.000646 0.152002 0.013247 2.898779 4907.499603
0.787979 0.019490 0.017457 0.009178 0.000643 0.151997 0.013256 2.900675 4910.287065
0.787982 0.019523 0.017467 0.009176 0.000645 0.151941 0.013266 2.902573 4913.342361
0.787915 0.019551 0.017442 0.009164 0.000650 0.152003 0.013274 2.904470 4915.891003
0.787880 0.019559 0.017475 0.009169 0.000652 0.151983 0.013281 2.906398 4919.133704
0.787831 0.019590 0.017470 0.009150 0.000647 0.152022 0.013289 2.908296 4922.833520
0.787844 0.019594 0.017474 0.009157 0.000647 0.151982 0.013302 2.910214 4925.885742
0.787820 0.019584 0.017482 0.009152 0.000652 0.152001 0.013308 2.912132 4929.003439
0.787783 0.019540 0.017486 0.009163 0.000649 0.152062 0.013317 2.914075 4931.902778
0.787771 0.019483 0.017499 0.009184 0.000643 0.152094 0.013325 2.916012 4935.038748
0.787778 0.019443 0.017496 0.009190 0.000648 0.152111 0.013334 2.917921 4937.609175
0.787774 0.019447 0.017471 0.009218 0.000650 0.152098 0.013342 2.919817 4940.375687
0.787776 0.019486 0.017432 0.009199 0.000647 0.152106 0.013353 2.921689 4944.536341
0.787829 0.019466 0.017451 0.009211 0.000649 0.152033 0.013362 2.923584 4948.040771
0.787843 0.019440 0.017491 0.009208 0.000649 0.151996 0.013372 2.925492 4951.686520
0.787834 0.019466 0.017509 0.009163 0.000652 0.151996 0.013379 2.927392 4954.658844
0.787882 0.019442 0.017510 0.009145 0.000645 0.151986 0.013391 2.929287 4959.180629
0.787869 0.019493 0.017495 0.009155 0.000645 0.151944 0.013398 2.931166 4961.988702
0.787918 0.019462 0.017450 0.009197 0.000644 0.151925 0.013405 2.933065 4964.558369
0.787933 0.019481 0.017439 0.009189 0.000641 0.151901 0.013415 2.934956 4968.112807
0.787939 0.019501 0.017464 0.009174 0.000641 0.151856 0.013425 2.936848 4972.053353
0.788004 0.019476 0.017463 0.009162 0.000640 0.151821 0.013432 2.938731 4975.054070
0.787979 0.019456 0.017484 0.009177 0.000641 0.151823 0.013439 2.940660 4978.126843
0.787967 0.019495 0.017441 0.009151 0.000649 0.151851 0.013447 2.942532 4980.742358
0.787906 0.019500 0.017452 0.009159 0.000649 0.151880 0.013455 2.944467 4983.957443
0.787881 0.019514 0.017484 0.009145 0.000646 0.151869 0.013462 2.946383 4987.380011
0.787860 0.019533 0.017482 0.009142 0.000642 0.151870 0.013470 2.948279 4990.469866
0.787764 0.019563 0.017459 0.009144 0.000645 0.151947 0.013479 2.950195 4993.108865
0.787752 0.019550 0.017471 0.009132 0.000646 0.151963 0.013487 2.952102 4995.957230
0.787769 0.019461 0.017487 0.009157 0.000652 0.151981 0.013493 2.954049 4998.450641
0.787788 0.019446 0.017460 0.009178 0.000647 0.151980 0.013502 2.955966 5001.978407
0.787817 0.019391 0.017507 0.009183 0.000648 0.151945 0.013510 2.957911 5005.183609
0.787842 0.019384 0.017523 0.009179 0.000646 0.151908 0.013518 2.959819 5008.684889
