0.368293 0.062922 0.054969 0.031425 0.001947 0.474792 0.005652 1.545818 1957.565809
0.369475 0.061563 0.056289 0.029981 0.001950 0.475065 0.005678 1.551920 1967.529899
0.372349 0.058773 0.057313 0.028642 0.001947 0.475275 0.005700 1.557775 1977.524432
0.376105 0.055387 0.058014 0.027351 0.001939 0.475480 0.005724 1.563336 1985.938599
0.380359 0.051796 0.058394 0.026091 0.001932 0.475684 0.005744 1.568580 1995.747954
0.385026 0.048088 0.058555 0.024875 0.001907 0.475776 0.005772 1.573502 2007.143272
0.390113 0.044422 0.058361 0.023709 0.001897 0.475705 0.005793 1.578084 2016.576893
0.395284 0.040984 0.057815 0.022564 0.001883 0.475650 0.005821 1.582249 2027.353552
0.400677 0.037765 0.057050 0.021468 0.001865 0.475329 0.005846 1.586074 2036.651065
0.406071 0.034693 0.056149 0.020394 0.001840 0.474980 0.005873 1.589638 2046.110348
0.411586 0.031854 0.055079 0.019363 0.001821 0.474401 0.005896 1.592908 2054.818882
0.417207 0.029179 0.053848 0.018434 0.001798 0.473618 0.005917 1.595913 2065.754859
0.422858 0.026749 0.052406 0.017500 0.001776 0.472768 0.005943 1.598625 2075.539844
0.428564 0.024475 0.050892 0.016602 0.001754 0.471751 0.005963 1.601153 2084.407698
0.434298 0.022368 0.049364 0.015721 0.001724 0.470538 0.005988 1.603463 2095.102171
0.440021 0.020459 0.047714 0.014892 0.001711 0.469197 0.006006 1.605545 2102.971191
0.445783 0.018724 0.046011 0.014100 0.001679 0.467676 0.006026 1.607445 2112.141816
0.451555 0.017098 0.044320 0.013342 0.001643 0.465996 0.006046 1.609202 2121.504019
0.457241 0.015618 0.042608 0.012620 0.001612 0.464235 0.006066 1.610798 2131.490123
0.462958 0.014270 0.040931 0.011921 0.001579 0.462254 0.006087 1.612242 2141.250668
0.468613 0.012999 0.039283 0.011269 0.001550 0.460181 0.006105 1.613603 2150.145486
0.474294 0.011833 0.037588 0.010655 0.001516 0.457984 0.006129 1.614839 2160.490834
0.479930 0.010791 0.035917 0.010065 0.001489 0.455658 0.006150 1.615948 2169.918516
0.485486 0.009819 0.034312 0.009503 0.001459 0.453251 0.006170 1.616980 2179.562669
0.491127 0.008950 0.032673 0.008954 0.001423 0.450683 0.006190 1.617898 2188.719322
0.496752 0.008167 0.031105 0.008440 0.001386 0.447941 0.006211 1.618731 2200.398289
0.502297 0.007429 0.029620 0.007959 0.001361 0.445106 0.006229 1.619510 2209.045167
0.507791 0.006757 0.028145 0.007481 0.001327 0.442255 0.006245 1.620222 2218.053615
0.513250 0.006143 0.026767 0.007038 0.001293 0.439247 0.006263 1.620871 2226.913996
0.518666 0.005604 0.025451 0.006633 0.001255 0.436113 0.006278 1.621445 2234.948305
0.524095 0.005105 0.024154 0.006243 0.001224 0.432887 0.006292 1.621975 2243.120947
0.529439 0.004646 0.022908 0.005874 0.001196 0.429630 0.006307 1.622460 2250.890650
0.534788 0.004211 0.021686 0.005528 0.001170 0.426295 0.006321 1.622923 2258.903445
0.540005 0.003833 0.020532 0.005201 0.001136 0.422960 0.006334 1.623326 2267.408584
0.545256 0.003494 0.019419 0.004897 0.001111 0.419477 0.006347 1.623684 2275.497884
0.550476 0.003172 0.018378 0.004599 0.001081 0.415933 0.006361 1.624024 2282.375940
0.555613 0.002892 0.017352 0.004310 0.001046 0.412407 0.006379 1.624325 2290.263603
0.560723 0.002640 0.016403 0.004054 0.001021 0.408768 0.006393 1.624592 2297.735352
0.565855 0.002409 0.015490 0.003813 0.000997 0.405035 0.006403 1.624838 2305.213057
0.570907 0.002191 0.014618 0.003570 0.000965 0.401332 0.006418 1.625068 2313.008343
0.575816 0.002011 0.013773 0.003363 0.000934 0.397670 0.006432 1.625264 2321.006607
0.580752 0.001830 0.012995 0.003150 0.000910 0.393920 0.006444 1.625458 2327.558036
0.585637 0.001673 0.012249 0.002949 0.000884 0.390154 0.006455 1.625627 2335.145884
0.590514 0.001527 0.011536 0.002754 0.000859 0.386344 0.006466 1.625786 2341.483637
0.595286 0.001385 0.010883 0.002581 0.000830 0.382556 0.006479 1.625941 2348.952742
0.600002 0.001267 0.010234 0.002396 0.000803 0.378807 0.006490 1.626069 2355.739682
0.604694 0.001158 0.009634 0.002241 0.000772 0.375002 0.006499 1.626184 2364.467936
0.609378 0.001054 0.009046 0.002096 0.000746 0.371169 0.006511 1.626297 2371.263540
0.613976 0.000959 0.008509 0.001969 0.000720 0.367345 0.006522 1.626399 2378.274233
0.618543 0.000876 0.007995 0.001842 0.000696 0.363515 0.006533 1.626489 2385.882722
0.623028 0.000796 0.007495 0.001720 0.000673 0.359743 0.006545 1.626574 2391.980570
0.627443 0.000729 0.007041 0.001606 0.000653 0.355976 0.006553 1.626648 2398.455437
0.631820 0.000664 0.006615 0.001503 0.000627 0.352209 0.006562 1.626718 2405.271360
0.636177 0.000608 0.006196 0.001404 0.000607 0.348438 0.006569 1.626779 2411.224768
0.640502 0.000552 0.005830 0.001320 0.000587 0.344630 0.006578 1.626840 2416.942892
0.644827 0.000504 0.005467 0.001233 0.000563 0.340817 0.006589 1.626894 2422.642465
0.649059 0.000461 0.005122 0.001161 0.000542 0.337058 0.006598 1.626944 2428.709539
0.653236 0.000422 0.004806 0.001085 0.000522 0.333322 0.006607 1.626987 2434.618469
0.657436 0.000383 0.004490 0.001018 0.000505 0.329554 0.006613 1.627030 2440.449197
0.661589 0.000350 0.004205 0.000951 0.000488 0.325798 0.006619 1.627068 2445.149896
0.665595 0.000322 0.003942 0.000888 0.000472 0.322154 0.006627 1.627100 2450.443021
0.669572 0.000290 0.003683 0.000830 0.000456 0.318536 0.006633 1.627134 2454.966487
0.673545 0.000265 0.003457 0.000781 0.000442 0.314870 0.006641 1.627165 2459.876856
0.677412 0.000240 0.003244 0.000728 0.000425 0.311302 0.006648 1.627192 2464.136944
0.681268 0.000221 0.003043 0.000679 0.000415 0.307722 0.006653 1.627215 2467.709161
0.685095 0.000204 0.002850 0.000635 0.000400 0.304156 0.006660 1.627234 2472.319514
0.688878 0.000189 0.002665 0.000599 0.000387 0.300618 0.006664 1.627253 2476.167083
0.692626 0.000174 0.002495 0.000563 0.000377 0.297095 0.006670 1.627271 2479.292493
0.696299 0.000161 0.002331 0.000524 0.000367 0.293643 0.006676 1.627287 2482.812835
0.699958 0.000148 0.002173 0.000487 0.000352 0.290202 0.006682 1.627303 2487.687992
0.703549 0.000136 0.002042 0.000456 0.000336 0.286793 0.006689 1.627317 2492.607990
0.707090 0.000125 0.001912 0.000424 0.000322 0.283434 0.006693 1.627330 2497.012634
0.710599 0.000113 0.001797 0.000402 0.000310 0.280082 0.006699 1.627344 2501.365986
0.714064 0.000105 0.001673 0.000377 0.000297 0.276781 0.006704 1.627354 2506.091405
0.717503 0.000093 0.001574 0.000355 0.000286 0.273480 0.006708 1.627367 2509.413872
0.720960 0.000087 0.001468 0.000336 0.000276 0.270161 0.006712 1.627375 2512.779010
0.724297 0.000079 0.001369 0.000316 0.000265 0.266957 0.006717 1.627385 2516.655418
0.727604 0.000073 0.001277 0.000294 0.000255 0.263776 0.006721 1.627393 2520.022742
0.730882 0.000067 0.001195 0.000276 0.000246 0.260611 0.006723 1.627400 2522.882265
0.734107 0.000061 0.001116 0.000260 0.000235 0.257494 0.006728 1.627407 2526.929676
0.737352 0.000058 0.001043 0.000244 0.000228 0.254344 0.006732 1.627412 2529.357703
0.740529 0.000055 0.000972 0.000227 0.000220 0.251262 0.006735 1.627417 2532.446250
0.743652 0.000050 0.000907 0.000214 0.000211 0.248229 0.006738 1.627423 2535.701922
0.746754 0.000045 0.000851 0.000203 0.000202 0.245205 0.006740 1.627428 2538.928033
0.749773 0.000039 0.000802 0.000191 0.000192 0.242258 0.006744 1.627435 2543.196303
0.752811 0.000038 0.000751 0.000183 0.000188 0.239283 0.006746 1.627437 2545.486768
0.755809 0.000036 0.000697 0.000167 0.000178 0.236363 0.006749 1.627440 2549.339279
0.758759 0.000033 0.000649 0.000159 0.000171 0.233476 0.006753 1.627445 2552.156115
0.761628 0.000030 0.000603 0.000146 0.000166 0.230672 0.006755 1.627448 2554.411034
0.764478 0.000028 0.000562 0.000134 0.000160 0.227881 0.006758 1.627451 2557.089959
0.767254 0.000026 0.000525 0.000125 0.000153 0.225157 0.006760 1.627454 2559.714903
0.769990 0.000024 0.000492 0.000117 0.000149 0.222467 0.006761 1.627457 2561.717519
0.772775 0.000023 0.000457 0.000109 0.000143 0.219732 0.006762 1.627460 2563.945046
0.775445 0.000021 0.000431 0.000100 0.000137 0.217103 0.006763 1.627462 2566.009739
0.778163 0.000020 0.000401 0.000091 0.000132 0.214427 0.006765 1.627463 2567.613809
0.780846 0.000019 0.000374 0.000087 0.000128 0.211780 0.006767 1.627465 2569.203332
0.783485 0.000017 0.000344 0.000081 0.000123 0.209181 0.006769 1.627467 2570.929929
0.786068 0.000015 0.000324 0.000075 0.000120 0.206627 0.006771 1.627469 2572.752640
0.788625 0.000014 0.000305 0.000072 0.000117 0.204095 0.006772 1.627471 2574.035745
0.791145 0.000013 0.000283 0.000068 0.000114 0.201604 0.006773 1.627472 2575.217028
0.793597 0.000013 0.000261 0.000064 0.000111 0.199180 0.006775 1.627473 2576.467183
0.795996 0.000010 0.000245 0.000060 0.000105 0.196807 0.006778 1.627476 2578.687825
0.798362 0.000009 0.000230 0.000055 0.000103 0.194464 0.006779 1.627477 2580.261186
0.800731 0.000008 0.000217 0.000050 0.000099 0.192114 0.006780 1.627479 2581.681488
0.803027 0.000006 0.000203 0.000046 0.000094 0.189839 0.006783 1.627480 2583.961960
0.805283 0.000006 0.000189 0.000044 0.000089 0.187603 0.006785 1.627481 2586.314438
0.807505 0.000006 0.000178 0.000041 0.000084 0.185398 0.006788 1.627482 2588.618550
0.809660 0.000006 0.000165 0.000037 0.000082 0.183261 0.006789 1.627482 2589.977424
0.811795 0.000005 0.000153 0.000034 0.000078 0.181145 0.006790 1.627483 2591.546668
0.813869 0.000005 0.000140 0.000032 0.000074 0.179087 0.006791 1.627484 2593.371208
0.815863 0.000005 0.000132 0.000030 0.000071 0.177106 0.006793 1.627484 2595.142702
0.817778 0.000005 0.000125 0.000028 0.000067 0.175202 0.006794 1.627484 2596.556079
0.819699 0.000005 0.000115 0.000027 0.000065 0.173294 0.006796 1.627485 2597.892958
0.821564 0.000005 0.000107 0.000025 0.000063 0.171440 0.006797 1.627485 2599.039364
0.823334 0.000005 0.000102 0.000022 0.000061 0.169678 0.006798 1.627485 2600.180001
0.825085 0.000005 0.000095 0.000021 0.000058 0.167937 0.006799 1.627486 2601.308113
0.826724 0.000004 0.000087 0.000019 0.000056 0.166310 0.006800 1.627486 2602.361324
0.828294 0.000003 0.000080 0.000018 0.000055 0.164749 0.006800 1.627487 2603.043948
0.829809 0.000003 0.000073 0.000017 0.000053 0.163243 0.006801 1.627488 2604.095421
0.831293 0.000003 0.000068 0.000016 0.000049 0.161768 0.006802 1.627488 2605.942206
0.832751 0.000002 0.000063 0.000015 0.000047 0.160319 0.006803 1.627489 2607.007138
0.834122 0.000002 0.000059 0.000013 0.000045 0.158954 0.006804 1.627489 2607.841123
0.835424 0.000002 0.000054 0.000012 0.000043 0.157659 0.006805 1.627489 2608.933530
0.836673 0.000002 0.000051 0.000012 0.000042 0.156414 0.006805 1.627489 2609.692549
0.837854 0.000002 0.000048 0.000010 0.000039 0.155240 0.006806 1.627489 2610.725940
0.838958 0.000002 0.000046 0.000009 0.000037 0.154142 0.006807 1.627489 2611.771367
0.839972 0.000002 0.000044 0.000008 0.000035 0.153132 0.006807 1.627489 2613.055557
0.840976 0.000002 0.000042 0.000008 0.000033 0.152132 0.006807 1.627490 2613.966944
0.841922 0.000001 0.000039 0.000008 0.000032 0.151191 0.006808 1.627490 2614.602410
0.842790 0.000001 0.000037 0.000006 0.000030 0.150328 0.006808 1.627490 2615.420662
0.843608 0.000001 0.000035 0.000006 0.000029 0.149511 0.006809 1.627490 2616.118956
0.844371 0.000001 0.000033 0.000006 0.000028 0.148751 0.006810 1.627490 2616.683608
0.845133 0.000002 0.000030 0.000006 0.000027 0.147992 0.006811 1.627490 2617.198481
0.845857 0.000001 0.000029 0.000006 0.000025 0.147271 0.006812 1.627491 2618.081885
0.846521 0.000001 0.000027 0.000006 0.000024 0.146610 0.006812 1.627491 2618.717728
0.847177 0.000001 0.000024 0.000005 0.000024 0.145956 0.006813 1.627491 2619.235220
0.847773 0.000001 0.000023 0.000005 0.000022 0.145363 0.006813 1.627491 2620.017264
0.848332 0.000001 0.000021 0.000005 0.000021 0.144807 0.006814 1.627491 2620.759970
0.848886 0.000001 0.000020 0.000005 0.000020 0.144255 0.006814 1.627491 2621.162951
0.849409 0.000001 0.000018 0.000004 0.000019 0.143734 0.006815 1.627491 2621.794644
0.849883 0.000001 0.000017 0.000004 0.000018 0.143262 0.006815 1.627491 2622.707264
0.850325 0.000001 0.000016 0.000003 0.000018 0.142822 0.006815 1.627491 2622.707264
0.850766 0.000001 0.000015 0.000003 0.000018 0.142382 0.006815 1.627491 2622.963517
0.851185 0.000001 0.000014 0.000002 0.000018 0.141965 0.006816 1.627491 2623.124172
0.851572 0.000001 0.000013 0.000002 0.000017 0.141578 0.006816 1.627491 2623.567009
0.851948 0.000001 0.000012 0.000002 0.000015 0.141205 0.006817 1.627491 2624.620583
0.852302 0.000000 0.000012 0.000002 0.000015 0.140851 0.006817 1.627492 2624.771185
0.852649 0.000000 0.000010 0.000002 0.000014 0.140506 0.006818 1.627492 2625.497672
0.852957 0.000000 0.000010 0.000002 0.000013 0.140200 0.006818 1.627492 2625.859879
0.853253 0.000000 0.000009 0.000002 0.000012 0.139905 0.006818 1.627492 2626.265340
0.853517 0.000000 0.000009 0.000002 0.000011 0.139642 0.006819 1.627492 2626.804851
0.853752 0.000000 0.000008 0.000002 0.000011 0.139407 0.006819 1.627492 2627.291036
0.853983 0.000000 0.000008 0.000002 0.000010 0.139178 0.006820 1.627492 2627.711630
0.854199 0.000000 0.000007 0.000001 0.000009 0.138963 0.006820 1.627492 2628.024964
0.854397 0.000000 0.000007 0.000001 0.000009 0.138766 0.006820 1.627492 2628.328710
0.854566 0.000000 0.000006 0.000001 0.000007 0.138598 0.006821 1.627492 2629.300972
0.854722 0.000000 0.000006 0.000001 0.000007 0.138443 0.006821 1.627492 2629.502121
0.854886 0.000000 0.000006 0.000001 0.000007 0.138279 0.006821 1.627492 2629.690968
0.855020 0.000000 0.000005 0.000001 0.000007 0.138146 0.006821 1.627492 2629.690968
0.855146 0.000000 0.000005 0.000000 0.000006 0.138021 0.006822 1.627492 2630.186961
0.855265 0.000000 0.000005 0.000000 0.000006 0.137902 0.006822 1.627492 2630.379434
0.855374 0.000000 0.000004 0.000000 0.000006 0.137794 0.006822 1.627492 2630.418250
0.855478 0.000000 0.000004 0.000000 0.000006 0.137690 0.006822 1.627492 2630.626494
0.855572 0.000000 0.000004 0.000000 0.000005 0.137596 0.006822 1.627492 2630.827631
0.855661 0.000000 0.000004 0.000000 0.000005 0.137507 0.006822 1.627492 2631.042455
0.855754 0.000000 0.000004 0.000000 0.000005 0.137414 0.006822 1.627492 2631.223686
0.855835 0.000000 0.000003 0.000000 0.000005 0.137334 0.006822 1.627492 2631.223686
0.855922 0.000000 0.000003 0.000000 0.000005 0.137247 0.006822 1.627492 2631.223686
0.856005 0.000000 0.000003 0.000000 0.000005 0.137164 0.006822 1.627492 2631.223686
0.856094 0.000000 0.000003 0.000000 0.000005 0.137076 0.006822 1.627492 2631.223686
0.856165 0.000000 0.000003 0.000000 0.000005 0.137005 0.006822 1.627493 2631.395113
0.856240 0.000000 0.000003 0.000000 0.000005 0.136930 0.006822 1.627493 2631.395113
0.856297 0.000000 0.000002 0.000000 0.000004 0.136874 0.006822 1.627493 2631.425028
0.856360 0.000000 0.000002 0.000000 0.000004 0.136811 0.006822 1.627493 2631.425028
0.856423 0.000000 0.000002 0.000000 0.000004 0.136749 0.006822 1.627493 2631.554956
0.856481 0.000000 0.000002 0.000000 0.000004 0.136691 0.006822 1.627493 2631.780327
0.856537 0.000000 0.000002 0.000000 0.000004 0.136635 0.006822 1.627493 2631.780327
0.856590 0.000000 0.000002 0.000000 0.000004 0.136583 0.006822 1.627493 2631.780327
0.856635 0.000000 0.000002 0.000000 0.000004 0.136537 0.006822 1.627493 2631.780327
0.856683 0.000000 0.000002 0.000000 0.000004 0.136489 0.006822 1.627493 2631.879459
0.856723 0.000000 0.000001 0.000000 0.000004 0.136450 0.006822 1.627493 2631.879459
0.856764 0.000000 0.000001 0.000000 0.000003 0.136409 0.006823 1.627493 2632.081228
0.856797 0.000000 0.000001 0.000000 0.000003 0.136376 0.006823 1.627493 2632.132077
0.856832 0.000000 0.000001 0.000000 0.000003 0.136341 0.006823 1.627493 2632.349760
0.856864 0.000000 0.000001 0.000000 0.000003 0.136310 0.006823 1.627493 2632.376450
0.856891 0.000000 0.000001 0.000000 0.000003 0.136282 0.006823 1.627493 2632.376450
0.856915 0.000000 0.000000 0.000000 0.000003 0.136260 0.006823 1.627493 2632.376450
0.856934 0.000000 0.000000 0.000000 0.000002 0.136240 0.006823 1.627493 2632.615722
0.856957 0.000000 0.000000 0.000000 0.000002 0.136218 0.006823 1.627493 2632.615722
0.856975 0.000000 0.000000 0.000000 0.000002 0.136200 0.006823 1.627493 2632.615722
0.856995 0.000000 0.000000 0.000000 0.000002 0.136180 0.006823 1.627493 2632.615722
0.857015 0.000000 0.000000 0.000000 0.000002 0.136160 0.006823 1.627493 2632.615722
0.857033 0.000000 0.000000 0.000000 0.000002 0.136141 0.006823 1.627493 2632.615722
0.857058 0.000000 0.000000 0.000000 0.000002 0.136117 0.006823 1.627493 2632.615722
0.857073 0.000000 0.000000 0.000000 0.000002 0.136101 0.006823 1.627493 2632.615722
0.857091 0.000000 0.000000 0.000000 0.000002 0.136084 0.006823 1.627493 2632.615722
0.857109 0.000000 0.000000 0.000000 0.000002 0.136065 0.006823 1.627493 2632.615722
0.857128 0.000000 0.000000 0.000000 0.000002 0.136047 0.006823 1.627493 2632.615722
0.857148 0.000000 0.000000 0.000000 0.000002 0.136026 0.006823 1.627493 2632.615722
0.857164 0.000000 0.000000 0.000000 0.000002 0.136011 0.006823 1.627493 2632.840645
0.857182 0.000000 0.000000 0.000000 0.000002 0.135993 0.006823 1.627493 2632.840645
0.857197 0.000000 0.000000 0.000000 0.000002 0.135978 0.006823 1.627493 2632.840645
0.857212 0.000000 0.000000 0.000000 0.000002 0.135963 0.006823 1.627493 2632.840645
0.857228 0.000000 0.000000 0.000000 0.000002 0.135946 0.006823 1.627493 2632.840645
0.857241 0.000000 0.000000 0.000000 0.000002 0.135934 0.006823 1.627493 2633.035045
0.857252 0.000000 0.000000 0.000000 0.000002 0.135923 0.006823 1.627493 2633.249500
0.857264 0.000000 0.000000 0.000000 0.000001 0.135911 0.006823 1.627493 2633.477088
0.857274 0.000000 0.000000 0.000000 0.000001 0.135901 0.006823 1.627493 2633.477088
0.857283 0.000000 0.000000 0.000000 0.000001 0.135892 0.006823 1.627493 2633.477088
0.857293 0.000000 0.000000 0.000000 0.000001 0.135882 0.006823 1.627493 2633.477088
0.857302 0.000000 0.000000 0.000000 0.000001 0.135873 0.006823 1.627493 2633.477088
0.857310 0.000000 0.000000 0.000000 0.000001 0.135865 0.006823 1.627493 2633.501503
0.857317 0.000000 0.000000 0.000000 0.000001 0.135858 0.006823 1.627493 2633.501503
0.857323 0.000000 0.000000 0.000000 0.000001 0.135853 0.006823 1.627493 2633.501503
0.857330 0.000000 0.000000 0.000000 0.000001 0.135846 0.006823 1.627493 2633.501503
0.857336 0.000000 0.000000 0.000000 0.000001 0.135839 0.006823 1.627493 2633.501503
0.857344 0.000000 0.000000 0.000000 0.000001 0.135831 0.006823 1.627493 2633.501503
0.857348 0.000000 0.000000 0.000000 0.000001 0.135827 0.006823 1.627493 2633.501503
0.857352 0.000000 0.000000 0.000000 0.000001 0.135823 0.006823 1.627493 2633.501503
0.857357 0.000000 0.000000 0.000000 0.000001 0.135818 0.006824 1.627493 2633.545604
0.857361 0.000000 0.000000 0.000000 0.000001 0.135814 0.006824 1.627493 2633.545604
0.857365 0.000000 0.000000 0.000000 0.000001 0.135810 0.006824 1.627493 2633.545604
0.857370 0.000000 0.000000 0.000000 0.000001 0.135805 0.006824 1.627493 2633.545604
0.857374 0.000000 0.000000 0.000000 0.000000 0.135801 0.006824 1.627493 2633.762436
0.857378 0.000000 0.000000 0.000000 0.000000 0.135798 0.006824 1.627493 2633.762436
0.857379 0.000000 0.000000 0.000000 0.000000 0.135796 0.006824 1.627493 2633.762436
0.857382 0.000000 0.000000 0.000000 0.000000 0.135793 0.006824 1.627493 2633.762436
0.857383 0.000000 0.000000 0.000000 0.000000 0.135792 0.006824 1.627493 2633.762436
0.857387 0.000000 0.000000 0.000000 0.000000 0.135789 0.006824 1.627493 2633.762436
0.857389 0.000000 0.000000 0.000000 0.000000 0.135787 0.006824 1.627493 2634.022750
0.857390 0.000000 0.000000 0.000000 0.000000 0.135786 0.006824 1.627493 2634.022750
0.857390 0.000000 0.000000 0.000000 0.000000 0.135785 0.006824 1.627493 2634.022750
0.857391 0.000000 0.000000 0.000000 0.000000 0.135784 0.006824 1.627493 2634.022750
0.857392 0.000000 0.000000 0.000000 0.000000 0.135783 0.006824 1.627493 2634.022750
0.857393 0.000000 0.000000 0.000000 0.000000 0.135782 0.006824 1.627493 2634.022750
0.857394 0.000000 0.000000 0.000000 0.000000 0.135781 0.006824 1.627493 2634.022750
0.857395 0.000000 0.000000 0.000000 0.000000 0.135780 0.006824 1.627493 2634.022750
0.857397 0.000000 0.000000 0.000000 0.000000 0.135778 0.006824 1.627493 2634.022750
0.857398 0.000000 0.000000 0.000000 0.000000 0.135777 0.006824 1.627493 2634.022750
0.857399 0.000000 0.000000 0.000000 0.000000 0.135777 0.006824 1.627493 2634.022750
0.857400 0.000000 0.000000 0.000000 0.000000 0.135776 0.006824 1.627493 2634.022750
0.857400 0.000000 0.000000 0.000000 0.000000 0.135775 0.006824 1.627493 2634.022750
0.857402 0.000000 0.000000 0.000000 0.000000 0.135773 0.006824 1.627493 2634.022750
0.857403 0.000000 0.000000 0.000000 0.000000 0.135772 0.006824 1.627493 2634.022750
0.857404 0.000000 0.000000 0.000000 0.000000 0.135771 0.006824 1.627493 2634.022750
0.857405 0.000000 0.000000 0.000000 0.000000 0.135770 0.006824 1.627493 2634.022750
0.857407 0.000000 0.000000 0.000000 0.000000 0.135768 0.006824 1.627493 2634.022750
0.857408 0.000000 0.000000 0.000000 0.000000 0.135767 0.006824 1.627493 2634.022750
0.857410 0.000000 0.000000 0.000000 0.000000 0.135766 0.006824 1.627493 2634.022750
0.857410 0.000000 0.000000 0.000000 0.000000 0.135765 0.006824 1.627493 2634.022750
0.857411 0.000000 0.000000 0.000000 0.000000 0.135765 0.006824 1.627493 2634.022750
0.857411 0.000000 0.000000 0.000000 0.000000 0.135764 0.006824 1.627493 2634.022750
0.857412 0.000000 0.000000 0.000000 0.000000 0.135763 0.006824 1.627493 2634.022750
0.857413 0.000000 0.000000 0.000000 0.000000 0.135762 0.006824 1.627493 2634.022750
0.857414 0.000000 0.000000 0.000000 0.000000 0.135761 0.006824 1.627493 2634.022750
0.857414 0.000000 0.000000 0.000000 0.000000 0.135761 0.006824 1.627493 2634.022750
0.857415 0.000000 0.000000 0.000000 0.000000 0.135760 0.006824 1.627493 2634.022750
0.857417 0.000000 0.000000 0.000000 0.000000 0.135759 0.006824 1.627493 2634.022750
0.857417 0.000000 0.000000 0.000000 0.000000 0.135759 0.006825 1.627493 2634.281766
0.857417 0.000000 0.000000 0.000000 0.000000 0.135759 0.006825 1.627493 2634.281766
0.857417 0.000000 0.000000 0.000000 0.000000 0.135759 0.006825 1.627493 2634.281766
0.857417 0.000000 0.000000 0.000000 0.000000 0.135759 0.006825 1.627493 2634.281766
0.857417 0.000000 0.000000 0.000000 0.000000 0.135759 0.006825 1.627493 2634.281766
0.857417 0.000000 0.000000 0.000000 0.000000 0.135759 0.006825 1.627493 2634.281766
0.857417 0.000000 0.000000 0.000000 0.000000 0.135759 0.006825 1.627493 2634.281766
0.857417 0.000000 0.000000 0.000000 0.000000 0.135759 0.006825 1.627493 2634.281766
0.857417 0.000000 0.000000 0.000000 0.000000 0.135759 0.006825 1.627493 2634.281766
0.857417 0.000000 0.000000 0.000000 0.000000 0.135759 0.006825 1.627493 2634.281766
0.857417 0.000000 0.000000 0.000000 0.000000 0.135759 0.006825 1.627493 2634.281766
0.857417 0.000000 0.000000 0.000000 0.000000 0.135759 0.006825 1.627493 2634.281766
0.857417 0.000000 0.000000 0.000000 0.000000 0.135759 0.006825 1.627493 2634.281766
0.857417 0.000000 0.000000 0.000000 0.000000 0.135759 0.006825 1.627493 2634.281766
0.857417 0.000000 0.000000 0.000000 0.000000 0.135759 0.006825 1.627493 2634.281766
0.857417 0.000000 0.000000 0.000000 0.000000 0.135759 0.006825 1.627493 2634.281766
0.857417 0.000000 0.000000 0.000000 0.000000 0.135759 0.006825 1.627493 2634.281766
0.857417 0.000000 0.000000 0.000000 0.000000 0.135759 0.006825 1.627493 2634.281766
0.857417 0.000000 0.000000 0.000000 0.000000 0.135759 0.006825 1.627493 2634.281766
0.857417 0.000000 0.000000 0.000000 0.000000 0.135759 0.006825 1.627493 2634.281766
0.857417 0.000000 0.000000 0.000000 0.000000 0.135759 0.006825 1.627493 2634.281766
0.857417 0.000000 0.000000 0.000000 0.000000 0.135759 0.006825 1.627493 2634.281766
0.857417 0.000000 0.000000 0.000000 0.000000 0.135759 0.006825 1.627493 2634.281766
0.857417 0.000000 0.000000 0.000000 0.000000 0.135759 0.006825 1.627493 2634.281766
0.857417 0.000000 0.000000 0.000000 0.000000 0.135759 0.006825 1.627493 2634.281766
0.857417 0.000000 0.000000 0.000000 0.000000 0.135759 0.006825 1.627493 2634.281766
0.857417 0.000000 0.000000 0.000000 0.000000 0.135759 0.006825 1.627493 2634.281766
0.857417 0.000000 0.000000 0.000000 0.000000 0.135759 0.006825 1.627493 2634.281766
0.857417 0.000000 0.000000 0.000000 0.000000 0.135759 0.006825 1.627493 2634.281766
0.857417 0.000000 0.000000 0.000000 0.000000 0.135759 0.006825 1.627493 2634.281766
0.857417 0.000000 0.000000 0.000000 0.000000 0.135759 0.006825 1.627493 2634.281766
0.857417 0.000000 0.000000 0.000000 0.000000 0.135759 0.006825 1.627493 2634.281766
0.857417 0.000000 0.000000 0.000000 0.000000 0.135759 0.006825 1.627493 2634.281766
0.857417 0.000000 0.000000 0.000000 0.000000 0.135759 0.006825 1.627493 2634.281766
0.857417 0.000000 0.000000 0.000000 0.000000 0.135759 0.006825 1.627493 2634.281766
0.857417 0.000000 0.000000 0.000000 0.000000 0.135759 0.006825 1.627493 2634.281766
0.857417 0.000000 0.000000 0.000000 0.000000 0.135759 0.006825 1.627493 2634.281766
0.857417 0.000000 0.000000 0.000000 0.000000 0.135759 0.006825 1.627493 2634.281766
0.857417 0.000000 0.000000 0.000000 0.000000 0.135759 0.006825 1.627493 2634.281766
0.857417 0.000000 0.000000 0.000000 0.000000 0.135759 0.006825 1.627493 2634.281766
0.857417 0.000000 0.000000 0.000000 0.000000 0.135759 0.006825 1.627493 2634.281766
0.857417 0.000000 0.000000 0.000000 0.000000 0.135759 0.006825 1.627493 2634.281766
0.857417 0.000000 0.000000 0.000000 0.000000 0.135759 0.006825 1.627493 2634.281766
0.857417 0.000000 0.000000 0.000000 0.000000 0.135759 0.006825 1.627493 2634.281766
0.857417 0.000000 0.000000 0.000000 0.000000 0.135759 0.006825 1.627493 2634.281766
0.857417 0.000000 0.000000 0.000000 0.000000 0.135759 0.006825 1.627493 2634.281766
0.857417 0.000000 0.000000 0.000000 0.000000 0.135759 0.006825 1.627493 2634.281766
0.857417 0.000000 0.000000 0.000000 0.000000 0.135759 0.006825 1.627493 2634.281766
0.857417 0.000000 0.000000 0.000000 0.000000 0.135759 0.006825 1.627493 2634.281766
0.857417 0.000000 0.000000 0.000000 0.000000 0.135759 0.006825 1.627493 2634.281766
0.857417 0.000000 0.000000 0.000000 0.000000 0.135759 0.006825 1.627493 2634.281766
0.857417 0.000000 0.000000 0.000000 0.000000 0.135759 0.006825 1.627493 2634.281766
0.857417 0.000000 0.000000 0.000000 0.000000 0.135759 0.006825 1.627493 2634.281766
0.857417 0.000000 0.000000 0.000000 0.000000 0.135759 0.006825 1.627493 2634.281766
0.857417 0.000000 0.000000 0.000000 0.000000 0.135759 0.006825 1.627493 2634.281766
0.857417 0.000000 0.000000 0.000000 0.000000 0.135759 0.006825 1.627493 2634.281766
0.857417 0.000000 0.000000 0.000000 0.000000 0.135759 0.006825 1.627493 2634.281766
0.857417 0.000000 0.000000 0.000000 0.000000 0.135759 0.006825 1.627493 2634.281766
0.857417 0.000000 0.000000 0.000000 0.000000 0.135759 0.006825 1.627493 2634.281766
0.857417 0.000000 0.000000 0.000000 0.000000 0.135759 0.006825 1.627493 2634.281766
0.857417 0.000000 0.000000 0.000000 0.000000 0.135759 0.006825 1.627493 2634.281766
0.857417 0.000000 0.000000 0.000000 0.000000 0.135759 0.006825 1.627493 2634.281766
0.857417 0.000000 0.000000 0.000000 0.000000 0.135759 0.006825 1.627493 2634.281766
0.857417 0.000000 0.000000 0.000000 0.000000 0.135759 0.006825 1.627493 2634.281766
0.857417 0.000000 0.000000 0.000000 0.000000 0.135759 0.006825 1.627493 2634.281766
0.857417 0.000000 0.000000 0.000000 0.000000 0.135759 0.006825 1.627493 2634.281766
0.857417 0.000000 0.000000 0.000000 0.000000 0.135759 0.006825 1.627493 2634.281766
0.857417 0.000000 0.000000 0.000000 0.000000 0.135759 0.006825 1.627493 2634.281766
0.857417 0.000000 0.000000 0.000000 0.000000 0.135759 0.006825 1.627493 2634.281766
0.857417 0.000000 0.000000 0.000000 0.000000 0.135759 0.006825 1.627493 2634.281766
0.857417 0.000000 0.000000 0.000000 0.000000 0.135759 0.006825 1.627493 2634.281766
0.857417 0.000000 0.000000 0.000000 0.000000 0.135759 0.006825 1.627493 2634.281766
0.857417 0.000000 0.000000 0.000000 0.000000 0.135759 0.006825 1.627493 2634.281766
0.857417 0.000000 0.000000 0.000000 0.000000 0.135759 0.006825 1.627493 2634.281766
0.857417 0.000000 0.000000 0.000000 0.000000 0.135759 0.006825 1.627493 2634.281766
0.857417 0.000000 0.000000 0.000000 0.000000 0.135759 0.006825 1.627493 2634.281766
0.857417 0.000000 0.000000 0.000000 0.000000 0.135759 0.006825 1.627493 2634.281766
0.857417 0.000000 0.000000 0.000000 0.000000 0.135759 0.006825 1.627493 2634.281766
0.857417 0.000000 0.000000 0.000000 0.000000 0.135759 0.006825 1.627493 2634.281766
0.857417 0.000000 0.000000 0.000000 0.000000 0.135759 0.006825 1.627493 2634.281766
0.857417 0.000000 0.000000 0.000000 0.000000 0.135759 0.006825 1.627493 2634.281766
0.857417 0.000000 0.000000 0.000000 0.000000 0.135759 0.006825 1.627493 2634.281766
0.857417 0.000000 0.000000 0.000000 0.000000 0.135759 0.006825 1.627493 2634.281766
0.857417 0.000000 0.000000 0.000000 0.000000 0.135759 0.006825 1.627493 2634.281766
0.857417 0.000000 0.000000 0.000000 0.000000 0.135759 0.006825 1.627493 2634.281766
0.857417 0.000000 0.000000 0.000000 0.000000 0.135759 0.006825 1.627493 2634.281766
0.857417 0.000000 0.000000 0.000000 0.000000 0.135759 0.006825 1.627493 2634.281766
0.857417 0.000000 0.000000 0.000000 0.000000 0.135759 0.006825 1.627493 2634.281766
0.857417 0.000000 0.000000 0.000000 0.000000 0.135759 0.006825 1.627493 2634.281766
0.857417 0.000000 0.000000 0.000000 0.000000 0.135759 0.006825 1.627493 2634.281766
0.857417 0.000000 0.000000 0.000000 0.000000 0.135759 0.006825 1.627493 2634.281766
0.857417 0.000000 0.000000 0.000000 0.000000 0.135759 0.006825 1.627493 2634.281766
0.857417 0.000000 0.000000 0.000000 0.000000 0.135759 0.006825 1.627493 2634.281766
0.857417 0.000000 0.000000 0.000000 0.000000 0.135759 0.006825 1.627493 2634.281766
0.857417 0.000000 0.000000 0.000000 0.000000 0.135759 0.006825 1.627493 2634.281766
0.857417 0.000000 0.000000 0.000000 0.000000 0.135759 0.006825 1.627493 2634.281766
0.857417 0.000000 0.000000 0.000000 0.000000 0.135759 0.006825 1.627493 2634.281766
0.857417 0.000000 0.000000 0.000000 0.000000 0.135759 0.006825 1.627493 2634.281766
0.857417 0.000000 0.000000 0.000000 0.000000 0.135759 0.006825 1.627493 2634.281766
0.857417 0.000000 0.000000 0.000000 0.000000 0.135759 0.006825 1.627493 2634.281766
0.857417 0.000000 0.000000 0.000000 0.000000 0.135759 0.006825 1.627493 2634.281766
0.857417 0.000000 0.000000 0.000000 0.000000 0.135759 0.006825 1.627493 2634.281766
0.857417 0.000000 0.000000 0.000000 0.000000 0.135759 0.006825 1.627493 2634.281766
0.857417 0.000000 0.000000 0.000000 0.000000 0.135759 0.006825 1.627493 2634.281766
0.857417 0.000000 0.000000 0.000000 0.000000 0.135759 0.006825 1.627493 2634.281766
0.857417 0.000000 0.000000 0.000000 0.000000 0.135759 0.006825 1.627493 2634.281766
0.857417 0.000000 0.000000 0.000000 0.000000 0.135759 0.006825 1.627493 2634.281766
0.857417 0.000000 0.000000 0.000000 0.000000 0.135759 0.006825 1.627493 2634.281766
0.857417 0.000000 0.000000 0.000000 0.000000 0.135759 0.006825 1.627493 2634.281766
0.857417 0.000000 0.000000 0.000000 0.000000 0.135759 0.006825 1.627493 2634.281766
0.857417 0.000000 0.000000 0.000000 0.000000 0.135759 0.006825 1.627493 2634.281766
0.857417 0.000000 0.000000 0.000000 0.000000 0.135759 0.006825 1.627493 2634.281766
0.857417 0.000000 0.000000 0.000000 0.000000 0.135759 0.006825 1.627493 2634.281766
0.857417 0.000000 0.000000 0.000000 0.000000 0.135759 0.006825 1.627493 2634.281766
0.857417 0.000000 0.000000 0.000000 0.000000 0.135759 0.006825 1.627493 2634.281766
0.857417 0.000000 0.000000 0.000000 0.000000 0.135759 0.006825 1.627493 2634.281766
0.857417 0.000000 0.000000 0.000000 0.000000 0.135759 0.006825 1.627493 2634.281766
0.857417 0.000000 0.000000 0.000000 0.000000 0.135759 0.006825 1.627493 2634.281766
0.857417 0.000000 0.000000 0.000000 0.000000 0.135759 0.006825 1.627493 2634.281766
0.857417 0.000000 0.000000 0.000000 0.000000 0.135759 0.006825 1.627493 2634.281766
0.857417 0.000000 0.000000 0.000000 0.000000 0.135759 0.006825 1.627493 2634.281766
0.857417 0.000000 0.000000 0.000000 0.000000 0.135759 0.006825 1.627493 2634.281766
0.857417 0.000000 0.000000 0.000000 0.000000 0.135759 0.006825 1.627493 2634.281766
0.857417 0.000000 0.000000 0.000000 0.000000 0.135759 0.006825 1.627493 2634.281766
0.857417 0.000000 0.000000 0.000000 0.000000 0.135759 0.006825 1.627493 2634.281766
0.857417 0.000000 0.000000 0.000000 0.000000 0.135759 0.006825 1.627493 2634.281766
0.857417 0.000000 0.000000 0.000000 0.000000 0.135759 0.006825 1.627493 2634.281766
0.857417 0.000000 0.000000 0.000000 0.000000 0.135759 0.006825 1.627493 2634.281766
0.857417 0.000000 0.000000 0.000000 0.000000 0.135759 0.006825 1.627493 2634.281766
0.857417 0.000000 0.000000 0.000000 0.000000 0.135759 0.006825 1.627493 2634.281766
0.857417 0.000000 0.000000 0.000000 0.000000 0.135759 0.006825 1.627493 2634.281766
0.857417 0.000000 0.000000 0.000000 0.000000 0.135759 0.006825 1.627493 2634.281766
0.857417 0.000000 0.000000 0.000000 0.000000 0.135759 0.006825 1.627493 2634.281766
0.857417 0.000000 0.000000 0.000000 0.000000 0.135759 0.006825 1.627493 2634.281766
0.857417 0.000000 0.000000 0.000000 0.000000 0.135759 0.006825 1.627493 2634.281766
0.857417 0.000000 0.000000 0.000000 0.000000 0.135759 0.006825 1.627493 2634.281766
0.857417 0.000000 0.000000 0.000000 0.000000 0.135759 0.006825 1.627493 2634.281766
0.857417 0.000000 0.000000 0.000000 0.000000 0.135759 0.006825 1.627493 2634.281766
0.857417 0.000000 0.000000 0.000000 0.000000 0.135759 0.006825 1.627493 2634.281766
0.857417 0.000000 0.000000 0.000000 0.000000 0.135759 0.006825 1.627493 2634.281766
0.857417 0.000000 0.000000 0.000000 0.000000 0.135759 0.006825 1.627493 2634.281766
0.857417 0.000000 0.000000 0.000000 0.000000 0.135759 0.006825 1.627493 2634.281766
0.857417 0.000000 0.000000 0.000000 0.000000 0.135759 0.006825 1.627493 2634.281766
0.857417 0.000000 0.000000 0.000000 0.000000 0.135759 0.006825 1.627493 2634.281766
0.857417 0.000000 0.000000 0.000000 0.000000 0.135759 0.006825 1.627493 2634.281766
0.857417 0.000000 0.000000 0.000000 0.000000 0.135759 0.006825 1.627493 2634.281766
0.857417 0.000000 0.000000 0.000000 0.000000 0.135759 0.006825 1.627493 2634.281766
0.857417 0.000000 0.000000 0.000000 0.000000 0.135759 0.006825 1.627493 2634.281766
0.857417 0.000000 0.000000 0.000000 0.000000 0.135759 0.006825 1.627493 2634.281766
0.857417 0.000000 0.000000 0.000000 0.000000 0.135759 0.006825 1.627493 2634.281766
0.857417 0.000000 0.000000 0.000000 0.000000 0.135759 0.006825 1.627493 2634.281766
0.857417 0.000000 0.000000 0.000000 0.000000 0.135759 0.006825 1.627493 2634.281766
0.857417 0.000000 0.000000 0.000000 0.000000 0.135759 0.006825 1.627493 2634.281766
0.857417 0.000000 0.000000 0.000000 0.000000 0.135759 0.006825 1.627493 2634.281766
0.857417 0.000000 0.000000 0.000000 0.000000 0.135759 0.006825 1.627493 2634.281766
0.857417 0.000000 0.000000 0.000000 0.000000 0.135759 0.006825 1.627493 2634.281766
0.857417 0.000000 0.000000 0.000000 0.000000 0.135759 0.006825 1.627493 2634.281766
0.857417 0.000000 0.000000 0.000000 0.000000 0.135759 0.006825 1.627493 2634.281766
0.857417 0.000000 0.000000 0.000000 0.000000 0.135759 0.006825 1.627493 2634.281766
0.857417 0.000000 0.000000 0.000000 0.000000 0.135759 0.006825 1.627493 2634.281766
0.857417 0.000000 0.000000 0.000000 0.000000 0.135759 0.006825 1.627493 2634.281766
0.857417 0.000000 0.000000 0.000000 0.000000 0.135759 0.006825 1.627493 2634.281766
0.857417 0.000000 0.000000 0.000000 0.000000 0.135759 0.006825 1.627493 2634.281766
0.857417 0.000000 0.000000 0.000000 0.000000 0.135759 0.006825 1.627493 2634.281766
0.857417 0.000000 0.000000 0.000000 0.000000 0.135759 0.006825 1.627493 2634.281766
0.857417 0.000000 0.000000 0.000000 0.000000 0.135759 0.006825 1.627493 2634.281766
0.857417 0.000000 0.000000 0.000000 0.000000 0.135759 0.006825 1.627493 2634.281766
0.857417 0.000000 0.000000 0.000000 0.000000 0.135759 0.006825 1.627493 2634.281766
0.857417 0.000000 0.000000 0.000000 0.000000 0.135759 0.006825 1.627493 2634.281766
0.857417 0.000000 0.000000 0.000000 0.000000 0.135759 0.006825 1.627493 2634.281766
0.857417 0.000000 0.000000 0.000000 0.000000 0.135759 0.006825 1.627493 2634.281766
0.857417 0.000000 0.000000 0.000000 0.000000 0.135759 0.006825 1.627493 2634.281766
0.857417 0.000000 0.000000 0.000000 0.000000 0.135759 0.006825 1.627493 2634.281766
0.857417 0.000000 0.000000 0.000000 0.000000 0.135759 0.006825 1.627493 2634.281766
0.857417 0.000000 0.000000 0.000000 0.000000 0.135759 0.006825 1.627493 2634.281766
0.857417 0.000000 0.000000 0.000000 0.000000 0.135759 0.006825 1.627493 2634.281766
0.857417 0.000000 0.000000 0.000000 0.000000 0.135759 0.006825 1.627493 2634.281766
0.857417 0.000000 0.000000 0.000000 0.000000 0.135759 0.006825 1.627493 2634.281766
0.857417 0.000000 0.000000 0.000000 0.000000 0.135759 0.006825 1.627493 2634.281766
0.857417 0.000000 0.000000 0.000000 0.000000 0.135759 0.006825 1.627493 2634.281766
0.857417 0.000000 0.000000 0.000000 0.000000 0.135759 0.006825 1.627493 2634.281766
0.857417 0.000000 0.000000 0.000000 0.000000 0.135759 0.006825 1.627493 2634.281766
0.857417 0.000000 0.000000 0.000000 0.000000 0.135759 0.006825 1.627493 2634.281766
0.857417 0.000000 0.000000 0.000000 0.000000 0.135759 0.006825 1.627493 2634.281766
0.857417 0.000000 0.000000 0.000000 0.000000 0.135759 0.006825 1.627493 2634.281766
0.857417 0.000000 0.000000 0.000000 0.000000 0.135759 0.006825 1.627493 2634.281766
0.857417 0.000000 0.000000 0.000000 0.000000 0.135759 0.006825 1.627493 2634.281766
0.857417 0.000000 0.000000 0.000000 0.000000 0.135759 0.006825 1.627493 2634.281766
0.857417 0.000000 0.000000 0.000000 0.000000 0.135759 0.006825 1.627493 2634.281766
0.857417 0.000000 0.000000 0.000000 0.000000 0.135759 0.006825 1.627493 2634.281766
0.857417 0.000000 0.000000 0.000000 0.000000 0.135759 0.006825 1.627493 2634.281766
0.857417 0.000000 0.000000 0.000000 0.000000 0.135759 0.006825 1.627493 2634.281766
0.857417 0.000000 0.000000 0.000000 0.000000 0.135759 0.006825 1.627493 2634.281766
0.857417 0.000000 0.000000 0.000000 0.000000 0.135759 0.006825 1.627493 2634.281766
0.857417 0.000000 0.000000 0.000000 0.000000 0.135759 0.006825 1.627493 2634.281766
0.857417 0.000000 0.000000 0.000000 0.000000 0.135759 0.006825 1.627493 2634.281766
0.857417 0.000000 0.000000 0.000000 0.000000 0.135759 0.006825 1.627493 2634.281766
0.857417 0.000000 0.000000 0.000000 0.000000 0.135759 0.006825 1.627493 2634.281766
0.857417 0.000000 0.000000 0.000000 0.000000 0.135759 0.006825 1.627493 2634.281766
0.857417 0.000000 0.000000 0.000000 0.000000 0.135759 0.006825 1.627493 2634.281766
0.857417 0.000000 0.000000 0.000000 0.000000 0.135759 0.006825 1.627493 2634.281766
0.857417 0.000000 0.000000 0.000000 0.000000 0.135759 0.006825 1.627493 2634.281766
0.857417 0.000000 0.000000 0.000000 0.000000 0.135759 0.006825 1.627493 2634.281766
0.857417 0.000000 0.000000 0.000000 0.000000 0.135759 0.006825 1.627493 2634.281766
0.857417 0.000000 0.000000 0.000000 0.000000 0.135759 0.006825 1.627493 2634.281766
0.857417 0.000000 0.000000 0.000000 0.000000 0.135759 0.006825 1.627493 2634.281766
0.857417 0.000000 0.000000 0.000000 0.000000 0.135759 0.006825 1.627493 2634.281766
0.857417 0.000000 0.000000 0.000000 0.000000 0.135759 0.006825 1.627493 2634.281766
0.857417 0.000000 0.000000 0.000000 0.000000 0.135759 0.006825 1.627493 2634.281766
0.857417 0.000000 0.000000 0.000000 0.000000 0.135759 0.006825 1.627493 2634.281766
0.857417 0.000000 0.000000 0.000000 0.000000 0.135759 0.006825 1.627493 2634.281766
0.857417 0.000000 0.000000 0.000000 0.000000 0.135759 0.006825 1.627493 2634.281766
0.857417 0.000000 0.000000 0.000000 0.000000 0.135759 0.006825 1.627493 2634.281766
0.857417 0.000000 0.000000 0.000000 0.000000 0.135759 0.006825 1.627493 2634.281766
0.857417 0.000000 0.000000 0.000000 0.000000 0.135759 0.006825 1.627493 2634.281766
0.857417 0.000000 0.000000 0.000000 0.000000 0.135759 0.006825 1.627493 2634.281766
0.857417 0.000000 0.000000 0.000000 0.000000 0.135759 0.006825 1.627493 2634.281766
0.857417 0.000000 0.000000 0.000000 0.000000 0.135759 0.006825 1.627493 2634.281766
0.857417 0.000000 0.000000 0.000000 0.000000 0.135759 0.006825 1.627493 2634.281766
0.857417 0.000000 0.000000 0.000000 0.000000 0.135759 0.006825 1.627493 2634.281766
0.857417 0.000000 0.000000 0.000000 0.000000 0.135759 0.006825 1.627493 2634.281766
0.857417 0.000000 0.000000 0.000000 0.000000 0.135759 0.006825 1.627493 2634.281766
0.857417 0.000000 0.000000 0.000000 0.000000 0.135759 0.006825 1.627493 2634.281766
0.857417 0.000000 0.000000 0.000000 0.000000 0.135759 0.006825 1.627493 2634.281766
0.857417 0.000000 0.000000 0.000000 0.000000 0.135759 0.006825 1.627493 2634.281766
0.857417 0.000000 0.000000 0.000000 0.000000 0.135759 0.006825 1.627493 2634.281766
0.857417 0.000000 0.000000 0.000000 0.000000 0.135759 0.006825 1.627493 2634.281766
0.857417 0.000000 0.000000 0.000000 0.000000 0.135759 0.006825 1.627493 2634.281766
0.857417 0.000000 0.000000 0.000000 0.000000 0.135759 0.006825 1.627493 2634.281766
0.857417 0.000000 0.000000 0.000000 0.000000 0.135759 0.006825 1.627493 2634.281766
0.857417 0.000000 0.000000 0.000000 0.000000 0.135759 0.006825 1.627493 2634.281766
0.857417 0.000000 0.000000 0.000000 0.000000 0.135759 0.006825 1.627493 2634.281766
0.857417 0.000000 0.000000 0.000000 0.000000 0.135759 0.006825 1.627493 2634.281766
0.857417 0.000000 0.000000 0.000000 0.000000 0.135759 0.006825 1.627493 2634.281766
0.857417 0.000000 0.000000 0.000000 0.000000 0.135759 0.006825 1.627493 2634.281766
0.857417 0.000000 0.000000 0.000000 0.000000 0.135759 0.006825 1.627493 2634.281766
0.857417 0.000000 0.000000 0.000000 0.000000 0.135759 0.006825 1.627493 2634.281766
0.857417 0.000000 0.000000 0.000000 0.000000 0.135759 0.006825 1.627493 2634.281766
0.857417 0.000000 0.000000 0.000000 0.000000 0.135759 0.006825 1.627493 2634.281766
0.857417 0.000000 0.000000 0.000000 0.000000 0.135759 0.006825 1.627493 2634.281766
0.857417 0.000000 0.000000 0.000000 0.000000 0.135759 0.006825 1.627493 2634.281766
0.857417 0.000000 0.000000 0.000000 0.000000 0.135759 0.006825 1.627493 2634.281766
0.857417 0.000000 0.000000 0.000000 0.000000 0.135759 0.006825 1.627493 2634.281766
0.857417 0.000000 0.000000 0.000000 0.000000 0.135759 0.006825 1.627493 2634.281766
0.857417 0.000000 0.000000 0.000000 0.000000 0.135759 0.006825 1.627493 2634.281766
0.857417 0.000000 0.000000 0.000000 0.000000 0.135759 0.006825 1.627493 2634.281766
0.857417 0.000000 0.000000 0.000000 0.000000 0.135759 0.006825 1.627493 2634.281766
0.857417 0.000000 0.000000 0.000000 0.000000 0.135759 0.006825 1.627493 2634.281766
0.857417 0.000000 0.000000 0.000000 0.000000 0.135759 0.006825 1.627493 2634.281766
0.857417 0.000000 0.000000 0.000000 0.000000 0.135759 0.006825 1.627493 2634.281766
0.857417 0.000000 0.000000 0.000000 0.000000 0.135759 0.006825 1.627493 2634.281766
0.857417 0.000000 0.000000 0.000000 0.000000 0.135759 0.006825 1.627493 2634.281766
0.857417 0.000000 0.000000 0.000000 0.000000 0.135759 0.006825 1.627493 2634.281766
0.857417 0.000000 0.000000 0.000000 0.000000 0.135759 0.006825 1.627493 2634.281766
0.857417 0.000000 0.000000 0.000000 0.000000 0.135759 0.006825 1.627493 2634.281766
0.857417 0.000000 0.000000 0.000000 0.000000 0.135759 0.006825 1.627493 2634.281766
0.857417 0.000000 0.000000 0.000000 0.000000 0.135759 0.006825 1.627493 2634.281766
0.857417 0.000000 0.000000 0.000000 0.000000 0.135759 0.006825 1.627493 2634.281766
0.857417 0.000000 0.000000 0.000000 0.000000 0.135759 0.006825 1.627493 2634.281766
0.857417 0.000000 0.000000 0.000000 0.000000 0.135759 0.006825 1.627493 2634.281766
0.857417 0.000000 0.000000 0.000000 0.000000 0.135759 0.006825 1.627493 2634.281766
0.857417 0.000000 0.000000 0.000000 0.000000 0.135759 0.006825 1.627493 2634.281766
0.857417 0.000000 0.000000 0.000000 0.000000 0.135759 0.006825 1.627493 2634.281766
0.857417 0.000000 0.000000 0.000000 0.000000 0.135759 0.006825 1.627493 2634.281766
0.857417 0.000000 0.000000 0.000000 0.000000 0.135759 0.006825 1.627493 2634.281766
0.857417 0.000000 0.000000 0.000000 0.000000 0.135759 0.006825 1.627493 2634.281766
0.857417 0.000000 0.000000 0.000000 0.000000 0.135759 0.006825 1.627493 2634.281766
0.857417 0.000000 0.000000 0.000000 0.000000 0.135759 0.006825 1.627493 2634.281766
0.857417 0.000000 0.000000 0.000000 0.000000 0.135759 0.006825 1.627493 2634.281766
0.857417 0.000000 0.000000 0.000000 0.000000 0.135759 0.006825 1.627493 2634.281766
0.857417 0.000000 0.000000 0.000000 0.000000 0.135759 0.006825 1.627493 2634.281766
0.857417 0.000000 0.000000 0.000000 0.000000 0.135759 0.006825 1.627493 2634.281766
0.857417 0.000000 0.000000 0.000000 0.000000 0.135759 0.006825 1.627493 2634.281766
0.857417 0.000000 0.000000 0.000000 0.000000 0.135759 0.006825 1.627493 2634.281766
0.857417 0.000000 0.000000 0.000000 0.000000 0.135759 0.006825 1.627493 2634.281766
0.857417 0.000000 0.000000 0.000000 0.000000 0.135759 0.006825 1.627493 2634.281766
0.857417 0.000000 0.000000 0.000000 0.000000 0.135759 0.006825 1.627493 2634.281766
0.857417 0.000000 0.000000 0.000000 0.000000 0.135759 0.006825 1.627493 2634.281766
0.857417 0.000000 0.000000 0.000000 0.000000 0.135759 0.006825 1.627493 2634.281766
0.857417 0.000000 0.000000 0.000000 0.000000 0.135759 0.006825 1.627493 2634.281766
0.857417 0.000000 0.000000 0.000000 0.000000 0.135759 0.006825 1.627493 2634.281766
0.857417 0.000000 0.000000 0.000000 0.000000 0.135759 0.006825 1.627493 2634.281766
0.857417 0.000000 0.000000 0.000000 0.000000 0.135759 0.006825 1.627493 2634.281766
0.857417 0.000000 0.000000 0.000000 0.000000 0.135759 0.006825 1.627493 2634.281766
0.857417 0.000000 0.000000 0.000000 0.000000 0.135759 0.006825 1.627493 2634.281766
0.857417 0.000000 0.000000 0.000000 0.000000 0.135759 0.006825 1.627493 2634.281766
0.857417 0.000000 0.000000 0.000000 0.000000 0.135759 0.006825 1.627493 2634.281766
0.857417 0.000000 0.000000 0.000000 0.000000 0.135759 0.006825 1.627493 2634.281766
0.857417 0.000000 0.000000 0.000000 0.000000 0.135759 0.006825 1.627493 2634.281766
0.857417 0.000000 0.000000 0.000000 0.000000 0.135759 0.006825 1.627493 2634.281766
0.857417 0.000000 0.000000 0.000000 0.000000 0.135759 0.006825 1.627493 2634.281766
0.857417 0.000000 0.000000 0.000000 0.000000 0.135759 0.006825 1.627493 2634.281766
0.857417 0.000000 0.000000 0.000000 0.000000 0.135759 0.006825 1.627493 2634.281766
0.857417 0.000000 0.000000 0.000000 0.000000 0.135759 0.006825 1.627493 2634.281766
0.857417 0.000000 0.000000 0.000000 0.000000 0.135759 0.006825 1.627493 2634.281766
0.857417 0.000000 0.000000 0.000000 0.000000 0.135759 0.006825 1.627493 2634.281766
0.857417 0.000000 0.000000 0.000000 0.000000 0.135759 0.006825 1.627493 2634.281766
0.857417 0.000000 0.000000 0.000000 0.000000 0.135759 0.006825 1.627493 2634.281766
0.857417 0.000000 0.000000 0.000000 0.000000 0.135759 0.006825 1.627493 2634.281766
0.857417 0.000000 0.000000 0.000000 0.000000 0.135759 0.006825 1.627493 2634.281766
0.857417 0.000000 0.000000 0.000000 0.000000 0.135759 0.006825 1.627493 2634.281766
0.857417 0.000000 0.000000 0.000000 0.000000 0.135759 0.006825 1.627493 2634.281766
0.857417 0.000000 0.000000 0.000000 0.000000 0.135759 0.006825 1.627493 2634.281766
0.857417 0.000000 0.000000 0.000000 0.000000 0.135759 0.006825 1.627493 2634.281766
0.857417 0.000000 0.000000 0.000000 0.000000 0.135759 0.006825 1.627493 2634.281766
0.857417 0.000000 0.000000 0.000000 0.000000 0.135759 0.006825 1.627493 2634.281766
0.857417 0.000000 0.000000 0.000000 0.000000 0.135759 0.006825 1.627493 2634.281766
0.857417 0.000000 0.000000 0.000000 0.000000 0.135759 0.006825 1.627493 2634.281766
0.857417 0.000000 0.000000 0.000000 0.000000 0.135759 0.006825 1.627493 2634.281766
0.857417 0.000000 0.000000 0.000000 0.000000 0.135759 0.006825 1.627493 2634.281766
0.857417 0.000000 0.000000 0.000000 0.000000 0.135759 0.006825 1.627493 2634.281766
0.857417 0.000000 0.000000 0.000000 0.000000 0.135759 0.006825 1.627493 2634.281766
0.857417 0.000000 0.000000 0.000000 0.000000 0.135759 0.006825 1.627493 2634.281766
0.857417 0.000000 0.000000 0.000000 0.000000 0.135759 0.006825 1.627493 2634.281766
0.857417 0.000000 0.000000 0.000000 0.000000 0.135759 0.006825 1.627493 2634.281766
0.857417 0.000000 0.000000 0.000000 0.000000 0.135759 0.006825 1.627493 2634.281766
0.857417 0.000000 0.000000 0.000000 0.000000 0.135759 0.006825 1.627493 2634.281766
0.857417 0.000000 0.000000 0.000000 0.000000 0.135759 0.006825 1.627493 2634.281766
0.857417 0.000000 0.000000 0.000000 0.000000 0.135759 0.006825 1.627493 2634.281766
0.857417 0.000000 0.000000 0.000000 0.000000 0.135759 0.006825 1.627493 2634.281766
0.857417 0.000000 0.000000 0.000000 0.000000 0.135759 0.006825 1.627493 2634.281766
0.857417 0.000000 0.000000 0.000000 0.000000 0.135759 0.006825 1.627493 2634.281766
0.857417 0.000000 0.000000 0.000000 0.000000 0.135759 0.006825 1.627493 2634.281766
0.857417 0.000000 0.000000 0.000000 0.000000 0.135759 0.006825 1.627493 2634.281766
0.857417 0.000000 0.000000 0.000000 0.000000 0.135759 0.006825 1.627493 2634.281766
0.857417 0.000000 0.000000 0.000000 0.000000 0.135759 0.006825 1.627493 2634.281766
0.857417 0.000000 0.000000 0.000000 0.000000 0.135759 0.006825 1.627493 2634.281766
0.857417 0.000000 0.000000 0.000000 0.000000 0.135759 0.006825 1.627493 2634.281766
0.857417 0.000000 0.000000 0.000000 0.000000 0.135759 0.006825 1.627493 2634.281766
0.857417 0.000000 0.000000 0.000000 0.000000 0.135759 0.006825 1.627493 2634.281766
0.857417 0.000000 0.000000 0.000000 0.000000 0.135759 0.006825 1.627493 2634.281766
0.857417 0.000000 0.000000 0.000000 0.000000 0.135759 0.006825 1.627493 2634.281766
0.857417 0.000000 0.000000 0.000000 0.000000 0.135759 0.006825 1.627493 2634.281766
0.857417 0.000000 0.000000 0.000000 0.000000 0.135759 0.006825 1.627493 2634.281766
0.857417 0.000000 0.000000 0.000000 0.000000 0.135759 0.006825 1.627493 2634.281766
0.857417 0.000000 0.000000 0.000000 0.000000 0.135759 0.006825 1.627493 2634.281766
0.857417 0.000000 0.000000 0.000000 0.000000 0.135759 0.006825 1.627493 2634.281766
0.857417 0.000000 0.000000 0.000000 0.000000 0.135759 0.006825 1.627493 2634.281766
0.857417 0.000000 0.000000 0.000000 0.000000 0.135759 0.006825 1.627493 2634.281766
0.857417 0.000000 0.000000 0.000000 0.000000 0.135759 0.006825 1.627493 2634.281766
0.857417 0.000000 0.000000 0.000000 0.000000 0.135759 0.006825 1.627493 2634.281766
0.857417 0.000000 0.000000 0.000000 0.000000 0.135759 0.006825 1.627493 2634.281766
0.857417 0.000000 0.000000 0.000000 0.000000 0.135759 0.006825 1.627493 2634.281766
0.857417 0.000000 0.000000 0.000000 0.000000 0.135759 0.006825 1.627493 2634.281766
0.857417 0.000000 0.000000 0.000000 0.000000 0.135759 0.006825 1.627493 2634.281766
0.857417 0.000000 0.000000 0.000000 0.000000 0.135759 0.006825 1.627493 2634.281766
0.857417 0.000000 0.000000 0.000000 0.000000 0.135759 0.006825 1.627493 2634.281766
0.857417 0.000000 0.000000 0.000000 0.000000 0.135759 0.006825 1.627493 2634.281766
0.857417 0.000000 0.000000 0.000000 0.000000 0.135759 0.006825 1.627493 2634.281766
0.857417 0.000000 0.000000 0.000000 0.000000 0.135759 0.006825 1.627493 2634.281766
0.857417 0.000000 0.000000 0.000000 0.000000 0.135759 0.006825 1.627493 2634.281766
0.857417 0.000000 0.000000 0.000000 0.000000 0.135759 0.006825 1.627493 2634.281766
0.857417 0.000000 0.000000 0.000000 0.000000 0.135759 0.006825 1.627493 2634.281766
0.857417 0.000000 0.000000 0.000000 0.000000 0.135759 0.006825 1.627493 2634.281766
0.857417 0.000000 0.000000 0.000000 0.000000 0.135759 0.006825 1.627493 2634.281766
0.857417 0.000000 0.000000 0.000000 0.000000 0.135759 0.006825 1.627493 2634.281766
0.857417 0.000000 0.000000 0.000000 0.000000 0.135759 0.006825 1.627493 2634.281766
0.857417 0.000000 0.000000 0.000000 0.000000 0.135759 0.006825 1.627493 2634.281766
0.857417 0.000000 0.000000 0.000000 0.000000 0.135759 0.006825 1.627493 2634.281766
0.857417 0.000000 0.000000 0.000000 0.000000 0.135759 0.006825 1.627493 2634.281766
0.857417 0.000000 0.000000 0.000000 0.000000 0.135759 0.006825 1.627493 2634.281766
0.857417 0.000000 0.000000 0.000000 0.000000 0.135759 0.006825 1.627493 2634.281766
0.857417 0.000000 0.000000 0.000000 0.000000 0.135759 0.006825 1.627493 2634.281766
0.857417 0.000000 0.000000 0.000000 0.000000 0.135759 0.006825 1.627493 2634.281766
0.857417 0.000000 0.000000 0.000000 0.000000 0.135759 0.006825 1.627493 2634.281766
0.857417 0.000000 0.000000 0.000000 0.000000 0.135759 0.006825 1.627493 2634.281766
0.857417 0.000000 0.000000 0.000000 0.000000 0.135759 0.006825 1.627493 2634.281766
0.857417 0.000000 0.000000 0.000000 0.000000 0.135759 0.006825 1.627493 2634.281766
0.857417 0.000000 0.000000 0.000000 0.000000 0.135759 0.006825 1.627493 2634.281766
0.857417 0.000000 0.000000 0.000000 0.000000 0.135759 0.006825 1.627493 2634.281766
0.857417 0.000000 0.000000 0.000000 0.000000 0.135759 0.006825 1.627493 2634.281766
0.857417 0.000000 0.000000 0.000000 0.000000 0.135759 0.006825 1.627493 2634.281766
0.857417 0.000000 0.000000 0.000000 0.000000 0.135759 0.006825 1.627493 2634.281766
0.857417 0.000000 0.000000 0.000000 0.000000 0.135759 0.006825 1.627493 2634.281766
0.857417 0.000000 0.000000 0.000000 0.000000 0.135759 0.006825 1.627493 2634.281766
0.857417 0.000000 0.000000 0.000000 0.000000 0.135759 0.006825 1.627493 2634.281766
0.857417 0.000000 0.000000 0.000000 0.000000 0.135759 0.006825 1.627493 2634.281766
0.857417 0.000000 0.000000 0.000000 0.000000 0.135759 0.006825 1.627493 2634.281766
0.857417 0.000000 0.000000 0.000000 0.000000 0.135759 0.006825 1.627493 2634.281766
0.857417 0.000000 0.000000 0.000000 0.000000 0.135759 0.006825 1.627493 2634.281766
0.857417 0.000000 0.000000 0.000000 0.000000 0.135759 0.006825 1.627493 2634.281766
0.857417 0.000000 0.000000 0.000000 0.000000 0.135759 0.006825 1.627493 2634.281766
0.857417 0.000000 0.000000 0.000000 0.000000 0.135759 0.006825 1.627493 2634.281766
0.857417 0.000000 0.000000 0.000000 0.000000 0.135759 0.006825 1.627493 2634.281766
0.857417 0.000000 0.000000 0.000000 0.000000 0.135759 0.006825 1.627493 2634.281766
0.857417 0.000000 0.000000 0.000000 0.000000 0.135759 0.006825 1.627493 2634.281766
0.857417 0.000000 0.000000 0.000000 0.000000 0.135759 0.006825 1.627493 2634.281766
0.857417 0.000000 0.000000 0.000000 0.000000 0.135759 0.006825 1.627493 2634.281766
0.857417 0.000000 0.000000 0.000000 0.000000 0.135759 0.006825 1.627493 2634.281766
0.857417 0.000000 0.000000 0.000000 0.000000 0.135759 0.006825 1.627493 2634.281766
0.857417 0.000000 0.000000 0.000000 0.000000 0.135759 0.006825 1.627493 2634.281766
0.857417 0.000000 0.000000 0.000000 0.000000 0.135759 0.006825 1.627493 2634.281766
0.857417 0.000000 0.000000 0.000000 0.000000 0.135759 0.006825 1.627493 2634.281766
0.857417 0.000000 0.000000 0.000000 0.000000 0.135759 0.006825 1.627493 2634.281766
0.857417 0.000000 0.000000 0.000000 0.000000 0.135759 0.006825 1.627493 2634.281766
0.857417 0.000000 0.000000 0.000000 0.000000 0.135759 0.006825 1.627493 2634.281766
0.857417 0.000000 0.000000 0.000000 0.000000 0.135759 0.006825 1.627493 2634.281766
0.857417 0.000000 0.000000 0.000000 0.000000 0.135759 0.006825 1.627493 2634.281766
0.857417 0.000000 0.000000 0.000000 0.000000 0.135759 0.006825 1.627493 2634.281766
0.857417 0.000000 0.000000 0.000000 0.000000 0.135759 0.006825 1.627493 2634.281766
0.857417 0.000000 0.000000 0.000000 0.000000 0.135759 0.006825 1.627493 2634.281766
0.857417 0.000000 0.000000 0.000000 0.000000 0.135759 0.006825 1.627493 2634.281766
0.857417 0.000000 0.000000 0.000000 0.000000 0.135759 0.006825 1.627493 2634.281766
0.857417 0.000000 0.000000 0.000000 0.000000 0.135759 0.006825 1.627493 2634.281766
0.857417 0.000000 0.000000 0.000000 0.000000 0.135759 0.006825 1.627493 2634.281766
0.857417 0.000000 0.000000 0.000000 0.000000 0.135759 0.006825 1.627493 2634.281766
0.857417 0.000000 0.000000 0.000000 0.000000 0.135759 0.006825 1.627493 2634.281766
0.857417 0.000000 0.000000 0.000000 0.000000 0.135759 0.006825 1.627493 2634.281766
0.857417 0.000000 0.000000 0.000000 0.000000 0.135759 0.006825 1.627493 2634.281766
0.857417 0.000000 0.000000 0.000000 0.000000 0.135759 0.006825 1.627493 2634.281766
0.857417 0.000000 0.000000 0.000000 0.000000 0.135759 0.006825 1.627493 2634.281766
0.857417 0.000000 0.000000 0.000000 0.000000 0.135759 0.006825 1.627493 2634.281766
0.857417 0.000000 0.000000 0.000000 0.000000 0.135759 0.006825 1.627493 2634.281766
0.857417 0.000000 0.000000 0.000000 0.000000 0.135759 0.006825 1.627493 2634.281766
0.857417 0.000000 0.000000 0.000000 0.000000 0.135759 0.006825 1.627493 2634.281766
0.857417 0.000000 0.000000 0.000000 0.000000 0.135759 0.006825 1.627493 2634.281766
0.857417 0.000000 0.000000 0.000000 0.000000 0.135759 0.006825 1.627493 2634.281766
0.857417 0.000000 0.000000 0.000000 0.000000 0.135759 0.006825 1.627493 2634.281766
0.857417 0.000000 0.000000 0.000000 0.000000 0.135759 0.006825 1.627493 2634.281766
0.857417 0.000000 0.000000 0.000000 0.000000 0.135759 0.006825 1.627493 2634.281766
0.857417 0.000000 0.000000 0.000000 0.000000 0.135759 0.006825 1.627493 2634.281766
0.857417 0.000000 0.000000 0.000000 0.000000 0.135759 0.006825 1.627493 2634.281766
0.857417 0.000000 0.000000 0.000000 0.000000 0.135759 0.006825 1.627493 2634.281766
0.857417 0.000000 0.000000 0.000000 0.000000 0.135759 0.006825 1.627493 2634.281766
0.857417 0.000000 0.000000 0.000000 0.000000 0.135759 0.006825 1.627493 2634.281766
0.857417 0.000000 0.000000 0.000000 0.000000 0.135759 0.006825 1.627493 2634.281766
0.857417 0.000000 0.000000 0.000000 0.000000 0.135759 0.006825 1.627493 2634.281766
0.857417 0.000000 0.000000 0.000000 0.000000 0.135759 0.006825 1.627493 2634.281766
0.857417 0.000000 0.000000 0.000000 0.000000 0.135759 0.006825 1.627493 2634.281766
0.857417 0.000000 0.000000 0.000000 0.000000 0.135759 0.006825 1.627493 2634.281766
0.857417 0.000000 0.000000 0.000000 0.000000 0.135759 0.006825 1.627493 2634.281766
0.857417 0.000000 0.000000 0.000000 0.000000 0.135759 0.006825 1.627493 2634.281766
0.857417 0.000000 0.000000 0.000000 0.000000 0.135759 0.006825 1.627493 2634.281766
0.857417 0.000000 0.000000 0.000000 0.000000 0.135759 0.006825 1.627493 2634.281766
0.857417 0.000000 0.000000 0.000000 0.000000 0.135759 0.006825 1.627493 2634.281766
0.857417 0.000000 0.000000 0.000000 0.000000 0.135759 0.006825 1.627493 2634.281766
0.857417 0.000000 0.000000 0.000000 0.000000 0.135759 0.006825 1.627493 2634.281766
0.857417 0.000000 0.000000 0.000000 0.000000 0.135759 0.006825 1.627493 2634.281766
0.857417 0.000000 0.000000 0.000000 0.000000 0.135759 0.006825 1.627493 2634.281766
0.857417 0.000000 0.000000 0.000000 0.000000 0.135759 0.006825 1.627493 2634.281766
0.857417 0.000000 0.000000 0.000000 0.000000 0.135759 0.006825 1.627493 2634.281766
0.857417 0.000000 0.000000 0.000000 0.000000 0.135759 0.006825 1.627493 2634.281766
0.857417 0.000000 0.000000 0.000000 0.000000 0.135759 0.006825 1.627493 2634.281766
0.857417 0.000000 0.000000 0.000000 0.000000 0.135759 0.006825 1.627493 2634.281766
0.857417 0.000000 0.000000 0.000000 0.000000 0.135759 0.006825 1.627493 2634.281766
0.857417 0.000000 0.000000 0.000000 0.000000 0.135759 0.006825 1.627493 2634.281766
0.857417 0.000000 0.000000 0.000000 0.000000 0.135759 0.006825 1.627493 2634.281766
0.857417 0.000000 0.000000 0.000000 0.000000 0.135759 0.006825 1.627493 2634.281766
0.857417 0.000000 0.000000 0.000000 0.000000 0.135759 0.006825 1.627493 2634.281766
0.857417 0.000000 0.000000 0.000000 0.000000 0.135759 0.006825 1.627493 2634.281766
0.857417 0.000000 0.000000 0.000000 0.000000 0.135759 0.006825 1.627493 2634.281766
0.857417 0.000000 0.000000 0.000000 0.000000 0.135759 0.006825 1.627493 2634.281766
0.857417 0.000000 0.000000 0.000000 0.000000 0.135759 0.006825 1.627493 2634.281766
0.857417 0.000000 0.000000 0.000000 0.000000 0.135759 0.006825 1.627493 2634.281766
0.857417 0.000000 0.000000 0.000000 0.000000 0.135759 0.006825 1.627493 2634.281766
0.857417 0.000000 0.000000 0.000000 0.000000 0.135759 0.006825 1.627493 2634.281766
0.857417 0.000000 0.000000 0.000000 0.000000 0.135759 0.006825 1.627493 2634.281766
0.857417 0.000000 0.000000 0.000000 0.000000 0.135759 0.006825 1.627493 2634.281766
0.857417 0.000000 0.000000 0.000000 0.000000 0.135759 0.006825 1.627493 2634.281766
0.857417 0.000000 0.000000 0.000000 0.000000 0.135759 0.006825 1.627493 2634.281766
0.857417 0.000000 0.000000 0.000000 0.000000 0.135759 0.006825 1.627493 2634.281766
0.857417 0.000000 0.000000 0.000000 0.000000 0.135759 0.006825 1.627493 2634.281766
0.857417 0.000000 0.000000 0.000000 0.000000 0.135759 0.006825 1.627493 2634.281766
0.857417 0.000000 0.000000 0.000000 0.000000 0.135759 0.006825 1.627493 2634.281766
0.857417 0.000000 0.000000 0.000000 0.000000 0.135759 0.006825 1.627493 2634.281766
0.857417 0.000000 0.000000 0.000000 0.000000 0.135759 0.006825 1.627493 2634.281766
0.857417 0.000000 0.000000 0.000000 0.000000 0.135759 0.006825 1.627493 2634.281766
0.857417 0.000000 0.000000 0.000000 0.000000 0.135759 0.006825 1.627493 2634.281766
0.857417 0.000000 0.000000 0.000000 0.000000 0.135759 0.006825 1.627493 2634.281766
0.857417 0.000000 0.000000 0.000000 0.000000 0.135759 0.006825 1.627493 2634.281766
0.857417 0.000000 0.000000 0.000000 0.000000 0.135759 0.006825 1.627493 2634.281766
0.857417 0.000000 0.000000 0.000000 0.000000 0.135759 0.006825 1.627493 2634.281766
