0.372070 0.061357 0.054089 0.030681 0.001903 0.474484 0.005414 1.551641 1905.049912
0.373335 0.060104 0.054873 0.029822 0.001916 0.474514 0.005436 1.557631 1913.625212
0.375990 0.057548 0.055480 0.029035 0.001915 0.474575 0.005458 1.563442 1922.513992
0.379461 0.054494 0.055844 0.028178 0.001917 0.474627 0.005478 1.568942 1932.179089
0.383424 0.051301 0.055800 0.027359 0.001911 0.474699 0.005506 1.574061 1943.032339
0.387843 0.047955 0.055588 0.026564 0.001901 0.474617 0.005531 1.578971 1952.660273
0.392339 0.044784 0.055139 0.025694 0.001891 0.474595 0.005558 1.583515 1962.610869
0.397134 0.041725 0.054471 0.024869 0.001880 0.474338 0.005585 1.587718 1972.522982
0.402034 0.038780 0.053608 0.024030 0.001871 0.474069 0.005608 1.591652 1980.563513
0.407078 0.036000 0.052668 0.023247 0.001863 0.473517 0.005628 1.595316 1989.919695
0.412168 0.033394 0.051546 0.022440 0.001845 0.472956 0.005651 1.598736 1999.900501
0.417391 0.030998 0.050290 0.021563 0.001820 0.472262 0.005677 1.601863 2010.445170
0.422601 0.028799 0.048962 0.020748 0.001808 0.471382 0.005702 1.604769 2019.790704
0.427815 0.026729 0.047545 0.019951 0.001784 0.470451 0.005725 1.607470 2029.669608
0.433097 0.024786 0.046101 0.019169 0.001761 0.469335 0.005750 1.610015 2038.742174
0.438413 0.022980 0.044645 0.018457 0.001739 0.467995 0.005772 1.612365 2049.005133
0.443745 0.021282 0.043166 0.017717 0.001725 0.466574 0.005792 1.614564 2057.839456
0.449043 0.019753 0.041669 0.016968 0.001701 0.465052 0.005816 1.616568 2067.983847
0.454387 0.018364 0.040094 0.016238 0.001679 0.463402 0.005836 1.618414 2076.267285
0.459744 0.017077 0.038530 0.015584 0.001653 0.461555 0.005857 1.620147 2085.658573
0.465035 0.015859 0.037047 0.014916 0.001634 0.459632 0.005876 1.621784 2094.377276
0.470397 0.014721 0.035586 0.014263 0.001606 0.457531 0.005896 1.623312 2103.401160
0.475734 0.013725 0.034145 0.013616 0.001587 0.455278 0.005916 1.624676 2111.857570
0.481043 0.012805 0.032741 0.013006 0.001558 0.452910 0.005938 1.625981 2120.628655
0.486334 0.011944 0.031375 0.012423 0.001535 0.450432 0.005956 1.627198 2128.214360
0.491586 0.011165 0.030022 0.011871 0.001500 0.447879 0.005977 1.628325 2138.797567
0.496922 0.010427 0.028697 0.011345 0.001470 0.445138 0.006000 1.629384 2148.382280
0.502103 0.009725 0.027436 0.010839 0.001434 0.442440 0.006023 1.630399 2157.400200
0.507351 0.009099 0.026172 0.010350 0.001405 0.439583 0.006041 1.631311 2165.083333
0.512479 0.008535 0.024961 0.009882 0.001372 0.436713 0.006058 1.632161 2173.514139
0.517586 0.008013 0.023792 0.009428 0.001349 0.433759 0.006073 1.632970 2181.471685
0.522775 0.007516 0.022667 0.008969 0.001323 0.430661 0.006089 1.633729 2190.847154
0.527849 0.007034 0.021592 0.008521 0.001294 0.427603 0.006107 1.634466 2200.257391
0.532884 0.006592 0.020579 0.008112 0.001265 0.424445 0.006123 1.635160 2208.859375
0.537994 0.006215 0.019571 0.007722 0.001238 0.421118 0.006142 1.635782 2218.471907
0.542979 0.005848 0.018604 0.007347 0.001213 0.417850 0.006158 1.636381 2226.265796
0.547971 0.005529 0.017657 0.006988 0.001189 0.414493 0.006172 1.636929 2232.987920
0.552910 0.005207 0.016793 0.006658 0.001163 0.411080 0.006187 1.637468 2240.925970
0.557847 0.004919 0.015988 0.006348 0.001136 0.407557 0.006205 1.637973 2248.937993
0.562744 0.004673 0.015198 0.006056 0.001110 0.403996 0.006222 1.638425 2256.798791
0.567578 0.004433 0.014422 0.005774 0.001080 0.400476 0.006237 1.638868 2263.891169
0.572365 0.004199 0.013683 0.005510 0.001048 0.396942 0.006254 1.639298 2273.724692
0.577120 0.003988 0.013034 0.005249 0.001024 0.393320 0.006266 1.639707 2281.018477
0.581799 0.003788 0.012385 0.005014 0.000995 0.389737 0.006283 1.640087 2289.205508
0.586524 0.003594 0.011784 0.004785 0.000964 0.386052 0.006297 1.640454 2296.117195
0.591092 0.003435 0.011203 0.004572 0.000941 0.382448 0.006309 1.640797 2302.576413
0.595704 0.003258 0.010662 0.004367 0.000921 0.378768 0.006321 1.641132 2308.865276
0.600264 0.003122 0.010107 0.004167 0.000899 0.375107 0.006334 1.641429 2316.314911
0.604698 0.002971 0.009613 0.003960 0.000878 0.371534 0.006346 1.641742 2323.589329
0.609195 0.002833 0.009135 0.003772 0.000853 0.367855 0.006358 1.642029 2331.223221
0.613592 0.002699 0.008713 0.003610 0.000838 0.364182 0.006366 1.642303 2336.331849
0.618021 0.002566 0.008292 0.003457 0.000817 0.360473 0.006376 1.642565 2343.144731
0.622356 0.002471 0.007870 0.003291 0.000796 0.356830 0.006385 1.642802 2349.160159
0.626670 0.002376 0.007478 0.003150 0.000776 0.353155 0.006395 1.643035 2355.259938
0.630974 0.002273 0.007109 0.003006 0.000753 0.349477 0.006408 1.643270 2361.632490
0.635192 0.002182 0.006768 0.002874 0.000731 0.345834 0.006419 1.643489 2367.574538
0.639379 0.002094 0.006442 0.002727 0.000712 0.342219 0.006427 1.643696 2373.412640
0.643505 0.002011 0.006136 0.002594 0.000693 0.338626 0.006436 1.643896 2379.305832
0.647572 0.001947 0.005834 0.002470 0.000672 0.335060 0.006445 1.644085 2385.567396
0.651614 0.001890 0.005556 0.002364 0.000653 0.331469 0.006454 1.644264 2390.863271
0.655588 0.001826 0.005290 0.002258 0.000631 0.327941 0.006465 1.644437 2397.986834
0.659538 0.001765 0.005045 0.002164 0.000617 0.324399 0.006472 1.644617 2402.207418
0.663443 0.001708 0.004798 0.002065 0.000603 0.320905 0.006478 1.644779 2406.354532
0.667344 0.001657 0.004571 0.001976 0.000581 0.317384 0.006487 1.644940 2412.684017
0.671148 0.001593 0.004355 0.001902 0.000562 0.313944 0.006495 1.645108 2417.929591
0.674964 0.001538 0.004152 0.001819 0.000545 0.310481 0.006499 1.645260 2423.113786
0.678763 0.001480 0.003950 0.001737 0.000526 0.307035 0.006508 1.645407 2428.576643
0.682514 0.001430 0.003785 0.001674 0.000512 0.303569 0.006515 1.645555 2433.287305
0.686180 0.001382 0.003613 0.001615 0.000496 0.300191 0.006522 1.645689 2438.114108
0.689838 0.001332 0.003449 0.001550 0.000481 0.296822 0.006529 1.645822 2442.555945
0.693420 0.001296 0.003290 0.001474 0.000472 0.293513 0.006534 1.645941 2445.559482
0.696962 0.001262 0.003141 0.001411 0.000455 0.290227 0.006542 1.646064 2451.962416
0.700453 0.001230 0.002991 0.001359 0.000443 0.286977 0.006547 1.646184 2456.738648
0.703977 0.001193 0.002872 0.001299 0.000428 0.283677 0.006554 1.646308 2461.748329
0.707382 0.001157 0.002744 0.001249 0.000416 0.280493 0.006559 1.646428 2465.357477
0.710837 0.001114 0.002624 0.001194 0.000403 0.277263 0.006566 1.646541 2469.768440
0.714262 0.001061 0.002526 0.001151 0.000389 0.274037 0.006573 1.646659 2473.773041
0.717633 0.001030 0.002417 0.001099 0.000380 0.270863 0.006578 1.646762 2477.277280
0.720927 0.001001 0.002307 0.001059 0.000372 0.267751 0.006583 1.646864 2480.707478
0.724164 0.000972 0.002211 0.001021 0.000361 0.264682 0.006588 1.646963 2484.243638
0.727383 0.000957 0.002105 0.000980 0.000346 0.261634 0.006595 1.647053 2489.612063
0.730576 0.000924 0.002027 0.000935 0.000336 0.258600 0.006602 1.647151 2493.117259
0.733723 0.000901 0.001944 0.000900 0.000322 0.255602 0.006608 1.647234 2497.924061
0.736794 0.000881 0.001867 0.000861 0.000313 0.252674 0.006611 1.647319 2501.131056
0.739863 0.000860 0.001790 0.000835 0.000304 0.249733 0.006615 1.647407 2504.584068
0.742867 0.000839 0.001715 0.000801 0.000295 0.246863 0.006619 1.647492 2508.571348
0.745924 0.000809 0.001656 0.000782 0.000284 0.243922 0.006622 1.647584 2512.300141
0.748943 0.000783 0.001596 0.000758 0.000278 0.241019 0.006624 1.647662 2514.668328
0.751878 0.000761 0.001536 0.000731 0.000272 0.238195 0.006627 1.647738 2517.985140
0.754777 0.000743 0.001482 0.000705 0.000262 0.235399 0.006631 1.647815 2521.012108
0.757678 0.000722 0.001427 0.000678 0.000255 0.232605 0.006635 1.647891 2524.196105
0.760482 0.000711 0.001361 0.000648 0.000247 0.229913 0.006639 1.647954 2527.836509
0.763304 0.000690 0.001308 0.000631 0.000238 0.227186 0.006642 1.648022 2531.412935
0.766041 0.000676 0.001260 0.000610 0.000231 0.224539 0.006644 1.648089 2533.594840
0.768780 0.000656 0.001220 0.000592 0.000223 0.221883 0.006647 1.648155 2536.595974
0.771489 0.000640 0.001182 0.000571 0.000216 0.219253 0.006649 1.648215 2538.854782
0.774209 0.000627 0.001139 0.000549 0.000207 0.216617 0.006653 1.648278 2542.166109
0.776876 0.000619 0.001091 0.000529 0.000199 0.214031 0.006656 1.648330 2545.508059
0.779515 0.000604 0.001057 0.000513 0.000195 0.211458 0.006658 1.648393 2547.892574
0.782118 0.000582 0.001023 0.000501 0.000188 0.208927 0.006662 1.648457 2550.523376
0.784674 0.000575 0.000995 0.000489 0.000181 0.206421 0.006665 1.648512 2552.699482
0.787207 0.000553 0.000961 0.000475 0.000176 0.203960 0.006668 1.648573 2555.018976
0.789690 0.000537 0.000925 0.000462 0.000173 0.201543 0.006670 1.648627 2556.677688
0.792131 0.000526 0.000885 0.000451 0.000168 0.199168 0.006672 1.648677 2558.902996
0.794557 0.000513 0.000856 0.000439 0.000160 0.196799 0.006676 1.648727 2561.824552
0.796890 0.000495 0.000830 0.000426 0.000156 0.194525 0.006678 1.648782 2563.952807
0.799220 0.000483 0.000801 0.000409 0.000151 0.192255 0.006681 1.648830 2565.920859
0.801579 0.000460 0.000783 0.000399 0.000148 0.189947 0.006683 1.648884 2567.586334
0.803919 0.000453 0.000752 0.000381 0.000145 0.187665 0.006686 1.648925 2569.942222
0.806199 0.000438 0.000732 0.000363 0.000138 0.185441 0.006689 1.648971 2572.248236
0.808443 0.000429 0.000704 0.000351 0.000134 0.183248 0.006692 1.649014 2574.424549
0.810687 0.000414 0.000686 0.000339 0.000128 0.181053 0.006694 1.649061 2577.071427
0.812892 0.000404 0.000663 0.000323 0.000123 0.178898 0.006697 1.649101 2579.111727
0.815097 0.000394 0.000646 0.000312 0.000119 0.176735 0.006698 1.649145 2580.674965
0.817239 0.000381 0.000627 0.000306 0.000116 0.174631 0.006699 1.649184 2582.118060
0.819383 0.000373 0.000607 0.000295 0.000112 0.172529 0.006702 1.649224 2584.256031
0.821495 0.000363 0.000582 0.000289 0.000109 0.170459 0.006703 1.649261 2585.248931
0.823574 0.000355 0.000565 0.000279 0.000107 0.168415 0.006705 1.649300 2586.148279
0.825642 0.000348 0.000551 0.000269 0.000104 0.166381 0.006706 1.649332 2587.227631
0.827698 0.000337 0.000536 0.000263 0.000102 0.164358 0.006707 1.649368 2588.202511
0.829710 0.000334 0.000518 0.000259 0.000098 0.162374 0.006708 1.649395 2589.588655
0.831713 0.000325 0.000507 0.000252 0.000095 0.160399 0.006710 1.649428 2590.762301
0.833697 0.000318 0.000488 0.000244 0.000092 0.158450 0.006711 1.649460 2591.959189
0.835592 0.000309 0.000473 0.000238 0.000088 0.156588 0.006713 1.649492 2593.254887
0.837431 0.000305 0.000460 0.000231 0.000087 0.154771 0.006714 1.649518 2594.226717
0.839280 0.000298 0.000445 0.000223 0.000083 0.152956 0.006716 1.649548 2597.031086
0.841094 0.000298 0.000433 0.000218 0.000079 0.151161 0.006717 1.649577 2598.254644
0.842905 0.000292 0.000425 0.000210 0.000077 0.149375 0.006718 1.649605 2599.527750
0.844683 0.000292 0.000413 0.000208 0.000075 0.147611 0.006719 1.649631 2600.517786
0.846479 0.000285 0.000402 0.000204 0.000073 0.145838 0.006719 1.649659 2601.222635
0.848214 0.000279 0.000394 0.000203 0.000071 0.144119 0.006720 1.649687 2602.368061
0.849927 0.000273 0.000384 0.000198 0.000069 0.142429 0.006721 1.649714 2603.571678
0.851632 0.000271 0.000373 0.000192 0.000068 0.140743 0.006722 1.649739 2604.261460
0.853330 0.000262 0.000361 0.000190 0.000065 0.139070 0.006723 1.649766 2605.700478
0.854970 0.000254 0.000348 0.000184 0.000062 0.137458 0.006724 1.649792 2606.905900
0.856573 0.000251 0.000342 0.000177 0.000061 0.135872 0.006725 1.649815 2607.869774
0.858173 0.000247 0.000331 0.000174 0.000060 0.134289 0.006725 1.649840 2608.219591
0.859767 0.000243 0.000325 0.000170 0.000057 0.132713 0.006727 1.649865 2609.175232
0.861303 0.000240 0.000323 0.000164 0.000055 0.131188 0.006727 1.649892 2609.782328
0.862826 0.000233 0.000317 0.000158 0.000054 0.129685 0.006728 1.649914 2610.422405
0.864324 0.000225 0.000313 0.000153 0.000053 0.128205 0.006728 1.649937 2611.085420
0.865795 0.000224 0.000302 0.000145 0.000052 0.126754 0.006728 1.649955 2611.484736
0.867231 0.000222 0.000288 0.000136 0.000050 0.125343 0.006729 1.649975 2612.594534
0.868625 0.000216 0.000279 0.000132 0.000049 0.123968 0.006730 1.649993 2613.174229
0.870013 0.000211 0.000270 0.000134 0.000048 0.122592 0.006731 1.650014 2613.464405
0.871419 0.000211 0.000265 0.000129 0.000046 0.121197 0.006731 1.650029 2614.445430
0.872775 0.000204 0.000264 0.000127 0.000046 0.119853 0.006732 1.650050 2615.070637
0.874096 0.000194 0.000264 0.000123 0.000044 0.118547 0.006733 1.650071 2616.296847
0.875366 0.000190 0.000255 0.000122 0.000040 0.117292 0.006735 1.650089 2617.900311
0.876614 0.000190 0.000248 0.000118 0.000039 0.116056 0.006735 1.650105 2618.336343
0.877816 0.000190 0.000240 0.000114 0.000037 0.114867 0.006736 1.650119 2619.488485
0.878967 0.000188 0.000234 0.000114 0.000036 0.113725 0.006737 1.650136 2620.032261
0.880125 0.000188 0.000226 0.000115 0.000035 0.112575 0.006738 1.650154 2620.493246
0.881298 0.000186 0.000224 0.000110 0.000034 0.111410 0.006738 1.650172 2620.952181
0.882405 0.000183 0.000219 0.000107 0.000032 0.110316 0.006738 1.650188 2621.408682
0.883514 0.000174 0.000219 0.000106 0.000031 0.109218 0.006739 1.650207 2622.474267
0.884605 0.000169 0.000213 0.000104 0.000030 0.108141 0.006739 1.650225 2622.852867
0.885650 0.000171 0.000206 0.000100 0.000028 0.107105 0.006740 1.650235 2623.955648
0.886681 0.000167 0.000202 0.000100 0.000027 0.106083 0.006741 1.650253 2624.399101
0.887703 0.000164 0.000199 0.000097 0.000027 0.105069 0.006741 1.650267 2624.716033
0.888654 0.000158 0.000197 0.000094 0.000026 0.104130 0.006741 1.650284 2625.164250
0.889592 0.000153 0.000192 0.000090 0.000025 0.103207 0.006741 1.650300 2625.250578
0.890540 0.000156 0.000189 0.000083 0.000025 0.102265 0.006741 1.650311 2625.476656
0.891480 0.000150 0.000182 0.000084 0.000024 0.101338 0.006742 1.650328 2626.106621
0.892393 0.000144 0.000181 0.000082 0.000023 0.100434 0.006742 1.650342 2626.551519
0.893285 0.000145 0.000175 0.000080 0.000022 0.099549 0.006743 1.650352 2626.903305
0.894149 0.000144 0.000170 0.000079 0.000022 0.098693 0.006743 1.650366 2627.098852
0.895008 0.000137 0.000170 0.000080 0.000021 0.097840 0.006743 1.650381 2627.711930
0.895838 0.000132 0.000165 0.000083 0.000021 0.097018 0.006743 1.650397 2627.802006
0.896634 0.000127 0.000159 0.000081 0.000021 0.096234 0.006744 1.650410 2628.314377
0.897392 0.000125 0.000156 0.000080 0.000019 0.095483 0.006744 1.650421 2629.060776
0.898146 0.000125 0.000152 0.000080 0.000019 0.094734 0.006744 1.650432 2629.266589
0.898871 0.000123 0.000151 0.000078 0.000019 0.094013 0.006744 1.650444 2629.392901
0.899611 0.000118 0.000149 0.000076 0.000019 0.093283 0.006744 1.650456 2629.410598
0.900321 0.000115 0.000147 0.000074 0.000019 0.092579 0.006745 1.650467 2629.520012
0.901015 0.000115 0.000147 0.000072 0.000019 0.091887 0.006745 1.650477 2629.591835
0.901714 0.000109 0.000146 0.000072 0.000019 0.091194 0.006745 1.650491 2630.158936
0.902365 0.000111 0.000143 0.000070 0.000018 0.090549 0.006745 1.650501 2630.452264
0.903002 0.000109 0.000141 0.000069 0.000018 0.089915 0.006745 1.650512 2630.465286
0.903646 0.000107 0.000139 0.000068 0.000017 0.089277 0.006746 1.650523 2631.156353
0.904226 0.000105 0.000137 0.000066 0.000016 0.088703 0.006747 1.650533 2631.517789
0.904812 0.000106 0.000136 0.000065 0.000016 0.088118 0.006747 1.650541 2631.517789
0.905370 0.000107 0.000131 0.000062 0.000016 0.087567 0.006747 1.650550 2631.551332
0.905947 0.000105 0.000131 0.000063 0.000016 0.086992 0.006747 1.650563 2631.553199
0.906490 0.000107 0.000131 0.000060 0.000016 0.086449 0.006747 1.650571 2631.730835
0.907034 0.000102 0.000131 0.000058 0.000015 0.085912 0.006748 1.650584 2631.829881
0.907571 0.000095 0.000129 0.000059 0.000015 0.085383 0.006748 1.650597 2631.829881
0.908082 0.000095 0.000125 0.000058 0.000015 0.084877 0.006748 1.650605 2632.201364
0.908579 0.000096 0.000120 0.000058 0.000014 0.084385 0.006748 1.650613 2632.362736
0.909060 0.000092 0.000116 0.000057 0.000014 0.083912 0.006748 1.650624 2632.578511
0.909546 0.000094 0.000111 0.000057 0.000015 0.083429 0.006748 1.650631 2632.578511
0.910000 0.000090 0.000111 0.000057 0.000015 0.082978 0.006749 1.650642 2632.597554
0.910450 0.000090 0.000107 0.000055 0.000015 0.082533 0.006749 1.650649 2632.955816
0.910879 0.000092 0.000106 0.000054 0.000015 0.082106 0.006749 1.650656 2633.071183
0.911319 0.000086 0.000104 0.000053 0.000014 0.081674 0.006749 1.650666 2633.446746
0.911742 0.000086 0.000100 0.000052 0.000014 0.081256 0.006749 1.650673 2633.647517
0.912133 0.000085 0.000095 0.000053 0.000014 0.080870 0.006749 1.650682 2633.916309
0.912509 0.000083 0.000093 0.000050 0.000014 0.080502 0.006749 1.650689 2634.074370
0.912897 0.000080 0.000094 0.000050 0.000013 0.080116 0.006749 1.650698 2634.106160
0.913257 0.000080 0.000093 0.000048 0.000012 0.079760 0.006750 1.650705 2634.760272
0.913616 0.000075 0.000093 0.000049 0.000012 0.079404 0.006750 1.650715 2634.780253
0.913977 0.000074 0.000090 0.000049 0.000012 0.079049 0.006750 1.650722 2634.780253
0.914302 0.000073 0.000087 0.000047 0.000011 0.078729 0.006750 1.650730 2634.918468
0.914616 0.000074 0.000086 0.000047 0.000011 0.078415 0.006750 1.650737 2635.156800
0.914901 0.000075 0.000082 0.000047 0.000011 0.078134 0.006750 1.650743 2635.156800
0.915197 0.000075 0.000082 0.000046 0.000010 0.077838 0.006751 1.650749 2635.385823
0.915490 0.000073 0.000081 0.000050 0.000010 0.077546 0.006751 1.650758 2635.385823
0.915786 0.000067 0.000082 0.000050 0.000009 0.077255 0.006751 1.650767 2635.509270
0.916064 0.000068 0.000081 0.000050 0.000009 0.076978 0.006751 1.650772 2635.558233
0.916335 0.000067 0.000080 0.000049 0.000009 0.076709 0.006751 1.650777 2635.749065
0.916594 0.000069 0.000078 0.000046 0.000008 0.076452 0.006752 1.650781 2635.871260
0.916866 0.000067 0.000076 0.000045 0.000008 0.076185 0.006752 1.650788 2636.324905
0.917124 0.000067 0.000074 0.000045 0.000008 0.075930 0.006752 1.650795 2636.324905
0.917388 0.000066 0.000071 0.000045 0.000007 0.075671 0.006752 1.650800 2636.579941
0.917626 0.000063 0.000073 0.000043 0.000007 0.075435 0.006752 1.650809 2636.579941
0.917871 0.000063 0.000073 0.000041 0.000008 0.075192 0.006752 1.650814 2636.579941
0.918122 0.000062 0.000071 0.000041 0.000008 0.074944 0.006752 1.650821 2636.579941
0.918353 0.000060 0.000069 0.000041 0.000007 0.074716 0.006752 1.650826 2636.651442
0.918593 0.000061 0.000067 0.000040 0.000007 0.074478 0.006752 1.650831 2636.651442
0.918821 0.000060 0.000065 0.000039 0.000008 0.074254 0.006752 1.650836 2636.651442
0.919051 0.000058 0.000063 0.000039 0.000008 0.074028 0.006752 1.650842 2636.651442
0.919246 0.000057 0.000062 0.000038 0.000008 0.073835 0.006752 1.650846 2636.651442
0.919457 0.000057 0.000060 0.000038 0.000008 0.073628 0.006752 1.650852 2636.834918
0.919660 0.000055 0.000060 0.000038 0.000008 0.073425 0.006752 1.650859 2636.834918
0.919859 0.000053 0.000061 0.000039 0.000008 0.073228 0.006752 1.650866 2636.834918
0.920058 0.000053 0.000060 0.000038 0.000008 0.073030 0.006752 1.650870 2637.047930
0.920242 0.000050 0.000061 0.000037 0.000007 0.072850 0.006752 1.650875 2637.318308
0.920425 0.000052 0.000062 0.000036 0.000007 0.072665 0.006752 1.650881 2637.318308
0.920604 0.000050 0.000061 0.000034 0.000007 0.072490 0.006753 1.650886 2637.549107
0.920781 0.000052 0.000059 0.000033 0.000006 0.072314 0.006753 1.650890 2637.725131
0.920950 0.000050 0.000058 0.000033 0.000006 0.072150 0.006753 1.650896 2637.800976
0.921114 0.000049 0.000058 0.000033 0.000006 0.071987 0.006753 1.650901 2637.800976
0.921274 0.000048 0.000057 0.000032 0.000006 0.071830 0.006753 1.650907 2637.825777
0.921424 0.000047 0.000058 0.000030 0.000006 0.071681 0.006753 1.650912 2637.825777
0.921570 0.000046 0.000056 0.000031 0.000006 0.071537 0.006753 1.650918 2637.825777
0.921724 0.000044 0.000053 0.000031 0.000006 0.071388 0.006753 1.650922 2637.825777
0.921878 0.000043 0.000052 0.000031 0.000006 0.071237 0.006753 1.650926 2637.880208
0.922021 0.000041 0.000054 0.000030 0.000006 0.071095 0.006753 1.650932 2637.880208
0.922174 0.000039 0.000053 0.000030 0.000006 0.070944 0.006753 1.650938 2637.880208
0.922308 0.000040 0.000052 0.000029 0.000005 0.070811 0.006754 1.650941 2638.025746
0.922436 0.000041 0.000050 0.000028 0.000005 0.070686 0.006754 1.650945 2638.190105
0.922557 0.000040 0.000047 0.000027 0.000004 0.070570 0.006754 1.650949 2638.489788
0.922676 0.000040 0.000047 0.000026 0.000004 0.070452 0.006754 1.650952 2638.489788
0.922792 0.000040 0.000048 0.000026 0.000004 0.070335 0.006754 1.650957 2638.554795
0.922903 0.000039 0.000048 0.000025 0.000004 0.070227 0.006754 1.650962 2638.566783
0.923005 0.000036 0.000048 0.000025 0.000004 0.070128 0.006754 1.650967 2638.566783
0.923104 0.000036 0.000048 0.000025 0.000004 0.070029 0.006754 1.650971 2638.643165
0.923214 0.000037 0.000046 0.000024 0.000004 0.069920 0.006754 1.650975 2638.643165
0.923309 0.000037 0.000045 0.000022 0.000004 0.069827 0.006755 1.650977 2638.716309
0.923403 0.000037 0.000042 0.000023 0.000004 0.069736 0.006755 1.650979 2638.716309
0.923500 0.000035 0.000043 0.000022 0.000004 0.069641 0.006755 1.650983 2638.716309
0.923590 0.000034 0.000043 0.000022 0.000004 0.069551 0.006755 1.650985 2638.781512
0.923674 0.000035 0.000045 0.000022 0.000004 0.069465 0.006755 1.650989 2638.873829
0.923763 0.000036 0.000042 0.000021 0.000004 0.069380 0.006755 1.650992 2638.873829
0.923843 0.000035 0.000042 0.000020 0.000004 0.069301 0.006755 1.650996 2638.873829
0.923928 0.000033 0.000041 0.000020 0.000004 0.069219 0.006755 1.651000 2638.873829
0.924004 0.000033 0.000040 0.000019 0.000004 0.069145 0.006755 1.651002 2638.887648
0.924081 0.000030 0.000039 0.000020 0.000003 0.069071 0.006755 1.651007 2639.053910
0.924149 0.000029 0.000038 0.000019 0.000003 0.069006 0.006755 1.651009 2639.053910
0.924219 0.000030 0.000037 0.000019 0.000003 0.068936 0.006755 1.651011 2639.103158
0.924298 0.000029 0.000036 0.000018 0.000003 0.068861 0.006755 1.651015 2639.103158
0.924365 0.000028 0.000034 0.000018 0.000003 0.068796 0.006755 1.651017 2639.202635
0.924425 0.000028 0.000034 0.000017 0.000003 0.068738 0.006756 1.651019 2639.308305
0.924500 0.000027 0.000032 0.000017 0.000003 0.068665 0.006756 1.651022 2639.308305
0.924564 0.000026 0.000032 0.000017 0.000002 0.068603 0.006756 1.651027 2639.362732
0.924629 0.000024 0.000034 0.000018 0.000002 0.068538 0.006756 1.651031 2639.362732
0.924691 0.000024 0.000034 0.000016 0.000002 0.068476 0.006756 1.651033 2639.362732
0.924755 0.000025 0.000035 0.000016 0.000002 0.068412 0.006756 1.651036 2639.362732
0.924819 0.000025 0.000034 0.000015 0.000002 0.068349 0.006756 1.651038 2639.362732
0.924872 0.000026 0.000033 0.000015 0.000002 0.068296 0.006756 1.651041 2639.362732
0.924921 0.000028 0.000032 0.000014 0.000002 0.068248 0.006756 1.651043 2639.362732
0.924973 0.000029 0.000030 0.000014 0.000002 0.068197 0.006756 1.651045 2639.362732
0.925018 0.000031 0.000029 0.000013 0.000002 0.068150 0.006756 1.651047 2639.362732
0.925069 0.000031 0.000030 0.000014 0.000002 0.068098 0.006756 1.651050 2639.742115
0.925121 0.000032 0.000028 0.000014 0.000001 0.068047 0.006757 1.651052 2639.887337
0.925165 0.000031 0.000028 0.000014 0.000001 0.068004 0.006757 1.651055 2639.887337
0.925213 0.000032 0.000028 0.000014 0.000001 0.067956 0.006757 1.651058 2639.887337
0.925265 0.000030 0.000029 0.000015 0.000001 0.067903 0.006757 1.651061 2639.887337
0.925312 0.000030 0.000029 0.000015 0.000001 0.067855 0.006757 1.651064 2639.887337
0.925361 0.000029 0.000028 0.000016 0.000001 0.067808 0.006757 1.651066 2639.887337
0.925407 0.000028 0.000028 0.000016 0.000001 0.067762 0.006757 1.651069 2639.887337
0.925442 0.000028 0.000028 0.000016 0.000001 0.067728 0.006757 1.651071 2639.887337
0.925490 0.000027 0.000027 0.000016 0.000001 0.067681 0.006757 1.651074 2639.887337
0.925527 0.000026 0.000028 0.000015 0.000002 0.067645 0.006757 1.651076 2639.887337
0.925567 0.000026 0.000028 0.000015 0.000002 0.067605 0.006757 1.651078 2639.887337
0.925603 0.000025 0.000028 0.000014 0.000001 0.067572 0.006757 1.651081 2640.059285
0.925644 0.000024 0.000028 0.000013 0.000001 0.067532 0.006757 1.651083 2640.059285
0.925677 0.000026 0.000029 0.000012 0.000001 0.067499 0.006757 1.651085 2640.059285
0.925707 0.000024 0.000029 0.000012 0.000001 0.067470 0.006757 1.651089 2640.059285
0.925738 0.000022 0.000029 0.000012 0.000001 0.067441 0.006757 1.651093 2640.059285
0.925764 0.000021 0.000028 0.000012 0.000001 0.067416 0.006757 1.651095 2640.059285
0.925790 0.000020 0.000027 0.000011 0.000001 0.067395 0.006757 1.651097 2640.121927
0.925814 0.000019 0.000026 0.000011 0.000001 0.067371 0.006757 1.651099 2640.121927
0.925844 0.000019 0.000025 0.000009 0.000001 0.067345 0.006757 1.651100 2640.121927
0.925871 0.000016 0.000025 0.000010 0.000001 0.067320 0.006757 1.651104 2640.121927
0.925898 0.000015 0.000025 0.000010 0.000001 0.067294 0.006757 1.651106 2640.426246
0.925918 0.000015 0.000024 0.000010 0.000001 0.067276 0.006757 1.651107 2640.426246
0.925944 0.000015 0.000022 0.000010 0.000001 0.067252 0.006757 1.651107 2640.426246
0.925968 0.000014 0.000022 0.000009 0.000001 0.067229 0.006757 1.651109 2640.426246
0.925990 0.000014 0.000020 0.000010 0.000001 0.067208 0.006757 1.651110 2640.426246
0.926016 0.000014 0.000020 0.000009 0.000001 0.067183 0.006757 1.651111 2640.426246
0.926041 0.000013 0.000021 0.000009 0.000001 0.067158 0.006757 1.651114 2640.426246
0.926063 0.000012 0.000020 0.000010 0.000001 0.067137 0.006757 1.651116 2640.426246
0.926087 0.000011 0.000019 0.000010 0.000001 0.067115 0.006757 1.651117 2640.426246
0.926107 0.000010 0.000019 0.000009 0.000001 0.067096 0.006757 1.651119 2640.426246
0.926127 0.000010 0.000020 0.000008 0.000001 0.067076 0.006757 1.651121 2640.426246
0.926146 0.000009 0.000020 0.000009 0.000001 0.067058 0.006757 1.651123 2640.426246
0.926167 0.000008 0.000019 0.000009 0.000001 0.067039 0.006757 1.651125 2640.426246
0.926187 0.000009 0.000017 0.000008 0.000001 0.067021 0.006757 1.651125 2640.426246
0.926202 0.000009 0.000017 0.000007 0.000002 0.067005 0.006757 1.651126 2640.426246
0.926221 0.000008 0.000016 0.000007 0.000002 0.066989 0.006757 1.651127 2640.426246
0.926240 0.000008 0.000016 0.000007 0.000002 0.066970 0.006757 1.651129 2640.426246
0.926258 0.000008 0.000015 0.000007 0.000002 0.066953 0.006757 1.651129 2640.426246
0.926273 0.000008 0.000014 0.000007 0.000002 0.066940 0.006757 1.651131 2640.426246
0.926289 0.000008 0.000014 0.000006 0.000002 0.066924 0.006757 1.651131 2640.426246
0.926305 0.000008 0.000014 0.000006 0.000002 0.066909 0.006757 1.651132 2640.426246
0.926322 0.000007 0.000014 0.000006 0.000001 0.066893 0.006757 1.651134 2640.506262
0.926335 0.000006 0.000013 0.000006 0.000001 0.066881 0.006757 1.651134 2640.506262
0.926349 0.000007 0.000013 0.000005 0.000001 0.066868 0.006757 1.651134 2640.506262
0.926361 0.000006 0.000013 0.000004 0.000001 0.066857 0.006757 1.651135 2640.506262
0.926377 0.000006 0.000012 0.000004 0.000001 0.066843 0.006757 1.651135 2640.506262
0.926388 0.000007 0.000012 0.000004 0.000001 0.066831 0.006757 1.651135 2640.506262
0.926398 0.000008 0.000012 0.000004 0.000001 0.066820 0.006757 1.651136 2640.506262
0.926408 0.000007 0.000011 0.000004 0.000001 0.066811 0.006757 1.651137 2640.506262
0.926417 0.000007 0.000011 0.000004 0.000001 0.066803 0.006757 1.651137 2640.506262
0.926426 0.000007 0.000011 0.000004 0.000001 0.066795 0.006757 1.651137 2640.506262
0.926436 0.000007 0.000010 0.000004 0.000001 0.066785 0.006757 1.651138 2640.506262
0.926445 0.000006 0.000010 0.000004 0.000001 0.066777 0.006757 1.651140 2640.506262
0.926453 0.000006 0.000010 0.000004 0.000001 0.066769 0.006757 1.651140 2640.564239
0.926462 0.000005 0.000011 0.000004 0.000001 0.066760 0.006757 1.651142 2640.564239
0.926471 0.000006 0.000010 0.000005 0.000001 0.066751 0.006757 1.651142 2640.564239
0.926479 0.000006 0.000009 0.000005 0.000001 0.066742 0.006757 1.651142 2640.564239
0.926486 0.000007 0.000009 0.000005 0.000001 0.066735 0.006757 1.651143 2640.564239
0.926497 0.000007 0.000009 0.000005 0.000001 0.066724 0.006757 1.651143 2640.600422
0.926506 0.000007 0.000009 0.000004 0.000001 0.066715 0.006757 1.651144 2640.600422
0.926515 0.000007 0.000009 0.000004 0.000000 0.066707 0.006757 1.651145 2640.635408
0.926521 0.000007 0.000009 0.000004 0.000000 0.066701 0.006757 1.651145 2640.635408
0.926530 0.000008 0.000009 0.000004 0.000000 0.066691 0.006757 1.651145 2640.635408
0.926539 0.000008 0.000008 0.000004 0.000000 0.066684 0.006758 1.651145 2640.671262
0.926546 0.000008 0.000007 0.000004 0.000000 0.066678 0.006758 1.651146 2640.671262
0.926553 0.000007 0.000008 0.000004 0.000000 0.066671 0.006758 1.651147 2640.671262
0.926559 0.000007 0.000008 0.000004 0.000000 0.066665 0.006758 1.651148 2640.671262
0.926564 0.000007 0.000007 0.000004 0.000000 0.066660 0.006758 1.651149 2640.671262
0.926572 0.000007 0.000007 0.000004 0.000000 0.066652 0.006758 1.651149 2640.671262
0.926577 0.000007 0.000007 0.000004 0.000000 0.066648 0.006758 1.651150 2640.795316
0.926583 0.000006 0.000005 0.000004 0.000000 0.066644 0.006758 1.651151 2640.795316
0.926589 0.000006 0.000005 0.000003 0.000000 0.066639 0.006758 1.651151 2640.795316
0.926593 0.000007 0.000005 0.000003 0.000000 0.066634 0.006758 1.651152 2640.795316
0.926598 0.000007 0.000005 0.000003 0.000000 0.066629 0.006758 1.651152 2640.795316
0.926605 0.000007 0.000005 0.000003 0.000000 0.066623 0.006758 1.651152 2640.795316
0.926613 0.000006 0.000005 0.000003 0.000000 0.066615 0.006758 1.651153 2640.795316
0.926617 0.000006 0.000005 0.000003 0.000000 0.066610 0.006758 1.651154 2640.795316
0.926621 0.000006 0.000005 0.000003 0.000000 0.066606 0.006758 1.651155 2640.795316
0.926626 0.000006 0.000006 0.000004 0.000000 0.066601 0.006758 1.651156 2640.795316
0.926632 0.000005 0.000006 0.000004 0.000000 0.066595 0.006758 1.651156 2640.795316
0.926635 0.000005 0.000006 0.000004 0.000000 0.066592 0.006758 1.651157 2640.795316
0.926640 0.000005 0.000005 0.000004 0.000000 0.066587 0.006758 1.651157 2640.795316
0.926644 0.000005 0.000006 0.000004 0.000000 0.066583 0.006758 1.651158 2640.795316
0.926649 0.000006 0.000005 0.000004 0.000000 0.066578 0.006758 1.651158 2640.795316
0.926653 0.000006 0.000005 0.000003 0.000000 0.066575 0.006758 1.651158 2640.795316
0.926656 0.000006 0.000005 0.000004 0.000000 0.066572 0.006758 1.651159 2640.795316
0.926659 0.000005 0.000005 0.000004 0.000000 0.066569 0.006758 1.651161 2640.795316
0.926662 0.000005 0.000005 0.000004 0.000000 0.066566 0.006758 1.651161 2640.795316
0.926664 0.000005 0.000005 0.000005 0.000000 0.066563 0.006758 1.651162 2640.795316
0.926668 0.000005 0.000004 0.000005 0.000000 0.066560 0.006758 1.651163 2640.795316
0.926672 0.000005 0.000004 0.000005 0.000000 0.066557 0.006758 1.651163 2640.795316
0.926675 0.000005 0.000004 0.000005 0.000000 0.066553 0.006758 1.651163 2640.795316
0.926680 0.000004 0.000005 0.000005 0.000000 0.066549 0.006758 1.651164 2640.795316
0.926684 0.000004 0.000005 0.000005 0.000000 0.066545 0.006758 1.651165 2640.795316
0.926687 0.000003 0.000005 0.000004 0.000000 0.066543 0.006758 1.651165 2640.795316
0.926690 0.000004 0.000004 0.000004 0.000000 0.066540 0.006758 1.651165 2640.795316
0.926693 0.000005 0.000004 0.000004 0.000000 0.066537 0.006758 1.651165 2640.795316
0.926697 0.000005 0.000004 0.000004 0.000000 0.066533 0.006758 1.651165 2640.795316
0.926699 0.000004 0.000004 0.000003 0.000000 0.066532 0.006758 1.651166 2640.795316
0.926702 0.000005 0.000004 0.000003 0.000000 0.066529 0.006758 1.651166 2640.795316
0.926704 0.000004 0.000004 0.000003 0.000000 0.066527 0.006758 1.651166 2640.795316
0.926707 0.000004 0.000003 0.000002 0.000000 0.066526 0.006758 1.651166 2640.795316
0.926709 0.000005 0.000003 0.000002 0.000000 0.066524 0.006758 1.651166 2640.795316
0.926710 0.000004 0.000003 0.000002 0.000000 0.066523 0.006758 1.651167 2640.798705
0.926712 0.000004 0.000003 0.000001 0.000000 0.066521 0.006758 1.651168 2640.798705
0.926713 0.000004 0.000003 0.000002 0.000000 0.066520 0.006758 1.651168 2640.798705
0.926715 0.000004 0.000003 0.000002 0.000000 0.066518 0.006758 1.651169 2640.798705
0.926716 0.000004 0.000003 0.000002 0.000000 0.066517 0.006758 1.651169 2640.798705
0.926719 0.000003 0.000003 0.000002 0.000000 0.066514 0.006758 1.651170 2640.798705
0.926722 0.000003 0.000003 0.000002 0.000000 0.066512 0.006758 1.651170 2640.798705
0.926723 0.000003 0.000003 0.000002 0.000000 0.066511 0.006758 1.651170 2640.798705
0.926725 0.000003 0.000003 0.000002 0.000000 0.066510 0.006758 1.651171 2640.798705
0.926727 0.000003 0.000002 0.000002 0.000000 0.066508 0.006758 1.651171 2640.798705
0.926729 0.000003 0.000002 0.000002 0.000000 0.066506 0.006758 1.651172 2640.798705
0.926730 0.000003 0.000002 0.000002 0.000000 0.066505 0.006758 1.651172 2640.798705
0.926730 0.000003 0.000002 0.000002 0.000000 0.066504 0.006758 1.651173 2640.798705
0.926732 0.000003 0.000002 0.000001 0.000000 0.066503 0.006758 1.651173 2640.798705
0.926733 0.000004 0.000002 0.000001 0.000000 0.066502 0.006758 1.651173 2640.798705
0.926734 0.000004 0.000002 0.000001 0.000000 0.066501 0.006758 1.651173 2640.798705
0.926735 0.000004 0.000003 0.000000 0.000000 0.066500 0.006758 1.651174 2640.798705
0.926737 0.000003 0.000003 0.000001 0.000000 0.066498 0.006758 1.651175 2640.798705
0.926738 0.000003 0.000003 0.000001 0.000000 0.066497 0.006758 1.651175 2640.798705
0.926739 0.000003 0.000003 0.000001 0.000000 0.066495 0.006758 1.651175 2640.798705
0.926741 0.000003 0.000003 0.000001 0.000000 0.066494 0.006758 1.651175 2640.798705
0.926742 0.000003 0.000003 0.000001 0.000000 0.066492 0.006758 1.651176 2640.798705
0.926743 0.000002 0.000004 0.000002 0.000000 0.066491 0.006758 1.651177 2640.798705
0.926745 0.000001 0.000003 0.000002 0.000000 0.066491 0.006758 1.651177 2640.798705
0.926745 0.000002 0.000003 0.000002 0.000000 0.066491 0.006758 1.651177 2640.798705
0.926746 0.000001 0.000003 0.000002 0.000000 0.066490 0.006758 1.651178 2640.798705
0.926747 0.000002 0.000003 0.000002 0.000000 0.066488 0.006758 1.651178 2640.798705
0.926748 0.000001 0.000003 0.000002 0.000000 0.066487 0.006758 1.651178 2640.798705
0.926749 0.000001 0.000003 0.000002 0.000000 0.066487 0.006758 1.651179 2640.811949
0.926749 0.000000 0.000002 0.000002 0.000000 0.066488 0.006758 1.651179 2640.811949
0.926751 0.000000 0.000002 0.000002 0.000000 0.066486 0.006758 1.651179 2640.811949
0.926751 0.000001 0.000002 0.000002 0.000000 0.066485 0.006758 1.651179 2640.811949
0.926752 0.000001 0.000002 0.000002 0.000000 0.066485 0.006758 1.651179 2640.811949
0.926752 0.000002 0.000002 0.000002 0.000000 0.066484 0.006758 1.651179 2640.811949
0.926753 0.000002 0.000002 0.000002 0.000000 0.066483 0.006758 1.651180 2640.811949
0.926754 0.000002 0.000002 0.000002 0.000000 0.066482 0.006758 1.651180 2640.811949
0.926755 0.000002 0.000002 0.000002 0.000000 0.066482 0.006758 1.651180 2640.811949
0.926755 0.000001 0.000002 0.000002 0.000000 0.066481 0.006758 1.651180 2640.811949
0.926756 0.000001 0.000001 0.000002 0.000000 0.066481 0.006758 1.651181 2640.811949
0.926757 0.000001 0.000002 0.000002 0.000000 0.066480 0.006758 1.651181 2640.811949
0.926758 0.000001 0.000002 0.000002 0.000000 0.066479 0.006758 1.651181 2640.811949
0.926759 0.000001 0.000001 0.000002 0.000000 0.066478 0.006758 1.651181 2640.811949
0.926760 0.000001 0.000002 0.000002 0.000000 0.066477 0.006758 1.651181 2640.811949
0.926761 0.000001 0.000002 0.000002 0.000000 0.066476 0.006758 1.651181 2640.811949
0.926762 0.000001 0.000001 0.000002 0.000000 0.066476 0.006758 1.651181 2640.811949
0.926762 0.000001 0.000001 0.000002 0.000000 0.066476 0.006758 1.651181 2640.811949
0.926762 0.000001 0.000001 0.000002 0.000000 0.066475 0.006758 1.651181 2640.811949
0.926763 0.000001 0.000001 0.000002 0.000000 0.066475 0.006758 1.651181 2640.811949
0.926764 0.000001 0.000001 0.000001 0.000000 0.066474 0.006758 1.651181 2640.811949
0.926763 0.000001 0.000001 0.000001 0.000000 0.066474 0.006758 1.651182 2640.811949
0.926764 0.000001 0.000001 0.000001 0.000000 0.066474 0.006758 1.651182 2640.811949
0.926765 0.000002 0.000001 0.000001 0.000000 0.066473 0.006758 1.651182 2640.811949
0.926766 0.000001 0.000001 0.000001 0.000000 0.066472 0.006758 1.651182 2640.811949
0.926766 0.000001 0.000001 0.000001 0.000000 0.066471 0.006758 1.651182 2640.811949
0.926767 0.000001 0.000001 0.000001 0.000000 0.066471 0.006758 1.651182 2640.811949
0.926767 0.000001 0.000001 0.000001 0.000000 0.066471 0.006758 1.651183 2640.811949
0.926767 0.000001 0.000001 0.000001 0.000000 0.066470 0.006759 1.651183 2640.825394
0.926768 0.000001 0.000001 0.000001 0.000000 0.066470 0.006759 1.651183 2640.825394
0.926768 0.000002 0.000001 0.000000 0.000000 0.066470 0.006759 1.651183 2640.825394
0.926768 0.000002 0.000001 0.000000 0.000000 0.066470 0.006759 1.651183 2640.825394
0.926769 0.000002 0.000001 0.000000 0.000000 0.066470 0.006759 1.651183 2640.825394
0.926768 0.000002 0.000001 0.000000 0.000000 0.066470 0.006759 1.651183 2640.825394
0.926768 0.000002 0.000001 0.000000 0.000000 0.066470 0.006759 1.651183 2640.825394
0.926767 0.000002 0.000001 0.000000 0.000000 0.066470 0.006759 1.651183 2640.825394
0.926768 0.000002 0.000001 0.000000 0.000000 0.066470 0.006759 1.651183 2640.825394
0.926768 0.000002 0.000000 0.000001 0.000000 0.066470 0.006759 1.651184 2640.825394
0.926769 0.000002 0.000000 0.000001 0.000000 0.066470 0.006759 1.651184 2640.825394
0.926769 0.000002 0.000000 0.000000 0.000000 0.066469 0.006759 1.651184 2640.825394
0.926769 0.000002 0.000000 0.000000 0.000000 0.066469 0.006759 1.651184 2640.825394
0.926770 0.000002 0.000000 0.000001 0.000000 0.066468 0.006759 1.651184 2640.825394
0.926769 0.000002 0.000000 0.000001 0.000000 0.066468 0.006759 1.651184 2640.825394
0.926769 0.000002 0.000000 0.000001 0.000000 0.066468 0.006759 1.651184 2640.825394
0.926769 0.000002 0.000000 0.000001 0.000000 0.066468 0.006759 1.651185 2640.825394
0.926770 0.000002 0.000000 0.000001 0.000000 0.066468 0.006759 1.651185 2640.825394
0.926770 0.000003 0.000000 0.000000 0.000000 0.066468 0.006759 1.651185 2640.851255
0.926771 0.000003 0.000000 0.000000 0.000000 0.066468 0.006759 1.651185 2640.851255
0.926771 0.000002 0.000000 0.000000 0.000000 0.066467 0.006759 1.651185 2640.851255
0.926771 0.000003 0.000000 0.000001 0.000000 0.066467 0.006759 1.651185 2640.851255
0.926770 0.000002 0.000000 0.000001 0.000000 0.066467 0.006759 1.651185 2640.851255
0.926771 0.000003 0.000000 0.000001 0.000000 0.066467 0.006759 1.651185 2640.851255
0.926771 0.000003 0.000000 0.000000 0.000000 0.066467 0.006759 1.651185 2640.851255
0.926771 0.000003 0.000001 0.000000 0.000000 0.066467 0.006759 1.651186 2640.851255
0.926771 0.000003 0.000001 0.000000 0.000000 0.066467 0.006759 1.651186 2640.851255
0.926771 0.000003 0.000001 0.000001 0.000000 0.066466 0.006759 1.651186 2640.851255
0.926771 0.000002 0.000001 0.000001 0.000000 0.066466 0.006759 1.651187 2640.851255
0.926771 0.000002 0.000001 0.000000 0.000000 0.066466 0.006759 1.651187 2640.851255
0.926771 0.000003 0.000001 0.000000 0.000000 0.066466 0.006759 1.651187 2640.851255
0.926770 0.000003 0.000001 0.000000 0.000000 0.066466 0.006759 1.651187 2640.851255
0.926771 0.000003 0.000001 0.000000 0.000000 0.066466 0.006759 1.651187 2640.851255
0.926771 0.000003 0.000001 0.000000 0.000000 0.066466 0.006759 1.651188 2640.851255
0.926772 0.000003 0.000001 0.000000 0.000000 0.066465 0.006759 1.651188 2640.851255
0.926772 0.000003 0.000001 0.000000 0.000000 0.066465 0.006759 1.651188 2640.851255
0.926772 0.000003 0.000001 0.000000 0.000000 0.066464 0.006759 1.651188 2640.851255
0.926772 0.000003 0.000002 0.000000 0.000000 0.066464 0.006759 1.651188 2640.851255
0.926771 0.000002 0.000003 0.000001 0.000000 0.066464 0.006759 1.651190 2640.851255
0.926771 0.000003 0.000003 0.000001 0.000000 0.066464 0.006759 1.651190 2640.851255
0.926771 0.000003 0.000002 0.000001 0.000000 0.066464 0.006759 1.651190 2640.851255
0.926771 0.000002 0.000002 0.000001 0.000000 0.066464 0.006759 1.651190 2640.851255
0.926772 0.000002 0.000002 0.000001 0.000000 0.066464 0.006759 1.651190 2640.851255
0.926772 0.000001 0.000002 0.000001 0.000000 0.066464 0.006759 1.651191 2640.851255
0.926773 0.000001 0.000002 0.000001 0.000000 0.066464 0.006759 1.651191 2640.851255
0.926773 0.000001 0.000001 0.000001 0.000000 0.066465 0.006759 1.651191 2640.851255
0.926773 0.000001 0.000001 0.000001 0.000000 0.066465 0.006759 1.651191 2640.851255
0.926774 0.000001 0.000001 0.000001 0.000000 0.066465 0.006759 1.651191 2640.851255
0.926774 0.000001 0.000001 0.000001 0.000000 0.066464 0.006759 1.651191 2640.851255
0.926774 0.000001 0.000001 0.000001 0.000000 0.066464 0.006759 1.651192 2640.851255
0.926774 0.000001 0.000001 0.000000 0.000000 0.066464 0.006759 1.651192 2640.851255
0.926775 0.000001 0.000001 0.000000 0.000000 0.066464 0.006759 1.651192 2640.851255
0.926775 0.000001 0.000001 0.000000 0.000000 0.066464 0.006759 1.651192 2640.851255
0.926776 0.000001 0.000001 0.000000 0.000000 0.066464 0.006759 1.651192 2640.851255
0.926775 0.000001 0.000000 0.000000 0.000000 0.066464 0.006759 1.651192 2640.851255
0.926776 0.000001 0.000000 0.000000 0.000000 0.066463 0.006759 1.651192 2640.851255
0.926777 0.000001 0.000000 0.000000 0.000000 0.066462 0.006759 1.651192 2640.851255
0.926777 0.000001 0.000000 0.000000 0.000000 0.066462 0.006759 1.651192 2640.851255
0.926777 0.000001 0.000000 0.000000 0.000000 0.066462 0.006759 1.651192 2640.851255
0.926777 0.000001 0.000000 0.000000 0.000000 0.066462 0.006759 1.651192 2640.851255
0.926777 0.000001 0.000000 0.000001 0.000000 0.066462 0.006759 1.651192 2640.851255
0.926777 0.000001 0.000000 0.000001 0.000000 0.066462 0.006759 1.651192 2640.851255
0.926778 0.000000 0.000001 0.000001 0.000000 0.066462 0.006759 1.651193 2640.851255
0.926778 0.000000 0.000001 0.000001 0.000000 0.066461 0.006759 1.651193 2640.851255
0.926778 0.000000 0.000001 0.000001 0.000000 0.066461 0.006759 1.651193 2640.851255
0.926778 0.000000 0.000001 0.000001 0.000000 0.066461 0.006759 1.651193 2640.851255
0.926778 0.000000 0.000001 0.000001 0.000000 0.066461 0.006759 1.651193 2640.851255
0.926779 0.000000 0.000001 0.000001 0.000000 0.066461 0.006759 1.651193 2640.851255
0.926779 0.000000 0.000001 0.000001 0.000000 0.066460 0.006759 1.651193 2640.851255
0.926779 0.000000 0.000001 0.000001 0.000000 0.066461 0.006759 1.651193 2640.851255
0.926779 0.000000 0.000001 0.000001 0.000000 0.066460 0.006759 1.651193 2640.851255
0.926779 0.000000 0.000001 0.000001 0.000000 0.066460 0.006759 1.651193 2640.851255
0.926779 0.000000 0.000001 0.000000 0.000000 0.066460 0.006759 1.651193 2640.851255
0.926779 0.000000 0.000001 0.000000 0.000000 0.066461 0.006759 1.651193 2640.851255
0.926779 0.000000 0.000001 0.000000 0.000000 0.066461 0.006759 1.651193 2640.851255
0.926779 0.000000 0.000001 0.000000 0.000000 0.066460 0.006759 1.651194 2640.851255
0.926780 0.000000 0.000001 0.000000 0.000000 0.066460 0.006759 1.651194 2640.851255
0.926780 0.000000 0.000001 0.000000 0.000000 0.066461 0.006759 1.651194 2640.851255
0.926780 0.000000 0.000000 0.000000 0.000000 0.066461 0.006759 1.651194 2640.851255
0.926780 0.000000 0.000000 0.000000 0.000000 0.066461 0.006759 1.651194 2640.851255
0.926780 0.000000 0.000000 0.000000 0.000000 0.066461 0.006759 1.651194 2640.851255
0.926780 0.000000 0.000000 0.000000 0.000000 0.066461 0.006759 1.651194 2640.851255
0.926780 0.000000 0.000000 0.000000 0.000000 0.066461 0.006759 1.651194 2640.851255
0.926780 0.000000 0.000000 0.000000 0.000000 0.066461 0.006759 1.651194 2640.851255
0.926780 0.000000 0.000000 0.000000 0.000000 0.066461 0.006759 1.651194 2640.851255
0.926780 0.000000 0.000000 0.000000 0.000000 0.066461 0.006759 1.651194 2640.851255
0.926780 0.000000 0.000000 0.000000 0.000000 0.066461 0.006759 1.651194 2640.851255
0.926780 0.000000 0.000000 0.000000 0.000000 0.066461 0.006759 1.651194 2640.851255
0.926780 0.000000 0.000000 0.000000 0.000000 0.066461 0.006759 1.651194 2640.851255
0.926780 0.000000 0.000000 0.000000 0.000000 0.066461 0.006759 1.651194 2640.851255
0.926780 0.000000 0.000000 0.000000 0.000000 0.066461 0.006759 1.651194 2640.851255
0.926780 0.000000 0.000000 0.000000 0.000000 0.066461 0.006759 1.651194 2640.851255
0.926780 0.000000 0.000000 0.000000 0.000000 0.066461 0.006759 1.651194 2640.851255
0.926780 0.000000 0.000000 0.000000 0.000000 0.066461 0.006759 1.651194 2640.851255
0.926780 0.000000 0.000000 0.000000 0.000000 0.066461 0.006759 1.651194 2640.851255
0.926780 0.000000 0.000000 0.000000 0.000000 0.066461 0.006759 1.651194 2640.851255
0.926780 0.000000 0.000000 0.000000 0.000000 0.066461 0.006759 1.651194 2640.851255
0.926780 0.000000 0.000000 0.000000 0.000000 0.066461 0.006759 1.651194 2640.851255
0.926780 0.000000 0.000000 0.000000 0.000000 0.066461 0.006759 1.651194 2640.851255
0.926780 0.000000 0.000000 0.000000 0.000000 0.066461 0.006759 1.651194 2640.851255
0.926780 0.000000 0.000000 0.000000 0.000000 0.066461 0.006759 1.651194 2640.851255
0.926780 0.000000 0.000000 0.000000 0.000000 0.066461 0.006759 1.651194 2640.851255
0.926780 0.000000 0.000000 0.000000 0.000000 0.066461 0.006759 1.651194 2640.851255
0.926780 0.000000 0.000000 0.000000 0.000000 0.066461 0.006759 1.651194 2640.851255
0.926780 0.000000 0.000000 0.000000 0.000000 0.066461 0.006759 1.651194 2640.851255
0.926780 0.000000 0.000000 0.000000 0.000000 0.066461 0.006759 1.651194 2640.851255
0.926780 0.000000 0.000000 0.000000 0.000000 0.066461 0.006759 1.651194 2640.851255
0.926780 0.000000 0.000000 0.000000 0.000000 0.066461 0.006759 1.651194 2640.851255
0.926780 0.000000 0.000000 0.000000 0.000000 0.066461 0.006759 1.651194 2640.851255
0.926780 0.000000 0.000000 0.000000 0.000000 0.066461 0.006759 1.651194 2640.851255
0.926780 0.000000 0.000000 0.000000 0.000000 0.066461 0.006759 1.651194 2640.851255
0.926780 0.000000 0.000000 0.000000 0.000000 0.066461 0.006759 1.651194 2640.851255
0.926780 0.000000 0.000000 0.000000 0.000000 0.066461 0.006759 1.651194 2640.851255
0.926780 0.000000 0.000000 0.000000 0.000000 0.066461 0.006759 1.651194 2640.851255
0.926780 0.000000 0.000000 0.000000 0.000000 0.066461 0.006759 1.651194 2640.851255
0.926780 0.000000 0.000000 0.000000 0.000000 0.066461 0.006759 1.651194 2640.851255
0.926780 0.000000 0.000000 0.000000 0.000000 0.066461 0.006759 1.651194 2640.851255
0.926780 0.000000 0.000000 0.000000 0.000000 0.066461 0.006759 1.651194 2640.851255
0.926780 0.000000 0.000000 0.000000 0.000000 0.066461 0.006759 1.651194 2640.851255
0.926780 0.000000 0.000000 0.000000 0.000000 0.066461 0.006759 1.651194 2640.851255
0.926780 0.000000 0.000000 0.000000 0.000000 0.066461 0.006759 1.651194 2640.851255
0.926780 0.000000 0.000000 0.000000 0.000000 0.066461 0.006759 1.651194 2640.851255
0.926780 0.000000 0.000000 0.000000 0.000000 0.066461 0.006759 1.651194 2640.851255
0.926780 0.000000 0.000000 0.000000 0.000000 0.066461 0.006759 1.651194 2640.851255
0.926780 0.000000 0.000000 0.000000 0.000000 0.066461 0.006759 1.651194 2640.851255
0.926780 0.000000 0.000000 0.000000 0.000000 0.066461 0.006759 1.651194 2640.851255
0.926780 0.000000 0.000000 0.000000 0.000000 0.066461 0.006759 1.651194 2640.851255
0.926780 0.000000 0.000000 0.000000 0.000000 0.066461 0.006759 1.651194 2640.851255
0.926780 0.000000 0.000000 0.000000 0.000000 0.066461 0.006759 1.651194 2640.851255
0.926780 0.000000 0.000000 0.000000 0.000000 0.066461 0.006759 1.651194 2640.851255
0.926780 0.000000 0.000000 0.000000 0.000000 0.066461 0.006759 1.651194 2640.851255
0.926780 0.000000 0.000000 0.000000 0.000000 0.066461 0.006759 1.651194 2640.851255
0.926780 0.000000 0.000000 0.000000 0.000000 0.066461 0.006759 1.651194 2640.851255
0.926780 0.000000 0.000000 0.000000 0.000000 0.066461 0.006759 1.651194 2640.851255
0.926780 0.000000 0.000000 0.000000 0.000000 0.066461 0.006759 1.651194 2640.851255
0.926780 0.000000 0.000000 0.000000 0.000000 0.066461 0.006759 1.651194 2640.851255
0.926780 0.000000 0.000000 0.000000 0.000000 0.066461 0.006759 1.651194 2640.851255
0.926780 0.000000 0.000000 0.000000 0.000000 0.066461 0.006759 1.651194 2640.851255
0.926780 0.000000 0.000000 0.000000 0.000000 0.066461 0.006759 1.651194 2640.851255
0.926780 0.000000 0.000000 0.000000 0.000000 0.066461 0.006759 1.651194 2640.851255
0.926780 0.000000 0.000000 0.000000 0.000000 0.066461 0.006759 1.651194 2640.851255
0.926780 0.000000 0.000000 0.000000 0.000000 0.066461 0.006759 1.651194 2640.851255
0.926780 0.000000 0.000000 0.000000 0.000000 0.066461 0.006759 1.651194 2640.851255
0.926780 0.000000 0.000000 0.000000 0.000000 0.066461 0.006759 1.651194 2640.851255
0.926780 0.000000 0.000000 0.000000 0.000000 0.066461 0.006759 1.651194 2640.851255
0.926780 0.000000 0.000000 0.000000 0.000000 0.066461 0.006759 1.651194 2640.851255
0.926780 0.000000 0.000000 0.000000 0.000000 0.066461 0.006759 1.651194 2640.851255
0.926780 0.000000 0.000000 0.000000 0.000000 0.066461 0.006759 1.651194 2640.851255
0.926780 0.000000 0.000000 0.000000 0.000000 0.066461 0.006759 1.651194 2640.851255
0.926780 0.000000 0.000000 0.000000 0.000000 0.066461 0.006759 1.651194 2640.851255
0.926780 0.000000 0.000000 0.000000 0.000000 0.066461 0.006759 1.651194 2640.851255
0.926780 0.000000 0.000000 0.000000 0.000000 0.066461 0.006759 1.651194 2640.851255
0.926780 0.000000 0.000000 0.000000 0.000000 0.066461 0.006759 1.651194 2640.851255
0.926780 0.000000 0.000000 0.000000 0.000000 0.066461 0.006759 1.651194 2640.851255
0.926780 0.000000 0.000000 0.000000 0.000000 0.066461 0.006759 1.651194 2640.851255
0.926780 0.000000 0.000000 0.000000 0.000000 0.066461 0.006759 1.651194 2640.851255
0.926780 0.000000 0.000000 0.000000 0.000000 0.066461 0.006759 1.651194 2640.851255
0.926780 0.000000 0.000000 0.000000 0.000000 0.066461 0.006759 1.651194 2640.851255
0.926780 0.000000 0.000000 0.000000 0.000000 0.066461 0.006759 1.651194 2640.851255
0.926780 0.000000 0.000000 0.000000 0.000000 0.066461 0.006759 1.651194 2640.851255
0.926780 0.000000 0.000000 0.000000 0.000000 0.066461 0.006759 1.651194 2640.851255
0.926780 0.000000 0.000000 0.000000 0.000000 0.066461 0.006759 1.651194 2640.851255
0.926780 0.000000 0.000000 0.000000 0.000000 0.066461 0.006759 1.651194 2640.851255
0.926780 0.000000 0.000000 0.000000 0.000000 0.066461 0.006759 1.651194 2640.851255
0.926780 0.000000 0.000000 0.000000 0.000000 0.066461 0.006759 1.651194 2640.851255
0.926780 0.000000 0.000000 0.000000 0.000000 0.066461 0.006759 1.651194 2640.851255
0.926780 0.000000 0.000000 0.000000 0.000000 0.066461 0.006759 1.651194 2640.851255
0.926780 0.000000 0.000000 0.000000 0.000000 0.066461 0.006759 1.651194 2640.851255
0.926780 0.000000 0.000000 0.000000 0.000000 0.066461 0.006759 1.651194 2640.851255
0.926780 0.000000 0.000000 0.000000 0.000000 0.066461 0.006759 1.651194 2640.851255
0.926780 0.000000 0.000000 0.000000 0.000000 0.066461 0.006759 1.651194 2640.851255
0.926780 0.000000 0.000000 0.000000 0.000000 0.066461 0.006759 1.651194 2640.851255
0.926780 0.000000 0.000000 0.000000 0.000000 0.066461 0.006759 1.651194 2640.851255
0.926780 0.000000 0.000000 0.000000 0.000000 0.066461 0.006759 1.651194 2640.851255
0.926780 0.000000 0.000000 0.000000 0.000000 0.066461 0.006759 1.651194 2640.851255
0.926780 0.000000 0.000000 0.000000 0.000000 0.066461 0.006759 1.651194 2640.851255
0.926780 0.000000 0.000000 0.000000 0.000000 0.066461 0.006759 1.651194 2640.851255
0.926780 0.000000 0.000000 0.000000 0.000000 0.066461 0.006759 1.651194 2640.851255
0.926780 0.000000 0.000000 0.000000 0.000000 0.066461 0.006759 1.651194 2640.851255
0.926780 0.000000 0.000000 0.000000 0.000000 0.066461 0.006759 1.651194 2640.851255
0.926780 0.000000 0.000000 0.000000 0.000000 0.066461 0.006759 1.651194 2640.851255
0.926780 0.000000 0.000000 0.000000 0.000000 0.066461 0.006759 1.651194 2640.851255
0.926780 0.000000 0.000000 0.000000 0.000000 0.066461 0.006759 1.651194 2640.851255
0.926780 0.000000 0.000000 0.000000 0.000000 0.066461 0.006759 1.651194 2640.851255
0.926780 0.000000 0.000000 0.000000 0.000000 0.066461 0.006759 1.651194 2640.851255
0.926780 0.000000 0.000000 0.000000 0.000000 0.066461 0.006759 1.651194 2640.851255
0.926780 0.000000 0.000000 0.000000 0.000000 0.066461 0.006759 1.651194 2640.851255
0.926780 0.000000 0.000000 0.000000 0.000000 0.066461 0.006759 1.651194 2640.851255
0.926780 0.000000 0.000000 0.000000 0.000000 0.066461 0.006759 1.651194 2640.851255
0.926780 0.000000 0.000000 0.000000 0.000000 0.066461 0.006759 1.651194 2640.851255
0.926780 0.000000 0.000000 0.000000 0.000000 0.066461 0.006759 1.651194 2640.851255
0.926780 0.000000 0.000000 0.000000 0.000000 0.066461 0.006759 1.651194 2640.851255
0.926780 0.000000 0.000000 0.000000 0.000000 0.066461 0.006759 1.651194 2640.851255
0.926780 0.000000 0.000000 0.000000 0.000000 0.066461 0.006759 1.651194 2640.851255
0.926780 0.000000 0.000000 0.000000 0.000000 0.066461 0.006759 1.651194 2640.851255
0.926780 0.000000 0.000000 0.000000 0.000000 0.066461 0.006759 1.651194 2640.851255
0.926780 0.000000 0.000000 0.000000 0.000000 0.066461 0.006759 1.651194 2640.851255
0.926780 0.000000 0.000000 0.000000 0.000000 0.066461 0.006759 1.651194 2640.851255
0.926780 0.000000 0.000000 0.000000 0.000000 0.066461 0.006759 1.651194 2640.851255
0.926780 0.000000 0.000000 0.000000 0.000000 0.066461 0.006759 1.651194 2640.851255
0.926780 0.000000 0.000000 0.000000 0.000000 0.066461 0.006759 1.651194 2640.851255
0.926780 0.000000 0.000000 0.000000 0.000000 0.066461 0.006759 1.651194 2640.851255
0.926780 0.000000 0.000000 0.000000 0.000000 0.066461 0.006759 1.651194 2640.851255
0.926780 0.000000 0.000000 0.000000 0.000000 0.066461 0.006759 1.651194 2640.851255
0.926780 0.000000 0.000000 0.000000 0.000000 0.066461 0.006759 1.651194 2640.851255
0.926780 0.000000 0.000000 0.000000 0.000000 0.066461 0.006759 1.651194 2640.851255
0.926780 0.000000 0.000000 0.000000 0.000000 0.066461 0.006759 1.651194 2640.851255
0.926780 0.000000 0.000000 0.000000 0.000000 0.066461 0.006759 1.651194 2640.851255
0.926780 0.000000 0.000000 0.000000 0.000000 0.066461 0.006759 1.651194 2640.851255
0.926780 0.000000 0.000000 0.000000 0.000000 0.066461 0.006759 1.651194 2640.851255
0.926780 0.000000 0.000000 0.000000 0.000000 0.066461 0.006759 1.651194 2640.851255
0.926780 0.000000 0.000000 0.000000 0.000000 0.066461 0.006759 1.651194 2640.851255
0.926780 0.000000 0.000000 0.000000 0.000000 0.066461 0.006759 1.651194 2640.851255
0.926780 0.000000 0.000000 0.000000 0.000000 0.066461 0.006759 1.651194 2640.851255
0.926780 0.000000 0.000000 0.000000 0.000000 0.066461 0.006759 1.651194 2640.851255
0.926780 0.000000 0.000000 0.000000 0.000000 0.066461 0.006759 1.651194 2640.851255
0.926780 0.000000 0.000000 0.000000 0.000000 0.066461 0.006759 1.651194 2640.851255
0.926780 0.000000 0.000000 0.000000 0.000000 0.066461 0.006759 1.651194 2640.851255
0.926780 0.000000 0.000000 0.000000 0.000000 0.066461 0.006759 1.651194 2640.851255
0.926780 0.000000 0.000000 0.000000 0.000000 0.066461 0.006759 1.651194 2640.851255
0.926780 0.000000 0.000000 0.000000 0.000000 0.066461 0.006759 1.651194 2640.851255
0.926780 0.000000 0.000000 0.000000 0.000000 0.066461 0.006759 1.651194 2640.851255
0.926780 0.000000 0.000000 0.000000 0.000000 0.066461 0.006759 1.651194 2640.851255
0.926780 0.000000 0.000000 0.000000 0.000000 0.066461 0.006759 1.651194 2640.851255
0.926780 0.000000 0.000000 0.000000 0.000000 0.066461 0.006759 1.651194 2640.851255
0.926780 0.000000 0.000000 0.000000 0.000000 0.066461 0.006759 1.651194 2640.851255
0.926780 0.000000 0.000000 0.000000 0.000000 0.066461 0.006759 1.651194 2640.851255
0.926780 0.000000 0.000000 0.000000 0.000000 0.066461 0.006759 1.651194 2640.851255
0.926780 0.000000 0.000000 0.000000 0.000000 0.066461 0.006759 1.651194 2640.851255
0.926780 0.000000 0.000000 0.000000 0.000000 0.066461 0.006759 1.651194 2640.851255
0.926780 0.000000 0.000000 0.000000 0.000000 0.066461 0.006759 1.651194 2640.851255
0.926780 0.000000 0.000000 0.000000 0.000000 0.066461 0.006759 1.651194 2640.851255
0.926780 0.000000 0.000000 0.000000 0.000000 0.066461 0.006759 1.651194 2640.851255
0.926780 0.000000 0.000000 0.000000 0.000000 0.066461 0.006759 1.651194 2640.851255
0.926780 0.000000 0.000000 0.000000 0.000000 0.066461 0.006759 1.651194 2640.851255
0.926780 0.000000 0.000000 0.000000 0.000000 0.066461 0.006759 1.651194 2640.851255
0.926780 0.000000 0.000000 0.000000 0.000000 0.066461 0.006759 1.651194 2640.851255
0.926780 0.000000 0.000000 0.000000 0.000000 0.066461 0.006759 1.651194 2640.851255
0.926780 0.000000 0.000000 0.000000 0.000000 0.066461 0.006759 1.651194 2640.851255
0.926780 0.000000 0.000000 0.000000 0.000000 0.066461 0.006759 1.651194 2640.851255
0.926780 0.000000 0.000000 0.000000 0.000000 0.066461 0.006759 1.651194 2640.851255
0.926780 0.000000 0.000000 0.000000 0.000000 0.066461 0.006759 1.651194 2640.851255
0.926780 0.000000 0.000000 0.000000 0.000000 0.066461 0.006759 1.651194 2640.851255
0.926780 0.000000 0.000000 0.000000 0.000000 0.066461 0.006759 1.651194 2640.851255
0.926780 0.000000 0.000000 0.000000 0.000000 0.066461 0.006759 1.651194 2640.851255
0.926780 0.000000 0.000000 0.000000 0.000000 0.066461 0.006759 1.651194 2640.851255
0.926780 0.000000 0.000000 0.000000 0.000000 0.066461 0.006759 1.651194 2640.851255
0.926780 0.000000 0.000000 0.000000 0.000000 0.066461 0.006759 1.651194 2640.851255
0.926780 0.000000 0.000000 0.000000 0.000000 0.066461 0.006759 1.651194 2640.851255
0.926780 0.000000 0.000000 0.000000 0.000000 0.066461 0.006759 1.651194 2640.851255
0.926780 0.000000 0.000000 0.000000 0.000000 0.066461 0.006759 1.651194 2640.851255
0.926780 0.000000 0.000000 0.000000 0.000000 0.066461 0.006759 1.651194 2640.851255
0.926780 0.000000 0.000000 0.000000 0.000000 0.066461 0.006759 1.651194 2640.851255
0.926780 0.000000 0.000000 0.000000 0.000000 0.066461 0.006759 1.651194 2640.851255
0.926780 0.000000 0.000000 0.000000 0.000000 0.066461 0.006759 1.651194 2640.851255
0.926780 0.000000 0.000000 0.000000 0.000000 0.066461 0.006759 1.651194 2640.851255
0.926780 0.000000 0.000000 0.000000 0.000000 0.066461 0.006759 1.651194 2640.851255
0.926780 0.000000 0.000000 0.000000 0.000000 0.066461 0.006759 1.651194 2640.851255
0.926780 0.000000 0.000000 0.000000 0.000000 0.066461 0.006759 1.651194 2640.851255
0.926780 0.000000 0.000000 0.000000 0.000000 0.066461 0.006759 1.651194 2640.851255
0.926780 0.000000 0.000000 0.000000 0.000000 0.066461 0.006759 1.651194 2640.851255
0.926780 0.000000 0.000000 0.000000 0.000000 0.066461 0.006759 1.651194 2640.851255
0.926780 0.000000 0.000000 0.000000 0.000000 0.066461 0.006759 1.651194 2640.851255
0.926780 0.000000 0.000000 0.000000 0.000000 0.066461 0.006759 1.651194 2640.851255
0.926780 0.000000 0.000000 0.000000 0.000000 0.066461 0.006759 1.651194 2640.851255
0.926780 0.000000 0.000000 0.000000 0.000000 0.066461 0.006759 1.651194 2640.851255
0.926780 0.000000 0.000000 0.000000 0.000000 0.066461 0.006759 1.651194 2640.851255
0.926780 0.000000 0.000000 0.000000 0.000000 0.066461 0.006759 1.651194 2640.851255
0.926780 0.000000 0.000000 0.000000 0.000000 0.066461 0.006759 1.651194 2640.851255
0.926780 0.000000 0.000000 0.000000 0.000000 0.066461 0.006759 1.651194 2640.851255
0.926780 0.000000 0.000000 0.000000 0.000000 0.066461 0.006759 1.651194 2640.851255
0.926780 0.000000 0.000000 0.000000 0.000000 0.066461 0.006759 1.651194 2640.851255
0.926780 0.000000 0.000000 0.000000 0.000000 0.066461 0.006759 1.651194 2640.851255
0.926780 0.000000 0.000000 0.000000 0.000000 0.066461 0.006759 1.651194 2640.851255
0.926780 0.000000 0.000000 0.000000 0.000000 0.066461 0.006759 1.651194 2640.851255
0.926780 0.000000 0.000000 0.000000 0.000000 0.066461 0.006759 1.651194 2640.851255
0.926780 0.000000 0.000000 0.000000 0.000000 0.066461 0.006759 1.651194 2640.851255
0.926780 0.000000 0.000000 0.000000 0.000000 0.066461 0.006759 1.651194 2640.851255
0.926780 0.000000 0.000000 0.000000 0.000000 0.066461 0.006759 1.651194 2640.851255
0.926780 0.000000 0.000000 0.000000 0.000000 0.066461 0.006759 1.651194 2640.851255
0.926780 0.000000 0.000000 0.000000 0.000000 0.066461 0.006759 1.651194 2640.851255
0.926780 0.000000 0.000000 0.000000 0.000000 0.066461 0.006759 1.651194 2640.851255
0.926780 0.000000 0.000000 0.000000 0.000000 0.066461 0.006759 1.651194 2640.851255
0.926780 0.000000 0.000000 0.000000 0.000000 0.066461 0.006759 1.651194 2640.851255
0.926780 0.000000 0.000000 0.000000 0.000000 0.066461 0.006759 1.651194 2640.851255
0.926780 0.000000 0.000000 0.000000 0.000000 0.066461 0.006759 1.651194 2640.851255
0.926780 0.000000 0.000000 0.000000 0.000000 0.066461 0.006759 1.651194 2640.851255
0.926780 0.000000 0.000000 0.000000 0.000000 0.066461 0.006759 1.651194 2640.851255
0.926780 0.000000 0.000000 0.000000 0.000000 0.066461 0.006759 1.651194 2640.851255
0.926780 0.000000 0.000000 0.000000 0.000000 0.066461 0.006759 1.651194 2640.851255
0.926780 0.000000 0.000000 0.000000 0.000000 0.066461 0.006759 1.651194 2640.851255
0.926780 0.000000 0.000000 0.000000 0.000000 0.066461 0.006759 1.651194 2640.851255
0.926780 0.000000 0.000000 0.000000 0.000000 0.066461 0.006759 1.651194 2640.851255
0.926780 0.000000 0.000000 0.000000 0.000000 0.066461 0.006759 1.651194 2640.851255
0.926780 0.000000 0.000000 0.000000 0.000000 0.066461 0.006759 1.651194 2640.851255
0.926780 0.000000 0.000000 0.000000 0.000000 0.066461 0.006759 1.651194 2640.851255
