0.356371 0.062464 0.055125 0.031506 0.002052 0.486636 0.005847 1.590642 2024.290380
0.356650 0.062232 0.055338 0.031170 0.002054 0.486681 0.005874 1.596688 2033.632358
0.357120 0.061832 0.055500 0.030848 0.002054 0.486744 0.005901 1.602699 2044.846907
0.357860 0.061114 0.055623 0.030579 0.002039 0.486851 0.005933 1.608765 2056.458255
0.358806 0.060357 0.055690 0.030281 0.002030 0.486873 0.005964 1.614704 2067.761930
0.359791 0.059524 0.055728 0.030055 0.002022 0.486885 0.005995 1.620602 2079.633055
0.360863 0.058692 0.055671 0.029804 0.002032 0.486917 0.006021 1.626415 2088.477788
0.362050 0.057891 0.055582 0.029554 0.002026 0.486851 0.006045 1.632126 2098.825612
0.363308 0.057080 0.055396 0.029293 0.002011 0.486841 0.006071 1.637758 2109.619473
0.364648 0.056317 0.055191 0.029021 0.002007 0.486719 0.006098 1.643289 2120.279802
0.365950 0.055565 0.054911 0.028774 0.002001 0.486674 0.006125 1.648790 2131.033149
0.367238 0.054963 0.054502 0.028537 0.001998 0.486609 0.006152 1.654159 2141.249851
0.368590 0.054344 0.054210 0.028330 0.001997 0.486351 0.006178 1.659527 2152.112028
0.369992 0.053707 0.053892 0.028150 0.001996 0.486059 0.006204 1.664852 2160.552292
0.371411 0.053124 0.053524 0.027898 0.001989 0.485826 0.006226 1.670084 2170.753786
0.372900 0.052547 0.053179 0.027662 0.001978 0.485481 0.006251 1.675292 2180.619734
0.374288 0.052042 0.052779 0.027440 0.001968 0.485203 0.006278 1.680446 2190.539341
0.375676 0.051653 0.052358 0.027195 0.001956 0.484854 0.006308 1.685518 2200.340015
0.377000 0.051382 0.051923 0.026967 0.001955 0.484442 0.006330 1.690489 2209.210824
0.378427 0.051045 0.051484 0.026784 0.001952 0.483948 0.006360 1.695451 2218.939514
0.379812 0.050672 0.051092 0.026625 0.001942 0.483474 0.006383 1.700481 2227.934551
0.381170 0.050405 0.050676 0.026429 0.001938 0.482974 0.006408 1.705377 2237.192814
0.382607 0.050077 0.050289 0.026228 0.001938 0.482431 0.006429 1.710290 2246.739690
0.384041 0.049860 0.049861 0.026063 0.001930 0.481793 0.006453 1.715146 2256.495386
0.385349 0.049668 0.049518 0.025899 0.001917 0.481171 0.006477 1.720037 2266.892457
0.386734 0.049464 0.049118 0.025782 0.001916 0.480486 0.006501 1.724912 2275.540681
0.388145 0.049226 0.048719 0.025658 0.001908 0.479817 0.006526 1.729795 2285.211390
0.389469 0.049075 0.048369 0.025557 0.001896 0.479085 0.006550 1.734599 2296.328023
0.390761 0.048878 0.047991 0.025444 0.001892 0.478462 0.006572 1.739447 2304.222978
0.392076 0.048751 0.047648 0.025349 0.001875 0.477702 0.006599 1.744247 2314.764504
0.393426 0.048669 0.047403 0.025195 0.001864 0.476819 0.006623 1.749016 2324.712126
0.394719 0.048650 0.047091 0.025069 0.001854 0.475974 0.006642 1.753699 2335.080808
0.395935 0.048571 0.046801 0.024978 0.001846 0.475199 0.006671 1.758484 2346.244832
0.397159 0.048494 0.046562 0.024938 0.001829 0.474325 0.006693 1.763238 2356.999660
0.398304 0.048539 0.046275 0.024851 0.001828 0.473491 0.006712 1.767972 2365.493149
0.399560 0.048453 0.046066 0.024800 0.001822 0.472563 0.006736 1.772767 2374.223301
0.400707 0.048430 0.045837 0.024706 0.001811 0.471749 0.006760 1.777513 2383.810549
0.401940 0.048339 0.045612 0.024684 0.001803 0.470838 0.006784 1.782300 2393.066726
0.403073 0.048275 0.045469 0.024660 0.001795 0.469917 0.006811 1.787114 2403.084868
0.404115 0.048331 0.045354 0.024627 0.001787 0.468954 0.006834 1.791858 2412.793623
0.405159 0.048365 0.045086 0.024571 0.001785 0.468180 0.006855 1.796579 2422.433746
0.406234 0.048421 0.044892 0.024581 0.001767 0.467225 0.006879 1.801332 2432.310988
0.407301 0.048424 0.044798 0.024520 0.001764 0.466292 0.006901 1.806103 2442.366216
0.408309 0.048460 0.044651 0.024481 0.001756 0.465421 0.006920 1.810848 2451.411908
0.409258 0.048497 0.044524 0.024445 0.001743 0.464590 0.006944 1.815583 2461.877542
0.410223 0.048571 0.044362 0.024378 0.001732 0.463767 0.006967 1.820318 2471.129614
0.411194 0.048524 0.044302 0.024404 0.001739 0.462850 0.006987 1.825182 2479.871371
0.412126 0.048608 0.044151 0.024384 0.001728 0.461992 0.007011 1.829929 2490.608518
0.413111 0.048605 0.044014 0.024387 0.001719 0.461131 0.007033 1.834685 2499.990424
0.414073 0.048649 0.043928 0.024343 0.001708 0.460243 0.007056 1.839427 2510.097925
0.414981 0.048684 0.043856 0.024366 0.001707 0.459328 0.007078 1.844204 2518.882701
0.415908 0.048731 0.043808 0.024362 0.001700 0.458391 0.007100 1.848949 2526.385668
0.416698 0.048838 0.043706 0.024287 0.001701 0.457649 0.007121 1.853692 2535.007810
0.417640 0.048732 0.043734 0.024276 0.001692 0.456779 0.007146 1.858557 2544.185883
0.418530 0.048753 0.043681 0.024264 0.001679 0.455922 0.007171 1.863343 2553.762186
0.419407 0.048757 0.043641 0.024287 0.001679 0.455038 0.007192 1.868190 2561.438387
0.420235 0.048856 0.043614 0.024310 0.001666 0.454105 0.007214 1.872976 2571.992937
0.421060 0.048885 0.043572 0.024294 0.001669 0.453288 0.007233 1.877779 2580.867689
0.421812 0.049052 0.043500 0.024263 0.001670 0.452447 0.007255 1.882487 2590.229866
0.422609 0.049121 0.043490 0.024226 0.001667 0.451611 0.007277 1.887277 2598.973927
0.423351 0.049249 0.043432 0.024220 0.001664 0.450789 0.007295 1.892077 2608.151897
0.424128 0.049352 0.043415 0.024234 0.001647 0.449905 0.007320 1.896898 2618.218943
0.424878 0.049402 0.043438 0.024214 0.001637 0.449087 0.007345 1.901747 2627.586622
0.425475 0.049524 0.043411 0.024235 0.001637 0.448352 0.007366 1.906581 2637.266295
0.426138 0.049619 0.043384 0.024204 0.001641 0.447628 0.007385 1.911410 2645.436468
0.426776 0.049608 0.043450 0.024189 0.001631 0.446942 0.007405 1.916313 2654.515086
0.427449 0.049650 0.043475 0.024203 0.001629 0.446171 0.007423 1.921190 2664.015078
0.428056 0.049725 0.043520 0.024167 0.001634 0.445454 0.007444 1.926063 2673.205251
0.428688 0.049840 0.043605 0.024165 0.001632 0.444607 0.007462 1.930883 2681.419792
0.429353 0.049912 0.043625 0.024201 0.001626 0.443803 0.007480 1.935732 2689.566549
0.429896 0.049999 0.043623 0.024259 0.001622 0.443102 0.007498 1.940628 2697.854141
0.430397 0.050025 0.043689 0.024275 0.001632 0.442467 0.007516 1.945544 2705.986829
0.431096 0.050006 0.043750 0.024281 0.001633 0.441696 0.007538 1.950456 2714.536295
0.431640 0.050057 0.043744 0.024345 0.001628 0.441027 0.007559 1.955326 2722.537385
0.432206 0.050121 0.043761 0.024381 0.001620 0.440329 0.007583 1.960221 2731.646912
0.432719 0.050131 0.043794 0.024426 0.001624 0.439704 0.007603 1.965150 2739.326312
0.433254 0.050202 0.043809 0.024374 0.001622 0.439114 0.007624 1.970033 2748.143387
0.433782 0.050265 0.043810 0.024398 0.001619 0.438481 0.007645 1.974924 2756.835303
0.434333 0.050346 0.043784 0.024424 0.001617 0.437832 0.007664 1.979808 2764.696418
0.434849 0.050340 0.043806 0.024461 0.001616 0.437243 0.007684 1.984744 2773.019405
0.435370 0.050353 0.043878 0.024486 0.001622 0.436589 0.007702 1.989673 2780.169307
0.435874 0.050351 0.043925 0.024483 0.001617 0.436030 0.007720 1.994627 2786.899147
0.436402 0.050346 0.043953 0.024519 0.001611 0.435427 0.007741 1.999544 2795.305178
0.436929 0.050346 0.043948 0.024555 0.001616 0.434842 0.007763 2.004480 2803.546314
0.437412 0.050311 0.044005 0.024602 0.001609 0.434279 0.007784 2.009424 2812.347782
0.437843 0.050256 0.044068 0.024614 0.001608 0.433805 0.007806 2.014419 2820.229177
0.438352 0.050335 0.044027 0.024585 0.001606 0.433270 0.007825 2.019305 2829.138004
0.438819 0.050312 0.043990 0.024623 0.001596 0.432812 0.007848 2.024246 2837.542260
0.439220 0.050428 0.044021 0.024577 0.001593 0.432292 0.007869 2.029162 2846.315251
0.439674 0.050398 0.044062 0.024578 0.001594 0.431803 0.007890 2.034131 2854.423576
0.440108 0.050483 0.044041 0.024549 0.001595 0.431318 0.007907 2.039005 2862.433195
0.440579 0.050506 0.044038 0.024571 0.001590 0.430785 0.007931 2.043899 2871.147334
0.441043 0.050522 0.044084 0.024581 0.001583 0.430235 0.007952 2.048832 2880.075624
0.441431 0.050609 0.044088 0.024603 0.001589 0.429708 0.007972 2.053720 2887.547000
0.441796 0.050640 0.044094 0.024583 0.001589 0.429303 0.007995 2.058653 2896.217778
0.442197 0.050679 0.044161 0.024580 0.001578 0.428790 0.008015 2.063579 2904.570594
0.442579 0.050634 0.044208 0.024622 0.001574 0.428345 0.008038 2.068575 2913.864215
0.442957 0.050660 0.044183 0.024663 0.001571 0.427905 0.008060 2.073548 2921.795545
0.443310 0.050650 0.044171 0.024701 0.001557 0.427528 0.008083 2.078535 2930.362722
0.443707 0.050716 0.044146 0.024680 0.001556 0.427094 0.008101 2.083433 2938.332199
0.444041 0.050724 0.044193 0.024707 0.001563 0.426648 0.008123 2.088403 2947.119825
0.444428 0.050662 0.044237 0.024728 0.001568 0.426235 0.008143 2.093405 2954.986131
0.444933 0.050521 0.044257 0.024783 0.001565 0.425777 0.008164 2.098383 2963.535339
0.445319 0.050510 0.044177 0.024824 0.001566 0.425417 0.008187 2.103305 2972.527766
0.445609 0.050564 0.044179 0.024799 0.001567 0.425074 0.008207 2.108217 2980.597735
0.445950 0.050595 0.044152 0.024776 0.001562 0.424741 0.008225 2.113123 2988.030521
0.446331 0.050598 0.044203 0.024763 0.001551 0.424310 0.008243 2.118053 2996.258641
0.446751 0.050542 0.044292 0.024773 0.001538 0.423839 0.008264 2.123066 3005.010335
0.447091 0.050486 0.044345 0.024803 0.001537 0.423452 0.008286 2.128077 3013.488847
0.447326 0.050523 0.044363 0.024751 0.001538 0.423193 0.008306 2.133017 3021.108749
0.447615 0.050547 0.044346 0.024812 0.001544 0.422811 0.008324 2.137967 3030.192855
0.447992 0.050546 0.044377 0.024791 0.001547 0.422403 0.008344 2.142868 3038.801062
0.448269 0.050507 0.044388 0.024855 0.001538 0.422080 0.008363 2.147892 3047.107223
0.448697 0.050511 0.044357 0.024834 0.001545 0.421672 0.008384 2.152818 3055.013373
0.448982 0.050553 0.044333 0.024861 0.001547 0.421323 0.008400 2.157769 3062.791558
0.449276 0.050546 0.044355 0.024860 0.001550 0.420995 0.008418 2.162751 3070.219606
0.449582 0.050554 0.044339 0.024916 0.001556 0.420619 0.008434 2.167706 3077.009758
0.449897 0.050611 0.044324 0.024919 0.001555 0.420241 0.008453 2.172632 3084.820694
0.450239 0.050585 0.044300 0.024901 0.001558 0.419945 0.008472 2.177577 3092.556968
0.450584 0.050538 0.044286 0.024916 0.001561 0.419625 0.008490 2.182541 3099.440696
0.450889 0.050508 0.044260 0.024947 0.001562 0.419325 0.008509 2.187489 3106.344068
0.451145 0.050482 0.044323 0.024922 0.001568 0.419032 0.008529 2.192455 3114.713040
0.451503 0.050488 0.044337 0.024875 0.001562 0.418686 0.008550 2.197375 3122.503486
0.451806 0.050513 0.044343 0.024867 0.001563 0.418340 0.008567 2.202329 3129.675986
0.452111 0.050456 0.044372 0.024793 0.001565 0.418115 0.008587 2.207244 3137.026183
0.452352 0.050533 0.044329 0.024755 0.001562 0.417861 0.008609 2.212132 3144.904763
0.452586 0.050544 0.044397 0.024715 0.001564 0.417564 0.008631 2.217083 3152.721739
0.452882 0.050541 0.044392 0.024696 0.001567 0.417272 0.008651 2.221998 3160.516598
0.453180 0.050520 0.044462 0.024741 0.001570 0.416856 0.008671 2.226986 3168.447066
0.453412 0.050549 0.044498 0.024723 0.001574 0.416556 0.008688 2.231942 3175.407088
0.453633 0.050542 0.044476 0.024749 0.001582 0.416311 0.008707 2.236899 3183.452243
0.453860 0.050536 0.044459 0.024766 0.001571 0.416080 0.008727 2.241823 3193.088676
0.454111 0.050522 0.044447 0.024786 0.001571 0.415818 0.008746 2.246760 3201.909453
0.454383 0.050418 0.044460 0.024802 0.001575 0.415597 0.008765 2.251734 3208.997439
0.454585 0.050450 0.044325 0.024845 0.001580 0.415431 0.008784 2.256667 3216.054794
0.454907 0.050427 0.044383 0.024811 0.001587 0.415081 0.008804 2.261599 3223.705924
0.455105 0.050555 0.044380 0.024812 0.001575 0.414748 0.008824 2.266440 3233.579160
0.455353 0.050518 0.044356 0.024873 0.001572 0.414489 0.008840 2.271401 3241.574019
0.455653 0.050464 0.044316 0.024891 0.001567 0.414247 0.008862 2.276356 3248.817092
0.455926 0.050440 0.044307 0.024862 0.001568 0.414017 0.008880 2.281279 3256.392423
0.456174 0.050441 0.044285 0.024832 0.001568 0.413803 0.008897 2.286178 3263.900353
0.456417 0.050462 0.044214 0.024812 0.001560 0.413615 0.008920 2.291095 3271.887795
0.456624 0.050463 0.044253 0.024791 0.001572 0.413360 0.008937 2.296055 3280.902658
0.456806 0.050474 0.044311 0.024765 0.001568 0.413120 0.008957 2.301019 3289.046811
0.456981 0.050475 0.044301 0.024737 0.001574 0.412958 0.008975 2.305948 3296.793014
0.457150 0.050584 0.044281 0.024718 0.001579 0.412694 0.008993 2.310847 3304.626859
0.457343 0.050643 0.044206 0.024710 0.001577 0.412508 0.009012 2.315740 3311.490193
0.457531 0.050689 0.044254 0.024698 0.001575 0.412220 0.009033 2.320691 3318.982607
0.457823 0.050561 0.044302 0.024694 0.001571 0.411997 0.009052 2.325679 3327.133407
0.458153 0.050558 0.044332 0.024698 0.001576 0.411611 0.009072 2.330612 3335.462807
0.458310 0.050632 0.044332 0.024658 0.001585 0.411392 0.009091 2.335506 3342.950161
0.458456 0.050653 0.044345 0.024684 0.001584 0.411169 0.009108 2.340481 3350.605951
0.458658 0.050664 0.044392 0.024673 0.001586 0.410899 0.009127 2.345467 3357.637950
0.458852 0.050625 0.044426 0.024702 0.001583 0.410665 0.009147 2.350437 3366.004826
0.459053 0.050562 0.044471 0.024710 0.001581 0.410455 0.009168 2.355431 3374.216730
0.459318 0.050462 0.044561 0.024683 0.001579 0.410209 0.009187 2.360388 3382.226213
0.459595 0.050374 0.044576 0.024679 0.001582 0.409987 0.009206 2.365353 3389.221572
0.459797 0.050359 0.044609 0.024655 0.001588 0.409765 0.009226 2.370314 3396.905011
0.459999 0.050358 0.044646 0.024647 0.001576 0.409526 0.009248 2.375258 3405.377262
0.460163 0.050331 0.044578 0.024695 0.001578 0.409388 0.009267 2.380221 3413.327812
0.460372 0.050312 0.044522 0.024696 0.001576 0.409236 0.009286 2.385144 3420.754671
0.460542 0.050356 0.044551 0.024608 0.001578 0.409060 0.009305 2.390088 3428.009753
0.460637 0.050354 0.044566 0.024611 0.001570 0.408936 0.009326 2.395081 3436.157992
0.460908 0.050303 0.044540 0.024582 0.001573 0.408747 0.009347 2.399982 3443.987925
0.461106 0.050196 0.044538 0.024627 0.001567 0.408597 0.009369 2.404948 3451.944759
0.461211 0.050235 0.044514 0.024602 0.001568 0.408478 0.009393 2.409867 3459.983890
0.461411 0.050216 0.044499 0.024605 0.001580 0.408280 0.009409 2.414794 3466.917515
0.461601 0.050208 0.044471 0.024611 0.001580 0.408099 0.009430 2.419721 3475.453001
0.461766 0.050210 0.044376 0.024575 0.001580 0.408043 0.009450 2.424609 3483.960611
0.461880 0.050208 0.044380 0.024579 0.001569 0.407911 0.009474 2.429536 3493.403142
0.462065 0.050190 0.044368 0.024549 0.001570 0.407764 0.009494 2.434454 3501.044074
0.462183 0.050316 0.044314 0.024529 0.001559 0.407583 0.009516 2.439304 3510.000562
0.462334 0.050332 0.044303 0.024537 0.001557 0.407400 0.009536 2.444209 3517.995287
0.462516 0.050332 0.044300 0.024534 0.001551 0.407213 0.009553 2.449125 3525.654592
0.462644 0.050355 0.044288 0.024516 0.001545 0.407076 0.009576 2.454002 3533.752725
0.462867 0.050240 0.044365 0.024534 0.001556 0.406845 0.009592 2.459001 3541.427858
0.463101 0.050208 0.044323 0.024535 0.001556 0.406662 0.009615 2.463872 3549.046051
0.463412 0.050176 0.044322 0.024549 0.001561 0.406346 0.009635 2.468754 3556.856684
0.463591 0.050160 0.044298 0.024569 0.001556 0.406169 0.009657 2.473671 3565.754764
0.463755 0.050199 0.044274 0.024559 0.001556 0.405982 0.009675 2.478562 3572.845340
0.463858 0.050160 0.044224 0.024616 0.001559 0.405888 0.009695 2.483538 3580.296730
0.463992 0.050038 0.044263 0.024677 0.001555 0.405760 0.009716 2.488564 3589.115225
0.464074 0.050116 0.044274 0.024669 0.001558 0.405574 0.009735 2.493448 3597.624109
0.464093 0.050184 0.044291 0.024696 0.001552 0.405432 0.009752 2.498399 3605.954446
0.464254 0.050138 0.044348 0.024670 0.001557 0.405261 0.009772 2.503357 3612.361999
0.464340 0.050167 0.044355 0.024631 0.001556 0.405158 0.009792 2.508258 3620.579477
0.464552 0.050107 0.044364 0.024675 0.001553 0.404939 0.009811 2.513182 3628.495617
0.464768 0.050099 0.044321 0.024650 0.001546 0.404786 0.009830 2.518061 3636.425554
0.464917 0.050090 0.044337 0.024632 0.001546 0.404629 0.009849 2.522971 3644.681919
0.465056 0.050118 0.044286 0.024581 0.001537 0.404552 0.009870 2.527835 3654.183303
0.465096 0.050135 0.044316 0.024573 0.001532 0.404456 0.009893 2.532754 3662.028079
0.465287 0.050164 0.044222 0.024527 0.001533 0.404351 0.009915 2.537596 3670.151738
0.465433 0.050143 0.044164 0.024508 0.001530 0.404287 0.009935 2.542491 3677.240780
0.465541 0.050181 0.044170 0.024525 0.001531 0.404099 0.009953 2.547387 3683.984373
0.465683 0.050207 0.044169 0.024495 0.001535 0.403935 0.009976 2.552295 3691.931929
0.465852 0.050236 0.044165 0.024530 0.001542 0.403682 0.009993 2.557164 3699.532996
0.465907 0.050327 0.044135 0.024537 0.001546 0.403533 0.010014 2.562046 3707.166772
0.465977 0.050322 0.044173 0.024550 0.001547 0.403398 0.010033 2.566992 3716.084948
0.466068 0.050381 0.044137 0.024544 0.001544 0.403274 0.010051 2.571861 3722.969220
0.466224 0.050298 0.044154 0.024590 0.001549 0.403117 0.010067 2.576837 3730.246774
0.466363 0.050214 0.044227 0.024593 0.001547 0.402969 0.010087 2.581812 3738.667538
0.466543 0.050134 0.044239 0.024598 0.001546 0.402834 0.010106 2.586761 3748.042508
0.466635 0.050123 0.044266 0.024584 0.001552 0.402715 0.010125 2.591675 3755.510422
0.466801 0.050124 0.044226 0.024648 0.001549 0.402510 0.010143 2.596572 3762.360945
0.466842 0.050189 0.044207 0.024640 0.001543 0.402417 0.010163 2.601455 3770.271742
0.466898 0.050112 0.044249 0.024668 0.001547 0.402344 0.010181 2.606402 3777.587678
0.467037 0.050111 0.044266 0.024652 0.001549 0.402187 0.010198 2.611314 3784.495440
0.467116 0.050146 0.044247 0.024683 0.001547 0.402046 0.010214 2.616215 3792.064824
0.467065 0.050229 0.044226 0.024661 0.001549 0.402033 0.010238 2.621102 3800.086948
0.467127 0.050220 0.044221 0.024655 0.001549 0.401971 0.010257 2.626048 3808.207145
0.467222 0.050205 0.044253 0.024632 0.001548 0.401862 0.010278 2.630977 3816.211650
0.467369 0.050139 0.044193 0.024675 0.001561 0.401769 0.010294 2.635895 3822.378700
0.467495 0.050111 0.044207 0.024660 0.001552 0.401662 0.010313 2.640800 3830.118082
0.467521 0.050125 0.044161 0.024647 0.001548 0.401665 0.010332 2.645709 3837.820366
0.467649 0.050157 0.044132 0.024616 0.001541 0.401550 0.010355 2.650587 3846.579224
0.467772 0.050098 0.044190 0.024634 0.001539 0.401393 0.010373 2.655527 3855.311352
0.467961 0.050048 0.044144 0.024643 0.001537 0.401275 0.010392 2.660426 3863.395620
0.468096 0.050044 0.044110 0.024648 0.001535 0.401153 0.010413 2.665318 3870.940995
0.468292 0.050005 0.044055 0.024630 0.001539 0.401046 0.010432 2.670194 3878.232629
0.468551 0.049909 0.044062 0.024643 0.001535 0.400851 0.010449 2.675144 3886.059302
0.468712 0.049879 0.044084 0.024607 0.001535 0.400718 0.010465 2.680035 3892.622933
0.468785 0.049897 0.044134 0.024585 0.001527 0.400589 0.010483 2.684929 3901.162909
0.468833 0.049999 0.044094 0.024591 0.001528 0.400453 0.010502 2.689756 3908.292139
0.468823 0.050076 0.044040 0.024619 0.001536 0.400390 0.010516 2.694608 3915.110071
0.468863 0.050077 0.044029 0.024644 0.001537 0.400313 0.010536 2.699530 3922.642121
0.469020 0.049979 0.044068 0.024643 0.001546 0.400193 0.010552 2.704471 3928.774591
0.469162 0.049970 0.044145 0.024638 0.001547 0.399968 0.010570 2.709348 3936.628111
0.469262 0.049968 0.044114 0.024601 0.001546 0.399920 0.010590 2.714222 3944.892258
0.469342 0.049945 0.044122 0.024630 0.001560 0.399796 0.010607 2.719170 3951.953599
0.469442 0.049943 0.044144 0.024645 0.001571 0.399630 0.010624 2.724078 3958.056126
0.469487 0.049916 0.044117 0.024671 0.001579 0.399586 0.010644 2.729001 3966.414365
0.469535 0.049965 0.044112 0.024638 0.001575 0.399512 0.010662 2.733850 3974.710804
0.469599 0.050029 0.044066 0.024654 0.001574 0.399399 0.010678 2.738725 3982.457039
0.469727 0.050030 0.044046 0.024604 0.001567 0.399328 0.010698 2.743615 3990.026731
0.469798 0.050149 0.043971 0.024642 0.001570 0.399154 0.010716 2.748456 3997.300538
0.469910 0.050147 0.043938 0.024671 0.001563 0.399036 0.010735 2.753356 4005.666745
0.470028 0.050085 0.043941 0.024653 0.001556 0.398981 0.010757 2.758251 4013.664846
0.470087 0.050091 0.043948 0.024652 0.001553 0.398892 0.010776 2.763133 4022.313795
0.470174 0.049993 0.044018 0.024696 0.001541 0.398781 0.010796 2.768132 4030.195433
0.470220 0.050019 0.044046 0.024677 0.001533 0.398691 0.010814 2.773046 4037.661645
0.470362 0.049944 0.044027 0.024631 0.001534 0.398671 0.010831 2.777951 4046.245629
0.470463 0.049935 0.044051 0.024636 0.001530 0.398534 0.010851 2.782852 4055.170054
0.470576 0.050033 0.043955 0.024613 0.001530 0.398425 0.010869 2.787679 4062.139571
0.470717 0.050039 0.043996 0.024552 0.001530 0.398275 0.010891 2.792545 4070.924207
0.470785 0.050162 0.044004 0.024534 0.001537 0.398067 0.010910 2.797374 4079.303978
0.470806 0.050184 0.044030 0.024538 0.001530 0.397981 0.010932 2.802257 4087.445787
0.470918 0.050233 0.044098 0.024465 0.001531 0.397804 0.010952 2.807109 4095.612458
0.470939 0.050227 0.044093 0.024455 0.001524 0.397789 0.010973 2.812025 4103.880293
0.470982 0.050264 0.044039 0.024500 0.001521 0.397705 0.010989 2.816916 4111.315331
0.470999 0.050271 0.044045 0.024513 0.001526 0.397638 0.011008 2.821835 4118.323543
0.470982 0.050234 0.044098 0.024518 0.001527 0.397615 0.011026 2.826765 4125.550895
0.471006 0.050261 0.044173 0.024499 0.001522 0.397494 0.011045 2.831688 4133.510760
0.471101 0.050252 0.044167 0.024506 0.001521 0.397385 0.011067 2.836600 4142.549353
0.471080 0.050326 0.044109 0.024484 0.001525 0.397391 0.011085 2.841491 4150.905737
0.471146 0.050340 0.043991 0.024456 0.001534 0.397431 0.011102 2.846389 4158.098957
0.471136 0.050386 0.043953 0.024491 0.001523 0.397390 0.011121 2.851257 4166.485400
0.471215 0.050262 0.044007 0.024544 0.001522 0.397310 0.011140 2.856224 4174.222517
0.471160 0.050268 0.044039 0.024518 0.001521 0.397333 0.011161 2.861153 4181.551830
0.471227 0.050261 0.044046 0.024522 0.001525 0.397242 0.011178 2.866080 4188.760321
0.471333 0.050249 0.044071 0.024527 0.001536 0.397087 0.011197 2.870990 4195.880723
0.471395 0.050319 0.043980 0.024536 0.001538 0.397020 0.011213 2.875825 4203.686659
0.471469 0.050329 0.043951 0.024519 0.001544 0.396958 0.011231 2.880653 4211.033142
0.471536 0.050330 0.043956 0.024512 0.001556 0.396865 0.011246 2.885549 4217.282327
0.471601 0.050382 0.043934 0.024491 0.001550 0.396777 0.011265 2.890432 4224.506056
0.471642 0.050338 0.043937 0.024523 0.001551 0.396727 0.011281 2.895394 4232.394194
0.471787 0.050329 0.043951 0.024478 0.001544 0.396605 0.011305 2.900276 4241.017225
0.471823 0.050261 0.043956 0.024528 0.001548 0.396560 0.011324 2.905239 4248.343887
0.471922 0.050147 0.044056 0.024570 0.001531 0.396433 0.011342 2.910240 4256.174107
0.471958 0.050132 0.044050 0.024590 0.001539 0.396372 0.011359 2.915160 4263.483594
0.471994 0.050200 0.044005 0.024587 0.001534 0.396302 0.011379 2.920011 4271.183671
0.472016 0.050176 0.044061 0.024624 0.001535 0.396187 0.011400 2.924965 4278.568500
0.472050 0.050244 0.044032 0.024625 0.001535 0.396095 0.011420 2.929825 4286.928584
0.472000 0.050251 0.044067 0.024620 0.001531 0.396091 0.011440 2.934773 4294.667669
0.472000 0.050335 0.043989 0.024585 0.001536 0.396095 0.011461 2.939636 4302.731492
0.472049 0.050267 0.044039 0.024589 0.001542 0.396037 0.011478 2.944570 4310.089017
0.472060 0.050253 0.044054 0.024573 0.001543 0.396017 0.011499 2.949461 4317.359369
0.472096 0.050258 0.044072 0.024550 0.001539 0.395966 0.011518 2.954372 4324.420331
0.472127 0.050275 0.044029 0.024535 0.001544 0.395958 0.011532 2.959298 4331.293850
0.472130 0.050243 0.044119 0.024528 0.001548 0.395881 0.011551 2.964266 4338.439691
0.472147 0.050303 0.044077 0.024549 0.001541 0.395810 0.011573 2.969153 4346.698313
0.472136 0.050250 0.044132 0.024528 0.001545 0.395821 0.011588 2.974100 4353.747526
0.472242 0.050194 0.044136 0.024534 0.001539 0.395745 0.011609 2.979053 4361.829844
0.472238 0.050218 0.044130 0.024495 0.001534 0.395757 0.011628 2.983949 4369.607706
0.472305 0.050192 0.044127 0.024476 0.001531 0.395723 0.011645 2.988879 4376.882585
0.472316 0.050170 0.044150 0.024525 0.001527 0.395646 0.011665 2.993807 4384.798938
0.472303 0.050188 0.044120 0.024579 0.001529 0.395597 0.011684 2.998730 4391.699879
0.472237 0.050241 0.044120 0.024590 0.001531 0.395577 0.011704 3.003626 4398.951132
0.472272 0.050214 0.044158 0.024593 0.001530 0.395507 0.011727 3.008585 4407.450315
0.472259 0.050189 0.044182 0.024600 0.001533 0.395489 0.011748 3.013551 4414.530280
0.472249 0.050154 0.044174 0.024607 0.001534 0.395516 0.011767 3.018501 4422.068553
0.472279 0.050163 0.044185 0.024592 0.001533 0.395465 0.011783 3.023413 4429.801763
0.472293 0.050166 0.044230 0.024528 0.001532 0.395451 0.011800 3.028332 4437.567701
0.472379 0.050167 0.044281 0.024498 0.001534 0.395324 0.011818 3.033230 4445.075718
0.472425 0.050103 0.044347 0.024521 0.001538 0.395227 0.011837 3.038174 4452.120435
0.472460 0.050090 0.044367 0.024493 0.001543 0.395190 0.011856 3.043086 4459.769751
0.472381 0.050141 0.044381 0.024485 0.001545 0.395190 0.011875 3.048032 4466.912520
0.472421 0.050129 0.044359 0.024507 0.001540 0.395149 0.011895 3.052918 4475.312523
0.472484 0.050149 0.044353 0.024523 0.001534 0.395039 0.011917 3.057792 4484.597658
0.472404 0.050211 0.044357 0.024527 0.001529 0.395031 0.011940 3.062696 4493.040610
0.472420 0.050179 0.044382 0.024533 0.001525 0.395005 0.011954 3.067636 4501.190982
0.472409 0.050219 0.044335 0.024553 0.001520 0.394988 0.011975 3.072533 4510.111455
0.472386 0.050283 0.044320 0.024597 0.001514 0.394908 0.011992 3.077441 4519.018866
0.472366 0.050341 0.044323 0.024575 0.001526 0.394860 0.012009 3.082359 4525.608607
0.472516 0.050245 0.044297 0.024567 0.001527 0.394817 0.012031 3.087304 4533.441836
0.472477 0.050276 0.044304 0.024537 0.001517 0.394837 0.012053 3.092228 4540.610695
0.472430 0.050234 0.044341 0.024616 0.001518 0.394789 0.012073 3.097196 4548.800894
0.472529 0.050187 0.044388 0.024629 0.001520 0.394658 0.012089 3.102128 4555.479737
0.472550 0.050203 0.044414 0.024671 0.001516 0.394539 0.012105 3.107069 4562.730863
0.472547 0.050227 0.044396 0.024618 0.001517 0.394570 0.012124 3.111948 4570.314369
0.472548 0.050260 0.044434 0.024610 0.001518 0.394489 0.012142 3.116872 4578.404135
0.472536 0.050273 0.044427 0.024604 0.001516 0.394480 0.012164 3.121779 4585.442022
0.472508 0.050313 0.044429 0.024623 0.001518 0.394428 0.012182 3.126711 4592.290401
0.472496 0.050298 0.044457 0.024581 0.001515 0.394452 0.012201 3.131664 4600.457504
0.472420 0.050326 0.044433 0.024560 0.001521 0.394517 0.012223 3.136545 4609.174468
0.472490 0.050335 0.044410 0.024602 0.001523 0.394399 0.012240 3.141464 4617.263538
0.472573 0.050190 0.044417 0.024598 0.001522 0.394439 0.012262 3.146440 4624.624834
0.472535 0.050171 0.044408 0.024604 0.001529 0.394474 0.012279 3.151407 4631.521184
0.472568 0.050175 0.044411 0.024576 0.001524 0.394450 0.012297 3.156296 4638.393759
0.472560 0.050210 0.044459 0.024559 0.001534 0.394362 0.012317 3.161205 4645.478286
0.472576 0.050204 0.044434 0.024552 0.001526 0.394373 0.012335 3.166123 4652.038644
0.472536 0.050330 0.044370 0.024532 0.001522 0.394356 0.012355 3.170960 4660.941117
0.472660 0.050319 0.044380 0.024506 0.001525 0.394237 0.012373 3.175856 4668.116689
0.472584 0.050308 0.044394 0.024520 0.001520 0.394281 0.012392 3.180782 4675.295321
0.472600 0.050308 0.044447 0.024513 0.001517 0.394201 0.012413 3.185694 4683.083383
0.472561 0.050318 0.044421 0.024573 0.001512 0.394179 0.012436 3.190636 4692.532229
0.472592 0.050361 0.044402 0.024612 0.001509 0.394070 0.012454 3.195561 4700.714098
0.472643 0.050298 0.044383 0.024581 0.001509 0.394113 0.012474 3.200494 4708.528250
0.472732 0.050281 0.044404 0.024612 0.001515 0.393965 0.012493 3.205413 4715.247991
0.472854 0.050159 0.044381 0.024614 0.001507 0.393970 0.012514 3.210353 4723.288030
0.472861 0.050175 0.044336 0.024603 0.001506 0.393985 0.012534 3.215244 4729.944446
0.472851 0.050194 0.044317 0.024593 0.001505 0.393987 0.012553 3.220156 4738.445811
0.472858 0.050183 0.044278 0.024616 0.001504 0.393987 0.012573 3.225085 4745.549078
0.472823 0.050128 0.044328 0.024633 0.001511 0.393983 0.012593 3.230085 4753.018211
0.472819 0.050135 0.044349 0.024653 0.001505 0.393926 0.012614 3.234983 4762.970229
0.472848 0.050065 0.044336 0.024694 0.001504 0.393920 0.012632 3.239935 4770.843478
0.472916 0.050035 0.044283 0.024683 0.001494 0.393936 0.012653 3.244822 4779.501774
0.472800 0.050083 0.044251 0.024663 0.001488 0.394041 0.012673 3.249733 4786.792574
0.472814 0.050115 0.044205 0.024629 0.001490 0.394051 0.012697 3.254626 4794.604948
0.472859 0.050110 0.044159 0.024646 0.001478 0.394030 0.012717 3.259532 4802.545525
0.472900 0.050126 0.044185 0.024642 0.001477 0.393937 0.012733 3.264422 4809.979713
0.472819 0.050192 0.044235 0.024614 0.001480 0.393906 0.012754 3.269322 4818.559858
0.472841 0.050170 0.044273 0.024635 0.001483 0.393828 0.012770 3.274250 4825.894742
0.472870 0.050157 0.044259 0.024605 0.001491 0.393831 0.012787 3.279142 4832.363177
0.472859 0.050157 0.044218 0.024638 0.001488 0.393838 0.012801 3.284053 4840.136046
0.472829 0.050206 0.044203 0.024644 0.001492 0.393808 0.012817 3.288948 4847.195580
0.472944 0.050209 0.044222 0.024636 0.001496 0.393660 0.012834 3.293821 4853.589641
0.472915 0.050253 0.044162 0.024636 0.001494 0.393689 0.012852 3.298721 4860.285120
0.472900 0.050264 0.044207 0.024630 0.001505 0.393627 0.012867 3.303657 4867.284599
0.472882 0.050209 0.044202 0.024643 0.001504 0.393675 0.012884 3.308621 4874.822896
0.472906 0.050171 0.044225 0.024676 0.001505 0.393613 0.012903 3.313567 4882.146974
0.472972 0.050101 0.044259 0.024676 0.001504 0.393568 0.012920 3.318516 4889.485967
0.473027 0.050068 0.044290 0.024652 0.001498 0.393524 0.012939 3.323422 4897.360259
0.472999 0.050057 0.044323 0.024647 0.001503 0.393510 0.012960 3.328368 4904.397943
0.472959 0.050097 0.044347 0.024684 0.001500 0.393435 0.012979 3.333295 4911.732756
0.472895 0.050194 0.044333 0.024625 0.001498 0.393458 0.012998 3.338128 4919.455373
0.472890 0.050248 0.044279 0.024613 0.001495 0.393459 0.013016 3.343001 4926.759579
0.472938 0.050256 0.044269 0.024613 0.001503 0.393385 0.013035 3.347911 4933.092146
0.472904 0.050286 0.044243 0.024539 0.001505 0.393469 0.013052 3.352782 4940.220383
0.472886 0.050321 0.044190 0.024558 0.001502 0.393473 0.013069 3.357679 4948.916580
0.472920 0.050253 0.044227 0.024556 0.001499 0.393457 0.013089 3.362627 4956.573346
0.472877 0.050197 0.044293 0.024562 0.001496 0.393469 0.013106 3.367599 4964.476498
0.472859 0.050240 0.044309 0.024560 0.001496 0.393412 0.013124 3.372523 4971.594404
0.472808 0.050241 0.044346 0.024488 0.001497 0.393481 0.013138 3.377464 4977.928160
0.472805 0.050232 0.044328 0.024486 0.001490 0.393501 0.013158 3.382413 4986.723572
0.472831 0.050087 0.044364 0.024556 0.001492 0.393494 0.013177 3.387429 4995.030167
0.472898 0.050015 0.044408 0.024549 0.001494 0.393439 0.013196 3.392380 5002.407111
0.472893 0.050091 0.044338 0.024530 0.001500 0.393436 0.013213 3.397222 5009.433716
0.472986 0.050051 0.044325 0.024514 0.001500 0.393389 0.013235 3.402107 5017.475814
0.473058 0.050077 0.044285 0.024515 0.001497 0.393313 0.013254 3.406988 5024.897900
0.473083 0.050034 0.044287 0.024535 0.001489 0.393297 0.013275 3.411888 5033.025458
0.473147 0.050010 0.044276 0.024537 0.001491 0.393242 0.013296 3.416789 5041.546592
0.473190 0.050033 0.044234 0.024561 0.001487 0.393179 0.013316 3.421676 5048.694173
0.473107 0.050043 0.044188 0.024523 0.001489 0.393315 0.013335 3.426542 5055.903365
0.473176 0.050065 0.044190 0.024455 0.001489 0.393274 0.013350 3.431400 5063.085478
0.473280 0.050101 0.044152 0.024439 0.001484 0.393173 0.013372 3.436243 5071.823981
0.473323 0.049984 0.044207 0.024476 0.001482 0.393138 0.013390 3.441201 5078.913738
0.473318 0.050012 0.044174 0.024504 0.001488 0.393094 0.013410 3.446080 5087.053049
0.473411 0.049985 0.044170 0.024487 0.001489 0.393028 0.013430 3.450972 5094.157228
0.473417 0.049988 0.044201 0.024528 0.001494 0.392925 0.013448 3.455880 5101.961320
0.473373 0.050006 0.044152 0.024547 0.001500 0.392957 0.013465 3.460766 5108.928247
0.473466 0.049977 0.044139 0.024585 0.001499 0.392851 0.013483 3.465682 5115.751519
0.473539 0.049950 0.044169 0.024548 0.001497 0.392793 0.013503 3.470575 5123.445107
0.473536 0.049943 0.044156 0.024533 0.001491 0.392819 0.013522 3.475466 5131.504464
0.473545 0.049983 0.044173 0.024556 0.001495 0.392713 0.013536 3.480373 5138.590644
0.473546 0.049940 0.044141 0.024592 0.001511 0.392721 0.013551 3.485285 5145.148007
0.473464 0.049987 0.044150 0.024584 0.001515 0.392733 0.013567 3.490189 5151.296480
0.473502 0.049929 0.044130 0.024565 0.001521 0.392769 0.013585 3.495125 5159.863619
0.473616 0.049847 0.044104 0.024607 0.001508 0.392712 0.013605 3.500040 5167.023771
0.473552 0.049923 0.044101 0.024615 0.001511 0.392672 0.013626 3.504905 5175.525422
0.473620 0.049817 0.044127 0.024622 0.001510 0.392655 0.013649 3.509856 5182.995905
0.473628 0.049867 0.044083 0.024610 0.001508 0.392637 0.013667 3.514713 5190.927080
0.473604 0.049848 0.044085 0.024590 0.001504 0.392678 0.013689 3.519591 5198.991864
0.473596 0.049788 0.044090 0.024606 0.001504 0.392703 0.013712 3.524530 5206.932210
0.473621 0.049702 0.044152 0.024595 0.001508 0.392693 0.013729 3.529464 5214.618621
0.473602 0.049763 0.044127 0.024573 0.001510 0.392678 0.013747 3.534346 5221.783293
0.473553 0.049787 0.044157 0.024552 0.001518 0.392668 0.013765 3.539249 5228.990581
0.473518 0.049838 0.044175 0.024549 0.001517 0.392619 0.013783 3.544118 5236.608627
0.473560 0.049760 0.044138 0.024538 0.001522 0.392684 0.013800 3.549008 5243.161444
0.473555 0.049722 0.044143 0.024512 0.001519 0.392733 0.013817 3.553896 5250.362109
0.473616 0.049759 0.044131 0.024483 0.001518 0.392659 0.013835 3.558771 5257.234696
0.473579 0.049828 0.044096 0.024502 0.001512 0.392626 0.013857 3.563652 5264.678219
0.473591 0.049770 0.044128 0.024527 0.001515 0.392592 0.013878 3.568560 5271.285653
0.473572 0.049851 0.044061 0.024578 0.001512 0.392527 0.013899 3.573422 5278.699360
0.473578 0.049858 0.044054 0.024594 0.001510 0.392488 0.013919 3.578299 5286.987280
0.473664 0.049834 0.044029 0.024588 0.001515 0.392435 0.013936 3.583163 5293.743443
0.473655 0.049824 0.044029 0.024582 0.001522 0.392432 0.013957 3.588064 5301.560306
0.473615 0.049935 0.043958 0.024540 0.001522 0.392456 0.013974 3.592861 5308.584045
0.473593 0.049933 0.044034 0.024531 0.001522 0.392394 0.013993 3.597769 5316.283870
0.473626 0.050018 0.043977 0.024469 0.001510 0.392385 0.014015 3.602610 5325.663722
0.473593 0.050038 0.043974 0.024456 0.001503 0.392401 0.014034 3.607484 5333.138377
0.473515 0.050100 0.043900 0.024446 0.001504 0.392486 0.014050 3.612335 5339.931420
0.473507 0.050072 0.043923 0.024468 0.001507 0.392452 0.014070 3.617280 5347.232465
0.473463 0.050059 0.043899 0.024501 0.001500 0.392488 0.014091 3.622201 5355.925238
0.473427 0.050105 0.043938 0.024494 0.001491 0.392432 0.014112 3.627109 5364.577856
0.473452 0.050084 0.043930 0.024531 0.001495 0.392379 0.014128 3.632008 5371.307083
0.473420 0.050085 0.043942 0.024503 0.001499 0.392406 0.014146 3.636899 5377.608362
0.473441 0.050126 0.044003 0.024502 0.001497 0.392260 0.014169 3.641773 5385.183038
0.473420 0.050136 0.043997 0.024488 0.001494 0.392273 0.014192 3.646679 5393.762297
0.473466 0.050084 0.043966 0.024469 0.001495 0.392310 0.014209 3.651586 5400.277894
0.473480 0.050119 0.043962 0.024482 0.001502 0.392230 0.014225 3.656453 5406.797706
0.473377 0.050172 0.043933 0.024491 0.001510 0.392278 0.014240 3.661339 5413.811345
0.473343 0.050101 0.044021 0.024491 0.001513 0.392271 0.014260 3.666314 5421.370937
0.473399 0.050106 0.043984 0.024500 0.001505 0.392227 0.014279 3.671154 5429.322760
0.473339 0.050047 0.043990 0.024528 0.001505 0.392292 0.014298 3.676099 5437.334170
0.473334 0.050009 0.043985 0.024551 0.001506 0.392297 0.014317 3.681041 5445.191569
0.473328 0.050023 0.043967 0.024564 0.001510 0.392266 0.014341 3.685909 5453.243384
0.473302 0.049997 0.043979 0.024573 0.001506 0.392284 0.014359 3.690804 5460.773205
0.473310 0.049927 0.044027 0.024617 0.001503 0.392238 0.014378 3.695737 5468.718412
0.473218 0.049998 0.044020 0.024567 0.001508 0.392290 0.014398 3.700600 5475.245354
0.473208 0.050064 0.043961 0.024521 0.001511 0.392323 0.014413 3.705405 5482.728943
0.473330 0.049922 0.044003 0.024537 0.001510 0.392261 0.014436 3.710360 5490.658382
0.473396 0.049921 0.044018 0.024515 0.001504 0.392192 0.014454 3.715224 5498.308116
0.473384 0.049954 0.044059 0.024557 0.001501 0.392073 0.014472 3.720108 5506.272638
0.473469 0.049901 0.044070 0.024497 0.001501 0.392066 0.014496 3.725021 5514.537004
0.473545 0.049896 0.043996 0.024467 0.001511 0.392075 0.014510 3.729875 5521.090853
0.473563 0.049859 0.043997 0.024449 0.001513 0.392088 0.014532 3.734776 5527.964953
0.473548 0.049864 0.044009 0.024424 0.001513 0.392087 0.014554 3.739691 5536.149602
0.473550 0.049870 0.044045 0.024434 0.001510 0.392016 0.014575 3.744597 5543.863365
0.473528 0.049867 0.044061 0.024459 0.001510 0.391983 0.014593 3.749500 5550.942936
0.473613 0.049771 0.044045 0.024486 0.001519 0.391953 0.014612 3.754417 5557.880128
0.473670 0.049811 0.044062 0.024436 0.001515 0.391878 0.014629 3.759248 5566.876010
0.473602 0.049845 0.044096 0.024457 0.001527 0.391827 0.014646 3.764166 5572.749605
0.473671 0.049742 0.044080 0.024499 0.001521 0.391822 0.014665 3.769094 5581.246580
0.473676 0.049754 0.044064 0.024469 0.001526 0.391829 0.014681 3.773960 5588.854855
0.473623 0.049750 0.044096 0.024503 0.001523 0.391805 0.014700 3.778854 5596.905922
0.473547 0.049828 0.044035 0.024440 0.001513 0.391918 0.014720 3.783680 5606.038419
0.473649 0.049761 0.043978 0.024446 0.001510 0.391922 0.014735 3.788583 5612.878480
0.473755 0.049698 0.043994 0.024431 0.001505 0.391863 0.014753 3.793486 5620.560143
0.473906 0.049604 0.043985 0.024414 0.001500 0.391821 0.014770 3.798349 5627.843533
0.473870 0.049652 0.043930 0.024390 0.001497 0.391875 0.014786 3.803192 5634.295080
0.473938 0.049662 0.043895 0.024416 0.001489 0.391796 0.014804 3.808016 5642.311676
0.473962 0.049642 0.043892 0.024393 0.001492 0.391797 0.014821 3.812879 5649.396051
0.474020 0.049617 0.043920 0.024436 0.001498 0.391673 0.014835 3.817776 5656.012174
0.474000 0.049676 0.043907 0.024424 0.001502 0.391640 0.014850 3.822658 5663.098746
0.473976 0.049674 0.043885 0.024426 0.001490 0.391678 0.014870 3.827527 5670.782516
0.474004 0.049658 0.043902 0.024502 0.001486 0.391562 0.014886 3.832438 5678.065678
0.473959 0.049781 0.043887 0.024495 0.001480 0.391490 0.014907 3.837270 5686.225532
0.473879 0.049895 0.043808 0.024504 0.001486 0.391507 0.014922 3.842106 5694.114499
0.473935 0.049879 0.043809 0.024520 0.001477 0.391440 0.014941 3.847000 5702.371555
0.473845 0.049939 0.043830 0.024528 0.001474 0.391425 0.014959 3.851887 5710.784430
0.473894 0.049926 0.043827 0.024531 0.001466 0.391381 0.014976 3.856759 5719.028288
0.473945 0.050006 0.043831 0.024504 0.001470 0.391251 0.014993 3.861580 5725.159880
0.473991 0.049980 0.043817 0.024512 0.001468 0.391220 0.015013 3.866477 5732.549327
0.474055 0.049921 0.043895 0.024554 0.001468 0.391073 0.015034 3.871400 5740.384679
0.473999 0.049897 0.043963 0.024559 0.001464 0.391066 0.015053 3.876341 5748.502313
0.473981 0.049941 0.043939 0.024534 0.001461 0.391070 0.015075 3.881197 5757.280164
0.473954 0.049966 0.043903 0.024497 0.001451 0.391135 0.015094 3.886069 5765.535546
0.473918 0.049976 0.043929 0.024477 0.001453 0.391134 0.015114 3.890993 5772.641753
0.473878 0.049998 0.044005 0.024464 0.001462 0.391061 0.015132 3.895888 5779.258484
0.473801 0.050027 0.044006 0.024455 0.001469 0.391091 0.015150 3.900820 5787.692247
0.473740 0.049979 0.044026 0.024486 0.001475 0.391125 0.015170 3.905760 5795.712397
0.473727 0.050021 0.044015 0.024467 0.001478 0.391105 0.015187 3.910623 5802.591977
0.473756 0.050008 0.043960 0.024481 0.001481 0.391109 0.015205 3.915495 5809.821481
0.473599 0.050101 0.043952 0.024472 0.001494 0.391161 0.015221 3.920387 5816.341906
0.473580 0.050051 0.043946 0.024488 0.001500 0.391198 0.015237 3.925286 5822.634246
0.473584 0.050056 0.043992 0.024521 0.001501 0.391094 0.015253 3.930230 5829.173831
0.473574 0.050033 0.044002 0.024486 0.001501 0.391133 0.015271 3.935104 5835.700349
0.473623 0.049952 0.044041 0.024510 0.001497 0.391089 0.015288 3.940043 5842.626034
0.473625 0.049954 0.044074 0.024483 0.001494 0.391063 0.015308 3.944919 5849.894941
0.473562 0.050026 0.044055 0.024483 0.001487 0.391059 0.015328 3.949774 5857.795173
0.473458 0.050084 0.044009 0.024478 0.001488 0.391138 0.015346 3.954645 5864.875324
0.473393 0.050100 0.044071 0.024479 0.001482 0.391109 0.015367 3.959555 5873.560413
0.473496 0.049986 0.044128 0.024501 0.001474 0.391034 0.015382 3.964512 5881.248615
0.473484 0.050028 0.044111 0.024497 0.001473 0.391009 0.015397 3.969386 5888.158901
0.473472 0.049984 0.044129 0.024539 0.001472 0.390988 0.015416 3.974320 5895.924609
0.473520 0.049868 0.044160 0.024574 0.001476 0.390966 0.015437 3.979291 5903.209688
0.473529 0.049920 0.044161 0.024531 0.001474 0.390931 0.015454 3.984140 5911.530220
0.473568 0.049878 0.044167 0.024504 0.001486 0.390925 0.015472 3.989046 5918.196652
0.473583 0.049854 0.044177 0.024461 0.001481 0.390953 0.015490 3.993979 5926.217319
0.473629 0.049826 0.044213 0.024473 0.001480 0.390869 0.015510 3.998886 5934.029576
0.473638 0.049838 0.044191 0.024444 0.001471 0.390886 0.015532 4.003740 5942.577962
0.473530 0.049871 0.044202 0.024467 0.001469 0.390910 0.015550 4.008643 5950.725441
0.473510 0.049867 0.044219 0.024438 0.001477 0.390923 0.015566 4.013510 5957.297852
0.473549 0.049748 0.044274 0.024437 0.001476 0.390931 0.015584 4.018443 5965.535878
0.473550 0.049747 0.044269 0.024454 0.001473 0.390904 0.015603 4.023337 5973.296065
0.473549 0.049689 0.044278 0.024447 0.001473 0.390940 0.015625 4.028240 5980.763782
0.473643 0.049577 0.044242 0.024426 0.001481 0.390988 0.015643 4.033132 5988.545807
0.473697 0.049545 0.044203 0.024466 0.001484 0.390942 0.015662 4.038008 5994.796444
0.473681 0.049539 0.044202 0.024432 0.001486 0.390978 0.015683 4.042893 6001.982403
0.473658 0.049579 0.044129 0.024397 0.001492 0.391048 0.015698 4.047722 6008.545460
0.473674 0.049559 0.044164 0.024364 0.001492 0.391031 0.015715 4.052615 6016.096910
0.473680 0.049567 0.044175 0.024355 0.001494 0.390994 0.015735 4.057512 6023.656371
0.473680 0.049584 0.044150 0.024363 0.001491 0.390977 0.015755 4.062381 6030.950709
0.473735 0.049517 0.044190 0.024365 0.001484 0.390933 0.015776 4.067289 6038.927571
0.473656 0.049503 0.044107 0.024405 0.001481 0.391055 0.015792 4.072201 6045.980909
0.473553 0.049647 0.044009 0.024352 0.001480 0.391153 0.015807 4.076997 6053.204120
0.473596 0.049617 0.044025 0.024307 0.001480 0.391153 0.015821 4.081865 6060.400943
0.473672 0.049542 0.044020 0.024324 0.001477 0.391127 0.015838 4.086750 6068.234990
0.473679 0.049575 0.044008 0.024295 0.001481 0.391107 0.015854 4.091603 6075.020772
0.473808 0.049532 0.044005 0.024306 0.001491 0.390989 0.015869 4.096484 6081.351083
0.473856 0.049556 0.044007 0.024327 0.001481 0.390886 0.015888 4.101376 6088.673701
0.473785 0.049637 0.043956 0.024277 0.001488 0.390950 0.015907 4.106216 6095.622535
0.473781 0.049617 0.043964 0.024265 0.001489 0.390959 0.015926 4.111099 6103.183311
0.473853 0.049613 0.043974 0.024267 0.001495 0.390847 0.015950 4.115965 6111.576497
0.473768 0.049657 0.044009 0.024261 0.001488 0.390850 0.015968 4.120844 6119.106653
0.473755 0.049699 0.044037 0.024243 0.001477 0.390800 0.015990 4.125695 6127.104791
0.473695 0.049783 0.044013 0.024237 0.001480 0.390786 0.016007 4.130544 6134.093072
0.473731 0.049805 0.043995 0.024254 0.001474 0.390715 0.016027 4.135388 6141.911852
0.473763 0.049876 0.043941 0.024234 0.001474 0.390668 0.016044 4.140183 6149.028788
0.473777 0.049785 0.043961 0.024275 0.001475 0.390666 0.016061 4.145132 6155.829909
0.473752 0.049804 0.043939 0.024289 0.001479 0.390661 0.016076 4.149979 6163.121330
0.473684 0.049796 0.043984 0.024301 0.001472 0.390669 0.016093 4.154883 6170.924978
0.473731 0.049780 0.043946 0.024337 0.001475 0.390620 0.016112 4.159748 6179.027472
0.473745 0.049800 0.043948 0.024352 0.001475 0.390549 0.016133 4.164620 6186.449503
0.473737 0.049791 0.043957 0.024362 0.001479 0.390526 0.016148 4.169501 6193.197876
0.473775 0.049732 0.044002 0.024392 0.001481 0.390454 0.016165 4.174427 6200.220824
0.473733 0.049779 0.043991 0.024389 0.001476 0.390447 0.016185 4.179290 6207.662575
0.473765 0.049717 0.044051 0.024399 0.001464 0.390401 0.016204 4.184205 6216.007523
0.473789 0.049727 0.043980 0.024412 0.001462 0.390408 0.016223 4.189075 6224.138799
0.473665 0.049751 0.043999 0.024359 0.001461 0.390527 0.016239 4.193969 6230.662289
0.473632 0.049743 0.043986 0.024357 0.001466 0.390560 0.016258 4.198854 6237.813405
0.473616 0.049813 0.043972 0.024373 0.001460 0.390492 0.016274 4.203669 6244.605976
0.473628 0.049813 0.043978 0.024379 0.001464 0.390447 0.016290 4.208529 6250.918773
0.473620 0.049832 0.043993 0.024366 0.001461 0.390420 0.016309 4.213418 6258.319173
0.473561 0.049824 0.044012 0.024349 0.001468 0.390460 0.016327 4.218291 6265.364590
0.473611 0.049838 0.043949 0.024304 0.001463 0.390487 0.016347 4.223117 6273.278845
0.473654 0.049791 0.043986 0.024364 0.001466 0.390376 0.016364 4.228036 6279.819736
0.473624 0.049771 0.043974 0.024435 0.001467 0.390345 0.016383 4.232950 6286.728929
0.473693 0.049670 0.043970 0.024428 0.001472 0.390367 0.016400 4.237869 6293.541048
0.473669 0.049652 0.043984 0.024374 0.001467 0.390436 0.016418 4.242703 6301.391084
0.473733 0.049610 0.043919 0.024434 0.001460 0.390406 0.016438 4.247585 6309.429296
0.473785 0.049591 0.043925 0.024391 0.001461 0.390392 0.016455 4.252428 6316.838585
0.473817 0.049588 0.043923 0.024419 0.001460 0.390322 0.016472 4.257324 6323.721984
0.473911 0.049536 0.043891 0.024446 0.001467 0.390259 0.016491 4.262178 6330.485153
0.473911 0.049485 0.043882 0.024427 0.001469 0.390317 0.016510 4.267089 6337.922952
0.473959 0.049449 0.043910 0.024374 0.001468 0.390310 0.016529 4.271948 6345.904696
0.474054 0.049437 0.043929 0.024344 0.001474 0.390212 0.016552 4.276799 6353.088826
0.473948 0.049433 0.043989 0.024370 0.001481 0.390211 0.016570 4.281691 6360.344050
0.473872 0.049498 0.043946 0.024333 0.001488 0.390278 0.016585 4.286495 6367.497942
0.473853 0.049446 0.043958 0.024345 0.001489 0.390307 0.016603 4.291388 6375.180092
0.473825 0.049413 0.043894 0.024381 0.001490 0.390377 0.016620 4.296267 6382.382435
0.473896 0.049485 0.043816 0.024375 0.001488 0.390304 0.016637 4.301012 6390.504650
0.474029 0.049432 0.043865 0.024345 0.001492 0.390183 0.016655 4.305899 6396.779901
0.474055 0.049429 0.043951 0.024322 0.001485 0.390080 0.016677 4.310807 6404.514222
0.474048 0.049433 0.043925 0.024332 0.001492 0.390075 0.016694 4.315646 6412.007646
0.474017 0.049463 0.043914 0.024352 0.001492 0.390049 0.016713 4.320506 6419.431814
0.474062 0.049438 0.043818 0.024326 0.001497 0.390127 0.016733 4.325309 6426.347187
0.474036 0.049452 0.043854 0.024344 0.001505 0.390059 0.016751 4.330196 6433.116950
0.474024 0.049510 0.043857 0.024331 0.001510 0.390000 0.016769 4.335048 6440.789773
0.473992 0.049516 0.043794 0.024322 0.001511 0.390076 0.016789 4.339913 6448.521048
0.473962 0.049528 0.043781 0.024385 0.001508 0.390030 0.016806 4.344749 6455.709226
0.474012 0.049488 0.043795 0.024393 0.001510 0.389981 0.016822 4.349602 6462.670182
0.473979 0.049504 0.043792 0.024344 0.001510 0.390032 0.016838 4.354449 6469.518305
0.473976 0.049497 0.043799 0.024324 0.001506 0.390040 0.016857 4.359311 6477.443396
0.473923 0.049500 0.043802 0.024289 0.001509 0.390103 0.016874 4.364172 6484.780141
0.473881 0.049620 0.043820 0.024261 0.001511 0.390013 0.016895 4.368994 6491.738002
0.473884 0.049562 0.043851 0.024273 0.001514 0.390006 0.016910 4.373878 6498.948628
0.473959 0.049609 0.043723 0.024255 0.001515 0.390010 0.016930 4.378641 6506.016386
0.473959 0.049662 0.043742 0.024236 0.001514 0.389938 0.016949 4.383482 6513.349718
0.473873 0.049725 0.043700 0.024203 0.001513 0.390015 0.016971 4.388350 6521.419475
0.473960 0.049673 0.043776 0.024164 0.001514 0.389921 0.016992 4.393232 6528.980293
0.473899 0.049667 0.043783 0.024222 0.001502 0.389916 0.017012 4.398098 6536.325954
0.473902 0.049644 0.043745 0.024263 0.001496 0.389920 0.017030 4.402985 6544.331086
0.473846 0.049646 0.043729 0.024258 0.001495 0.389979 0.017047 4.407865 6551.494461
0.473801 0.049718 0.043710 0.024237 0.001497 0.389972 0.017065 4.412696 6558.499793
0.473871 0.049632 0.043782 0.024259 0.001495 0.389877 0.017083 4.417591 6565.560933
0.473930 0.049608 0.043733 0.024299 0.001500 0.389830 0.017100 4.422466 6573.428566
0.473956 0.049568 0.043765 0.024308 0.001498 0.389785 0.017121 4.427368 6581.767550
0.473969 0.049521 0.043845 0.024307 0.001494 0.389723 0.017140 4.432284 6589.239938
0.473974 0.049487 0.043828 0.024344 0.001495 0.389715 0.017157 4.437195 6596.823563
0.473939 0.049507 0.043829 0.024283 0.001495 0.389771 0.017177 4.442067 6604.770363
0.473894 0.049591 0.043777 0.024257 0.001488 0.389799 0.017194 4.446887 6614.206483
0.473862 0.049658 0.043742 0.024241 0.001491 0.389796 0.017210 4.451724 6621.260119
0.473807 0.049755 0.043705 0.024258 0.001487 0.389761 0.017227 4.456547 6628.727563
0.473840 0.049731 0.043735 0.024304 0.001490 0.389656 0.017245 4.461469 6635.258648
0.473849 0.049765 0.043730 0.024299 0.001494 0.389602 0.017262 4.466338 6643.307361
0.473845 0.049818 0.043671 0.024298 0.001492 0.389591 0.017285 4.471163 6650.390933
0.473893 0.049808 0.043660 0.024347 0.001489 0.389499 0.017305 4.476049 6658.436965
0.473863 0.049760 0.043726 0.024350 0.001494 0.389484 0.017323 4.480983 6667.169567
0.473952 0.049809 0.043676 0.024319 0.001486 0.389418 0.017341 4.485784 6675.491789
0.474022 0.049772 0.043776 0.024367 0.001485 0.389218 0.017360 4.490703 6681.753476
0.473948 0.049773 0.043854 0.024378 0.001473 0.389193 0.017383 4.495611 6690.987311
0.473868 0.049761 0.043782 0.024351 0.001486 0.389352 0.017400 4.500474 6697.132102
0.473863 0.049784 0.043783 0.024365 0.001482 0.389310 0.017414 4.505356 6704.279335
0.473823 0.049772 0.043853 0.024433 0.001477 0.389210 0.017432 4.510259 6712.663035
0.473846 0.049743 0.043885 0.024422 0.001475 0.389178 0.017451 4.515168 6719.474961
0.473866 0.049783 0.043854 0.024326 0.001472 0.389231 0.017468 4.519994 6726.518812
0.473841 0.049795 0.043843 0.024344 0.001468 0.389221 0.017487 4.524881 6734.159231
0.473785 0.049766 0.043853 0.024337 0.001472 0.389280 0.017507 4.529789 6741.802262
0.473708 0.049790 0.043853 0.024380 0.001476 0.389263 0.017528 4.534720 6749.410126
0.473677 0.049830 0.043857 0.024359 0.001482 0.389248 0.017547 4.539589 6756.357911
0.473698 0.049820 0.043854 0.024376 0.001479 0.389206 0.017567 4.544466 6765.217153
0.473666 0.049756 0.043935 0.024407 0.001477 0.389168 0.017589 4.549435 6772.506563
0.473610 0.049728 0.043981 0.024481 0.001479 0.389115 0.017605 4.554370 6779.491034
0.473568 0.049763 0.043948 0.024479 0.001477 0.389138 0.017626 4.559246 6786.576902
0.473588 0.049718 0.043942 0.024506 0.001483 0.389118 0.017643 4.564159 6793.038205
0.473585 0.049706 0.043917 0.024479 0.001491 0.389161 0.017661 4.569013 6800.739933
0.473570 0.049721 0.043870 0.024471 0.001499 0.389192 0.017677 4.573867 6808.126885
0.473572 0.049695 0.043864 0.024490 0.001501 0.389180 0.017697 4.578739 6815.421267
0.473599 0.049671 0.043840 0.024476 0.001501 0.389197 0.017716 4.583590 6823.408257
0.473624 0.049666 0.043857 0.024486 0.001499 0.389134 0.017735 4.588491 6831.274003
0.473613 0.049668 0.043791 0.024472 0.001493 0.389208 0.017754 4.593368 6838.627102
0.473652 0.049617 0.043837 0.024491 0.001486 0.389145 0.017772 4.598266 6846.801354
0.473654 0.049683 0.043869 0.024438 0.001483 0.389080 0.017792 4.603110 6854.481755
0.473643 0.049695 0.043887 0.024484 0.001485 0.388995 0.017810 4.608015 6861.873677
0.473545 0.049786 0.043880 0.024472 0.001473 0.389015 0.017829 4.612885 6870.128306
0.473525 0.049781 0.043802 0.024473 0.001473 0.389100 0.017845 4.617760 6876.945423
0.473570 0.049753 0.043830 0.024465 0.001463 0.389053 0.017866 4.622651 6884.683168
0.473568 0.049785 0.043810 0.024469 0.001460 0.389023 0.017885 4.627530 6892.873679
0.473574 0.049764 0.043824 0.024447 0.001459 0.389026 0.017905 4.632410 6900.319749
0.473559 0.049733 0.043806 0.024395 0.001463 0.389120 0.017923 4.637252 6907.366661
0.473525 0.049739 0.043831 0.024395 0.001466 0.389104 0.017940 4.642144 6914.523289
0.473525 0.049765 0.043897 0.024382 0.001473 0.389002 0.017955 4.646999 6920.836259
0.473418 0.049796 0.043910 0.024357 0.001469 0.389076 0.017974 4.651883 6927.861215
0.473395 0.049745 0.043973 0.024338 0.001477 0.389081 0.017990 4.656803 6934.425400
0.473411 0.049752 0.043908 0.024351 0.001478 0.389094 0.018007 4.661637 6941.914096
0.473392 0.049803 0.043858 0.024366 0.001478 0.389079 0.018023 4.666472 6948.566054
0.473324 0.049868 0.043825 0.024403 0.001469 0.389069 0.018041 4.671329 6956.295735
0.473340 0.049746 0.043913 0.024424 0.001476 0.389039 0.018060 4.676262 6963.364431
0.473338 0.049764 0.043851 0.024427 0.001474 0.389066 0.018081 4.681101 6970.662335
0.473405 0.049658 0.043868 0.024401 0.001472 0.389094 0.018102 4.686008 6978.177068
0.473412 0.049752 0.043889 0.024331 0.001481 0.389014 0.018121 4.690847 6985.117693
0.473421 0.049756 0.043839 0.024351 0.001491 0.389004 0.018138 4.695714 6992.330719
0.473425 0.049746 0.043818 0.024327 0.001486 0.389044 0.018155 4.700556 7000.173593
0.473404 0.049733 0.043766 0.024348 0.001489 0.389088 0.018172 4.705437 7007.170603
0.473444 0.049585 0.043868 0.024389 0.001493 0.389032 0.018190 4.710421 7014.656555
0.473360 0.049648 0.043871 0.024348 0.001493 0.389070 0.018209 4.715259 7022.521632
0.473295 0.049662 0.043856 0.024365 0.001488 0.389106 0.018228 4.720131 7031.148827
0.473282 0.049602 0.043832 0.024372 0.001496 0.389172 0.018243 4.725014 7038.109207
0.473250 0.049623 0.043822 0.024394 0.001500 0.389152 0.018259 4.729858 7045.193879
0.473172 0.049714 0.043844 0.024384 0.001492 0.389115 0.018279 4.734711 7053.802648
0.473229 0.049650 0.043908 0.024379 0.001492 0.389049 0.018293 4.739635 7060.410336
0.473197 0.049719 0.043897 0.024326 0.001489 0.389059 0.018314 4.744452 7068.399678
0.473199 0.049689 0.043881 0.024371 0.001486 0.389041 0.018333 4.749357 7075.866193
0.473171 0.049659 0.043840 0.024393 0.001488 0.389099 0.018350 4.754243 7082.509545
0.473153 0.049641 0.043839 0.024437 0.001484 0.389076 0.018370 4.759124 7089.525298
0.473112 0.049595 0.043813 0.024475 0.001478 0.389139 0.018389 4.764017 7098.345232
0.473149 0.049633 0.043804 0.024423 0.001496 0.389089 0.018407 4.768860 7105.076958
0.473135 0.049624 0.043830 0.024476 0.001483 0.389024 0.018427 4.773725 7112.982732
0.473121 0.049650 0.043831 0.024499 0.001471 0.388979 0.018449 4.778588 7121.325055
0.473102 0.049708 0.043799 0.024447 0.001466 0.389004 0.018474 4.783432 7130.122859
0.473051 0.049750 0.043810 0.024442 0.001477 0.388979 0.018491 4.788290 7137.022946
0.473011 0.049724 0.043827 0.024448 0.001482 0.388995 0.018512 4.793181 7143.568127
0.473015 0.049663 0.043820 0.024476 0.001473 0.389019 0.018534 4.798071 7152.001508
0.473084 0.049622 0.043852 0.024477 0.001469 0.388946 0.018548 4.802962 7158.662634
0.473180 0.049571 0.043839 0.024479 0.001467 0.388900 0.018564 4.807805 7165.770732
0.473206 0.049603 0.043842 0.024448 0.001471 0.388851 0.018579 4.812632 7173.356379
0.473220 0.049536 0.043829 0.024414 0.001475 0.388926 0.018600 4.817521 7180.545391
0.473226 0.049557 0.043814 0.024382 0.001475 0.388925 0.018621 4.822350 7187.336820
0.473203 0.049617 0.043758 0.024402 0.001472 0.388908 0.018639 4.827187 7194.564305
0.473245 0.049454 0.043759 0.024403 0.001471 0.389013 0.018655 4.832080 7202.085847
0.473260 0.049448 0.043753 0.024404 0.001476 0.388987 0.018673 4.836932 7208.644465
0.473401 0.049300 0.043746 0.024394 0.001489 0.388979 0.018691 4.841833 7214.635836
0.473445 0.049330 0.043694 0.024376 0.001489 0.388961 0.018705 4.846635 7221.655120
0.473460 0.049278 0.043739 0.024363 0.001488 0.388949 0.018723 4.851521 7228.648527
0.473497 0.049249 0.043738 0.024324 0.001482 0.388966 0.018744 4.856366 7236.723805
0.473500 0.049296 0.043677 0.024314 0.001481 0.388970 0.018763 4.861148 7244.860839
0.473575 0.049265 0.043695 0.024312 0.001485 0.388890 0.018777 4.865980 7252.132374
0.473538 0.049236 0.043699 0.024325 0.001489 0.388917 0.018796 4.870887 7259.753283
0.473541 0.049259 0.043662 0.024377 0.001487 0.388864 0.018811 4.875711 7265.914164
0.473623 0.049229 0.043580 0.024367 0.001483 0.388885 0.018833 4.880489 7274.063906
0.473623 0.049270 0.043519 0.024319 0.001488 0.388934 0.018846 4.885276 7281.273423
0.473607 0.049242 0.043473 0.024349 0.001488 0.388980 0.018862 4.890149 7288.303777
0.473613 0.049221 0.043488 0.024365 0.001488 0.388949 0.018877 4.894976 7295.518978
0.473608 0.049267 0.043446 0.024346 0.001494 0.388945 0.018893 4.899768 7303.537705
0.473679 0.049250 0.043416 0.024346 0.001501 0.388899 0.018910 4.904562 7310.568839
0.473745 0.049219 0.043439 0.024337 0.001504 0.388830 0.018926 4.909416 7316.266025
0.473767 0.049222 0.043450 0.024309 0.001495 0.388812 0.018945 4.914220 7324.839362
0.473703 0.049268 0.043507 0.024283 0.001501 0.388776 0.018962 4.919035 7332.000166
0.473731 0.049280 0.043473 0.024269 0.001498 0.388771 0.018979 4.923856 7340.567152
0.473806 0.049229 0.043450 0.024264 0.001488 0.388765 0.018998 4.928696 7347.672636
0.473873 0.049225 0.043470 0.024256 0.001483 0.388673 0.019020 4.933564 7356.028422
0.473874 0.049203 0.043472 0.024248 0.001481 0.388684 0.019038 4.938384 7363.917874
0.473897 0.049264 0.043406 0.024260 0.001485 0.388629 0.019059 4.943151 7371.848552
0.473883 0.049271 0.043411 0.024275 0.001486 0.388599 0.019075 4.947991 7378.846526
0.473936 0.049252 0.043453 0.024296 0.001490 0.388483 0.019089 4.952845 7386.153794
0.474037 0.049250 0.043363 0.024270 0.001487 0.388485 0.019107 4.957638 7393.886750
0.474041 0.049295 0.043384 0.024238 0.001487 0.388429 0.019127 4.962439 7401.497918
0.474125 0.049294 0.043363 0.024257 0.001476 0.388333 0.019152 4.967222 7409.661026
0.474108 0.049328 0.043357 0.024270 0.001478 0.388288 0.019172 4.972060 7417.334756
0.474069 0.049346 0.043325 0.024252 0.001481 0.388336 0.019191 4.976945 7424.733934
0.474056 0.049355 0.043339 0.024272 0.001470 0.388297 0.019212 4.981773 7434.203638
0.474150 0.049314 0.043376 0.024289 0.001462 0.388181 0.019228 4.986624 7442.852598
0.474159 0.049344 0.043342 0.024287 0.001459 0.388160 0.019248 4.991426 7451.131889
0.474158 0.049350 0.043334 0.024261 0.001454 0.388176 0.019267 4.996250 7458.303361
0.474088 0.049389 0.043366 0.024267 0.001460 0.388143 0.019286 5.001118 7465.959782
0.474048 0.049472 0.043346 0.024290 0.001465 0.388074 0.019304 5.005967 7473.237601
0.473935 0.049564 0.043357 0.024266 0.001459 0.388094 0.019325 5.010819 7480.718242
0.473804 0.049667 0.043329 0.024262 0.001467 0.388130 0.019340 5.015665 7487.650681
0.473836 0.049661 0.043359 0.024246 0.001468 0.388073 0.019356 5.020498 7495.009308
0.473796 0.049643 0.043490 0.024288 0.001471 0.387938 0.019373 5.025398 7501.158208
0.473858 0.049579 0.043523 0.024282 0.001472 0.387899 0.019389 5.030272 7508.888152
0.473893 0.049490 0.043554 0.024284 0.001476 0.387897 0.019406 5.035161 7515.389628
0.473821 0.049497 0.043558 0.024283 0.001477 0.387937 0.019426 5.040038 7522.846495
0.473843 0.049545 0.043575 0.024226 0.001467 0.387902 0.019443 5.044808 7530.007382
0.473878 0.049514 0.043568 0.024173 0.001462 0.387942 0.019463 5.049626 7537.099195
0.473879 0.049497 0.043593 0.024179 0.001463 0.387907 0.019482 5.054516 7544.552914
0.473845 0.049518 0.043531 0.024148 0.001459 0.388003 0.019496 5.059359 7553.294236
0.473775 0.049512 0.043624 0.024142 0.001452 0.387976 0.019519 5.064254 7561.204115
0.473817 0.049413 0.043656 0.024169 0.001458 0.387949 0.019538 5.069124 7568.137998
0.473822 0.049346 0.043688 0.024245 0.001463 0.387880 0.019556 5.074021 7575.037432
0.473844 0.049364 0.043664 0.024225 0.001464 0.387864 0.019575 5.078836 7582.754155
0.473863 0.049319 0.043645 0.024222 0.001463 0.387895 0.019593 5.083673 7589.743235
0.473837 0.049343 0.043674 0.024202 0.001465 0.387869 0.019609 5.088504 7597.182976
0.473879 0.049312 0.043671 0.024198 0.001462 0.387853 0.019626 5.093321 7604.625902
0.473915 0.049318 0.043699 0.024155 0.001464 0.387808 0.019643 5.098106 7613.131144
0.473940 0.049357 0.043661 0.024171 0.001461 0.387747 0.019662 5.102918 7620.650262
0.473858 0.049403 0.043672 0.024188 0.001462 0.387737 0.019680 5.107738 7627.123848
0.473875 0.049410 0.043687 0.024237 0.001471 0.387624 0.019696 5.112618 7633.774583
0.473926 0.049344 0.043708 0.024239 0.001474 0.387595 0.019714 5.117513 7641.032557
0.473903 0.049402 0.043722 0.024235 0.001479 0.387526 0.019733 5.122358 7647.718469
0.473793 0.049489 0.043787 0.024219 0.001481 0.387483 0.019748 5.127204 7654.528378
0.473788 0.049490 0.043744 0.024184 0.001473 0.387556 0.019766 5.132016 7661.131209
0.473788 0.049439 0.043755 0.024195 0.001478 0.387561 0.019785 5.136898 7668.109471
0.473769 0.049402 0.043763 0.024216 0.001468 0.387574 0.019809 5.141764 7676.321755
0.473754 0.049419 0.043734 0.024255 0.001462 0.387551 0.019826 5.146608 7684.078531
0.473726 0.049413 0.043764 0.024257 0.001470 0.387527 0.019842 5.151509 7690.483602
0.473717 0.049353 0.043782 0.024324 0.001460 0.387502 0.019861 5.156402 7698.585383
0.473755 0.049389 0.043760 0.024303 0.001457 0.387454 0.019880 5.161226 7705.636361
0.473687 0.049478 0.043724 0.024286 0.001456 0.387469 0.019900 5.166048 7711.946278
