0.364593 0.062178 0.054620 0.031307 0.002009 0.479594 0.005700 1.563777 1994.189493
0.365490 0.061192 0.054961 0.030808 0.002011 0.479818 0.005721 1.569786 2003.914733
0.367842 0.059043 0.055174 0.030354 0.001998 0.479841 0.005749 1.575696 2016.158022
0.370830 0.056438 0.055146 0.029881 0.001993 0.479941 0.005772 1.581320 2025.804938
0.374210 0.053676 0.055024 0.029337 0.001989 0.479965 0.005800 1.586695 2035.085867
0.377966 0.050873 0.054712 0.028758 0.001988 0.479878 0.005825 1.591791 2044.698391
0.381848 0.048088 0.054202 0.028174 0.001974 0.479859 0.005856 1.596653 2057.271118
0.385910 0.045466 0.053526 0.027553 0.001965 0.479698 0.005882 1.601183 2066.754623
0.390151 0.042884 0.052785 0.026899 0.001956 0.479415 0.005909 1.605513 2077.121123
0.394466 0.040512 0.051871 0.026220 0.001938 0.479060 0.005933 1.609571 2086.383005
0.398868 0.038262 0.050805 0.025482 0.001933 0.478695 0.005954 1.613400 2095.634525
0.403241 0.036118 0.049715 0.024841 0.001928 0.478179 0.005978 1.617061 2104.791230
0.407799 0.034069 0.048638 0.024154 0.001920 0.477418 0.006002 1.620507 2114.312727
0.412353 0.032227 0.047397 0.023486 0.001909 0.476600 0.006030 1.623748 2123.729263
0.416944 0.030461 0.046178 0.022820 0.001900 0.475647 0.006050 1.626831 2132.143332
0.421619 0.028788 0.044920 0.022121 0.001888 0.474589 0.006074 1.629761 2141.738413
0.426342 0.027234 0.043659 0.021406 0.001871 0.473388 0.006098 1.632526 2151.763171
0.431048 0.025820 0.042337 0.020728 0.001860 0.472087 0.006119 1.635140 2160.350514
0.435733 0.024508 0.041035 0.020073 0.001837 0.470671 0.006144 1.637604 2171.205718
0.440495 0.023276 0.039735 0.019424 0.001817 0.469088 0.006166 1.639962 2180.874384
0.445243 0.022145 0.038437 0.018774 0.001796 0.467414 0.006191 1.642155 2191.045490
0.450055 0.021073 0.037126 0.018124 0.001775 0.465632 0.006215 1.644270 2200.328630
0.454886 0.020026 0.035929 0.017520 0.001748 0.463652 0.006239 1.646324 2210.946688
0.459662 0.019115 0.034647 0.016923 0.001731 0.461660 0.006261 1.648217 2219.785916
0.464526 0.018210 0.033493 0.016374 0.001703 0.459412 0.006282 1.650076 2229.310238
0.469217 0.017447 0.032281 0.015801 0.001676 0.457272 0.006306 1.651830 2239.922295
0.474015 0.016713 0.031170 0.015255 0.001654 0.454864 0.006328 1.653493 2249.526400
0.478749 0.015995 0.030091 0.014729 0.001628 0.452459 0.006348 1.655124 2257.976445
0.483453 0.015345 0.029024 0.014214 0.001596 0.449997 0.006371 1.656659 2268.437845
0.488272 0.014744 0.027938 0.013666 0.001576 0.447416 0.006389 1.658109 2277.079911
0.493089 0.014157 0.026889 0.013189 0.001550 0.444716 0.006409 1.659516 2287.116697
0.497836 0.013615 0.025925 0.012700 0.001525 0.441967 0.006432 1.660883 2296.275362
0.502487 0.013109 0.024957 0.012267 0.001494 0.439232 0.006453 1.662188 2306.608009
0.507160 0.012621 0.024076 0.011840 0.001466 0.436365 0.006472 1.663467 2316.376782
0.511779 0.012179 0.023158 0.011412 0.001436 0.433544 0.006492 1.664686 2324.947278
0.516378 0.011761 0.022301 0.011008 0.001410 0.430630 0.006513 1.665874 2334.929815
0.521025 0.011337 0.021504 0.010645 0.001376 0.427582 0.006533 1.667036 2343.526827
0.525652 0.010969 0.020753 0.010228 0.001351 0.424497 0.006549 1.668159 2352.223439
0.530227 0.010649 0.019966 0.009850 0.001322 0.421417 0.006570 1.669206 2361.286802
0.534848 0.010318 0.019244 0.009537 0.001298 0.418172 0.006584 1.670234 2369.266583
0.539414 0.009970 0.018578 0.009208 0.001273 0.414958 0.006600 1.671260 2377.403344
0.543902 0.009678 0.017885 0.008908 0.001244 0.411769 0.006616 1.672215 2386.053667
0.548409 0.009393 0.017216 0.008605 0.001221 0.408527 0.006629 1.673140 2393.977024
0.552844 0.009145 0.016600 0.008320 0.001198 0.405250 0.006643 1.674061 2401.317073
0.557223 0.008910 0.016047 0.008007 0.001174 0.401983 0.006656 1.674943 2409.595924
0.561668 0.008687 0.015483 0.007746 0.001140 0.398604 0.006672 1.675806 2419.443278
0.565999 0.008453 0.014922 0.007503 0.001114 0.395324 0.006686 1.676651 2426.487422
0.570282 0.008224 0.014417 0.007261 0.001094 0.392024 0.006698 1.677480 2434.287424
0.574616 0.008021 0.013919 0.007024 0.001065 0.388644 0.006712 1.678271 2441.895296
0.578887 0.007818 0.013457 0.006786 0.001043 0.385286 0.006724 1.679035 2448.614233
0.583021 0.007648 0.013018 0.006576 0.001017 0.381982 0.006739 1.679802 2458.164028
0.587151 0.007466 0.012588 0.006372 0.000995 0.378676 0.006752 1.680560 2466.532543
0.591269 0.007310 0.012167 0.006168 0.000971 0.375350 0.006765 1.681280 2474.486894
0.595386 0.007149 0.011798 0.005973 0.000945 0.371971 0.006778 1.682002 2482.197710
0.599445 0.007033 0.011403 0.005777 0.000922 0.368630 0.006791 1.682677 2489.831762
0.603509 0.006889 0.011046 0.005617 0.000901 0.365238 0.006800 1.683362 2495.858848
0.607504 0.006764 0.010677 0.005449 0.000881 0.361914 0.006811 1.684017 2502.925744
0.611470 0.006642 0.010337 0.005288 0.000862 0.358580 0.006822 1.684662 2508.434243
0.615364 0.006505 0.010011 0.005138 0.000839 0.355307 0.006836 1.685307 2514.768681
0.619238 0.006341 0.009742 0.005021 0.000811 0.351997 0.006849 1.685961 2522.151187
0.623097 0.006243 0.009472 0.004908 0.000791 0.348628 0.006862 1.686580 2528.763821
0.626920 0.006100 0.009211 0.004769 0.000772 0.345355 0.006872 1.687192 2534.575094
0.630773 0.005987 0.008976 0.004647 0.000750 0.341985 0.006882 1.687788 2541.246808
0.634544 0.005893 0.008728 0.004527 0.000735 0.338680 0.006893 1.688357 2547.415064
0.638264 0.005793 0.008488 0.004422 0.000717 0.335416 0.006900 1.688937 2553.467789
0.641948 0.005681 0.008261 0.004323 0.000706 0.332174 0.006908 1.689522 2558.200422
0.645633 0.005599 0.008057 0.004216 0.000686 0.328890 0.006918 1.690070 2564.842291
0.649184 0.005515 0.007854 0.004129 0.000672 0.325720 0.006926 1.690627 2570.376738
0.652864 0.005456 0.007655 0.004005 0.000652 0.322433 0.006936 1.691148 2576.928239
0.656458 0.005381 0.007445 0.003909 0.000637 0.319225 0.006945 1.691677 2582.651112
0.660028 0.005303 0.007266 0.003826 0.000622 0.316004 0.006952 1.692199 2587.698225
0.663524 0.005217 0.007062 0.003729 0.000601 0.312906 0.006961 1.692705 2595.099739
0.666931 0.005149 0.006882 0.003644 0.000585 0.309838 0.006971 1.693197 2599.757642
0.670360 0.005049 0.006722 0.003577 0.000573 0.306740 0.006979 1.693701 2603.742369
0.673759 0.004973 0.006562 0.003512 0.000559 0.303650 0.006986 1.694204 2608.472518
0.677107 0.004903 0.006419 0.003440 0.000544 0.300593 0.006995 1.694683 2613.704820
0.680397 0.004855 0.006272 0.003360 0.000529 0.297584 0.007004 1.695144 2619.121546
0.683734 0.004809 0.006120 0.003297 0.000512 0.294516 0.007012 1.695605 2624.135915
0.687001 0.004728 0.005986 0.003214 0.000499 0.291554 0.007017 1.696075 2629.816069
0.690173 0.004684 0.005881 0.003157 0.000491 0.288592 0.007021 1.696552 2634.166730
0.693369 0.004598 0.005782 0.003100 0.000478 0.285645 0.007028 1.697028 2638.626857
0.696542 0.004550 0.005637 0.003046 0.000469 0.282723 0.007034 1.697465 2643.178153
0.699700 0.004492 0.005518 0.002986 0.000461 0.279803 0.007039 1.697904 2646.972058
0.702845 0.004425 0.005446 0.002946 0.000450 0.276844 0.007044 1.698355 2651.840845
0.705968 0.004385 0.005337 0.002879 0.000441 0.273942 0.007048 1.698775 2655.203558
0.708975 0.004327 0.005235 0.002830 0.000434 0.271142 0.007056 1.699207 2659.185517
0.712027 0.004256 0.005148 0.002794 0.000424 0.268290 0.007061 1.699645 2663.330285
0.715007 0.004197 0.005074 0.002740 0.000416 0.265497 0.007068 1.700075 2667.772177
0.717930 0.004166 0.004999 0.002666 0.000411 0.262754 0.007073 1.700472 2670.938380
0.720818 0.004111 0.004917 0.002618 0.000401 0.260057 0.007079 1.700891 2674.992668
0.723667 0.004077 0.004825 0.002565 0.000393 0.257390 0.007083 1.701293 2678.136175
0.726528 0.004039 0.004731 0.002507 0.000384 0.254722 0.007089 1.701672 2681.921997
0.729347 0.003989 0.004663 0.002467 0.000378 0.252061 0.007095 1.702073 2685.906441
0.732134 0.003950 0.004580 0.002428 0.000367 0.249440 0.007100 1.702461 2690.163566
0.734902 0.003912 0.004527 0.002374 0.000362 0.246818 0.007104 1.702850 2692.338575
0.737673 0.003865 0.004450 0.002355 0.000356 0.244194 0.007107 1.703236 2695.264186
0.740376 0.003819 0.004398 0.002320 0.000347 0.241628 0.007111 1.703625 2698.162788
0.743026 0.003812 0.004319 0.002287 0.000337 0.239103 0.007116 1.703987 2700.938109
0.745690 0.003778 0.004256 0.002254 0.000328 0.236573 0.007120 1.704358 2704.437471
0.748265 0.003761 0.004186 0.002203 0.000321 0.234137 0.007125 1.704723 2707.315756
0.750862 0.003733 0.004146 0.002185 0.000314 0.231631 0.007129 1.705095 2710.404676
0.753394 0.003702 0.004083 0.002156 0.000307 0.229223 0.007134 1.705459 2713.944564
0.755905 0.003683 0.004029 0.002130 0.000298 0.226815 0.007140 1.705823 2718.024888
0.758378 0.003667 0.003959 0.002103 0.000294 0.224456 0.007143 1.706162 2720.101551
0.760870 0.003633 0.003931 0.002070 0.000293 0.222055 0.007148 1.706525 2723.151541
0.763352 0.003618 0.003883 0.002044 0.000289 0.219663 0.007152 1.706874 2725.743790
0.765754 0.003569 0.003849 0.002019 0.000282 0.217373 0.007155 1.707232 2728.435304
0.768144 0.003541 0.003789 0.001997 0.000276 0.215095 0.007158 1.707581 2730.835313
0.770504 0.003527 0.003752 0.001970 0.000270 0.212814 0.007162 1.707921 2734.005663
0.772829 0.003514 0.003703 0.001967 0.000263 0.210557 0.007167 1.708268 2737.243343
0.775143 0.003499 0.003668 0.001947 0.000260 0.208312 0.007171 1.708614 2739.695137
0.777398 0.003469 0.003637 0.001938 0.000249 0.206133 0.007175 1.708959 2742.355610
0.779663 0.003456 0.003607 0.001914 0.000244 0.203937 0.007179 1.709286 2744.630278
0.781899 0.003441 0.003558 0.001876 0.000239 0.201805 0.007183 1.709615 2747.071817
0.784089 0.003432 0.003513 0.001857 0.000235 0.199688 0.007186 1.709945 2749.239103
0.786279 0.003419 0.003482 0.001845 0.000231 0.197554 0.007190 1.710278 2751.785404
0.788414 0.003398 0.003462 0.001836 0.000225 0.195473 0.007193 1.710616 2754.384845
0.790510 0.003394 0.003421 0.001822 0.000222 0.193435 0.007196 1.710943 2756.532933
0.792570 0.003368 0.003404 0.001807 0.000220 0.191433 0.007198 1.711284 2758.286544
0.794626 0.003378 0.003361 0.001789 0.000216 0.189430 0.007200 1.711596 2760.081142
0.796631 0.003369 0.003332 0.001772 0.000212 0.187482 0.007203 1.711916 2762.708228
0.798660 0.003337 0.003320 0.001765 0.000205 0.185506 0.007206 1.712249 2765.137220
0.800623 0.003305 0.003306 0.001759 0.000202 0.183596 0.007208 1.712589 2766.945101
0.802577 0.003317 0.003278 0.001727 0.000202 0.181690 0.007211 1.712897 2768.188515
0.804555 0.003301 0.003260 0.001725 0.000202 0.179745 0.007213 1.713220 2769.463264
0.806481 0.003295 0.003230 0.001719 0.000197 0.177863 0.007216 1.713542 2771.932406
0.808393 0.003270 0.003214 0.001713 0.000194 0.175998 0.007218 1.713860 2774.669969
0.810268 0.003260 0.003203 0.001705 0.000190 0.174153 0.007221 1.714183 2776.525891
0.812115 0.003223 0.003194 0.001693 0.000184 0.172368 0.007224 1.714509 2778.517899
0.813968 0.003216 0.003153 0.001686 0.000178 0.170571 0.007228 1.714814 2780.362934
0.815764 0.003209 0.003136 0.001666 0.000175 0.168820 0.007231 1.715134 2782.049913
0.817560 0.003204 0.003125 0.001652 0.000173 0.167053 0.007233 1.715442 2783.410972
0.819351 0.003198 0.003113 0.001646 0.000171 0.165286 0.007234 1.715757 2784.996068
0.821108 0.003192 0.003095 0.001637 0.000168 0.163563 0.007236 1.716066 2786.798650
0.822880 0.003161 0.003066 0.001632 0.000166 0.161856 0.007239 1.716375 2788.638426
0.824629 0.003155 0.003056 0.001621 0.000164 0.160134 0.007241 1.716684 2790.273110
0.826324 0.003137 0.003037 0.001615 0.000164 0.158479 0.007243 1.716998 2791.394987
0.827988 0.003137 0.003018 0.001596 0.000162 0.156853 0.007245 1.717298 2792.629444
0.829640 0.003127 0.003010 0.001578 0.000160 0.155239 0.007247 1.717610 2794.652092
0.831289 0.003103 0.002999 0.001579 0.000156 0.153627 0.007249 1.717925 2796.650764
0.832911 0.003084 0.002988 0.001581 0.000155 0.152030 0.007251 1.718232 2797.412910
0.834537 0.003078 0.002966 0.001576 0.000155 0.150433 0.007254 1.718532 2798.960915
0.836126 0.003068 0.002954 0.001577 0.000153 0.148866 0.007257 1.718845 2800.668910
0.837671 0.003036 0.002965 0.001570 0.000152 0.147348 0.007258 1.719175 2801.646197
0.839238 0.003025 0.002956 0.001556 0.000148 0.145816 0.007261 1.719465 2803.592017
0.840773 0.003022 0.002938 0.001556 0.000146 0.144303 0.007262 1.719762 2804.981002
0.842286 0.003043 0.002920 0.001539 0.000143 0.142805 0.007264 1.720041 2806.246622
0.843772 0.003037 0.002900 0.001529 0.000140 0.141355 0.007266 1.720329 2807.323269
0.845244 0.003016 0.002893 0.001512 0.000140 0.139927 0.007269 1.720623 2808.798248
0.846693 0.003008 0.002870 0.001509 0.000137 0.138514 0.007270 1.720914 2809.719374
0.848105 0.003013 0.002847 0.001503 0.000134 0.137126 0.007272 1.721197 2811.114506
0.849543 0.002995 0.002850 0.001493 0.000134 0.135712 0.007273 1.721499 2812.014096
0.850963 0.002983 0.002831 0.001491 0.000133 0.134323 0.007276 1.721795 2813.572803
0.852366 0.002974 0.002838 0.001476 0.000129 0.132940 0.007277 1.722088 2814.548625
0.853740 0.002960 0.002839 0.001474 0.000129 0.131579 0.007278 1.722382 2815.086691
0.855098 0.002953 0.002830 0.001473 0.000131 0.130236 0.007279 1.722672 2815.663952
0.856440 0.002952 0.002827 0.001453 0.000129 0.128917 0.007283 1.722954 2817.159743
0.857743 0.002955 0.002804 0.001445 0.000128 0.127642 0.007284 1.723240 2818.304559
0.859000 0.002953 0.002796 0.001433 0.000128 0.126406 0.007285 1.723526 2819.375472
0.860278 0.002929 0.002796 0.001437 0.000129 0.125147 0.007285 1.723832 2819.952563
0.861587 0.002927 0.002783 0.001446 0.000125 0.123847 0.007287 1.724109 2821.030417
0.862825 0.002914 0.002787 0.001437 0.000124 0.122623 0.007289 1.724410 2822.445604
0.864100 0.002915 0.002778 0.001432 0.000124 0.121361 0.007290 1.724689 2823.230073
0.865343 0.002916 0.002763 0.001429 0.000121 0.120136 0.007292 1.724979 2824.865247
0.866528 0.002922 0.002751 0.001433 0.000120 0.118952 0.007293 1.725263 2826.203738
0.867674 0.002939 0.002751 0.001432 0.000116 0.117793 0.007295 1.725544 2827.183597
0.868820 0.002947 0.002733 0.001430 0.000115 0.116658 0.007297 1.725830 2828.275780
0.870003 0.002935 0.002737 0.001421 0.000115 0.115492 0.007298 1.726123 2828.994768
0.871144 0.002928 0.002734 0.001418 0.000115 0.114362 0.007299 1.726411 2829.612498
0.872303 0.002906 0.002731 0.001427 0.000116 0.113217 0.007300 1.726712 2830.716728
0.873422 0.002920 0.002726 0.001420 0.000115 0.112095 0.007303 1.727002 2831.611386
0.874506 0.002967 0.002707 0.001408 0.000112 0.110996 0.007305 1.727267 2833.049807
0.875610 0.002971 0.002700 0.001414 0.000111 0.109888 0.007306 1.727558 2833.749460
0.876687 0.002972 0.002685 0.001418 0.000112 0.108819 0.007307 1.727843 2834.289464
0.877750 0.002976 0.002671 0.001420 0.000111 0.107763 0.007308 1.728129 2834.841057
0.878805 0.002971 0.002677 0.001431 0.000110 0.106697 0.007310 1.728427 2835.736940
0.879836 0.002970 0.002672 0.001425 0.000109 0.105677 0.007311 1.728721 2836.523029
0.880852 0.002979 0.002676 0.001417 0.000108 0.104657 0.007311 1.729007 2837.223838
0.881837 0.002987 0.002678 0.001421 0.000109 0.103656 0.007313 1.729298 2837.851234
0.882815 0.002986 0.002676 0.001422 0.000108 0.102680 0.007314 1.729592 2838.614281
0.883795 0.002981 0.002670 0.001424 0.000107 0.101709 0.007315 1.729886 2839.546083
0.884760 0.002999 0.002668 0.001423 0.000107 0.100728 0.007316 1.730170 2840.274348
0.885741 0.002985 0.002672 0.001427 0.000104 0.099753 0.007317 1.730472 2841.195799
0.886674 0.002994 0.002685 0.001425 0.000104 0.098799 0.007318 1.730763 2841.872701
0.887573 0.003004 0.002667 0.001429 0.000104 0.097904 0.007319 1.731049 2842.835429
0.888514 0.003008 0.002661 0.001414 0.000105 0.096978 0.007320 1.731336 2843.586851
0.889403 0.003019 0.002656 0.001415 0.000105 0.096081 0.007321 1.731627 2844.073080
0.890309 0.003029 0.002670 0.001419 0.000103 0.095147 0.007324 1.731926 2844.872339
0.891210 0.003026 0.002658 0.001431 0.000101 0.094248 0.007326 1.732210 2845.489283
0.892079 0.003043 0.002647 0.001435 0.000098 0.093368 0.007329 1.732493 2846.912901
0.892945 0.003052 0.002636 0.001442 0.000102 0.092496 0.007329 1.732786 2847.117626
0.893784 0.003070 0.002647 0.001445 0.000101 0.091624 0.007329 1.733088 2847.336929
0.894638 0.003087 0.002650 0.001439 0.000101 0.090755 0.007329 1.733375 2847.630919
0.895490 0.003090 0.002652 0.001437 0.000099 0.089900 0.007331 1.733675 2848.466583
0.896300 0.003068 0.002665 0.001444 0.000099 0.089092 0.007332 1.733996 2848.975647
0.897089 0.003078 0.002679 0.001448 0.000099 0.088272 0.007334 1.734307 2849.351673
0.897871 0.003118 0.002665 0.001459 0.000097 0.087454 0.007335 1.734597 2850.056719
0.898650 0.003127 0.002679 0.001454 0.000097 0.086656 0.007337 1.734894 2850.560012
0.899431 0.003142 0.002682 0.001456 0.000101 0.085851 0.007337 1.735192 2850.990108
0.900155 0.003149 0.002692 0.001459 0.000099 0.085106 0.007339 1.735505 2851.768009
0.900899 0.003159 0.002694 0.001455 0.000098 0.084353 0.007341 1.735807 2852.135455
0.901652 0.003149 0.002710 0.001465 0.000096 0.083584 0.007343 1.736125 2852.666891
0.902367 0.003140 0.002707 0.001476 0.000094 0.082870 0.007345 1.736438 2853.624881
0.903075 0.003154 0.002720 0.001481 0.000096 0.082128 0.007347 1.736746 2854.405897
0.903753 0.003175 0.002726 0.001476 0.000098 0.081424 0.007348 1.737053 2854.594570
0.904423 0.003185 0.002724 0.001475 0.000098 0.080746 0.007349 1.737368 2854.801325
0.905123 0.003189 0.002742 0.001468 0.000095 0.080032 0.007349 1.737678 2855.457107
0.905809 0.003184 0.002758 0.001476 0.000095 0.079327 0.007351 1.737995 2855.894025
0.906476 0.003185 0.002756 0.001490 0.000094 0.078647 0.007352 1.738310 2856.389373
0.907126 0.003182 0.002779 0.001488 0.000096 0.077975 0.007354 1.738628 2856.769920
0.907787 0.003169 0.002782 0.001485 0.000096 0.077325 0.007355 1.738947 2857.716712
0.908418 0.003173 0.002769 0.001483 0.000098 0.076703 0.007356 1.739250 2858.209975
0.909045 0.003173 0.002774 0.001504 0.000097 0.076050 0.007357 1.739563 2858.610158
0.909669 0.003180 0.002786 0.001491 0.000096 0.075419 0.007358 1.739866 2859.067424
0.910290 0.003192 0.002784 0.001494 0.000097 0.074784 0.007359 1.740171 2859.517056
0.910876 0.003211 0.002789 0.001503 0.000095 0.074165 0.007361 1.740484 2859.862245
0.911488 0.003213 0.002814 0.001527 0.000097 0.073498 0.007361 1.740812 2860.158301
0.912084 0.003216 0.002817 0.001531 0.000098 0.072891 0.007362 1.741131 2860.661503
0.912673 0.003222 0.002837 0.001526 0.000098 0.072280 0.007363 1.741454 2861.089702
0.913229 0.003252 0.002844 0.001542 0.000096 0.071673 0.007364 1.741771 2861.686702
0.913785 0.003248 0.002875 0.001537 0.000097 0.071093 0.007365 1.742103 2862.150841
0.914327 0.003248 0.002877 0.001530 0.000098 0.070553 0.007366 1.742422 2862.809226
0.914862 0.003280 0.002865 0.001529 0.000098 0.070000 0.007367 1.742734 2863.336544
0.915372 0.003299 0.002874 0.001533 0.000098 0.069457 0.007368 1.743053 2864.107618
0.915900 0.003299 0.002890 0.001543 0.000098 0.068901 0.007369 1.743382 2864.494508
0.916444 0.003313 0.002880 0.001542 0.000096 0.068355 0.007371 1.743698 2865.194660
0.916943 0.003319 0.002899 0.001548 0.000097 0.067822 0.007373 1.744027 2866.008070
0.917432 0.003324 0.002916 0.001544 0.000095 0.067313 0.007375 1.744359 2866.579357
0.917910 0.003339 0.002919 0.001549 0.000094 0.066812 0.007377 1.744696 2867.406369
0.918396 0.003346 0.002920 0.001556 0.000096 0.066309 0.007377 1.745023 2868.039910
0.918861 0.003356 0.002925 0.001579 0.000094 0.065805 0.007379 1.745364 2868.458993
0.919323 0.003375 0.002936 0.001592 0.000092 0.065301 0.007379 1.745692 2869.386896
0.919803 0.003397 0.002950 0.001582 0.000092 0.064795 0.007380 1.746015 2869.753348
0.920264 0.003420 0.002949 0.001577 0.000094 0.064315 0.007381 1.746341 2870.296790
0.920716 0.003444 0.002946 0.001578 0.000094 0.063840 0.007381 1.746666 2870.948043
0.921168 0.003449 0.002967 0.001589 0.000093 0.063350 0.007383 1.747008 2871.618123
0.921584 0.003453 0.002981 0.001605 0.000092 0.062900 0.007384 1.747357 2872.806093
0.921996 0.003470 0.002996 0.001599 0.000092 0.062461 0.007385 1.747692 2873.231584
0.922407 0.003475 0.003017 0.001601 0.000093 0.062020 0.007386 1.748041 2873.541523
0.922831 0.003455 0.003042 0.001596 0.000092 0.061596 0.007387 1.748385 2874.086867
0.923255 0.003475 0.003042 0.001597 0.000095 0.061149 0.007388 1.748721 2874.669291
0.923631 0.003474 0.003045 0.001602 0.000095 0.060765 0.007388 1.749070 2875.003564
0.924018 0.003489 0.003061 0.001609 0.000097 0.060337 0.007389 1.749422 2875.299694
0.924396 0.003494 0.003074 0.001618 0.000097 0.059930 0.007391 1.749768 2875.844987
0.924784 0.003519 0.003069 0.001612 0.000097 0.059527 0.007392 1.750097 2876.419259
0.925137 0.003547 0.003063 0.001603 0.000097 0.059158 0.007393 1.750436 2876.875222
0.925524 0.003539 0.003077 0.001609 0.000098 0.058758 0.007394 1.750790 2877.364133
0.925910 0.003530 0.003076 0.001620 0.000095 0.058373 0.007396 1.751141 2877.842387
0.926253 0.003546 0.003078 0.001618 0.000094 0.058013 0.007397 1.751485 2878.543713
0.926606 0.003553 0.003084 0.001620 0.000094 0.057645 0.007397 1.751838 2878.833375
0.926954 0.003557 0.003093 0.001634 0.000095 0.057268 0.007399 1.752191 2879.576450
0.927268 0.003569 0.003105 0.001646 0.000095 0.056917 0.007399 1.752548 2879.841729
0.927584 0.003598 0.003115 0.001650 0.000095 0.056558 0.007399 1.752889 2880.114900
0.927901 0.003609 0.003132 0.001646 0.000095 0.056215 0.007400 1.753244 2880.613446
0.928220 0.003632 0.003135 0.001650 0.000096 0.055866 0.007401 1.753595 2880.779199
0.928528 0.003653 0.003130 0.001648 0.000097 0.055542 0.007402 1.753942 2881.126873
0.928840 0.003647 0.003164 0.001654 0.000098 0.055193 0.007404 1.754314 2881.466060
0.929117 0.003691 0.003171 0.001660 0.000097 0.054858 0.007404 1.754664 2882.038457
0.929412 0.003726 0.003173 0.001660 0.000098 0.054524 0.007406 1.755022 2882.480411
0.929719 0.003735 0.003189 0.001673 0.000097 0.054178 0.007408 1.755395 2883.102002
0.930000 0.003745 0.003205 0.001670 0.000096 0.053875 0.007411 1.755769 2883.667461
0.930281 0.003793 0.003198 0.001667 0.000095 0.053554 0.007411 1.756102 2883.902601
0.930528 0.003814 0.003209 0.001693 0.000094 0.053250 0.007413 1.756479 2884.461781
0.930775 0.003834 0.003216 0.001708 0.000092 0.052961 0.007413 1.756854 2884.981069
0.930996 0.003852 0.003225 0.001714 0.000094 0.052704 0.007414 1.757249 2885.521858
0.931221 0.003857 0.003238 0.001721 0.000095 0.052452 0.007416 1.757623 2885.987314
0.931443 0.003870 0.003261 0.001728 0.000096 0.052184 0.007417 1.758017 2886.343695
0.931671 0.003894 0.003259 0.001739 0.000094 0.051924 0.007419 1.758388 2887.233422
0.931911 0.003901 0.003269 0.001757 0.000093 0.051649 0.007420 1.758780 2887.673421
0.932135 0.003905 0.003280 0.001766 0.000096 0.051396 0.007422 1.759164 2888.021798
0.932330 0.003939 0.003284 0.001772 0.000095 0.051156 0.007424 1.759543 2888.488954
0.932534 0.003970 0.003290 0.001766 0.000097 0.050918 0.007425 1.759915 2888.813469
0.932756 0.003992 0.003307 0.001778 0.000098 0.050644 0.007426 1.760306 2889.075138
0.932972 0.003986 0.003320 0.001783 0.000099 0.050415 0.007426 1.760703 2889.632051
0.933181 0.004028 0.003323 0.001786 0.000099 0.050155 0.007427 1.761079 2890.208635
0.933364 0.004034 0.003355 0.001806 0.000098 0.049915 0.007429 1.761486 2891.189106
0.933563 0.004051 0.003382 0.001809 0.000098 0.049667 0.007430 1.761878 2891.726962
0.933738 0.004084 0.003398 0.001808 0.000098 0.049444 0.007431 1.762259 2892.132750
0.933898 0.004131 0.003424 0.001818 0.000100 0.049196 0.007432 1.762659 2892.474709
0.934119 0.004140 0.003446 0.001833 0.000101 0.048928 0.007433 1.763069 2892.748394
0.934286 0.004182 0.003455 0.001841 0.000100 0.048701 0.007433 1.763457 2893.442747
0.934435 0.004215 0.003470 0.001854 0.000100 0.048492 0.007434 1.763871 2894.001168
0.934581 0.004223 0.003504 0.001875 0.000104 0.048279 0.007435 1.764298 2894.462935
0.934719 0.004256 0.003519 0.001893 0.000102 0.048074 0.007436 1.764713 2894.975073
0.934866 0.004288 0.003547 0.001903 0.000101 0.047857 0.007438 1.765129 2895.743075
0.934984 0.004307 0.003573 0.001919 0.000105 0.047673 0.007438 1.765557 2896.089179
0.935157 0.004320 0.003589 0.001923 0.000107 0.047464 0.007439 1.765970 2896.448772
0.935348 0.004298 0.003620 0.001944 0.000107 0.047242 0.007441 1.766409 2896.829043
0.935472 0.004311 0.003634 0.001950 0.000109 0.047081 0.007442 1.766835 2897.185261
0.935598 0.004327 0.003655 0.001962 0.000110 0.046904 0.007444 1.767252 2897.660533
0.935715 0.004345 0.003666 0.001971 0.000110 0.046747 0.007446 1.767683 2898.279901
0.935819 0.004362 0.003667 0.001981 0.000111 0.046611 0.007448 1.768106 2898.828181
0.935944 0.004399 0.003665 0.001994 0.000110 0.046438 0.007449 1.768523 2899.358449
0.936064 0.004411 0.003695 0.001990 0.000111 0.046278 0.007451 1.768959 2900.044244
0.936158 0.004442 0.003709 0.001996 0.000110 0.046131 0.007453 1.769389 2900.673310
0.936267 0.004449 0.003734 0.002006 0.000112 0.045977 0.007453 1.769838 2901.210111
0.936352 0.004468 0.003756 0.002019 0.000112 0.045838 0.007455 1.770284 2901.747884
0.936457 0.004493 0.003768 0.002034 0.000110 0.045682 0.007457 1.770722 2902.176305
0.936517 0.004514 0.003791 0.002042 0.000110 0.045568 0.007458 1.771170 2902.507494
0.936599 0.004544 0.003799 0.002046 0.000112 0.045440 0.007460 1.771598 2903.038135
0.936682 0.004555 0.003834 0.002061 0.000114 0.045295 0.007461 1.772052 2903.243762
0.936778 0.004565 0.003862 0.002055 0.000114 0.045165 0.007461 1.772501 2903.604951
0.936854 0.004591 0.003888 0.002068 0.000116 0.045020 0.007462 1.772952 2904.340268
0.936895 0.004602 0.003904 0.002098 0.000119 0.044918 0.007463 1.773417 2904.760414
0.936977 0.004606 0.003935 0.002097 0.000121 0.044800 0.007465 1.773872 2905.432747
0.937039 0.004634 0.003945 0.002102 0.000120 0.044692 0.007467 1.774320 2905.988629
0.937122 0.004660 0.003953 0.002112 0.000119 0.044565 0.007470 1.774772 2906.806765
0.937186 0.004672 0.003976 0.002122 0.000119 0.044455 0.007470 1.775241 2907.442368
0.937230 0.004681 0.003994 0.002132 0.000121 0.044371 0.007472 1.775707 2908.004252
0.937299 0.004689 0.004004 0.002137 0.000119 0.044279 0.007474 1.776168 2908.505806
0.937367 0.004698 0.004012 0.002158 0.000118 0.044170 0.007476 1.776629 2909.087878
0.937410 0.004722 0.004020 0.002168 0.000120 0.044085 0.007476 1.777094 2909.654994
0.937466 0.004739 0.004046 0.002171 0.000121 0.043979 0.007478 1.777557 2910.059715
0.937502 0.004764 0.004071 0.002181 0.000122 0.043881 0.007479 1.778028 2910.635897
0.937531 0.004779 0.004104 0.002184 0.000125 0.043797 0.007480 1.778501 2911.142809
0.937560 0.004796 0.004136 0.002187 0.000126 0.043714 0.007481 1.778981 2911.790956
0.937614 0.004832 0.004140 0.002189 0.000126 0.043617 0.007482 1.779431 2912.335578
0.937660 0.004832 0.004158 0.002199 0.000128 0.043540 0.007483 1.779908 2913.066789
0.937678 0.004841 0.004195 0.002202 0.000126 0.043473 0.007485 1.780400 2914.028611
0.937714 0.004868 0.004222 0.002205 0.000125 0.043380 0.007487 1.780872 2914.584647
0.937782 0.004866 0.004241 0.002213 0.000124 0.043285 0.007489 1.781358 2915.117346
0.937819 0.004872 0.004233 0.002226 0.000125 0.043235 0.007491 1.781840 2915.420064
0.937847 0.004890 0.004266 0.002218 0.000126 0.043161 0.007492 1.782325 2915.826436
0.937857 0.004925 0.004267 0.002213 0.000126 0.043118 0.007494 1.782803 2916.231238
0.937880 0.004941 0.004279 0.002232 0.000130 0.043043 0.007496 1.783286 2916.938558
0.937899 0.004968 0.004287 0.002241 0.000133 0.042975 0.007497 1.783768 2917.213681
0.937905 0.004972 0.004324 0.002255 0.000134 0.042913 0.007497 1.784279 2917.728684
0.937929 0.004988 0.004311 0.002271 0.000133 0.042869 0.007499 1.784765 2918.458722
0.937978 0.004992 0.004318 0.002279 0.000133 0.042800 0.007501 1.785242 2919.337535
0.938023 0.004974 0.004329 0.002296 0.000132 0.042742 0.007503 1.785738 2919.992657
0.938020 0.004976 0.004354 0.002284 0.000132 0.042730 0.007504 1.786232 2920.729462
0.938020 0.004991 0.004370 0.002292 0.000131 0.042690 0.007506 1.786729 2921.114679
0.938039 0.005017 0.004369 0.002300 0.000132 0.042637 0.007506 1.787221 2921.586841
0.938009 0.005040 0.004364 0.002317 0.000133 0.042629 0.007508 1.787726 2922.425447
0.938021 0.005024 0.004366 0.002312 0.000133 0.042634 0.007510 1.788232 2923.159581
0.938022 0.005040 0.004362 0.002332 0.000133 0.042599 0.007512 1.788727 2924.033590
0.938046 0.005055 0.004375 0.002345 0.000132 0.042533 0.007514 1.789218 2924.887339
0.938038 0.005090 0.004378 0.002361 0.000132 0.042486 0.007516 1.789714 2925.683934
0.938043 0.005096 0.004387 0.002376 0.000134 0.042448 0.007517 1.790222 2926.304914
0.938027 0.005122 0.004405 0.002388 0.000134 0.042405 0.007518 1.790725 2926.818778
0.938022 0.005130 0.004411 0.002397 0.000134 0.042385 0.007520 1.791235 2927.504458
0.937999 0.005129 0.004458 0.002393 0.000136 0.042365 0.007521 1.791760 2927.945844
0.937952 0.005164 0.004472 0.002393 0.000134 0.042362 0.007523 1.792266 2928.608819
0.937932 0.005201 0.004452 0.002393 0.000133 0.042365 0.007524 1.792757 2929.299610
0.937851 0.005243 0.004447 0.002416 0.000133 0.042386 0.007525 1.793280 2929.887377
0.937841 0.005261 0.004451 0.002429 0.000133 0.042358 0.007527 1.793781 2930.302437
0.937821 0.005271 0.004466 0.002439 0.000133 0.042340 0.007529 1.794296 2931.157675
0.937793 0.005300 0.004469 0.002434 0.000136 0.042338 0.007530 1.794804 2931.596066
0.937764 0.005327 0.004477 0.002446 0.000135 0.042320 0.007531 1.795321 2932.354327
0.937737 0.005329 0.004490 0.002456 0.000135 0.042319 0.007534 1.795846 2933.203260
0.937699 0.005366 0.004485 0.002452 0.000136 0.042326 0.007536 1.796352 2933.844533
0.937659 0.005388 0.004488 0.002456 0.000139 0.042332 0.007539 1.796873 2934.490079
0.937619 0.005408 0.004510 0.002464 0.000139 0.042319 0.007540 1.797391 2934.965534
0.937561 0.005434 0.004551 0.002466 0.000140 0.042306 0.007543 1.797925 2935.369379
0.937525 0.005456 0.004564 0.002482 0.000139 0.042290 0.007545 1.798449 2936.136880
0.937464 0.005490 0.004578 0.002499 0.000142 0.042281 0.007547 1.798986 2936.964139
0.937418 0.005481 0.004596 0.002501 0.000141 0.042316 0.007549 1.799531 2937.690003
0.937372 0.005513 0.004601 0.002506 0.000145 0.042313 0.007550 1.800063 2938.178752
0.937312 0.005553 0.004610 0.002512 0.000145 0.042316 0.007551 1.800593 2938.752684
0.937254 0.005583 0.004620 0.002514 0.000147 0.042329 0.007552 1.801131 2939.383661
0.937211 0.005585 0.004656 0.002527 0.000148 0.042318 0.007554 1.801690 2940.240612
0.937142 0.005609 0.004685 0.002549 0.000146 0.042312 0.007556 1.802237 2940.888571
0.937049 0.005638 0.004711 0.002563 0.000146 0.042334 0.007559 1.802784 2941.661481
0.936943 0.005688 0.004712 0.002563 0.000149 0.042384 0.007560 1.803327 2942.210667
0.936863 0.005705 0.004741 0.002571 0.000148 0.042409 0.007563 1.803888 2942.735337
0.936794 0.005732 0.004752 0.002567 0.000151 0.042439 0.007565 1.804439 2943.368963
0.936716 0.005756 0.004776 0.002579 0.000152 0.042453 0.007567 1.804987 2943.998531
0.936642 0.005758 0.004827 0.002594 0.000150 0.042461 0.007569 1.805554 2944.753095
0.936588 0.005779 0.004857 0.002605 0.000152 0.042450 0.007570 1.806117 2945.276205
0.936534 0.005761 0.004894 0.002612 0.000154 0.042473 0.007571 1.806693 2945.817507
0.936488 0.005756 0.004925 0.002617 0.000151 0.042489 0.007574 1.807267 2946.481616
0.936394 0.005783 0.004947 0.002634 0.000152 0.042512 0.007576 1.807839 2947.176865
0.936298 0.005807 0.004970 0.002648 0.000151 0.042548 0.007578 1.808408 2947.720885
0.936181 0.005831 0.004990 0.002656 0.000155 0.042609 0.007579 1.808983 2947.978717
0.936094 0.005847 0.005016 0.002663 0.000155 0.042644 0.007581 1.809561 2948.638743
0.935994 0.005839 0.005047 0.002686 0.000156 0.042695 0.007583 1.810155 2949.402431
0.935933 0.005857 0.005039 0.002687 0.000156 0.042742 0.007586 1.810720 2950.119013
0.935854 0.005888 0.005067 0.002706 0.000154 0.042743 0.007589 1.811304 2950.782262
0.935756 0.005915 0.005087 0.002705 0.000154 0.042792 0.007592 1.811874 2951.619937
0.935655 0.005942 0.005106 0.002719 0.000158 0.042826 0.007593 1.812459 2951.949897
0.935594 0.005941 0.005109 0.002715 0.000159 0.042887 0.007594 1.813043 2952.473392
0.935519 0.005963 0.005127 0.002719 0.000158 0.042918 0.007597 1.813615 2953.106918
0.935415 0.005971 0.005151 0.002735 0.000161 0.042967 0.007599 1.814210 2953.908184
0.935313 0.006024 0.005145 0.002752 0.000160 0.043005 0.007601 1.814777 2954.530201
0.935249 0.006033 0.005151 0.002763 0.000159 0.043042 0.007603 1.815377 2955.441149
0.935135 0.006076 0.005180 0.002756 0.000162 0.043087 0.007605 1.815963 2955.979352
0.935012 0.006107 0.005197 0.002777 0.000162 0.043138 0.007607 1.816557 2956.968203
0.934903 0.006099 0.005224 0.002809 0.000163 0.043195 0.007608 1.817189 2957.598447
0.934791 0.006111 0.005259 0.002810 0.000166 0.043255 0.007609 1.817798 2958.234909
0.934680 0.006124 0.005285 0.002814 0.000168 0.043319 0.007610 1.818404 2959.026194
0.934554 0.006170 0.005291 0.002824 0.000166 0.043383 0.007612 1.818999 2959.815755
0.934474 0.006171 0.005297 0.002836 0.000166 0.043443 0.007614 1.819602 2960.332036
0.934374 0.006194 0.005309 0.002841 0.000163 0.043503 0.007616 1.820206 2961.068387
0.934247 0.006224 0.005317 0.002826 0.000162 0.043606 0.007619 1.820796 2962.122115
0.934122 0.006263 0.005314 0.002833 0.000162 0.043683 0.007622 1.821393 2963.278883
0.934045 0.006246 0.005353 0.002844 0.000164 0.043725 0.007624 1.822016 2963.594148
0.933944 0.006247 0.005362 0.002873 0.000162 0.043784 0.007628 1.822628 2964.381751
0.933854 0.006234 0.005389 0.002879 0.000160 0.043855 0.007630 1.823258 2965.263553
0.933748 0.006251 0.005402 0.002892 0.000160 0.043916 0.007631 1.823875 2966.162926
0.933660 0.006265 0.005408 0.002882 0.000163 0.043990 0.007632 1.824475 2966.659350
0.933587 0.006258 0.005425 0.002891 0.000163 0.044039 0.007636 1.825085 2967.494864
0.933486 0.006289 0.005459 0.002886 0.000165 0.044079 0.007638 1.825687 2968.023733
0.933392 0.006282 0.005487 0.002891 0.000167 0.044140 0.007639 1.826316 2968.952576
0.933262 0.006318 0.005519 0.002881 0.000166 0.044213 0.007641 1.826939 2969.785827
0.933141 0.006330 0.005546 0.002891 0.000166 0.044284 0.007642 1.827573 2970.743312
0.933061 0.006326 0.005554 0.002904 0.000164 0.044346 0.007645 1.828198 2971.642382
0.932961 0.006341 0.005557 0.002911 0.000166 0.044418 0.007647 1.828822 2972.087039
0.932872 0.006346 0.005560 0.002930 0.000165 0.044479 0.007649 1.829458 2972.910612
0.932758 0.006360 0.005555 0.002940 0.000167 0.044570 0.007651 1.830079 2973.790532
0.932645 0.006360 0.005587 0.002957 0.000169 0.044628 0.007653 1.830720 2974.629736
0.932546 0.006374 0.005596 0.002954 0.000166 0.044709 0.007655 1.831343 2975.693647
0.932439 0.006370 0.005607 0.002962 0.000171 0.044796 0.007657 1.831983 2976.185577
0.932341 0.006366 0.005641 0.002966 0.000174 0.044853 0.007659 1.832627 2976.866145
0.932246 0.006362 0.005632 0.002978 0.000173 0.044948 0.007662 1.833258 2978.156421
0.932135 0.006382 0.005623 0.002965 0.000170 0.045060 0.007665 1.833871 2979.090786
0.932032 0.006417 0.005627 0.002977 0.000169 0.045110 0.007668 1.834490 2979.958010
0.931934 0.006417 0.005647 0.002986 0.000168 0.045177 0.007671 1.835129 2980.855257
0.931846 0.006409 0.005658 0.003002 0.000168 0.045244 0.007673 1.835764 2981.405279
0.931742 0.006423 0.005670 0.003012 0.000167 0.045311 0.007675 1.836399 2981.882934
0.931673 0.006403 0.005688 0.003032 0.000168 0.045360 0.007677 1.837047 2982.450979
0.931563 0.006419 0.005691 0.003034 0.000171 0.045445 0.007678 1.837668 2983.041198
0.931437 0.006452 0.005701 0.003046 0.000171 0.045514 0.007680 1.838296 2983.867683
0.931324 0.006473 0.005701 0.003060 0.000171 0.045590 0.007681 1.838932 2984.311416
0.931201 0.006490 0.005710 0.003068 0.000173 0.045675 0.007683 1.839577 2984.929561
0.931104 0.006491 0.005723 0.003063 0.000173 0.045760 0.007685 1.840214 2985.701768
0.930951 0.006519 0.005753 0.003070 0.000174 0.045847 0.007687 1.840865 2986.285020
0.930851 0.006506 0.005765 0.003073 0.000174 0.045941 0.007690 1.841506 2987.760866
0.930749 0.006518 0.005763 0.003076 0.000174 0.046028 0.007692 1.842141 2988.533591
0.930615 0.006558 0.005766 0.003080 0.000175 0.046112 0.007693 1.842779 2988.982067
0.930497 0.006587 0.005801 0.003079 0.000175 0.046166 0.007694 1.843427 2989.669049
0.930363 0.006578 0.005830 0.003082 0.000175 0.046275 0.007698 1.844097 2990.870228
0.930242 0.006607 0.005823 0.003078 0.000174 0.046375 0.007700 1.844738 2991.774164
0.930154 0.006590 0.005840 0.003091 0.000174 0.046450 0.007702 1.845396 2992.470080
0.930041 0.006611 0.005833 0.003097 0.000173 0.046540 0.007704 1.846037 2993.194677
0.929960 0.006627 0.005844 0.003094 0.000170 0.046599 0.007708 1.846669 2994.565651
0.929858 0.006617 0.005863 0.003098 0.000171 0.046684 0.007710 1.847336 2995.402580
0.929774 0.006599 0.005877 0.003114 0.000173 0.046753 0.007711 1.848003 2996.340850
0.929665 0.006615 0.005889 0.003125 0.000177 0.046817 0.007713 1.848652 2997.037941
0.929569 0.006637 0.005900 0.003126 0.000179 0.046874 0.007714 1.849292 2997.982585
0.929480 0.006658 0.005897 0.003122 0.000179 0.046946 0.007717 1.849928 2999.028420
0.929360 0.006675 0.005890 0.003150 0.000179 0.047027 0.007718 1.850589 2999.973807
0.929271 0.006677 0.005909 0.003145 0.000179 0.047099 0.007721 1.851240 3000.778107
0.929153 0.006711 0.005950 0.003141 0.000180 0.047143 0.007722 1.851895 3001.488622
0.929048 0.006721 0.005956 0.003143 0.000176 0.047229 0.007726 1.852549 3002.591385
0.928902 0.006733 0.005971 0.003152 0.000175 0.047339 0.007728 1.853221 3003.312532
0.928788 0.006765 0.005969 0.003149 0.000176 0.047422 0.007730 1.853872 3004.138272
0.928680 0.006764 0.005976 0.003162 0.000178 0.047506 0.007733 1.854546 3004.914475
0.928588 0.006759 0.005982 0.003159 0.000179 0.047599 0.007735 1.855219 3005.769875
0.928501 0.006767 0.005985 0.003151 0.000181 0.047678 0.007737 1.855871 3006.547115
0.928428 0.006762 0.005992 0.003152 0.000182 0.047746 0.007738 1.856534 3007.173742
0.928308 0.006799 0.005970 0.003161 0.000183 0.047838 0.007741 1.857189 3007.888528
0.928178 0.006826 0.005976 0.003179 0.000183 0.047918 0.007742 1.857873 3008.569405
0.928070 0.006854 0.005969 0.003178 0.000183 0.048002 0.007744 1.858529 3009.340130
0.927977 0.006835 0.006010 0.003182 0.000185 0.048064 0.007747 1.859229 3010.688871
0.927869 0.006845 0.006030 0.003168 0.000187 0.048151 0.007749 1.859894 3011.373783
0.927748 0.006860 0.006045 0.003177 0.000188 0.048229 0.007752 1.860562 3011.935768
0.927666 0.006863 0.006060 0.003171 0.000191 0.048296 0.007754 1.861232 3012.822024
0.927557 0.006874 0.006084 0.003168 0.000189 0.048372 0.007755 1.861900 3013.696094
0.927445 0.006900 0.006078 0.003173 0.000190 0.048456 0.007757 1.862551 3014.378924
0.927297 0.006928 0.006095 0.003185 0.000185 0.048549 0.007761 1.863228 3015.771546
0.927193 0.006938 0.006112 0.003194 0.000186 0.048615 0.007763 1.863907 3016.653902
0.927113 0.006922 0.006139 0.003209 0.000185 0.048666 0.007766 1.864602 3017.513765
0.926965 0.006957 0.006147 0.003214 0.000185 0.048764 0.007768 1.865275 3018.471171
0.926871 0.006980 0.006149 0.003203 0.000185 0.048841 0.007770 1.865936 3019.211500
0.926782 0.007003 0.006137 0.003186 0.000188 0.048934 0.007771 1.866600 3019.726364
0.926683 0.006989 0.006156 0.003208 0.000189 0.049002 0.007774 1.867309 3020.564017
0.926599 0.006976 0.006158 0.003227 0.000188 0.049074 0.007776 1.867997 3021.550768
0.926447 0.007000 0.006167 0.003252 0.000193 0.049164 0.007778 1.868699 3022.211835
0.926342 0.007009 0.006178 0.003249 0.000194 0.049247 0.007781 1.869384 3022.938017
0.926227 0.007024 0.006176 0.003245 0.000193 0.049351 0.007784 1.870065 3023.797377
0.926133 0.007021 0.006177 0.003262 0.000192 0.049428 0.007786 1.870740 3024.836829
0.926017 0.007033 0.006196 0.003252 0.000189 0.049523 0.007790 1.871422 3026.114487
0.925900 0.007032 0.006215 0.003251 0.000190 0.049617 0.007794 1.872115 3026.847926
0.925796 0.007052 0.006227 0.003252 0.000189 0.049690 0.007795 1.872790 3027.541408
0.925700 0.007033 0.006227 0.003248 0.000189 0.049805 0.007797 1.873497 3028.508685
0.925628 0.007003 0.006234 0.003251 0.000189 0.049894 0.007800 1.874201 3029.228069
0.925540 0.007030 0.006244 0.003248 0.000188 0.049945 0.007805 1.874871 3030.631370
0.925419 0.007073 0.006236 0.003253 0.000187 0.050026 0.007807 1.875525 3031.426735
0.925365 0.007036 0.006234 0.003264 0.000186 0.050107 0.007808 1.876215 3032.114376
0.925270 0.007011 0.006234 0.003272 0.000185 0.050217 0.007811 1.876924 3033.093553
0.925177 0.007027 0.006236 0.003276 0.000185 0.050285 0.007814 1.877610 3033.809576
0.925059 0.007037 0.006215 0.003261 0.000185 0.050428 0.007816 1.878303 3034.576343
0.924967 0.007065 0.006206 0.003260 0.000182 0.050502 0.007819 1.878977 3035.637841
0.924877 0.007110 0.006201 0.003260 0.000184 0.050548 0.007820 1.879647 3036.593082
0.924765 0.007132 0.006216 0.003265 0.000182 0.050620 0.007822 1.880332 3037.790538
0.924690 0.007088 0.006265 0.003283 0.000182 0.050668 0.007825 1.881057 3038.800414
0.924582 0.007063 0.006291 0.003289 0.000184 0.050765 0.007827 1.881781 3039.782158
0.924470 0.007060 0.006310 0.003301 0.000185 0.050846 0.007829 1.882490 3040.612229
0.924424 0.007022 0.006318 0.003309 0.000188 0.050909 0.007830 1.883185 3041.318949
0.924364 0.007023 0.006318 0.003301 0.000188 0.050975 0.007833 1.883865 3042.386417
0.924297 0.007043 0.006290 0.003305 0.000187 0.051043 0.007835 1.884538 3043.284881
0.924208 0.007036 0.006276 0.003316 0.000188 0.051140 0.007838 1.885228 3044.164575
0.924106 0.007043 0.006291 0.003319 0.000186 0.051214 0.007841 1.885925 3045.379009
0.924042 0.007003 0.006324 0.003313 0.000187 0.051288 0.007843 1.886654 3046.589405
0.923976 0.006994 0.006309 0.003316 0.000184 0.051374 0.007846 1.887350 3047.798593
0.923905 0.006978 0.006304 0.003324 0.000183 0.051457 0.007848 1.888042 3049.109870
0.923854 0.006944 0.006321 0.003346 0.000179 0.051505 0.007851 1.888747 3050.173643
0.923781 0.006973 0.006314 0.003347 0.000180 0.051553 0.007852 1.889409 3050.997202
0.923722 0.006958 0.006335 0.003342 0.000180 0.051607 0.007855 1.890106 3051.982426
0.923626 0.006990 0.006319 0.003321 0.000183 0.051705 0.007857 1.890767 3052.560347
0.923578 0.006970 0.006338 0.003303 0.000186 0.051769 0.007858 1.891454 3053.009703
0.923516 0.006974 0.006317 0.003303 0.000186 0.051844 0.007861 1.892123 3053.907340
0.923455 0.006937 0.006310 0.003318 0.000186 0.051931 0.007863 1.892828 3054.741440
0.923396 0.006924 0.006327 0.003316 0.000187 0.051986 0.007865 1.893528 3055.388972
0.923313 0.006963 0.006321 0.003307 0.000187 0.052042 0.007867 1.894203 3056.293521
0.923228 0.006995 0.006318 0.003304 0.000187 0.052099 0.007869 1.894884 3057.366380
0.923177 0.006989 0.006311 0.003302 0.000188 0.052162 0.007872 1.895571 3058.310457
0.923103 0.006997 0.006301 0.003312 0.000189 0.052224 0.007874 1.896244 3059.452273
0.923025 0.006996 0.006279 0.003320 0.000189 0.052315 0.007876 1.896934 3060.286439
0.922954 0.007014 0.006289 0.003307 0.000189 0.052368 0.007878 1.897616 3061.722550
0.922868 0.007053 0.006292 0.003293 0.000189 0.052424 0.007881 1.898288 3062.460039
0.922810 0.007047 0.006284 0.003292 0.000186 0.052495 0.007884 1.898973 3063.393968
0.922752 0.007056 0.006253 0.003303 0.000187 0.052563 0.007886 1.899655 3064.168453
0.922713 0.007063 0.006262 0.003301 0.000190 0.052584 0.007887 1.900330 3064.664706
0.922652 0.007068 0.006248 0.003298 0.000187 0.052657 0.007890 1.901018 3065.459179
0.922609 0.007049 0.006247 0.003311 0.000185 0.052706 0.007894 1.901710 3066.434312
0.922571 0.007049 0.006240 0.003296 0.000183 0.052764 0.007896 1.902384 3067.670344
0.922490 0.007061 0.006248 0.003316 0.000178 0.052806 0.007899 1.903089 3069.101170
0.922420 0.007076 0.006230 0.003342 0.000180 0.052851 0.007901 1.903781 3069.977950
0.922361 0.007093 0.006232 0.003347 0.000179 0.052884 0.007903 1.904477 3071.078691
0.922309 0.007088 0.006245 0.003366 0.000180 0.052908 0.007904 1.905192 3071.910708
0.922246 0.007080 0.006263 0.003356 0.000180 0.052968 0.007906 1.905895 3072.684598
0.922164 0.007130 0.006244 0.003360 0.000180 0.053013 0.007909 1.906557 3073.431839
0.922098 0.007137 0.006248 0.003369 0.000180 0.053058 0.007911 1.907256 3074.573696
0.922042 0.007133 0.006249 0.003359 0.000184 0.053122 0.007912 1.907941 3075.277944
0.921982 0.007145 0.006275 0.003359 0.000185 0.053142 0.007914 1.908636 3075.784853
0.921940 0.007137 0.006310 0.003363 0.000185 0.053149 0.007917 1.909344 3076.633363
0.921901 0.007147 0.006308 0.003378 0.000186 0.053161 0.007920 1.910043 3077.553020
0.921849 0.007172 0.006294 0.003369 0.000186 0.053207 0.007923 1.910708 3078.287845
0.921783 0.007153 0.006284 0.003386 0.000186 0.053284 0.007925 1.911428 3079.401823
0.921730 0.007144 0.006274 0.003405 0.000189 0.053332 0.007927 1.912130 3080.232947
0.921719 0.007133 0.006261 0.003401 0.000188 0.053369 0.007929 1.912817 3081.325244
0.921659 0.007126 0.006299 0.003403 0.000191 0.053391 0.007931 1.913527 3082.032432
0.921592 0.007136 0.006317 0.003401 0.000192 0.053429 0.007933 1.914209 3082.827944
0.921568 0.007125 0.006310 0.003409 0.000192 0.053460 0.007937 1.914905 3083.847922
0.921536 0.007095 0.006320 0.003419 0.000191 0.053500 0.007939 1.915606 3084.687447
0.921510 0.007076 0.006335 0.003412 0.000196 0.053530 0.007941 1.916299 3085.432182
0.921451 0.007080 0.006325 0.003407 0.000194 0.053600 0.007944 1.916985 3086.378290
0.921398 0.007106 0.006313 0.003407 0.000191 0.053639 0.007946 1.917665 3087.346616
0.921327 0.007128 0.006300 0.003395 0.000191 0.053711 0.007948 1.918361 3088.759872
0.921278 0.007125 0.006285 0.003385 0.000191 0.053786 0.007951 1.919051 3089.506652
0.921265 0.007121 0.006294 0.003377 0.000194 0.053798 0.007952 1.919748 3090.603777
0.921190 0.007130 0.006309 0.003387 0.000194 0.053835 0.007954 1.920458 3091.523841
0.921100 0.007162 0.006318 0.003391 0.000196 0.053878 0.007956 1.921150 3092.495527
0.921033 0.007146 0.006321 0.003391 0.000196 0.053955 0.007959 1.921868 3093.695698
0.920999 0.007142 0.006301 0.003383 0.000197 0.054018 0.007962 1.922558 3094.505286
0.920921 0.007177 0.006306 0.003362 0.000198 0.054072 0.007964 1.923243 3095.367710
0.920846 0.007191 0.006330 0.003337 0.000199 0.054132 0.007965 1.923948 3096.113951
0.920801 0.007174 0.006328 0.003343 0.000200 0.054186 0.007968 1.924674 3096.824396
0.920766 0.007175 0.006338 0.003332 0.000199 0.054222 0.007969 1.925368 3097.831736
0.920707 0.007191 0.006354 0.003339 0.000198 0.054240 0.007971 1.926067 3099.307772
0.920642 0.007210 0.006346 0.003339 0.000199 0.054292 0.007972 1.926757 3100.048753
0.920576 0.007190 0.006368 0.003364 0.000201 0.054325 0.007975 1.927486 3100.834739
0.920505 0.007199 0.006363 0.003372 0.000203 0.054381 0.007977 1.928186 3101.657522
0.920428 0.007194 0.006398 0.003389 0.000205 0.054408 0.007979 1.928905 3102.246272
0.920401 0.007182 0.006425 0.003390 0.000205 0.054418 0.007980 1.929614 3103.222435
0.920351 0.007187 0.006409 0.003397 0.000204 0.054470 0.007983 1.930309 3104.292898
0.920315 0.007151 0.006405 0.003415 0.000201 0.054527 0.007986 1.931036 3105.609187
0.920262 0.007140 0.006418 0.003422 0.000201 0.054569 0.007988 1.931750 3106.372830
0.920236 0.007107 0.006418 0.003436 0.000202 0.054610 0.007992 1.932473 3107.768537
0.920223 0.007087 0.006396 0.003448 0.000202 0.054651 0.007994 1.933169 3108.933078
0.920165 0.007068 0.006396 0.003457 0.000203 0.054716 0.007996 1.933886 3109.811508
0.920126 0.007086 0.006362 0.003453 0.000201 0.054773 0.007999 1.934564 3110.748897
0.920075 0.007100 0.006350 0.003460 0.000201 0.054813 0.008001 1.935260 3111.954307
0.920011 0.007105 0.006352 0.003451 0.000203 0.054874 0.008004 1.935960 3112.898233
0.919969 0.007101 0.006350 0.003455 0.000205 0.054915 0.008005 1.936663 3113.535331
0.919952 0.007096 0.006362 0.003450 0.000207 0.054927 0.008007 1.937362 3114.497982
0.919920 0.007065 0.006383 0.003456 0.000204 0.054963 0.008009 1.938072 3116.067515
0.919884 0.007073 0.006392 0.003437 0.000203 0.055001 0.008010 1.938771 3116.964406
0.919877 0.007058 0.006397 0.003436 0.000202 0.055017 0.008013 1.939468 3118.042581
0.919852 0.007032 0.006403 0.003441 0.000201 0.055055 0.008017 1.940177 3119.225211
0.919793 0.007079 0.006390 0.003429 0.000202 0.055089 0.008018 1.940854 3120.057724
0.919743 0.007078 0.006391 0.003424 0.000199 0.055144 0.008021 1.941559 3120.876000
0.919693 0.007100 0.006370 0.003428 0.000198 0.055188 0.008023 1.942257 3121.947627
0.919651 0.007104 0.006378 0.003421 0.000198 0.055222 0.008026 1.942960 3122.861084
0.919621 0.007140 0.006349 0.003411 0.000198 0.055251 0.008030 1.943634 3124.673449
0.919589 0.007131 0.006363 0.003422 0.000198 0.055266 0.008032 1.944342 3125.590438
0.919564 0.007088 0.006392 0.003416 0.000200 0.055306 0.008034 1.945063 3126.497402
0.919506 0.007091 0.006392 0.003407 0.000199 0.055370 0.008036 1.945773 3127.542469
0.919507 0.007077 0.006376 0.003409 0.000199 0.055395 0.008038 1.946462 3128.542302
0.919484 0.007056 0.006395 0.003405 0.000204 0.055416 0.008041 1.947175 3129.418195
0.919469 0.007100 0.006374 0.003390 0.000204 0.055420 0.008042 1.947826 3130.264587
0.919460 0.007070 0.006367 0.003407 0.000202 0.055451 0.008044 1.948532 3131.296012
0.919422 0.007092 0.006339 0.003402 0.000202 0.055497 0.008046 1.949204 3132.410483
0.919397 0.007074 0.006344 0.003390 0.000206 0.055541 0.008048 1.949906 3133.089985
0.919359 0.007053 0.006355 0.003399 0.000210 0.055573 0.008051 1.950616 3133.618445
0.919364 0.007023 0.006366 0.003396 0.000206 0.055591 0.008054 1.951311 3134.760231
0.919349 0.006999 0.006376 0.003421 0.000207 0.055592 0.008055 1.952017 3135.676460
0.919311 0.007001 0.006387 0.003409 0.000207 0.055629 0.008057 1.952708 3136.841635
0.919282 0.007006 0.006373 0.003406 0.000210 0.055664 0.008059 1.953391 3137.885104
0.919242 0.007023 0.006373 0.003401 0.000212 0.055689 0.008060 1.954072 3138.564657
0.919221 0.007027 0.006374 0.003417 0.000210 0.055687 0.008063 1.954774 3139.763356
0.919217 0.007031 0.006346 0.003411 0.000212 0.055718 0.008065 1.955443 3140.793929
0.919198 0.007022 0.006332 0.003415 0.000209 0.055754 0.008071 1.956133 3141.744587
0.919202 0.007004 0.006338 0.003402 0.000211 0.055771 0.008072 1.956825 3142.636420
0.919174 0.007040 0.006326 0.003378 0.000210 0.055797 0.008074 1.957494 3143.566911
0.919154 0.007051 0.006331 0.003375 0.000210 0.055802 0.008076 1.958179 3144.949683
0.919146 0.007040 0.006319 0.003371 0.000212 0.055833 0.008079 1.958860 3145.656213
0.919144 0.007027 0.006343 0.003374 0.000212 0.055819 0.008081 1.959549 3146.932204
0.919148 0.007005 0.006317 0.003372 0.000214 0.055861 0.008083 1.960243 3147.831090
0.919158 0.006986 0.006297 0.003393 0.000212 0.055869 0.008085 1.960939 3148.911305
0.919193 0.006966 0.006280 0.003386 0.000213 0.055875 0.008088 1.961614 3149.669229
0.919144 0.006987 0.006263 0.003378 0.000213 0.055924 0.008092 1.962295 3150.711758
0.919099 0.007003 0.006250 0.003381 0.000216 0.055958 0.008093 1.962974 3151.461449
0.919107 0.006977 0.006254 0.003382 0.000214 0.055969 0.008095 1.963672 3152.803853
0.919134 0.006952 0.006275 0.003377 0.000211 0.055954 0.008097 1.964368 3153.575034
0.919135 0.006933 0.006270 0.003357 0.000209 0.055995 0.008100 1.965048 3154.656089
0.919120 0.006933 0.006290 0.003335 0.000209 0.056010 0.008103 1.965739 3155.949569
0.919115 0.006928 0.006294 0.003336 0.000210 0.056011 0.008106 1.966417 3157.122662
0.919137 0.006917 0.006312 0.003327 0.000210 0.055990 0.008108 1.967103 3158.129268
0.919132 0.006921 0.006296 0.003329 0.000210 0.056002 0.008110 1.967777 3158.960113
0.919113 0.006924 0.006281 0.003334 0.000212 0.056025 0.008111 1.968454 3160.158852
0.919098 0.006916 0.006299 0.003324 0.000217 0.056034 0.008114 1.969134 3160.897636
0.919093 0.006918 0.006282 0.003330 0.000214 0.056047 0.008117 1.969814 3162.095585
0.919112 0.006904 0.006291 0.003327 0.000215 0.056031 0.008121 1.970501 3163.170760
0.919136 0.006872 0.006306 0.003340 0.000214 0.056007 0.008125 1.971209 3164.244297
0.919109 0.006887 0.006283 0.003329 0.000213 0.056052 0.008127 1.971874 3164.943802
0.919093 0.006918 0.006244 0.003320 0.000212 0.056084 0.008129 1.972514 3165.926667
0.919066 0.006940 0.006206 0.003311 0.000210 0.056136 0.008131 1.973164 3166.916708
0.919088 0.006911 0.006211 0.003310 0.000210 0.056137 0.008133 1.973848 3168.045753
0.919085 0.006913 0.006202 0.003322 0.000207 0.056136 0.008135 1.974527 3169.246550
0.919079 0.006919 0.006206 0.003301 0.000207 0.056150 0.008138 1.975192 3170.375197
0.919062 0.006896 0.006219 0.003305 0.000208 0.056170 0.008141 1.975882 3171.234066
0.919063 0.006886 0.006204 0.003299 0.000207 0.056198 0.008143 1.976557 3172.363668
0.919095 0.006884 0.006190 0.003286 0.000206 0.056193 0.008146 1.977225 3173.723076
0.919117 0.006870 0.006196 0.003281 0.000208 0.056180 0.008148 1.977902 3174.949870
0.919117 0.006856 0.006202 0.003285 0.000206 0.056182 0.008152 1.978590 3176.081455
0.919110 0.006871 0.006195 0.003295 0.000204 0.056172 0.008154 1.979255 3177.136255
0.919103 0.006870 0.006201 0.003303 0.000205 0.056161 0.008157 1.979938 3177.974132
0.919108 0.006850 0.006202 0.003294 0.000201 0.056185 0.008160 1.980620 3179.552625
0.919099 0.006861 0.006184 0.003286 0.000201 0.056208 0.008161 1.981285 3180.304227
0.919102 0.006852 0.006182 0.003308 0.000202 0.056192 0.008162 1.981964 3181.131754
0.919107 0.006858 0.006194 0.003307 0.000203 0.056166 0.008165 1.982639 3182.204170
0.919119 0.006862 0.006201 0.003291 0.000198 0.056160 0.008168 1.983298 3183.701587
0.919128 0.006861 0.006198 0.003290 0.000197 0.056156 0.008171 1.983973 3184.933638
0.919128 0.006870 0.006188 0.003289 0.000200 0.056151 0.008174 1.984646 3185.942464
0.919111 0.006889 0.006188 0.003274 0.000201 0.056162 0.008176 1.985312 3186.744120
0.919102 0.006883 0.006166 0.003289 0.000205 0.056177 0.008178 1.985996 3187.459623
0.919086 0.006873 0.006180 0.003298 0.000202 0.056179 0.008182 1.986684 3188.859426
0.919070 0.006867 0.006163 0.003305 0.000202 0.056209 0.008183 1.987362 3189.805777
0.919042 0.006896 0.006161 0.003287 0.000204 0.056225 0.008186 1.988026 3190.694050
0.919094 0.006887 0.006164 0.003281 0.000202 0.056182 0.008190 1.988691 3191.995102
0.919097 0.006887 0.006164 0.003266 0.000204 0.056189 0.008193 1.989359 3193.675522
0.919075 0.006881 0.006175 0.003277 0.000206 0.056189 0.008196 1.990049 3194.816026
0.919089 0.006880 0.006156 0.003273 0.000206 0.056195 0.008201 1.990711 3196.069844
0.919066 0.006894 0.006142 0.003297 0.000204 0.056192 0.008205 1.991389 3197.177960
0.919074 0.006896 0.006135 0.003302 0.000202 0.056185 0.008208 1.992053 3198.149468
0.919090 0.006903 0.006124 0.003294 0.000203 0.056176 0.008211 1.992717 3199.386098
0.919074 0.006919 0.006130 0.003275 0.000203 0.056186 0.008214 1.993399 3200.570192
0.919078 0.006928 0.006127 0.003279 0.000203 0.056170 0.008216 1.994074 3201.293995
0.919098 0.006923 0.006144 0.003276 0.000204 0.056138 0.008218 1.994755 3202.129903
0.919090 0.006903 0.006165 0.003281 0.000202 0.056138 0.008221 1.995444 3203.110377
0.919110 0.006920 0.006156 0.003279 0.000201 0.056111 0.008223 1.996108 3204.298519
0.919086 0.006910 0.006182 0.003262 0.000201 0.056135 0.008225 1.996797 3205.247298
0.919104 0.006912 0.006177 0.003280 0.000201 0.056100 0.008227 1.997467 3206.106692
0.919116 0.006875 0.006203 0.003280 0.000200 0.056096 0.008229 1.998171 3207.156496
0.919142 0.006863 0.006200 0.003276 0.000199 0.056089 0.008232 1.998845 3208.297794
0.919152 0.006868 0.006191 0.003255 0.000199 0.056102 0.008234 1.999505 3208.938599
0.919115 0.006902 0.006189 0.003259 0.000198 0.056102 0.008235 2.000175 3210.183979
0.919115 0.006908 0.006191 0.003249 0.000199 0.056100 0.008238 2.000845 3212.007610
0.919137 0.006892 0.006192 0.003254 0.000199 0.056086 0.008241 2.001524 3213.513805
0.919159 0.006897 0.006172 0.003233 0.000197 0.056099 0.008243 2.002187 3214.390862
0.919165 0.006898 0.006171 0.003233 0.000200 0.056088 0.008244 2.002858 3214.963949
0.919177 0.006881 0.006172 0.003246 0.000202 0.056076 0.008246 2.003547 3215.788077
0.919186 0.006888 0.006141 0.003238 0.000200 0.056098 0.008248 2.004203 3217.147500
0.919174 0.006894 0.006142 0.003217 0.000201 0.056122 0.008250 2.004859 3217.907827
0.919151 0.006883 0.006142 0.003228 0.000201 0.056142 0.008254 2.005551 3218.761319
0.919149 0.006902 0.006140 0.003229 0.000202 0.056123 0.008255 2.006212 3219.577917
0.919138 0.006906 0.006133 0.003242 0.000201 0.056122 0.008258 2.006895 3220.521225
0.919148 0.006897 0.006118 0.003249 0.000201 0.056125 0.008261 2.007572 3221.380646
0.919200 0.006860 0.006126 0.003259 0.000197 0.056092 0.008265 2.008268 3222.560394
0.919213 0.006843 0.006128 0.003266 0.000196 0.056086 0.008269 2.008948 3223.703865
0.919189 0.006874 0.006114 0.003272 0.000191 0.056087 0.008273 2.009601 3224.993313
0.919210 0.006855 0.006106 0.003288 0.000191 0.056073 0.008276 2.010282 3226.362247
0.919237 0.006819 0.006143 0.003282 0.000195 0.056045 0.008279 2.010973 3227.379603
0.919247 0.006820 0.006141 0.003276 0.000194 0.056040 0.008281 2.011631 3228.519068
0.919259 0.006776 0.006150 0.003279 0.000195 0.056059 0.008282 2.012324 3229.384359
0.919271 0.006779 0.006155 0.003270 0.000197 0.056044 0.008284 2.012984 3229.811278
0.919285 0.006775 0.006176 0.003256 0.000199 0.056024 0.008286 2.013653 3230.327030
0.919267 0.006774 0.006164 0.003276 0.000196 0.056034 0.008289 2.014328 3231.315926
0.919277 0.006778 0.006138 0.003271 0.000196 0.056048 0.008291 2.014992 3232.383917
0.919268 0.006807 0.006127 0.003264 0.000194 0.056046 0.008294 2.015647 3233.776641
0.919279 0.006805 0.006144 0.003261 0.000194 0.056020 0.008297 2.016321 3234.710746
0.919268 0.006804 0.006175 0.003256 0.000195 0.056003 0.008299 2.017000 3235.596184
0.919286 0.006804 0.006175 0.003239 0.000196 0.055998 0.008302 2.017665 3236.371882
0.919280 0.006794 0.006174 0.003239 0.000195 0.056013 0.008304 2.018340 3237.119188
0.919275 0.006769 0.006159 0.003257 0.000196 0.056038 0.008307 2.019020 3237.626351
0.919304 0.006782 0.006135 0.003246 0.000197 0.056026 0.008309 2.019675 3238.638253
0.919313 0.006799 0.006125 0.003238 0.000196 0.056017 0.008312 2.020331 3239.659862
0.919333 0.006793 0.006101 0.003246 0.000194 0.056019 0.008314 2.021002 3240.473245
0.919354 0.006803 0.006088 0.003246 0.000194 0.055999 0.008316 2.021654 3241.402990
0.919365 0.006811 0.006097 0.003253 0.000193 0.055960 0.008322 2.022318 3242.500654
0.919335 0.006821 0.006125 0.003255 0.000196 0.055943 0.008324 2.022987 3243.504360
0.919346 0.006810 0.006130 0.003241 0.000200 0.055947 0.008325 2.023660 3244.126688
0.919369 0.006792 0.006128 0.003241 0.000201 0.055943 0.008327 2.024339 3244.967360
0.919369 0.006819 0.006113 0.003234 0.000204 0.055933 0.008329 2.024990 3245.754694
0.919354 0.006819 0.006116 0.003234 0.000204 0.055942 0.008331 2.025660 3246.426523
0.919376 0.006789 0.006112 0.003235 0.000200 0.055954 0.008334 2.026326 3248.136996
0.919341 0.006812 0.006120 0.003230 0.000201 0.055960 0.008337 2.026987 3249.347334
0.919336 0.006827 0.006123 0.003243 0.000202 0.055931 0.008339 2.027652 3250.500825
0.919354 0.006803 0.006121 0.003258 0.000203 0.055920 0.008341 2.028332 3251.444654
0.919337 0.006813 0.006111 0.003254 0.000204 0.055939 0.008343 2.028991 3252.383496
0.919327 0.006802 0.006132 0.003254 0.000206 0.055934 0.008346 2.029675 3253.382157
0.919339 0.006811 0.006135 0.003246 0.000205 0.055917 0.008349 2.030317 3254.614182
0.919336 0.006779 0.006158 0.003259 0.000204 0.055913 0.008350 2.031012 3255.596981
0.919349 0.006744 0.006168 0.003263 0.000202 0.055921 0.008353 2.031696 3256.573436
0.919369 0.006719 0.006160 0.003258 0.000198 0.055941 0.008357 2.032359 3257.453328
0.919386 0.006722 0.006162 0.003245 0.000198 0.055926 0.008360 2.033024 3258.699204
0.919406 0.006723 0.006134 0.003245 0.000199 0.055931 0.008363 2.033679 3259.620182
0.919419 0.006742 0.006138 0.003234 0.000201 0.055902 0.008365 2.034328 3260.669638
0.919405 0.006751 0.006145 0.003232 0.000201 0.055899 0.008367 2.035004 3261.403996
0.919391 0.006771 0.006133 0.003226 0.000198 0.055912 0.008370 2.035650 3262.357809
0.919352 0.006802 0.006130 0.003222 0.000200 0.055921 0.008373 2.036308 3263.346527
0.919375 0.006796 0.006131 0.003222 0.000199 0.055902 0.008375 2.036972 3264.285129
0.919363 0.006822 0.006100 0.003217 0.000197 0.055925 0.008376 2.037620 3265.174693
0.919388 0.006818 0.006107 0.003219 0.000197 0.055893 0.008379 2.038286 3266.357440
0.919409 0.006812 0.006092 0.003222 0.000198 0.055886 0.008381 2.038945 3267.889430
0.919425 0.006806 0.006072 0.003239 0.000200 0.055877 0.008383 2.039605 3268.547077
0.919434 0.006804 0.006058 0.003236 0.000201 0.055881 0.008386 2.040277 3269.490989
0.919443 0.006805 0.006048 0.003232 0.000202 0.055881 0.008388 2.040937 3270.687200
0.919485 0.006814 0.006036 0.003232 0.000200 0.055843 0.008390 2.041591 3271.332864
0.919497 0.006798 0.006031 0.003241 0.000200 0.055840 0.008393 2.042269 3272.441854
0.919490 0.006809 0.006039 0.003231 0.000205 0.055832 0.008394 2.042938 3273.347356
0.919507 0.006776 0.006060 0.003216 0.000203 0.055841 0.008397 2.043624 3274.794202
0.919502 0.006782 0.006043 0.003227 0.000203 0.055845 0.008399 2.044290 3275.599783
0.919498 0.006784 0.006040 0.003246 0.000201 0.055831 0.008401 2.044956 3276.579253
0.919509 0.006755 0.006039 0.003257 0.000198 0.055840 0.008403 2.045629 3277.332687
0.919505 0.006760 0.006039 0.003258 0.000197 0.055836 0.008406 2.046286 3278.576402
0.919502 0.006761 0.006031 0.003253 0.000197 0.055848 0.008407 2.046952 3279.520704
0.917041 0.006771 0.006030 0.003259 0.000192 0.055815 0.008392 2.043079 3273.513000
