0.371416 0.060964 0.053728 0.030879 0.001980 0.475534 0.005499 1.562192 1947.690342
0.372816 0.059668 0.055094 0.029432 0.001978 0.475491 0.005521 1.568153 1956.586329
0.375770 0.056974 0.056084 0.028098 0.001966 0.475562 0.005545 1.573855 1967.297402
0.379542 0.053634 0.056870 0.026837 0.001956 0.475591 0.005571 1.579337 1977.913786
0.383907 0.050171 0.057221 0.025657 0.001952 0.475498 0.005594 1.584422 1986.940871
0.388622 0.046625 0.057278 0.024530 0.001929 0.475397 0.005618 1.589211 1998.827209
0.393644 0.043183 0.057003 0.023361 0.001910 0.475252 0.005647 1.593612 2008.465469
0.398866 0.039869 0.056495 0.022227 0.001893 0.474980 0.005668 1.597677 2018.741054
0.404181 0.036665 0.055806 0.021173 0.001873 0.474615 0.005688 1.601478 2029.366452
0.409676 0.033712 0.054890 0.020136 0.001853 0.474025 0.005708 1.604931 2037.045813
0.415213 0.030926 0.053836 0.019162 0.001835 0.473298 0.005730 1.608121 2046.523689
0.420799 0.028389 0.052529 0.018188 0.001809 0.472535 0.005752 1.611018 2055.620870
0.426424 0.026008 0.051162 0.017272 0.001779 0.471576 0.005779 1.613681 2065.967517
0.432097 0.023818 0.049659 0.016401 0.001747 0.470473 0.005804 1.616107 2076.444771
0.437811 0.021745 0.048116 0.015543 0.001715 0.469244 0.005826 1.618378 2085.858862
0.443491 0.019866 0.046551 0.014698 0.001689 0.467860 0.005845 1.620433 2094.491962
0.449254 0.018168 0.044862 0.013888 0.001661 0.466304 0.005863 1.622291 2104.236503
0.454973 0.016595 0.043176 0.013135 0.001634 0.464606 0.005883 1.623994 2113.335442
0.460700 0.015137 0.041481 0.012401 0.001604 0.462777 0.005900 1.625560 2122.687084
0.466425 0.013832 0.039816 0.011709 0.001567 0.460726 0.005925 1.626964 2133.915425
0.472058 0.012655 0.038160 0.011069 0.001536 0.458578 0.005945 1.628232 2143.709716
0.477742 0.011522 0.036579 0.010458 0.001498 0.456238 0.005963 1.629446 2153.574708
0.483416 0.010514 0.034936 0.009860 0.001469 0.453823 0.005982 1.630513 2163.048434
0.488991 0.009585 0.033353 0.009319 0.001434 0.451317 0.006001 1.631507 2171.981802
0.494591 0.008759 0.031783 0.008784 0.001399 0.448661 0.006022 1.632388 2180.664750
0.500140 0.007987 0.030308 0.008283 0.001371 0.445872 0.006039 1.633209 2188.749258
0.505667 0.007298 0.028833 0.007808 0.001334 0.443001 0.006058 1.633943 2197.871251
0.511177 0.006654 0.027428 0.007378 0.001293 0.439993 0.006077 1.634626 2207.495740
0.516751 0.006065 0.026064 0.006945 0.001256 0.436824 0.006096 1.635253 2217.198842
0.522189 0.005538 0.024686 0.006538 0.001218 0.433717 0.006113 1.635811 2226.381542
0.527539 0.005044 0.023432 0.006146 0.001188 0.430524 0.006126 1.636334 2234.656579
0.532813 0.004585 0.022196 0.005780 0.001154 0.427328 0.006144 1.636817 2242.727016
0.538139 0.004200 0.021018 0.005428 0.001128 0.423929 0.006158 1.637230 2250.969156
0.543407 0.003833 0.019881 0.005072 0.001097 0.420540 0.006171 1.637622 2258.882958
0.548613 0.003486 0.018832 0.004780 0.001062 0.417037 0.006188 1.637992 2268.313883
0.553840 0.003181 0.017797 0.004490 0.001038 0.413454 0.006200 1.638317 2275.563905
0.559024 0.002900 0.016830 0.004216 0.001005 0.409813 0.006213 1.638620 2283.274682
0.564082 0.002636 0.015881 0.003974 0.000970 0.406231 0.006227 1.638898 2293.069123
0.569094 0.002412 0.014991 0.003718 0.000939 0.402607 0.006238 1.639139 2301.231805
0.574095 0.002185 0.014130 0.003494 0.000913 0.398932 0.006251 1.639377 2307.841251
0.579101 0.001988 0.013341 0.003290 0.000893 0.395128 0.006260 1.639584 2313.155307
0.584035 0.001816 0.012564 0.003083 0.000868 0.391364 0.006269 1.639765 2320.010938
0.588914 0.001667 0.011835 0.002890 0.000846 0.387567 0.006281 1.639925 2327.152317
0.593701 0.001522 0.011146 0.002714 0.000822 0.383803 0.006292 1.640079 2334.006896
0.598455 0.001399 0.010520 0.002529 0.000796 0.379997 0.006305 1.640213 2340.088564
0.603139 0.001265 0.009885 0.002369 0.000767 0.376256 0.006319 1.640354 2347.488772
0.607855 0.001157 0.009307 0.002215 0.000745 0.372391 0.006329 1.640472 2353.792228
0.612444 0.001052 0.008757 0.002076 0.000721 0.368611 0.006340 1.640585 2360.614902
0.616998 0.000962 0.008220 0.001939 0.000699 0.364834 0.006348 1.640679 2366.579158
0.621512 0.000885 0.007717 0.001815 0.000677 0.361036 0.006358 1.640765 2372.646073
0.626011 0.000809 0.007246 0.001701 0.000657 0.357208 0.006367 1.640849 2378.946003
0.630498 0.000739 0.006800 0.001593 0.000637 0.353358 0.006374 1.640924 2384.470823
0.634894 0.000672 0.006382 0.001498 0.000616 0.349554 0.006384 1.640997 2390.760983
0.639230 0.000614 0.006002 0.001399 0.000597 0.345764 0.006394 1.641060 2396.187714
0.643509 0.000567 0.005643 0.001303 0.000580 0.341999 0.006401 1.641113 2401.155202
0.647769 0.000526 0.005296 0.001218 0.000561 0.338222 0.006407 1.641160 2406.891528
0.652021 0.000475 0.004982 0.001134 0.000541 0.334434 0.006414 1.641215 2412.374982
0.656202 0.000436 0.004669 0.001060 0.000520 0.330692 0.006421 1.641258 2417.897648
0.660339 0.000405 0.004391 0.000989 0.000502 0.326944 0.006430 1.641295 2423.130178
0.664396 0.000373 0.004119 0.000922 0.000485 0.323269 0.006437 1.641332 2428.322967
0.668411 0.000341 0.003853 0.000867 0.000468 0.319617 0.006444 1.641367 2433.256816
0.672381 0.000313 0.003629 0.000815 0.000449 0.315963 0.006451 1.641398 2438.455343
0.676289 0.000286 0.003401 0.000760 0.000435 0.312371 0.006458 1.641428 2443.265609
0.680156 0.000259 0.003194 0.000710 0.000418 0.308798 0.006465 1.641458 2448.524037
0.683977 0.000234 0.002981 0.000664 0.000404 0.305269 0.006472 1.641485 2452.192360
0.687779 0.000217 0.002784 0.000622 0.000388 0.301733 0.006477 1.641507 2457.313056
0.691529 0.000202 0.002601 0.000586 0.000375 0.298224 0.006483 1.641524 2461.772001
0.695219 0.000186 0.002431 0.000549 0.000361 0.294764 0.006489 1.641542 2466.402190
0.698825 0.000174 0.002277 0.000512 0.000351 0.291368 0.006494 1.641559 2470.706307
0.702474 0.000158 0.002128 0.000487 0.000338 0.287917 0.006499 1.641578 2474.743470
0.706065 0.000146 0.001983 0.000453 0.000326 0.284524 0.006504 1.641593 2479.011943
0.709614 0.000133 0.001856 0.000427 0.000313 0.281146 0.006510 1.641608 2483.518166
0.713163 0.000121 0.001743 0.000396 0.000305 0.277758 0.006514 1.641622 2486.734807
0.716661 0.000111 0.001633 0.000370 0.000296 0.274412 0.006517 1.641634 2489.364016
0.720037 0.000102 0.001526 0.000347 0.000286 0.271181 0.006522 1.641645 2493.856368
0.723438 0.000092 0.001425 0.000324 0.000274 0.267920 0.006527 1.641655 2497.542848
0.726776 0.000083 0.001346 0.000305 0.000262 0.264696 0.006532 1.641666 2501.910596
0.730011 0.000076 0.001258 0.000286 0.000251 0.261582 0.006536 1.641674 2505.528967
0.733301 0.000073 0.001184 0.000266 0.000243 0.258393 0.006541 1.641679 2508.808623
0.736521 0.000070 0.001108 0.000248 0.000232 0.255277 0.006544 1.641683 2512.283689
0.739660 0.000066 0.001031 0.000232 0.000223 0.252241 0.006548 1.641689 2515.705849
0.742812 0.000060 0.000959 0.000217 0.000216 0.249186 0.006550 1.641697 2517.785998
0.745911 0.000053 0.000904 0.000206 0.000210 0.246163 0.006553 1.641704 2519.846072
0.748953 0.000049 0.000843 0.000192 0.000201 0.243205 0.006555 1.641709 2523.138633
0.751990 0.000046 0.000786 0.000180 0.000193 0.240248 0.006558 1.641714 2525.905628
0.755010 0.000044 0.000733 0.000169 0.000187 0.237296 0.006560 1.641717 2529.007976
0.758000 0.000041 0.000688 0.000156 0.000180 0.234373 0.006562 1.641721 2531.840243
0.760909 0.000040 0.000648 0.000148 0.000173 0.231519 0.006564 1.641723 2534.076691
0.763797 0.000037 0.000605 0.000140 0.000165 0.228690 0.006567 1.641727 2537.267496
0.766627 0.000034 0.000568 0.000135 0.000160 0.225908 0.006569 1.641731 2539.074522
0.769392 0.000032 0.000532 0.000124 0.000156 0.223193 0.006572 1.641733 2541.036534
0.772173 0.000031 0.000496 0.000115 0.000151 0.220461 0.006574 1.641734 2542.796382
0.774937 0.000029 0.000465 0.000109 0.000145 0.217741 0.006576 1.641737 2545.405187
0.777663 0.000026 0.000434 0.000103 0.000140 0.215055 0.006579 1.641741 2547.174121
0.780303 0.000024 0.000407 0.000094 0.000136 0.212455 0.006581 1.641744 2548.935870
0.782912 0.000022 0.000380 0.000089 0.000130 0.209885 0.006583 1.641746 2551.728593
0.785551 0.000021 0.000360 0.000084 0.000125 0.207274 0.006586 1.641748 2554.046556
0.788117 0.000019 0.000337 0.000078 0.000121 0.204742 0.006587 1.641750 2555.838908
0.790625 0.000018 0.000312 0.000074 0.000117 0.202265 0.006588 1.641752 2557.506549
0.793081 0.000017 0.000290 0.000068 0.000112 0.199841 0.006591 1.641753 2559.584896
0.795572 0.000016 0.000274 0.000063 0.000108 0.197376 0.006593 1.641755 2561.614229
0.797980 0.000015 0.000259 0.000059 0.000105 0.194988 0.006594 1.641756 2563.125645
0.800366 0.000014 0.000242 0.000057 0.000101 0.192625 0.006596 1.641757 2564.733729
0.802669 0.000013 0.000225 0.000054 0.000096 0.190346 0.006598 1.641758 2566.737826
0.804958 0.000012 0.000212 0.000050 0.000094 0.188076 0.006599 1.641759 2567.652410
0.807226 0.000012 0.000202 0.000045 0.000091 0.185824 0.006600 1.641760 2569.163651
0.809404 0.000012 0.000190 0.000042 0.000087 0.183662 0.006602 1.641760 2570.706397
0.811563 0.000012 0.000179 0.000040 0.000083 0.181519 0.006605 1.641761 2573.012810
0.813641 0.000011 0.000169 0.000037 0.000081 0.179456 0.006605 1.641762 2573.804697
0.815752 0.000010 0.000156 0.000035 0.000078 0.177362 0.006606 1.641764 2574.938419
0.817780 0.000010 0.000148 0.000034 0.000074 0.175348 0.006608 1.641764 2576.956438
0.819787 0.000009 0.000141 0.000031 0.000070 0.173353 0.006609 1.641765 2579.015064
0.821734 0.000007 0.000131 0.000030 0.000067 0.171421 0.006610 1.641767 2580.389154
0.823605 0.000006 0.000121 0.000029 0.000065 0.169562 0.006612 1.641768 2581.802783
0.825459 0.000007 0.000115 0.000027 0.000063 0.167716 0.006613 1.641768 2582.860749
0.827260 0.000006 0.000108 0.000025 0.000062 0.165925 0.006613 1.641769 2583.633519
0.829020 0.000006 0.000101 0.000023 0.000061 0.164175 0.006614 1.641770 2584.408576
0.830697 0.000006 0.000096 0.000022 0.000058 0.162505 0.006615 1.641770 2585.784482
0.832318 0.000006 0.000090 0.000021 0.000056 0.160893 0.006616 1.641771 2587.007302
0.833909 0.000006 0.000085 0.000020 0.000055 0.159308 0.006616 1.641772 2587.694012
0.835461 0.000006 0.000081 0.000019 0.000054 0.157763 0.006616 1.641773 2588.227791
0.836994 0.000005 0.000076 0.000018 0.000051 0.156238 0.006617 1.641773 2589.531223
0.838437 0.000005 0.000070 0.000016 0.000048 0.154806 0.006619 1.641773 2591.083775
0.839826 0.000004 0.000066 0.000015 0.000046 0.153422 0.006620 1.641774 2592.233597
0.841140 0.000004 0.000063 0.000014 0.000045 0.152115 0.006620 1.641775 2592.726675
0.842396 0.000004 0.000058 0.000014 0.000044 0.150865 0.006620 1.641775 2593.224635
0.843645 0.000003 0.000053 0.000013 0.000042 0.149623 0.006621 1.641775 2593.898338
0.844821 0.000003 0.000048 0.000013 0.000041 0.148453 0.006621 1.641776 2594.854823
0.845905 0.000003 0.000044 0.000013 0.000040 0.147374 0.006622 1.641776 2595.404172
0.846944 0.000003 0.000039 0.000012 0.000038 0.146341 0.006623 1.641776 2596.243134
0.847915 0.000003 0.000036 0.000012 0.000036 0.145374 0.006624 1.641776 2597.403092
0.848854 0.000002 0.000033 0.000011 0.000034 0.144441 0.006625 1.641777 2598.229507
0.849741 0.000002 0.000030 0.000010 0.000033 0.143557 0.006626 1.641777 2599.142665
0.850606 0.000002 0.000027 0.000009 0.000032 0.142697 0.006627 1.641777 2599.661034
0.851443 0.000002 0.000026 0.000009 0.000032 0.141861 0.006627 1.641777 2599.916286
0.852236 0.000002 0.000023 0.000008 0.000030 0.141072 0.006628 1.641777 2600.825836
0.852975 0.000002 0.000023 0.000008 0.000030 0.140334 0.006628 1.641777 2601.191690
0.853736 0.000002 0.000021 0.000007 0.000029 0.139576 0.006629 1.641777 2601.949210
0.854428 0.000002 0.000020 0.000007 0.000028 0.138887 0.006629 1.641777 2602.434455
0.855096 0.000001 0.000019 0.000006 0.000027 0.138221 0.006629 1.641778 2602.840708
0.855732 0.000001 0.000018 0.000006 0.000027 0.137587 0.006629 1.641778 2603.392848
0.856353 0.000001 0.000017 0.000006 0.000026 0.136968 0.006630 1.641778 2603.929188
0.856929 0.000001 0.000016 0.000005 0.000025 0.136393 0.006631 1.641778 2604.631092
0.857479 0.000001 0.000015 0.000005 0.000024 0.135846 0.006631 1.641778 2605.399025
0.857961 0.000001 0.000013 0.000005 0.000022 0.135366 0.006632 1.641778 2606.361348
0.858422 0.000001 0.000012 0.000005 0.000021 0.134907 0.006632 1.641778 2606.984015
0.858860 0.000001 0.000011 0.000005 0.000021 0.134470 0.006633 1.641778 2607.329979
0.859268 0.000001 0.000011 0.000004 0.000020 0.134064 0.006633 1.641778 2607.544211
0.859670 0.000001 0.000010 0.000004 0.000019 0.133663 0.006633 1.641778 2608.424523
0.860050 0.000001 0.000009 0.000004 0.000018 0.133284 0.006633 1.641778 2608.818829
0.860398 0.000001 0.000009 0.000004 0.000018 0.132937 0.006633 1.641778 2608.845161
0.860749 0.000001 0.000009 0.000004 0.000017 0.132587 0.006634 1.641778 2609.700542
0.861079 0.000001 0.000008 0.000003 0.000016 0.132259 0.006634 1.641778 2609.749841
0.861387 0.000001 0.000008 0.000003 0.000016 0.131951 0.006634 1.641778 2609.890257
0.861694 0.000001 0.000008 0.000003 0.000015 0.131646 0.006634 1.641778 2610.323939
0.861978 0.000001 0.000008 0.000002 0.000015 0.131362 0.006634 1.641779 2610.428980
0.862249 0.000001 0.000007 0.000002 0.000014 0.131094 0.006634 1.641779 2610.948696
0.862510 0.000001 0.000006 0.000002 0.000014 0.130834 0.006634 1.641779 2611.321104
0.862747 0.000001 0.000006 0.000002 0.000014 0.130597 0.006634 1.641779 2611.493458
0.862961 0.000000 0.000006 0.000002 0.000013 0.130384 0.006634 1.641779 2611.721154
0.863179 0.000001 0.000006 0.000002 0.000012 0.130166 0.006635 1.641779 2612.503164
0.863381 0.000001 0.000006 0.000002 0.000012 0.129965 0.006635 1.641779 2612.682106
0.863565 0.000001 0.000005 0.000002 0.000011 0.129781 0.006635 1.641779 2613.130295
0.863758 0.000001 0.000005 0.000002 0.000011 0.129588 0.006635 1.641779 2613.130295
0.863941 0.000000 0.000005 0.000001 0.000011 0.129406 0.006636 1.641779 2613.489352
0.864123 0.000000 0.000005 0.000001 0.000010 0.129225 0.006636 1.641779 2613.781868
0.864285 0.000000 0.000004 0.000001 0.000010 0.129063 0.006636 1.641779 2613.951700
0.864434 0.000000 0.000004 0.000001 0.000010 0.128915 0.006636 1.641779 2613.951700
0.864579 0.000000 0.000004 0.000001 0.000009 0.128770 0.006636 1.641779 2614.159785
0.864719 0.000000 0.000003 0.000001 0.000009 0.128631 0.006636 1.641779 2614.391616
0.864847 0.000000 0.000003 0.000001 0.000009 0.128503 0.006637 1.641779 2614.566516
0.864961 0.000000 0.000003 0.000001 0.000008 0.128389 0.006637 1.641779 2614.773801
0.865081 0.000000 0.000003 0.000001 0.000008 0.128270 0.006637 1.641780 2614.985528
0.865192 0.000000 0.000003 0.000001 0.000008 0.128159 0.006637 1.641780 2614.985528
0.865298 0.000000 0.000003 0.000001 0.000008 0.128053 0.006637 1.641780 2615.209847
0.865392 0.000000 0.000003 0.000001 0.000008 0.127960 0.006637 1.641780 2615.440958
0.865480 0.000000 0.000003 0.000001 0.000008 0.127872 0.006637 1.641780 2615.440958
0.865578 0.000000 0.000002 0.000001 0.000007 0.127775 0.006637 1.641780 2615.672067
0.865666 0.000000 0.000002 0.000000 0.000007 0.127687 0.006637 1.641780 2615.870517
0.865744 0.000000 0.000001 0.000000 0.000006 0.127611 0.006637 1.641780 2616.052885
0.865825 0.000000 0.000001 0.000000 0.000006 0.127529 0.006637 1.641780 2616.052885
0.865897 0.000000 0.000001 0.000000 0.000006 0.127458 0.006637 1.641780 2616.052885
0.865970 0.000000 0.000001 0.000000 0.000006 0.127385 0.006637 1.641780 2616.052885
0.866037 0.000000 0.000001 0.000000 0.000006 0.127317 0.006637 1.641780 2616.052885
0.866117 0.000000 0.000001 0.000000 0.000006 0.127238 0.006637 1.641780 2616.052885
0.866180 0.000000 0.000001 0.000000 0.000006 0.127176 0.006638 1.641780 2616.881742
0.866244 0.000000 0.000001 0.000000 0.000006 0.127111 0.006638 1.641780 2616.881742
0.866304 0.000000 0.000001 0.000000 0.000005 0.127052 0.006638 1.641780 2617.502006
0.866351 0.000000 0.000001 0.000000 0.000005 0.127005 0.006638 1.641780 2617.502006
0.866402 0.000000 0.000001 0.000000 0.000005 0.126954 0.006638 1.641780 2617.502006
0.866447 0.000000 0.000001 0.000000 0.000005 0.126908 0.006638 1.641780 2617.502006
0.866498 0.000000 0.000001 0.000000 0.000005 0.126858 0.006638 1.641780 2617.502006
0.866540 0.000000 0.000001 0.000000 0.000005 0.126816 0.006638 1.641780 2617.697972
0.866577 0.000000 0.000000 0.000000 0.000005 0.126780 0.006638 1.641780 2617.697972
0.866612 0.000000 0.000000 0.000000 0.000004 0.126745 0.006639 1.641780 2618.167318
0.866644 0.000000 0.000000 0.000000 0.000004 0.126713 0.006639 1.641780 2618.167318
0.866679 0.000000 0.000000 0.000000 0.000004 0.126679 0.006639 1.641780 2618.167318
0.866702 0.000000 0.000000 0.000000 0.000003 0.126656 0.006639 1.641780 2618.848571
0.866725 0.000000 0.000000 0.000000 0.000003 0.126632 0.006639 1.641780 2618.848571
0.866746 0.000000 0.000000 0.000000 0.000003 0.126612 0.006639 1.641780 2618.848571
0.866765 0.000000 0.000000 0.000000 0.000003 0.126593 0.006639 1.641780 2618.950318
0.866785 0.000000 0.000000 0.000000 0.000003 0.126573 0.006639 1.641780 2618.950318
0.866803 0.000000 0.000000 0.000000 0.000003 0.126554 0.006640 1.641780 2619.169126
0.866822 0.000000 0.000000 0.000000 0.000002 0.126536 0.006640 1.641780 2619.192479
0.866839 0.000000 0.000000 0.000000 0.000002 0.126519 0.006640 1.641780 2619.192479
0.866854 0.000000 0.000000 0.000000 0.000002 0.126504 0.006640 1.641780 2619.219829
0.866867 0.000000 0.000000 0.000000 0.000002 0.126491 0.006640 1.641780 2619.219829
0.866879 0.000000 0.000000 0.000000 0.000002 0.126479 0.006640 1.641780 2619.219829
0.866889 0.000000 0.000000 0.000000 0.000002 0.126469 0.006640 1.641780 2619.456322
0.866902 0.000000 0.000000 0.000000 0.000002 0.126456 0.006640 1.641780 2619.456322
0.866915 0.000000 0.000000 0.000000 0.000002 0.126443 0.006640 1.641780 2619.456322
0.866924 0.000000 0.000000 0.000000 0.000002 0.126434 0.006640 1.641780 2619.456322
0.866936 0.000000 0.000000 0.000000 0.000002 0.126422 0.006640 1.641780 2619.456322
0.866945 0.000000 0.000000 0.000000 0.000002 0.126413 0.006640 1.641780 2619.456322
0.866959 0.000000 0.000000 0.000000 0.000002 0.126399 0.006640 1.641780 2619.456322
0.866968 0.000000 0.000000 0.000000 0.000002 0.126390 0.006640 1.641780 2619.456322
0.866979 0.000000 0.000000 0.000000 0.000002 0.126379 0.006640 1.641780 2619.456322
0.866988 0.000000 0.000000 0.000000 0.000002 0.126370 0.006640 1.641780 2619.518084
0.866996 0.000000 0.000000 0.000000 0.000001 0.126363 0.006640 1.641780 2619.569131
0.867002 0.000000 0.000000 0.000000 0.000001 0.126356 0.006640 1.641780 2619.569131
0.867009 0.000000 0.000000 0.000000 0.000001 0.126350 0.006640 1.641780 2620.029851
0.867013 0.000000 0.000000 0.000000 0.000001 0.126346 0.006640 1.641780 2620.029851
0.867019 0.000000 0.000000 0.000000 0.000001 0.126340 0.006640 1.641780 2620.029851
0.867022 0.000000 0.000000 0.000000 0.000000 0.126337 0.006640 1.641780 2620.297928
0.867025 0.000000 0.000000 0.000000 0.000000 0.126334 0.006640 1.641780 2620.297928
0.867028 0.000000 0.000000 0.000000 0.000000 0.126331 0.006640 1.641780 2620.297928
0.867030 0.000000 0.000000 0.000000 0.000000 0.126329 0.006640 1.641780 2620.297928
0.867032 0.000000 0.000000 0.000000 0.000000 0.126327 0.006640 1.641780 2620.297928
0.867036 0.000000 0.000000 0.000000 0.000000 0.126323 0.006640 1.641780 2620.297928
0.867037 0.000000 0.000000 0.000000 0.000000 0.126322 0.006640 1.641780 2620.297928
0.867038 0.000000 0.000000 0.000000 0.000000 0.126321 0.006641 1.641780 2620.381512
0.867040 0.000000 0.000000 0.000000 0.000000 0.126319 0.006641 1.641780 2620.381512
0.867042 0.000000 0.000000 0.000000 0.000000 0.126317 0.006641 1.641780 2620.381512
0.867043 0.000000 0.000000 0.000000 0.000000 0.126316 0.006641 1.641780 2620.381512
0.867044 0.000000 0.000000 0.000000 0.000000 0.126315 0.006641 1.641780 2620.381512
0.867046 0.000000 0.000000 0.000000 0.000000 0.126313 0.006641 1.641780 2620.381512
0.867048 0.000000 0.000000 0.000000 0.000000 0.126311 0.006641 1.641780 2620.381512
0.867048 0.000000 0.000000 0.000000 0.000000 0.126311 0.006641 1.641780 2620.381512
0.867049 0.000000 0.000000 0.000000 0.000000 0.126310 0.006641 1.641780 2620.381512
0.867050 0.000000 0.000000 0.000000 0.000000 0.126309 0.006641 1.641780 2620.381512
0.867050 0.000000 0.000000 0.000000 0.000000 0.126309 0.006641 1.641780 2620.381512
0.867050 0.000000 0.000000 0.000000 0.000000 0.126309 0.006641 1.641780 2620.587967
0.867050 0.000000 0.000000 0.000000 0.000000 0.126309 0.006641 1.641780 2620.587967
0.867050 0.000000 0.000000 0.000000 0.000000 0.126309 0.006641 1.641780 2620.587967
0.867050 0.000000 0.000000 0.000000 0.000000 0.126309 0.006641 1.641780 2620.587967
0.867050 0.000000 0.000000 0.000000 0.000000 0.126309 0.006641 1.641780 2620.587967
0.867050 0.000000 0.000000 0.000000 0.000000 0.126309 0.006641 1.641780 2620.587967
0.867050 0.000000 0.000000 0.000000 0.000000 0.126309 0.006641 1.641780 2620.587967
0.867050 0.000000 0.000000 0.000000 0.000000 0.126309 0.006641 1.641780 2620.587967
0.867050 0.000000 0.000000 0.000000 0.000000 0.126309 0.006641 1.641780 2620.587967
0.867050 0.000000 0.000000 0.000000 0.000000 0.126309 0.006641 1.641780 2620.587967
0.867050 0.000000 0.000000 0.000000 0.000000 0.126309 0.006641 1.641780 2620.587967
0.867050 0.000000 0.000000 0.000000 0.000000 0.126309 0.006641 1.641780 2620.587967
0.867050 0.000000 0.000000 0.000000 0.000000 0.126309 0.006641 1.641780 2620.587967
0.867050 0.000000 0.000000 0.000000 0.000000 0.126309 0.006641 1.641780 2620.587967
0.867050 0.000000 0.000000 0.000000 0.000000 0.126309 0.006641 1.641780 2620.587967
0.867050 0.000000 0.000000 0.000000 0.000000 0.126309 0.006641 1.641780 2620.587967
0.867050 0.000000 0.000000 0.000000 0.000000 0.126309 0.006641 1.641780 2620.587967
0.867050 0.000000 0.000000 0.000000 0.000000 0.126309 0.006641 1.641780 2620.587967
0.867050 0.000000 0.000000 0.000000 0.000000 0.126309 0.006641 1.641780 2620.587967
0.867050 0.000000 0.000000 0.000000 0.000000 0.126309 0.006641 1.641780 2620.587967
0.867050 0.000000 0.000000 0.000000 0.000000 0.126309 0.006641 1.641780 2620.587967
0.867050 0.000000 0.000000 0.000000 0.000000 0.126309 0.006641 1.641780 2620.587967
0.867050 0.000000 0.000000 0.000000 0.000000 0.126309 0.006641 1.641780 2620.587967
0.867050 0.000000 0.000000 0.000000 0.000000 0.126309 0.006641 1.641780 2620.587967
0.867050 0.000000 0.000000 0.000000 0.000000 0.126309 0.006641 1.641780 2620.587967
0.867050 0.000000 0.000000 0.000000 0.000000 0.126309 0.006641 1.641780 2620.587967
0.867050 0.000000 0.000000 0.000000 0.000000 0.126309 0.006641 1.641780 2620.587967
0.867050 0.000000 0.000000 0.000000 0.000000 0.126309 0.006641 1.641780 2620.587967
0.867050 0.000000 0.000000 0.000000 0.000000 0.126309 0.006641 1.641780 2620.587967
0.867050 0.000000 0.000000 0.000000 0.000000 0.126309 0.006641 1.641780 2620.587967
0.867050 0.000000 0.000000 0.000000 0.000000 0.126309 0.006641 1.641780 2620.587967
0.867050 0.000000 0.000000 0.000000 0.000000 0.126309 0.006641 1.641780 2620.587967
0.867050 0.000000 0.000000 0.000000 0.000000 0.126309 0.006641 1.641780 2620.587967
0.867050 0.000000 0.000000 0.000000 0.000000 0.126309 0.006641 1.641780 2620.587967
0.867050 0.000000 0.000000 0.000000 0.000000 0.126309 0.006641 1.641780 2620.587967
0.867050 0.000000 0.000000 0.000000 0.000000 0.126309 0.006641 1.641780 2620.587967
0.867050 0.000000 0.000000 0.000000 0.000000 0.126309 0.006641 1.641780 2620.587967
0.867050 0.000000 0.000000 0.000000 0.000000 0.126309 0.006641 1.641780 2620.587967
0.867050 0.000000 0.000000 0.000000 0.000000 0.126309 0.006641 1.641780 2620.587967
0.867050 0.000000 0.000000 0.000000 0.000000 0.126309 0.006641 1.641780 2620.587967
0.867050 0.000000 0.000000 0.000000 0.000000 0.126309 0.006641 1.641780 2620.587967
0.867050 0.000000 0.000000 0.000000 0.000000 0.126309 0.006641 1.641780 2620.587967
0.867050 0.000000 0.000000 0.000000 0.000000 0.126309 0.006641 1.641780 2620.587967
0.867050 0.000000 0.000000 0.000000 0.000000 0.126309 0.006641 1.641780 2620.587967
0.867050 0.000000 0.000000 0.000000 0.000000 0.126309 0.006641 1.641780 2620.587967
0.867050 0.000000 0.000000 0.000000 0.000000 0.126309 0.006641 1.641780 2620.587967
0.867050 0.000000 0.000000 0.000000 0.000000 0.126309 0.006641 1.641780 2620.587967
0.867050 0.000000 0.000000 0.000000 0.000000 0.126309 0.006641 1.641780 2620.587967
0.867050 0.000000 0.000000 0.000000 0.000000 0.126309 0.006641 1.641780 2620.587967
0.867050 0.000000 0.000000 0.000000 0.000000 0.126309 0.006641 1.641780 2620.587967
0.867050 0.000000 0.000000 0.000000 0.000000 0.126309 0.006641 1.641780 2620.587967
0.867050 0.000000 0.000000 0.000000 0.000000 0.126309 0.006641 1.641780 2620.587967
0.867050 0.000000 0.000000 0.000000 0.000000 0.126309 0.006641 1.641780 2620.587967
0.867050 0.000000 0.000000 0.000000 0.000000 0.126309 0.006641 1.641780 2620.587967
0.867050 0.000000 0.000000 0.000000 0.000000 0.126309 0.006641 1.641780 2620.587967
0.867050 0.000000 0.000000 0.000000 0.000000 0.126309 0.006641 1.641780 2620.587967
0.867050 0.000000 0.000000 0.000000 0.000000 0.126309 0.006641 1.641780 2620.587967
0.867050 0.000000 0.000000 0.000000 0.000000 0.126309 0.006641 1.641780 2620.587967
0.867050 0.000000 0.000000 0.000000 0.000000 0.126309 0.006641 1.641780 2620.587967
0.867050 0.000000 0.000000 0.000000 0.000000 0.126309 0.006641 1.641780 2620.587967
0.867050 0.000000 0.000000 0.000000 0.000000 0.126309 0.006641 1.641780 2620.587967
0.867050 0.000000 0.000000 0.000000 0.000000 0.126309 0.006641 1.641780 2620.587967
0.867050 0.000000 0.000000 0.000000 0.000000 0.126309 0.006641 1.641780 2620.587967
0.867050 0.000000 0.000000 0.000000 0.000000 0.126309 0.006641 1.641780 2620.587967
0.867050 0.000000 0.000000 0.000000 0.000000 0.126309 0.006641 1.641780 2620.587967
0.867050 0.000000 0.000000 0.000000 0.000000 0.126309 0.006641 1.641780 2620.587967
0.867050 0.000000 0.000000 0.000000 0.000000 0.126309 0.006641 1.641780 2620.587967
0.867050 0.000000 0.000000 0.000000 0.000000 0.126309 0.006641 1.641780 2620.587967
0.867050 0.000000 0.000000 0.000000 0.000000 0.126309 0.006641 1.641780 2620.587967
0.867050 0.000000 0.000000 0.000000 0.000000 0.126309 0.006641 1.641780 2620.587967
0.867050 0.000000 0.000000 0.000000 0.000000 0.126309 0.006641 1.641780 2620.587967
0.867050 0.000000 0.000000 0.000000 0.000000 0.126309 0.006641 1.641780 2620.587967
0.867050 0.000000 0.000000 0.000000 0.000000 0.126309 0.006641 1.641780 2620.587967
0.867050 0.000000 0.000000 0.000000 0.000000 0.126309 0.006641 1.641780 2620.587967
0.867050 0.000000 0.000000 0.000000 0.000000 0.126309 0.006641 1.641780 2620.587967
0.867050 0.000000 0.000000 0.000000 0.000000 0.126309 0.006641 1.641780 2620.587967
0.867050 0.000000 0.000000 0.000000 0.000000 0.126309 0.006641 1.641780 2620.587967
0.867050 0.000000 0.000000 0.000000 0.000000 0.126309 0.006641 1.641780 2620.587967
0.867050 0.000000 0.000000 0.000000 0.000000 0.126309 0.006641 1.641780 2620.587967
0.867050 0.000000 0.000000 0.000000 0.000000 0.126309 0.006641 1.641780 2620.587967
0.867050 0.000000 0.000000 0.000000 0.000000 0.126309 0.006641 1.641780 2620.587967
0.867050 0.000000 0.000000 0.000000 0.000000 0.126309 0.006641 1.641780 2620.587967
0.867050 0.000000 0.000000 0.000000 0.000000 0.126309 0.006641 1.641780 2620.587967
0.867050 0.000000 0.000000 0.000000 0.000000 0.126309 0.006641 1.641780 2620.587967
0.867050 0.000000 0.000000 0.000000 0.000000 0.126309 0.006641 1.641780 2620.587967
0.867050 0.000000 0.000000 0.000000 0.000000 0.126309 0.006641 1.641780 2620.587967
0.867050 0.000000 0.000000 0.000000 0.000000 0.126309 0.006641 1.641780 2620.587967
0.867050 0.000000 0.000000 0.000000 0.000000 0.126309 0.006641 1.641780 2620.587967
0.867050 0.000000 0.000000 0.000000 0.000000 0.126309 0.006641 1.641780 2620.587967
0.867050 0.000000 0.000000 0.000000 0.000000 0.126309 0.006641 1.641780 2620.587967
0.867050 0.000000 0.000000 0.000000 0.000000 0.126309 0.006641 1.641780 2620.587967
0.867050 0.000000 0.000000 0.000000 0.000000 0.126309 0.006641 1.641780 2620.587967
0.867050 0.000000 0.000000 0.000000 0.000000 0.126309 0.006641 1.641780 2620.587967
0.867050 0.000000 0.000000 0.000000 0.000000 0.126309 0.006641 1.641780 2620.587967
0.867050 0.000000 0.000000 0.000000 0.000000 0.126309 0.006641 1.641780 2620.587967
0.867050 0.000000 0.000000 0.000000 0.000000 0.126309 0.006641 1.641780 2620.587967
0.867050 0.000000 0.000000 0.000000 0.000000 0.126309 0.006641 1.641780 2620.587967
0.867050 0.000000 0.000000 0.000000 0.000000 0.126309 0.006641 1.641780 2620.587967
0.867050 0.000000 0.000000 0.000000 0.000000 0.126309 0.006641 1.641780 2620.587967
0.867050 0.000000 0.000000 0.000000 0.000000 0.126309 0.006641 1.641780 2620.587967
0.867050 0.000000 0.000000 0.000000 0.000000 0.126309 0.006641 1.641780 2620.587967
0.867050 0.000000 0.000000 0.000000 0.000000 0.126309 0.006641 1.641780 2620.587967
0.867050 0.000000 0.000000 0.000000 0.000000 0.126309 0.006641 1.641780 2620.587967
0.867050 0.000000 0.000000 0.000000 0.000000 0.126309 0.006641 1.641780 2620.587967
0.867050 0.000000 0.000000 0.000000 0.000000 0.126309 0.006641 1.641780 2620.587967
0.867050 0.000000 0.000000 0.000000 0.000000 0.126309 0.006641 1.641780 2620.587967
0.867050 0.000000 0.000000 0.000000 0.000000 0.126309 0.006641 1.641780 2620.587967
0.867050 0.000000 0.000000 0.000000 0.000000 0.126309 0.006641 1.641780 2620.587967
0.867050 0.000000 0.000000 0.000000 0.000000 0.126309 0.006641 1.641780 2620.587967
0.867050 0.000000 0.000000 0.000000 0.000000 0.126309 0.006641 1.641780 2620.587967
0.867050 0.000000 0.000000 0.000000 0.000000 0.126309 0.006641 1.641780 2620.587967
0.867050 0.000000 0.000000 0.000000 0.000000 0.126309 0.006641 1.641780 2620.587967
0.867050 0.000000 0.000000 0.000000 0.000000 0.126309 0.006641 1.641780 2620.587967
0.867050 0.000000 0.000000 0.000000 0.000000 0.126309 0.006641 1.641780 2620.587967
0.867050 0.000000 0.000000 0.000000 0.000000 0.126309 0.006641 1.641780 2620.587967
0.867050 0.000000 0.000000 0.000000 0.000000 0.126309 0.006641 1.641780 2620.587967
0.867050 0.000000 0.000000 0.000000 0.000000 0.126309 0.006641 1.641780 2620.587967
0.867050 0.000000 0.000000 0.000000 0.000000 0.126309 0.006641 1.641780 2620.587967
0.867050 0.000000 0.000000 0.000000 0.000000 0.126309 0.006641 1.641780 2620.587967
0.867050 0.000000 0.000000 0.000000 0.000000 0.126309 0.006641 1.641780 2620.587967
0.867050 0.000000 0.000000 0.000000 0.000000 0.126309 0.006641 1.641780 2620.587967
0.867050 0.000000 0.000000 0.000000 0.000000 0.126309 0.006641 1.641780 2620.587967
0.867050 0.000000 0.000000 0.000000 0.000000 0.126309 0.006641 1.641780 2620.587967
0.867050 0.000000 0.000000 0.000000 0.000000 0.126309 0.006641 1.641780 2620.587967
0.867050 0.000000 0.000000 0.000000 0.000000 0.126309 0.006641 1.641780 2620.587967
0.867050 0.000000 0.000000 0.000000 0.000000 0.126309 0.006641 1.641780 2620.587967
0.867050 0.000000 0.000000 0.000000 0.000000 0.126309 0.006641 1.641780 2620.587967
0.867050 0.000000 0.000000 0.000000 0.000000 0.126309 0.006641 1.641780 2620.587967
0.867050 0.000000 0.000000 0.000000 0.000000 0.126309 0.006641 1.641780 2620.587967
0.867050 0.000000 0.000000 0.000000 0.000000 0.126309 0.006641 1.641780 2620.587967
0.867050 0.000000 0.000000 0.000000 0.000000 0.126309 0.006641 1.641780 2620.587967
0.867050 0.000000 0.000000 0.000000 0.000000 0.126309 0.006641 1.641780 2620.587967
0.867050 0.000000 0.000000 0.000000 0.000000 0.126309 0.006641 1.641780 2620.587967
0.867050 0.000000 0.000000 0.000000 0.000000 0.126309 0.006641 1.641780 2620.587967
0.867050 0.000000 0.000000 0.000000 0.000000 0.126309 0.006641 1.641780 2620.587967
0.867050 0.000000 0.000000 0.000000 0.000000 0.126309 0.006641 1.641780 2620.587967
0.867050 0.000000 0.000000 0.000000 0.000000 0.126309 0.006641 1.641780 2620.587967
0.867050 0.000000 0.000000 0.000000 0.000000 0.126309 0.006641 1.641780 2620.587967
0.867050 0.000000 0.000000 0.000000 0.000000 0.126309 0.006641 1.641780 2620.587967
0.867050 0.000000 0.000000 0.000000 0.000000 0.126309 0.006641 1.641780 2620.587967
0.867050 0.000000 0.000000 0.000000 0.000000 0.126309 0.006641 1.641780 2620.587967
0.867050 0.000000 0.000000 0.000000 0.000000 0.126309 0.006641 1.641780 2620.587967
0.867050 0.000000 0.000000 0.000000 0.000000 0.126309 0.006641 1.641780 2620.587967
0.867050 0.000000 0.000000 0.000000 0.000000 0.126309 0.006641 1.641780 2620.587967
0.867050 0.000000 0.000000 0.000000 0.000000 0.126309 0.006641 1.641780 2620.587967
0.867050 0.000000 0.000000 0.000000 0.000000 0.126309 0.006641 1.641780 2620.587967
0.867050 0.000000 0.000000 0.000000 0.000000 0.126309 0.006641 1.641780 2620.587967
0.867050 0.000000 0.000000 0.000000 0.000000 0.126309 0.006641 1.641780 2620.587967
0.867050 0.000000 0.000000 0.000000 0.000000 0.126309 0.006641 1.641780 2620.587967
0.867050 0.000000 0.000000 0.000000 0.000000 0.126309 0.006641 1.641780 2620.587967
0.867050 0.000000 0.000000 0.000000 0.000000 0.126309 0.006641 1.641780 2620.587967
0.867050 0.000000 0.000000 0.000000 0.000000 0.126309 0.006641 1.641780 2620.587967
0.867050 0.000000 0.000000 0.000000 0.000000 0.126309 0.006641 1.641780 2620.587967
0.867050 0.000000 0.000000 0.000000 0.000000 0.126309 0.006641 1.641780 2620.587967
0.867050 0.000000 0.000000 0.000000 0.000000 0.126309 0.006641 1.641780 2620.587967
0.867050 0.000000 0.000000 0.000000 0.000000 0.126309 0.006641 1.641780 2620.587967
0.867050 0.000000 0.000000 0.000000 0.000000 0.126309 0.006641 1.641780 2620.587967
0.867050 0.000000 0.000000 0.000000 0.000000 0.126309 0.006641 1.641780 2620.587967
0.867050 0.000000 0.000000 0.000000 0.000000 0.126309 0.006641 1.641780 2620.587967
0.867050 0.000000 0.000000 0.000000 0.000000 0.126309 0.006641 1.641780 2620.587967
0.867050 0.000000 0.000000 0.000000 0.000000 0.126309 0.006641 1.641780 2620.587967
0.867050 0.000000 0.000000 0.000000 0.000000 0.126309 0.006641 1.641780 2620.587967
0.867050 0.000000 0.000000 0.000000 0.000000 0.126309 0.006641 1.641780 2620.587967
0.867050 0.000000 0.000000 0.000000 0.000000 0.126309 0.006641 1.641780 2620.587967
0.867050 0.000000 0.000000 0.000000 0.000000 0.126309 0.006641 1.641780 2620.587967
0.867050 0.000000 0.000000 0.000000 0.000000 0.126309 0.006641 1.641780 2620.587967
0.867050 0.000000 0.000000 0.000000 0.000000 0.126309 0.006641 1.641780 2620.587967
0.867050 0.000000 0.000000 0.000000 0.000000 0.126309 0.006641 1.641780 2620.587967
0.867050 0.000000 0.000000 0.000000 0.000000 0.126309 0.006641 1.641780 2620.587967
0.867050 0.000000 0.000000 0.000000 0.000000 0.126309 0.006641 1.641780 2620.587967
0.867050 0.000000 0.000000 0.000000 0.000000 0.126309 0.006641 1.641780 2620.587967
0.867050 0.000000 0.000000 0.000000 0.000000 0.126309 0.006641 1.641780 2620.587967
0.867050 0.000000 0.000000 0.000000 0.000000 0.126309 0.006641 1.641780 2620.587967
0.867050 0.000000 0.000000 0.000000 0.000000 0.126309 0.006641 1.641780 2620.587967
0.867050 0.000000 0.000000 0.000000 0.000000 0.126309 0.006641 1.641780 2620.587967
0.867050 0.000000 0.000000 0.000000 0.000000 0.126309 0.006641 1.641780 2620.587967
0.867050 0.000000 0.000000 0.000000 0.000000 0.126309 0.006641 1.641780 2620.587967
0.867050 0.000000 0.000000 0.000000 0.000000 0.126309 0.006641 1.641780 2620.587967
0.867050 0.000000 0.000000 0.000000 0.000000 0.126309 0.006641 1.641780 2620.587967
0.867050 0.000000 0.000000 0.000000 0.000000 0.126309 0.006641 1.641780 2620.587967
0.867050 0.000000 0.000000 0.000000 0.000000 0.126309 0.006641 1.641780 2620.587967
0.867050 0.000000 0.000000 0.000000 0.000000 0.126309 0.006641 1.641780 2620.587967
0.867050 0.000000 0.000000 0.000000 0.000000 0.126309 0.006641 1.641780 2620.587967
0.867050 0.000000 0.000000 0.000000 0.000000 0.126309 0.006641 1.641780 2620.587967
0.867050 0.000000 0.000000 0.000000 0.000000 0.126309 0.006641 1.641780 2620.587967
0.867050 0.000000 0.000000 0.000000 0.000000 0.126309 0.006641 1.641780 2620.587967
0.867050 0.000000 0.000000 0.000000 0.000000 0.126309 0.006641 1.641780 2620.587967
0.867050 0.000000 0.000000 0.000000 0.000000 0.126309 0.006641 1.641780 2620.587967
0.867050 0.000000 0.000000 0.000000 0.000000 0.126309 0.006641 1.641780 2620.587967
0.867050 0.000000 0.000000 0.000000 0.000000 0.126309 0.006641 1.641780 2620.587967
0.867050 0.000000 0.000000 0.000000 0.000000 0.126309 0.006641 1.641780 2620.587967
0.867050 0.000000 0.000000 0.000000 0.000000 0.126309 0.006641 1.641780 2620.587967
0.867050 0.000000 0.000000 0.000000 0.000000 0.126309 0.006641 1.641780 2620.587967
0.867050 0.000000 0.000000 0.000000 0.000000 0.126309 0.006641 1.641780 2620.587967
0.867050 0.000000 0.000000 0.000000 0.000000 0.126309 0.006641 1.641780 2620.587967
0.867050 0.000000 0.000000 0.000000 0.000000 0.126309 0.006641 1.641780 2620.587967
0.867050 0.000000 0.000000 0.000000 0.000000 0.126309 0.006641 1.641780 2620.587967
0.867050 0.000000 0.000000 0.000000 0.000000 0.126309 0.006641 1.641780 2620.587967
0.867050 0.000000 0.000000 0.000000 0.000000 0.126309 0.006641 1.641780 2620.587967
0.867050 0.000000 0.000000 0.000000 0.000000 0.126309 0.006641 1.641780 2620.587967
0.867050 0.000000 0.000000 0.000000 0.000000 0.126309 0.006641 1.641780 2620.587967
0.867050 0.000000 0.000000 0.000000 0.000000 0.126309 0.006641 1.641780 2620.587967
0.867050 0.000000 0.000000 0.000000 0.000000 0.126309 0.006641 1.641780 2620.587967
0.867050 0.000000 0.000000 0.000000 0.000000 0.126309 0.006641 1.641780 2620.587967
0.867050 0.000000 0.000000 0.000000 0.000000 0.126309 0.006641 1.641780 2620.587967
0.867050 0.000000 0.000000 0.000000 0.000000 0.126309 0.006641 1.641780 2620.587967
0.867050 0.000000 0.000000 0.000000 0.000000 0.126309 0.006641 1.641780 2620.587967
0.867050 0.000000 0.000000 0.000000 0.000000 0.126309 0.006641 1.641780 2620.587967
0.867050 0.000000 0.000000 0.000000 0.000000 0.126309 0.006641 1.641780 2620.587967
0.867050 0.000000 0.000000 0.000000 0.000000 0.126309 0.006641 1.641780 2620.587967
0.867050 0.000000 0.000000 0.000000 0.000000 0.126309 0.006641 1.641780 2620.587967
0.867050 0.000000 0.000000 0.000000 0.000000 0.126309 0.006641 1.641780 2620.587967
0.867050 0.000000 0.000000 0.000000 0.000000 0.126309 0.006641 1.641780 2620.587967
0.867050 0.000000 0.000000 0.000000 0.000000 0.126309 0.006641 1.641780 2620.587967
0.867050 0.000000 0.000000 0.000000 0.000000 0.126309 0.006641 1.641780 2620.587967
0.867050 0.000000 0.000000 0.000000 0.000000 0.126309 0.006641 1.641780 2620.587967
0.867050 0.000000 0.000000 0.000000 0.000000 0.126309 0.006641 1.641780 2620.587967
0.867050 0.000000 0.000000 0.000000 0.000000 0.126309 0.006641 1.641780 2620.587967
0.867050 0.000000 0.000000 0.000000 0.000000 0.126309 0.006641 1.641780 2620.587967
0.867050 0.000000 0.000000 0.000000 0.000000 0.126309 0.006641 1.641780 2620.587967
0.867050 0.000000 0.000000 0.000000 0.000000 0.126309 0.006641 1.641780 2620.587967
0.867050 0.000000 0.000000 0.000000 0.000000 0.126309 0.006641 1.641780 2620.587967
0.867050 0.000000 0.000000 0.000000 0.000000 0.126309 0.006641 1.641780 2620.587967
0.867050 0.000000 0.000000 0.000000 0.000000 0.126309 0.006641 1.641780 2620.587967
0.867050 0.000000 0.000000 0.000000 0.000000 0.126309 0.006641 1.641780 2620.587967
0.867050 0.000000 0.000000 0.000000 0.000000 0.126309 0.006641 1.641780 2620.587967
0.867050 0.000000 0.000000 0.000000 0.000000 0.126309 0.006641 1.641780 2620.587967
0.867050 0.000000 0.000000 0.000000 0.000000 0.126309 0.006641 1.641780 2620.587967
0.867050 0.000000 0.000000 0.000000 0.000000 0.126309 0.006641 1.641780 2620.587967
0.867050 0.000000 0.000000 0.000000 0.000000 0.126309 0.006641 1.641780 2620.587967
0.867050 0.000000 0.000000 0.000000 0.000000 0.126309 0.006641 1.641780 2620.587967
0.867050 0.000000 0.000000 0.000000 0.000000 0.126309 0.006641 1.641780 2620.587967
0.867050 0.000000 0.000000 0.000000 0.000000 0.126309 0.006641 1.641780 2620.587967
0.867050 0.000000 0.000000 0.000000 0.000000 0.126309 0.006641 1.641780 2620.587967
0.867050 0.000000 0.000000 0.000000 0.000000 0.126309 0.006641 1.641780 2620.587967
0.867050 0.000000 0.000000 0.000000 0.000000 0.126309 0.006641 1.641780 2620.587967
0.867050 0.000000 0.000000 0.000000 0.000000 0.126309 0.006641 1.641780 2620.587967
0.867050 0.000000 0.000000 0.000000 0.000000 0.126309 0.006641 1.641780 2620.587967
0.867050 0.000000 0.000000 0.000000 0.000000 0.126309 0.006641 1.641780 2620.587967
0.867050 0.000000 0.000000 0.000000 0.000000 0.126309 0.006641 1.641780 2620.587967
0.867050 0.000000 0.000000 0.000000 0.000000 0.126309 0.006641 1.641780 2620.587967
0.867050 0.000000 0.000000 0.000000 0.000000 0.126309 0.006641 1.641780 2620.587967
0.867050 0.000000 0.000000 0.000000 0.000000 0.126309 0.006641 1.641780 2620.587967
0.867050 0.000000 0.000000 0.000000 0.000000 0.126309 0.006641 1.641780 2620.587967
0.867050 0.000000 0.000000 0.000000 0.000000 0.126309 0.006641 1.641780 2620.587967
0.867050 0.000000 0.000000 0.000000 0.000000 0.126309 0.006641 1.641780 2620.587967
0.867050 0.000000 0.000000 0.000000 0.000000 0.126309 0.006641 1.641780 2620.587967
0.867050 0.000000 0.000000 0.000000 0.000000 0.126309 0.006641 1.641780 2620.587967
0.867050 0.000000 0.000000 0.000000 0.000000 0.126309 0.006641 1.641780 2620.587967
0.867050 0.000000 0.000000 0.000000 0.000000 0.126309 0.006641 1.641780 2620.587967
0.867050 0.000000 0.000000 0.000000 0.000000 0.126309 0.006641 1.641780 2620.587967
0.867050 0.000000 0.000000 0.000000 0.000000 0.126309 0.006641 1.641780 2620.587967
0.867050 0.000000 0.000000 0.000000 0.000000 0.126309 0.006641 1.641780 2620.587967
0.867050 0.000000 0.000000 0.000000 0.000000 0.126309 0.006641 1.641780 2620.587967
0.867050 0.000000 0.000000 0.000000 0.000000 0.126309 0.006641 1.641780 2620.587967
0.867050 0.000000 0.000000 0.000000 0.000000 0.126309 0.006641 1.641780 2620.587967
0.867050 0.000000 0.000000 0.000000 0.000000 0.126309 0.006641 1.641780 2620.587967
0.867050 0.000000 0.000000 0.000000 0.000000 0.126309 0.006641 1.641780 2620.587967
0.867050 0.000000 0.000000 0.000000 0.000000 0.126309 0.006641 1.641780 2620.587967
0.867050 0.000000 0.000000 0.000000 0.000000 0.126309 0.006641 1.641780 2620.587967
0.867050 0.000000 0.000000 0.000000 0.000000 0.126309 0.006641 1.641780 2620.587967
0.867050 0.000000 0.000000 0.000000 0.000000 0.126309 0.006641 1.641780 2620.587967
0.867050 0.000000 0.000000 0.000000 0.000000 0.126309 0.006641 1.641780 2620.587967
0.867050 0.000000 0.000000 0.000000 0.000000 0.126309 0.006641 1.641780 2620.587967
0.867050 0.000000 0.000000 0.000000 0.000000 0.126309 0.006641 1.641780 2620.587967
0.867050 0.000000 0.000000 0.000000 0.000000 0.126309 0.006641 1.641780 2620.587967
0.867050 0.000000 0.000000 0.000000 0.000000 0.126309 0.006641 1.641780 2620.587967
0.867050 0.000000 0.000000 0.000000 0.000000 0.126309 0.006641 1.641780 2620.587967
0.867050 0.000000 0.000000 0.000000 0.000000 0.126309 0.006641 1.641780 2620.587967
0.867050 0.000000 0.000000 0.000000 0.000000 0.126309 0.006641 1.641780 2620.587967
0.867050 0.000000 0.000000 0.000000 0.000000 0.126309 0.006641 1.641780 2620.587967
0.867050 0.000000 0.000000 0.000000 0.000000 0.126309 0.006641 1.641780 2620.587967
0.867050 0.000000 0.000000 0.000000 0.000000 0.126309 0.006641 1.641780 2620.587967
0.867050 0.000000 0.000000 0.000000 0.000000 0.126309 0.006641 1.641780 2620.587967
0.867050 0.000000 0.000000 0.000000 0.000000 0.126309 0.006641 1.641780 2620.587967
0.867050 0.000000 0.000000 0.000000 0.000000 0.126309 0.006641 1.641780 2620.587967
0.867050 0.000000 0.000000 0.000000 0.000000 0.126309 0.006641 1.641780 2620.587967
0.867050 0.000000 0.000000 0.000000 0.000000 0.126309 0.006641 1.641780 2620.587967
0.867050 0.000000 0.000000 0.000000 0.000000 0.126309 0.006641 1.641780 2620.587967
0.867050 0.000000 0.000000 0.000000 0.000000 0.126309 0.006641 1.641780 2620.587967
0.867050 0.000000 0.000000 0.000000 0.000000 0.126309 0.006641 1.641780 2620.587967
0.867050 0.000000 0.000000 0.000000 0.000000 0.126309 0.006641 1.641780 2620.587967
0.867050 0.000000 0.000000 0.000000 0.000000 0.126309 0.006641 1.641780 2620.587967
0.867050 0.000000 0.000000 0.000000 0.000000 0.126309 0.006641 1.641780 2620.587967
0.867050 0.000000 0.000000 0.000000 0.000000 0.126309 0.006641 1.641780 2620.587967
0.867050 0.000000 0.000000 0.000000 0.000000 0.126309 0.006641 1.641780 2620.587967
0.867050 0.000000 0.000000 0.000000 0.000000 0.126309 0.006641 1.641780 2620.587967
0.867050 0.000000 0.000000 0.000000 0.000000 0.126309 0.006641 1.641780 2620.587967
0.867050 0.000000 0.000000 0.000000 0.000000 0.126309 0.006641 1.641780 2620.587967
0.867050 0.000000 0.000000 0.000000 0.000000 0.126309 0.006641 1.641780 2620.587967
0.867050 0.000000 0.000000 0.000000 0.000000 0.126309 0.006641 1.641780 2620.587967
0.867050 0.000000 0.000000 0.000000 0.000000 0.126309 0.006641 1.641780 2620.587967
0.867050 0.000000 0.000000 0.000000 0.000000 0.126309 0.006641 1.641780 2620.587967
0.867050 0.000000 0.000000 0.000000 0.000000 0.126309 0.006641 1.641780 2620.587967
0.867050 0.000000 0.000000 0.000000 0.000000 0.126309 0.006641 1.641780 2620.587967
0.867050 0.000000 0.000000 0.000000 0.000000 0.126309 0.006641 1.641780 2620.587967
0.867050 0.000000 0.000000 0.000000 0.000000 0.126309 0.006641 1.641780 2620.587967
0.867050 0.000000 0.000000 0.000000 0.000000 0.126309 0.006641 1.641780 2620.587967
0.867050 0.000000 0.000000 0.000000 0.000000 0.126309 0.006641 1.641780 2620.587967
0.867050 0.000000 0.000000 0.000000 0.000000 0.126309 0.006641 1.641780 2620.587967
0.867050 0.000000 0.000000 0.000000 0.000000 0.126309 0.006641 1.641780 2620.587967
0.867050 0.000000 0.000000 0.000000 0.000000 0.126309 0.006641 1.641780 2620.587967
0.867050 0.000000 0.000000 0.000000 0.000000 0.126309 0.006641 1.641780 2620.587967
0.867050 0.000000 0.000000 0.000000 0.000000 0.126309 0.006641 1.641780 2620.587967
0.867050 0.000000 0.000000 0.000000 0.000000 0.126309 0.006641 1.641780 2620.587967
0.867050 0.000000 0.000000 0.000000 0.000000 0.126309 0.006641 1.641780 2620.587967
0.867050 0.000000 0.000000 0.000000 0.000000 0.126309 0.006641 1.641780 2620.587967
0.867050 0.000000 0.000000 0.000000 0.000000 0.126309 0.006641 1.641780 2620.587967
0.867050 0.000000 0.000000 0.000000 0.000000 0.126309 0.006641 1.641780 2620.587967
0.867050 0.000000 0.000000 0.000000 0.000000 0.126309 0.006641 1.641780 2620.587967
0.867050 0.000000 0.000000 0.000000 0.000000 0.126309 0.006641 1.641780 2620.587967
0.867050 0.000000 0.000000 0.000000 0.000000 0.126309 0.006641 1.641780 2620.587967
0.867050 0.000000 0.000000 0.000000 0.000000 0.126309 0.006641 1.641780 2620.587967
0.867050 0.000000 0.000000 0.000000 0.000000 0.126309 0.006641 1.641780 2620.587967
0.867050 0.000000 0.000000 0.000000 0.000000 0.126309 0.006641 1.641780 2620.587967
0.867050 0.000000 0.000000 0.000000 0.000000 0.126309 0.006641 1.641780 2620.587967
0.867050 0.000000 0.000000 0.000000 0.000000 0.126309 0.006641 1.641780 2620.587967
0.867050 0.000000 0.000000 0.000000 0.000000 0.126309 0.006641 1.641780 2620.587967
0.867050 0.000000 0.000000 0.000000 0.000000 0.126309 0.006641 1.641780 2620.587967
0.867050 0.000000 0.000000 0.000000 0.000000 0.126309 0.006641 1.641780 2620.587967
0.867050 0.000000 0.000000 0.000000 0.000000 0.126309 0.006641 1.641780 2620.587967
0.867050 0.000000 0.000000 0.000000 0.000000 0.126309 0.006641 1.641780 2620.587967
0.867050 0.000000 0.000000 0.000000 0.000000 0.126309 0.006641 1.641780 2620.587967
0.867050 0.000000 0.000000 0.000000 0.000000 0.126309 0.006641 1.641780 2620.587967
0.867050 0.000000 0.000000 0.000000 0.000000 0.126309 0.006641 1.641780 2620.587967
0.867050 0.000000 0.000000 0.000000 0.000000 0.126309 0.006641 1.641780 2620.587967
0.867050 0.000000 0.000000 0.000000 0.000000 0.126309 0.006641 1.641780 2620.587967
0.867050 0.000000 0.000000 0.000000 0.000000 0.126309 0.006641 1.641780 2620.587967
0.867050 0.000000 0.000000 0.000000 0.000000 0.126309 0.006641 1.641780 2620.587967
0.867050 0.000000 0.000000 0.000000 0.000000 0.126309 0.006641 1.641780 2620.587967
0.867050 0.000000 0.000000 0.000000 0.000000 0.126309 0.006641 1.641780 2620.587967
0.867050 0.000000 0.000000 0.000000 0.000000 0.126309 0.006641 1.641780 2620.587967
0.867050 0.000000 0.000000 0.000000 0.000000 0.126309 0.006641 1.641780 2620.587967
0.867050 0.000000 0.000000 0.000000 0.000000 0.126309 0.006641 1.641780 2620.587967
0.867050 0.000000 0.000000 0.000000 0.000000 0.126309 0.006641 1.641780 2620.587967
0.867050 0.000000 0.000000 0.000000 0.000000 0.126309 0.006641 1.641780 2620.587967
0.867050 0.000000 0.000000 0.000000 0.000000 0.126309 0.006641 1.641780 2620.587967
0.867050 0.000000 0.000000 0.000000 0.000000 0.126309 0.006641 1.641780 2620.587967
0.867050 0.000000 0.000000 0.000000 0.000000 0.126309 0.006641 1.641780 2620.587967
0.867050 0.000000 0.000000 0.000000 0.000000 0.126309 0.006641 1.641780 2620.587967
0.867050 0.000000 0.000000 0.000000 0.000000 0.126309 0.006641 1.641780 2620.587967
0.867050 0.000000 0.000000 0.000000 0.000000 0.126309 0.006641 1.641780 2620.587967
0.867050 0.000000 0.000000 0.000000 0.000000 0.126309 0.006641 1.641780 2620.587967
0.867050 0.000000 0.000000 0.000000 0.000000 0.126309 0.006641 1.641780 2620.587967
0.867050 0.000000 0.000000 0.000000 0.000000 0.126309 0.006641 1.641780 2620.587967
0.867050 0.000000 0.000000 0.000000 0.000000 0.126309 0.006641 1.641780 2620.587967
0.867050 0.000000 0.000000 0.000000 0.000000 0.126309 0.006641 1.641780 2620.587967
0.867050 0.000000 0.000000 0.000000 0.000000 0.126309 0.006641 1.641780 2620.587967
0.867050 0.000000 0.000000 0.000000 0.000000 0.126309 0.006641 1.641780 2620.587967
0.867050 0.000000 0.000000 0.000000 0.000000 0.126309 0.006641 1.641780 2620.587967
0.867050 0.000000 0.000000 0.000000 0.000000 0.126309 0.006641 1.641780 2620.587967
0.867050 0.000000 0.000000 0.000000 0.000000 0.126309 0.006641 1.641780 2620.587967
0.867050 0.000000 0.000000 0.000000 0.000000 0.126309 0.006641 1.641780 2620.587967
0.867050 0.000000 0.000000 0.000000 0.000000 0.126309 0.006641 1.641780 2620.587967
0.867050 0.000000 0.000000 0.000000 0.000000 0.126309 0.006641 1.641780 2620.587967
0.867050 0.000000 0.000000 0.000000 0.000000 0.126309 0.006641 1.641780 2620.587967
0.867050 0.000000 0.000000 0.000000 0.000000 0.126309 0.006641 1.641780 2620.587967
0.867050 0.000000 0.000000 0.000000 0.000000 0.126309 0.006641 1.641780 2620.587967
0.867050 0.000000 0.000000 0.000000 0.000000 0.126309 0.006641 1.641780 2620.587967
0.867050 0.000000 0.000000 0.000000 0.000000 0.126309 0.006641 1.641780 2620.587967
0.867050 0.000000 0.000000 0.000000 0.000000 0.126309 0.006641 1.641780 2620.587967
0.867050 0.000000 0.000000 0.000000 0.000000 0.126309 0.006641 1.641780 2620.587967
0.867050 0.000000 0.000000 0.000000 0.000000 0.126309 0.006641 1.641780 2620.587967
0.867050 0.000000 0.000000 0.000000 0.000000 0.126309 0.006641 1.641780 2620.587967
0.867050 0.000000 0.000000 0.000000 0.000000 0.126309 0.006641 1.641780 2620.587967
0.867050 0.000000 0.000000 0.000000 0.000000 0.126309 0.006641 1.641780 2620.587967
0.867050 0.000000 0.000000 0.000000 0.000000 0.126309 0.006641 1.641780 2620.587967
0.867050 0.000000 0.000000 0.000000 0.000000 0.126309 0.006641 1.641780 2620.587967
0.867050 0.000000 0.000000 0.000000 0.000000 0.126309 0.006641 1.641780 2620.587967
0.867050 0.000000 0.000000 0.000000 0.000000 0.126309 0.006641 1.641780 2620.587967
0.867050 0.000000 0.000000 0.000000 0.000000 0.126309 0.006641 1.641780 2620.587967
0.867050 0.000000 0.000000 0.000000 0.000000 0.126309 0.006641 1.641780 2620.587967
0.867050 0.000000 0.000000 0.000000 0.000000 0.126309 0.006641 1.641780 2620.587967
0.867050 0.000000 0.000000 0.000000 0.000000 0.126309 0.006641 1.641780 2620.587967
0.867050 0.000000 0.000000 0.000000 0.000000 0.126309 0.006641 1.641780 2620.587967
0.867050 0.000000 0.000000 0.000000 0.000000 0.126309 0.006641 1.641780 2620.587967
0.867050 0.000000 0.000000 0.000000 0.000000 0.126309 0.006641 1.641780 2620.587967
0.867050 0.000000 0.000000 0.000000 0.000000 0.126309 0.006641 1.641780 2620.587967
0.867050 0.000000 0.000000 0.000000 0.000000 0.126309 0.006641 1.641780 2620.587967
0.867050 0.000000 0.000000 0.000000 0.000000 0.126309 0.006641 1.641780 2620.587967
0.867050 0.000000 0.000000 0.000000 0.000000 0.126309 0.006641 1.641780 2620.587967
0.867050 0.000000 0.000000 0.000000 0.000000 0.126309 0.006641 1.641780 2620.587967
0.867050 0.000000 0.000000 0.000000 0.000000 0.126309 0.006641 1.641780 2620.587967
0.867050 0.000000 0.000000 0.000000 0.000000 0.126309 0.006641 1.641780 2620.587967
0.867050 0.000000 0.000000 0.000000 0.000000 0.126309 0.006641 1.641780 2620.587967
0.867050 0.000000 0.000000 0.000000 0.000000 0.126309 0.006641 1.641780 2620.587967
0.867050 0.000000 0.000000 0.000000 0.000000 0.126309 0.006641 1.641780 2620.587967
0.867050 0.000000 0.000000 0.000000 0.000000 0.126309 0.006641 1.641780 2620.587967
0.867050 0.000000 0.000000 0.000000 0.000000 0.126309 0.006641 1.641780 2620.587967
0.867050 0.000000 0.000000 0.000000 0.000000 0.126309 0.006641 1.641780 2620.587967
0.867050 0.000000 0.000000 0.000000 0.000000 0.126309 0.006641 1.641780 2620.587967
0.867050 0.000000 0.000000 0.000000 0.000000 0.126309 0.006641 1.641780 2620.587967
0.867050 0.000000 0.000000 0.000000 0.000000 0.126309 0.006641 1.641780 2620.587967
0.867050 0.000000 0.000000 0.000000 0.000000 0.126309 0.006641 1.641780 2620.587967
0.867050 0.000000 0.000000 0.000000 0.000000 0.126309 0.006641 1.641780 2620.587967
0.867050 0.000000 0.000000 0.000000 0.000000 0.126309 0.006641 1.641780 2620.587967
0.867050 0.000000 0.000000 0.000000 0.000000 0.126309 0.006641 1.641780 2620.587967
0.867050 0.000000 0.000000 0.000000 0.000000 0.126309 0.006641 1.641780 2620.587967
0.867050 0.000000 0.000000 0.000000 0.000000 0.126309 0.006641 1.641780 2620.587967
0.867050 0.000000 0.000000 0.000000 0.000000 0.126309 0.006641 1.641780 2620.587967
0.867050 0.000000 0.000000 0.000000 0.000000 0.126309 0.006641 1.641780 2620.587967
0.867050 0.000000 0.000000 0.000000 0.000000 0.126309 0.006641 1.641780 2620.587967
0.867050 0.000000 0.000000 0.000000 0.000000 0.126309 0.006641 1.641780 2620.587967
0.867050 0.000000 0.000000 0.000000 0.000000 0.126309 0.006641 1.641780 2620.587967
0.867050 0.000000 0.000000 0.000000 0.000000 0.126309 0.006641 1.641780 2620.587967
0.867050 0.000000 0.000000 0.000000 0.000000 0.126309 0.006641 1.641780 2620.587967
0.867050 0.000000 0.000000 0.000000 0.000000 0.126309 0.006641 1.641780 2620.587967
0.867050 0.000000 0.000000 0.000000 0.000000 0.126309 0.006641 1.641780 2620.587967
0.867050 0.000000 0.000000 0.000000 0.000000 0.126309 0.006641 1.641780 2620.587967
0.867050 0.000000 0.000000 0.000000 0.000000 0.126309 0.006641 1.641780 2620.587967
0.867050 0.000000 0.000000 0.000000 0.000000 0.126309 0.006641 1.641780 2620.587967
0.867050 0.000000 0.000000 0.000000 0.000000 0.126309 0.006641 1.641780 2620.587967
0.867050 0.000000 0.000000 0.000000 0.000000 0.126309 0.006641 1.641780 2620.587967
0.867050 0.000000 0.000000 0.000000 0.000000 0.126309 0.006641 1.641780 2620.587967
0.867050 0.000000 0.000000 0.000000 0.000000 0.126309 0.006641 1.641780 2620.587967
0.867050 0.000000 0.000000 0.000000 0.000000 0.126309 0.006641 1.641780 2620.587967
0.867050 0.000000 0.000000 0.000000 0.000000 0.126309 0.006641 1.641780 2620.587967
0.867050 0.000000 0.000000 0.000000 0.000000 0.126309 0.006641 1.641780 2620.587967
0.867050 0.000000 0.000000 0.000000 0.000000 0.126309 0.006641 1.641780 2620.587967
0.867050 0.000000 0.000000 0.000000 0.000000 0.126309 0.006641 1.641780 2620.587967
0.867050 0.000000 0.000000 0.000000 0.000000 0.126309 0.006641 1.641780 2620.587967
0.867050 0.000000 0.000000 0.000000 0.000000 0.126309 0.006641 1.641780 2620.587967
0.867050 0.000000 0.000000 0.000000 0.000000 0.126309 0.006641 1.641780 2620.587967
0.867050 0.000000 0.000000 0.000000 0.000000 0.126309 0.006641 1.641780 2620.587967
0.867050 0.000000 0.000000 0.000000 0.000000 0.126309 0.006641 1.641780 2620.587967
0.867050 0.000000 0.000000 0.000000 0.000000 0.126309 0.006641 1.641780 2620.587967
0.867050 0.000000 0.000000 0.000000 0.000000 0.126309 0.006641 1.641780 2620.587967
0.867050 0.000000 0.000000 0.000000 0.000000 0.126309 0.006641 1.641780 2620.587967
0.867050 0.000000 0.000000 0.000000 0.000000 0.126309 0.006641 1.641780 2620.587967
0.867050 0.000000 0.000000 0.000000 0.000000 0.126309 0.006641 1.641780 2620.587967
0.867050 0.000000 0.000000 0.000000 0.000000 0.126309 0.006641 1.641780 2620.587967
0.867050 0.000000 0.000000 0.000000 0.000000 0.126309 0.006641 1.641780 2620.587967
0.867050 0.000000 0.000000 0.000000 0.000000 0.126309 0.006641 1.641780 2620.587967
0.867050 0.000000 0.000000 0.000000 0.000000 0.126309 0.006641 1.641780 2620.587967
0.867050 0.000000 0.000000 0.000000 0.000000 0.126309 0.006641 1.641780 2620.587967
0.867050 0.000000 0.000000 0.000000 0.000000 0.126309 0.006641 1.641780 2620.587967
0.867050 0.000000 0.000000 0.000000 0.000000 0.126309 0.006641 1.641780 2620.587967
0.867050 0.000000 0.000000 0.000000 0.000000 0.126309 0.006641 1.641780 2620.587967
0.867050 0.000000 0.000000 0.000000 0.000000 0.126309 0.006641 1.641780 2620.587967
0.867050 0.000000 0.000000 0.000000 0.000000 0.126309 0.006641 1.641780 2620.587967
0.867050 0.000000 0.000000 0.000000 0.000000 0.126309 0.006641 1.641780 2620.587967
0.867050 0.000000 0.000000 0.000000 0.000000 0.126309 0.006641 1.641780 2620.587967
0.867050 0.000000 0.000000 0.000000 0.000000 0.126309 0.006641 1.641780 2620.587967
0.867050 0.000000 0.000000 0.000000 0.000000 0.126309 0.006641 1.641780 2620.587967
0.867050 0.000000 0.000000 0.000000 0.000000 0.126309 0.006641 1.641780 2620.587967
0.867050 0.000000 0.000000 0.000000 0.000000 0.126309 0.006641 1.641780 2620.587967
0.867050 0.000000 0.000000 0.000000 0.000000 0.126309 0.006641 1.641780 2620.587967
0.867050 0.000000 0.000000 0.000000 0.000000 0.126309 0.006641 1.641780 2620.587967
0.867050 0.000000 0.000000 0.000000 0.000000 0.126309 0.006641 1.641780 2620.587967
0.867050 0.000000 0.000000 0.000000 0.000000 0.126309 0.006641 1.641780 2620.587967
0.867050 0.000000 0.000000 0.000000 0.000000 0.126309 0.006641 1.641780 2620.587967
0.867050 0.000000 0.000000 0.000000 0.000000 0.126309 0.006641 1.641780 2620.587967
0.867050 0.000000 0.000000 0.000000 0.000000 0.126309 0.006641 1.641780 2620.587967
0.867050 0.000000 0.000000 0.000000 0.000000 0.126309 0.006641 1.641780 2620.587967
0.867050 0.000000 0.000000 0.000000 0.000000 0.126309 0.006641 1.641780 2620.587967
0.867050 0.000000 0.000000 0.000000 0.000000 0.126309 0.006641 1.641780 2620.587967
0.867050 0.000000 0.000000 0.000000 0.000000 0.126309 0.006641 1.641780 2620.587967
0.867050 0.000000 0.000000 0.000000 0.000000 0.126309 0.006641 1.641780 2620.587967
0.867050 0.000000 0.000000 0.000000 0.000000 0.126309 0.006641 1.641780 2620.587967
0.867050 0.000000 0.000000 0.000000 0.000000 0.126309 0.006641 1.641780 2620.587967
0.867050 0.000000 0.000000 0.000000 0.000000 0.126309 0.006641 1.641780 2620.587967
0.867050 0.000000 0.000000 0.000000 0.000000 0.126309 0.006641 1.641780 2620.587967
0.867050 0.000000 0.000000 0.000000 0.000000 0.126309 0.006641 1.641780 2620.587967
0.867050 0.000000 0.000000 0.000000 0.000000 0.126309 0.006641 1.641780 2620.587967
0.867050 0.000000 0.000000 0.000000 0.000000 0.126309 0.006641 1.641780 2620.587967
0.867050 0.000000 0.000000 0.000000 0.000000 0.126309 0.006641 1.641780 2620.587967
0.867050 0.000000 0.000000 0.000000 0.000000 0.126309 0.006641 1.641780 2620.587967
0.867050 0.000000 0.000000 0.000000 0.000000 0.126309 0.006641 1.641780 2620.587967
0.867050 0.000000 0.000000 0.000000 0.000000 0.126309 0.006641 1.641780 2620.587967
0.867050 0.000000 0.000000 0.000000 0.000000 0.126309 0.006641 1.641780 2620.587967
0.867050 0.000000 0.000000 0.000000 0.000000 0.126309 0.006641 1.641780 2620.587967
0.867050 0.000000 0.000000 0.000000 0.000000 0.126309 0.006641 1.641780 2620.587967
0.867050 0.000000 0.000000 0.000000 0.000000 0.126309 0.006641 1.641780 2620.587967
0.867050 0.000000 0.000000 0.000000 0.000000 0.126309 0.006641 1.641780 2620.587967
0.867050 0.000000 0.000000 0.000000 0.000000 0.126309 0.006641 1.641780 2620.587967
0.867050 0.000000 0.000000 0.000000 0.000000 0.126309 0.006641 1.641780 2620.587967
0.867050 0.000000 0.000000 0.000000 0.000000 0.126309 0.006641 1.641780 2620.587967
0.867050 0.000000 0.000000 0.000000 0.000000 0.126309 0.006641 1.641780 2620.587967
0.867050 0.000000 0.000000 0.000000 0.000000 0.126309 0.006641 1.641780 2620.587967
0.867050 0.000000 0.000000 0.000000 0.000000 0.126309 0.006641 1.641780 2620.587967
0.867050 0.000000 0.000000 0.000000 0.000000 0.126309 0.006641 1.641780 2620.587967
0.867050 0.000000 0.000000 0.000000 0.000000 0.126309 0.006641 1.641780 2620.587967
0.867050 0.000000 0.000000 0.000000 0.000000 0.126309 0.006641 1.641780 2620.587967
0.867050 0.000000 0.000000 0.000000 0.000000 0.126309 0.006641 1.641780 2620.587967
0.867050 0.000000 0.000000 0.000000 0.000000 0.126309 0.006641 1.641780 2620.587967
0.867050 0.000000 0.000000 0.000000 0.000000 0.126309 0.006641 1.641780 2620.587967
0.867050 0.000000 0.000000 0.000000 0.000000 0.126309 0.006641 1.641780 2620.587967
0.867050 0.000000 0.000000 0.000000 0.000000 0.126309 0.006641 1.641780 2620.587967
0.867050 0.000000 0.000000 0.000000 0.000000 0.126309 0.006641 1.641780 2620.587967
