0.371073 0.060888 0.053889 0.030830 0.001946 0.475855 0.005520 1.563217 1924.241633
0.372140 0.059838 0.054291 0.030315 0.001934 0.475936 0.005545 1.569182 1934.541433
0.374569 0.057601 0.054512 0.029795 0.001931 0.476024 0.005569 1.574942 1945.174250
0.377634 0.054929 0.054574 0.029254 0.001917 0.476098 0.005594 1.580511 1955.419790
0.381153 0.052119 0.054441 0.028680 0.001912 0.476076 0.005618 1.585774 1965.564395
0.384961 0.049294 0.054159 0.028105 0.001906 0.475933 0.005643 1.590755 1974.865899
0.389020 0.046579 0.053579 0.027492 0.001891 0.475772 0.005668 1.595417 1985.338149
0.393214 0.043869 0.052887 0.026878 0.001888 0.475575 0.005688 1.599891 1995.250100
0.397565 0.041337 0.052029 0.026240 0.001878 0.475239 0.005711 1.604025 2006.148912
0.402025 0.038898 0.051123 0.025598 0.001871 0.474751 0.005734 1.607967 2015.739393
0.406467 0.036669 0.050054 0.024902 0.001864 0.474282 0.005761 1.611656 2024.649375
0.411052 0.034491 0.048935 0.024191 0.001862 0.473688 0.005781 1.615164 2033.588296
0.415741 0.032461 0.047843 0.023484 0.001855 0.472811 0.005805 1.618479 2042.029005
0.420433 0.030634 0.046567 0.022763 0.001849 0.471928 0.005826 1.621514 2050.906716
0.425190 0.028905 0.045286 0.022050 0.001845 0.470875 0.005849 1.624405 2060.309592
0.429976 0.027260 0.044004 0.021387 0.001825 0.469676 0.005872 1.627167 2070.035230
0.434783 0.025684 0.042720 0.020679 0.001814 0.468425 0.005894 1.629797 2080.019630
0.439625 0.024240 0.041415 0.019973 0.001799 0.467031 0.005917 1.632261 2090.001244
0.444461 0.022941 0.040090 0.019255 0.001785 0.465530 0.005939 1.634563 2099.817464
0.449301 0.021739 0.038736 0.018579 0.001766 0.463918 0.005961 1.636720 2109.721147
0.454140 0.020583 0.037423 0.017965 0.001738 0.462166 0.005985 1.638808 2119.648391
0.459004 0.019513 0.036147 0.017327 0.001722 0.460279 0.006009 1.640780 2129.308218
0.463862 0.018433 0.034900 0.016713 0.001701 0.458361 0.006030 1.642699 2139.134168
0.468720 0.017526 0.033634 0.016124 0.001665 0.456280 0.006051 1.644460 2149.491381
0.473561 0.016708 0.032363 0.015526 0.001642 0.454129 0.006071 1.646107 2158.355163
0.478537 0.015911 0.031159 0.014959 0.001618 0.451726 0.006091 1.647698 2166.794208
0.483410 0.015166 0.030026 0.014422 0.001588 0.449273 0.006114 1.649216 2176.346644
0.488361 0.014458 0.028943 0.013857 0.001565 0.446681 0.006135 1.650659 2184.782107
0.493165 0.013826 0.027894 0.013330 0.001541 0.444092 0.006151 1.652023 2193.191294
0.497972 0.013219 0.026792 0.012826 0.001515 0.441503 0.006173 1.653350 2201.638620
0.502846 0.012616 0.025778 0.012338 0.001491 0.438738 0.006193 1.654631 2210.772861
0.507691 0.012094 0.024806 0.011839 0.001464 0.435893 0.006213 1.655831 2219.523495
0.512489 0.011583 0.023832 0.011391 0.001437 0.433037 0.006231 1.656985 2228.521511
0.517234 0.011113 0.022934 0.010977 0.001412 0.430079 0.006251 1.658109 2236.804627
0.521966 0.010664 0.022062 0.010527 0.001391 0.427121 0.006268 1.659183 2245.053541
0.526697 0.010219 0.021197 0.010120 0.001362 0.424118 0.006287 1.660245 2253.494800
0.531358 0.009795 0.020368 0.009743 0.001338 0.421092 0.006305 1.661250 2260.882862
0.536027 0.009420 0.019579 0.009388 0.001309 0.417952 0.006325 1.662206 2270.023228
0.540717 0.009063 0.018822 0.009039 0.001280 0.414737 0.006342 1.663128 2279.039528
0.545293 0.008760 0.018077 0.008708 0.001257 0.411549 0.006357 1.664001 2285.978966
0.549911 0.008444 0.017377 0.008411 0.001234 0.408250 0.006372 1.664859 2294.707571
0.554459 0.008168 0.016715 0.008085 0.001209 0.404977 0.006387 1.665652 2301.730511
0.558930 0.007889 0.016070 0.007776 0.001182 0.401747 0.006406 1.666436 2310.414827
0.563402 0.007637 0.015427 0.007504 0.001157 0.398453 0.006420 1.667185 2317.912093
0.567932 0.007409 0.014819 0.007228 0.001130 0.395045 0.006437 1.667910 2327.053478
0.572373 0.007169 0.014246 0.006970 0.001107 0.391682 0.006454 1.668627 2335.016230
0.576813 0.006951 0.013695 0.006720 0.001081 0.388271 0.006469 1.669326 2342.635067
0.581178 0.006769 0.013157 0.006497 0.001050 0.384861 0.006486 1.669978 2350.545811
0.585550 0.006568 0.012673 0.006274 0.001032 0.381404 0.006499 1.670633 2357.625457
0.589913 0.006366 0.012202 0.006038 0.001002 0.377963 0.006516 1.671268 2365.744365
0.594172 0.006191 0.011728 0.005829 0.000981 0.374571 0.006528 1.671875 2373.055460
0.598452 0.006035 0.011264 0.005615 0.000960 0.371134 0.006538 1.672450 2379.669852
0.602667 0.005854 0.010859 0.005417 0.000940 0.367711 0.006552 1.673031 2386.432025
0.606805 0.005692 0.010477 0.005233 0.000915 0.364315 0.006562 1.673599 2393.648347
0.610934 0.005532 0.010113 0.005048 0.000891 0.360907 0.006575 1.674156 2401.279696
0.614990 0.005404 0.009732 0.004867 0.000871 0.357550 0.006586 1.674676 2408.169043
0.619044 0.005252 0.009364 0.004711 0.000852 0.354180 0.006598 1.675206 2414.455039
0.623042 0.005115 0.009016 0.004582 0.000832 0.350806 0.006606 1.675709 2420.641394
0.627070 0.004961 0.008730 0.004431 0.000822 0.347372 0.006615 1.676217 2425.788832
0.631057 0.004845 0.008422 0.004282 0.000807 0.343965 0.006623 1.676686 2431.914428
0.634983 0.004712 0.008159 0.004130 0.000786 0.340594 0.006636 1.677160 2439.401213
0.638907 0.004594 0.007900 0.003989 0.000765 0.337197 0.006648 1.677617 2447.077848
0.642719 0.004513 0.007623 0.003853 0.000741 0.333891 0.006659 1.678045 2453.319890
0.646487 0.004428 0.007376 0.003716 0.000720 0.330602 0.006671 1.678465 2460.278204
0.650272 0.004332 0.007122 0.003588 0.000700 0.327304 0.006682 1.678892 2466.987345
0.654065 0.004229 0.006917 0.003491 0.000685 0.323923 0.006690 1.679315 2471.557466
0.657783 0.004133 0.006703 0.003378 0.000669 0.320635 0.006698 1.679722 2477.150252
0.661407 0.004017 0.006523 0.003284 0.000652 0.317410 0.006706 1.680146 2482.539186
0.665071 0.003919 0.006328 0.003186 0.000638 0.314145 0.006713 1.680540 2487.051268
0.668685 0.003830 0.006149 0.003087 0.000621 0.310908 0.006719 1.680930 2492.249786
0.672286 0.003737 0.005950 0.003007 0.000605 0.307689 0.006726 1.681305 2496.766770
0.675870 0.003655 0.005764 0.002926 0.000586 0.304466 0.006735 1.681658 2502.798147
0.679363 0.003571 0.005596 0.002838 0.000575 0.301317 0.006742 1.682013 2506.999919
0.682875 0.003506 0.005421 0.002745 0.000558 0.298146 0.006749 1.682348 2511.896667
0.686293 0.003439 0.005260 0.002665 0.000542 0.295044 0.006757 1.682678 2517.024736
0.689708 0.003375 0.005130 0.002582 0.000527 0.291911 0.006765 1.683008 2522.512895
0.693041 0.003313 0.004980 0.002512 0.000513 0.288868 0.006774 1.683338 2526.804106
0.696381 0.003228 0.004838 0.002456 0.000502 0.285814 0.006781 1.683671 2530.993675
0.699657 0.003172 0.004704 0.002382 0.000488 0.282809 0.006789 1.683984 2536.134021
0.702935 0.003116 0.004560 0.002330 0.000478 0.279787 0.006794 1.684281 2539.599990
0.706155 0.003060 0.004446 0.002273 0.000461 0.276801 0.006804 1.684588 2545.593729
0.709333 0.002996 0.004354 0.002229 0.000448 0.273832 0.006809 1.684899 2550.515848
0.712492 0.002944 0.004239 0.002166 0.000433 0.270910 0.006817 1.685188 2555.111346
0.715616 0.002882 0.004122 0.002100 0.000422 0.268034 0.006824 1.685483 2559.301818
0.718692 0.002822 0.004016 0.002052 0.000413 0.265176 0.006829 1.685771 2563.106407
0.721778 0.002779 0.003917 0.001996 0.000403 0.262293 0.006835 1.686045 2567.033454
0.724804 0.002730 0.003813 0.001945 0.000390 0.259475 0.006842 1.686317 2571.271377
0.727838 0.002699 0.003715 0.001896 0.000377 0.256627 0.006847 1.686583 2576.806635
0.730821 0.002650 0.003638 0.001851 0.000366 0.253821 0.006853 1.686851 2580.596258
0.733768 0.002614 0.003554 0.001794 0.000355 0.251055 0.006860 1.687102 2585.117217
0.736726 0.002568 0.003463 0.001753 0.000346 0.248279 0.006866 1.687358 2587.941960
0.739566 0.002521 0.003378 0.001705 0.000335 0.245624 0.006870 1.687602 2591.844536
0.742462 0.002487 0.003313 0.001663 0.000329 0.242875 0.006873 1.687849 2594.623091
0.745273 0.002441 0.003236 0.001626 0.000321 0.240227 0.006876 1.688094 2597.941454
0.748035 0.002389 0.003159 0.001600 0.000319 0.237618 0.006880 1.688340 2600.682024
0.750843 0.002356 0.003084 0.001559 0.000310 0.234964 0.006883 1.688575 2604.000278
0.753552 0.002329 0.003012 0.001525 0.000300 0.232394 0.006888 1.688796 2608.431523
0.756264 0.002288 0.002956 0.001501 0.000292 0.229806 0.006894 1.689027 2612.026077
0.758988 0.002234 0.002888 0.001475 0.000289 0.227229 0.006898 1.689251 2614.216927
0.761577 0.002193 0.002827 0.001432 0.000282 0.224787 0.006902 1.689472 2617.365844
0.764207 0.002150 0.002759 0.001408 0.000276 0.222294 0.006906 1.689689 2620.365513
0.766771 0.002127 0.002700 0.001371 0.000271 0.219850 0.006911 1.689892 2623.103665
0.769347 0.002084 0.002652 0.001346 0.000264 0.217392 0.006917 1.690101 2626.494305
0.771887 0.002078 0.002592 0.001324 0.000257 0.214943 0.006920 1.690288 2629.723614
0.774377 0.002044 0.002546 0.001298 0.000249 0.212561 0.006925 1.690495 2633.003496
0.776868 0.002004 0.002509 0.001275 0.000245 0.210171 0.006928 1.690703 2635.250193
0.779314 0.001993 0.002453 0.001257 0.000242 0.207812 0.006929 1.690897 2637.218206
0.781689 0.001979 0.002395 0.001234 0.000236 0.205535 0.006933 1.691083 2639.724218
0.784062 0.001962 0.002344 0.001217 0.000232 0.203249 0.006936 1.691268 2641.915606
0.786426 0.001936 0.002304 0.001196 0.000225 0.200976 0.006938 1.691458 2644.155435
0.788820 0.001904 0.002274 0.001163 0.000218 0.198679 0.006943 1.691642 2647.339831
0.791135 0.001876 0.002234 0.001148 0.000210 0.196450 0.006947 1.691824 2650.241552
0.793413 0.001865 0.002187 0.001133 0.000206 0.194247 0.006949 1.691997 2651.798318
0.795701 0.001843 0.002150 0.001119 0.000199 0.192035 0.006952 1.692180 2655.118055
0.797930 0.001822 0.002094 0.001100 0.000194 0.189903 0.006955 1.692349 2657.738907
0.800149 0.001810 0.002054 0.001082 0.000187 0.187759 0.006960 1.692521 2660.350398
0.802353 0.001796 0.002024 0.001058 0.000181 0.185628 0.006961 1.692688 2662.003462
0.804509 0.001765 0.001996 0.001039 0.000176 0.183550 0.006964 1.692861 2664.091349
0.806658 0.001728 0.001985 0.001013 0.000175 0.181474 0.006967 1.693045 2665.371873
0.808777 0.001707 0.001953 0.000987 0.000173 0.179435 0.006968 1.693211 2666.624803
0.810861 0.001689 0.001918 0.000973 0.000172 0.177418 0.006970 1.693374 2668.183034
0.812948 0.001666 0.001880 0.000960 0.000169 0.175403 0.006973 1.693535 2669.799725
0.814962 0.001645 0.001865 0.000952 0.000166 0.173433 0.006976 1.693703 2671.323867
0.816987 0.001610 0.001852 0.000945 0.000162 0.171465 0.006978 1.693872 2672.988214
0.818984 0.001590 0.001825 0.000923 0.000158 0.169541 0.006980 1.694027 2674.492877
0.820996 0.001565 0.001796 0.000915 0.000154 0.167592 0.006982 1.694186 2676.217322
0.822946 0.001547 0.001782 0.000897 0.000149 0.165695 0.006984 1.694340 2678.249363
0.824875 0.001521 0.001760 0.000880 0.000146 0.163833 0.006986 1.694490 2679.705635
0.826788 0.001516 0.001724 0.000859 0.000144 0.161981 0.006988 1.694639 2681.429137
0.828670 0.001508 0.001699 0.000845 0.000142 0.160146 0.006990 1.694786 2682.568532
0.830560 0.001491 0.001673 0.000834 0.000138 0.158314 0.006991 1.694929 2684.342434
0.832403 0.001480 0.001645 0.000829 0.000135 0.156515 0.006994 1.695078 2685.807424
0.834241 0.001451 0.001629 0.000813 0.000132 0.154737 0.006996 1.695223 2687.509692
0.836004 0.001435 0.001617 0.000806 0.000129 0.153011 0.006998 1.695370 2689.012805
0.837785 0.001419 0.001605 0.000804 0.000129 0.151258 0.007000 1.695509 2690.207938
0.839495 0.001399 0.001591 0.000788 0.000127 0.149598 0.007002 1.695652 2691.449879
0.841241 0.001375 0.001581 0.000776 0.000124 0.147899 0.007004 1.695800 2693.020262
0.842996 0.001347 0.001561 0.000766 0.000118 0.146204 0.007008 1.695941 2696.403928
0.844711 0.001328 0.001547 0.000760 0.000115 0.144530 0.007010 1.696077 2697.415232
0.846393 0.001327 0.001518 0.000744 0.000114 0.142894 0.007011 1.696201 2698.084120
0.848047 0.001314 0.001488 0.000730 0.000112 0.141299 0.007011 1.696328 2698.990453
0.849721 0.001289 0.001459 0.000732 0.000110 0.139678 0.007012 1.696460 2700.171162
0.851315 0.001284 0.001433 0.000719 0.000108 0.138128 0.007013 1.696582 2701.124652
0.852938 0.001274 0.001407 0.000707 0.000104 0.136554 0.007016 1.696700 2701.974508
0.854530 0.001267 0.001383 0.000702 0.000103 0.134998 0.007017 1.696824 2703.080266
0.856080 0.001265 0.001358 0.000692 0.000103 0.133486 0.007017 1.696943 2703.773644
0.857638 0.001245 0.001353 0.000689 0.000102 0.131955 0.007019 1.697069 2704.833542
0.859167 0.001222 0.001343 0.000684 0.000099 0.130466 0.007020 1.697194 2706.185115
0.860679 0.001217 0.001318 0.000678 0.000094 0.128992 0.007023 1.697309 2707.964488
0.862213 0.001203 0.001305 0.000674 0.000093 0.127488 0.007025 1.697434 2709.121316
0.863681 0.001203 0.001284 0.000665 0.000091 0.126049 0.007026 1.697547 2709.833010
0.865131 0.001210 0.001266 0.000654 0.000090 0.124622 0.007027 1.697662 2710.399672
0.866573 0.001194 0.001256 0.000655 0.000087 0.123207 0.007029 1.697778 2711.252969
0.868013 0.001181 0.001249 0.000647 0.000084 0.121796 0.007031 1.697901 2712.078328
0.869449 0.001182 0.001238 0.000642 0.000082 0.120375 0.007032 1.698011 2713.044032
0.870855 0.001168 0.001232 0.000628 0.000079 0.119006 0.007033 1.698127 2713.914508
0.872237 0.001161 0.001221 0.000621 0.000079 0.117648 0.007033 1.698244 2714.507932
0.873610 0.001146 0.001210 0.000618 0.000077 0.116305 0.007035 1.698358 2715.767015
0.874988 0.001136 0.001189 0.000620 0.000074 0.114958 0.007036 1.698469 2716.510051
0.876300 0.001133 0.001179 0.000620 0.000073 0.113658 0.007037 1.698580 2717.157103
0.877615 0.001120 0.001165 0.000615 0.000071 0.112377 0.007039 1.698692 2717.705471
0.878930 0.001121 0.001152 0.000609 0.000069 0.111079 0.007040 1.698792 2718.592281
0.880182 0.001117 0.001132 0.000607 0.000069 0.109853 0.007041 1.698903 2718.995799
0.881422 0.001109 0.001125 0.000599 0.000069 0.108634 0.007042 1.699016 2720.188009
0.882668 0.001102 0.001116 0.000595 0.000067 0.107410 0.007043 1.699125 2721.035754
0.883913 0.001096 0.001102 0.000587 0.000068 0.106191 0.007043 1.699230 2721.382706
0.885135 0.001093 0.001094 0.000580 0.000066 0.104988 0.007044 1.699335 2722.173597
0.886329 0.001090 0.001079 0.000577 0.000066 0.103814 0.007045 1.699437 2722.751151
0.887503 0.001086 0.001065 0.000580 0.000064 0.102656 0.007046 1.699546 2723.617326
0.888679 0.001083 0.001049 0.000576 0.000062 0.101504 0.007047 1.699645 2724.617306
0.889829 0.001068 0.001040 0.000572 0.000062 0.100381 0.007047 1.699756 2725.430409
0.890988 0.001061 0.001037 0.000572 0.000061 0.099233 0.007048 1.699862 2726.337303
0.892131 0.001047 0.001034 0.000575 0.000061 0.098102 0.007049 1.699970 2726.441332
0.893247 0.001052 0.001023 0.000568 0.000059 0.097001 0.007050 1.700068 2726.991972
0.894342 0.001050 0.001006 0.000567 0.000060 0.095925 0.007050 1.700168 2727.482501
0.895422 0.001044 0.000998 0.000567 0.000059 0.094858 0.007051 1.700267 2728.639653
0.896517 0.001035 0.000985 0.000560 0.000056 0.093796 0.007052 1.700361 2729.381281
0.897586 0.001017 0.000979 0.000559 0.000055 0.092750 0.007054 1.700463 2729.769729
0.898628 0.001018 0.000971 0.000552 0.000053 0.091725 0.007054 1.700558 2730.363465
0.899643 0.001011 0.000964 0.000547 0.000052 0.090729 0.007055 1.700663 2731.093189
0.900658 0.001004 0.000964 0.000545 0.000051 0.089721 0.007056 1.700764 2731.244381
0.901665 0.000987 0.000964 0.000545 0.000050 0.088731 0.007058 1.700866 2731.976060
0.902684 0.000991 0.000960 0.000533 0.000049 0.087724 0.007059 1.700956 2732.833653
0.903657 0.000987 0.000961 0.000524 0.000048 0.086764 0.007059 1.701056 2733.225771
0.904642 0.000971 0.000955 0.000523 0.000048 0.085802 0.007060 1.701154 2733.577689
0.905593 0.000964 0.000948 0.000522 0.000047 0.084865 0.007061 1.701250 2734.060881
0.906548 0.000967 0.000948 0.000515 0.000047 0.083913 0.007062 1.701347 2734.359256
0.907504 0.000973 0.000944 0.000511 0.000047 0.082961 0.007062 1.701438 2734.541794
0.908450 0.000951 0.000943 0.000505 0.000046 0.082042 0.007064 1.701546 2735.075604
0.909356 0.000947 0.000938 0.000494 0.000047 0.081155 0.007064 1.701636 2735.141724
0.910273 0.000946 0.000932 0.000497 0.000047 0.080241 0.007065 1.701728 2735.294961
0.911122 0.000954 0.000924 0.000495 0.000046 0.079394 0.007065 1.701815 2735.706847
0.911971 0.000953 0.000920 0.000493 0.000046 0.078552 0.007066 1.701906 2736.232279
0.912830 0.000949 0.000916 0.000492 0.000045 0.077703 0.007066 1.701996 2736.670421
0.913672 0.000950 0.000908 0.000486 0.000045 0.076872 0.007067 1.702087 2737.206539
0.914499 0.000955 0.000897 0.000484 0.000044 0.076053 0.007067 1.702177 2737.446629
0.915318 0.000958 0.000885 0.000481 0.000043 0.075247 0.007068 1.702267 2738.211701
0.916146 0.000953 0.000876 0.000476 0.000043 0.074438 0.007068 1.702355 2738.828619
0.916963 0.000943 0.000874 0.000473 0.000042 0.073635 0.007069 1.702449 2739.326327
0.917747 0.000943 0.000875 0.000465 0.000042 0.072858 0.007070 1.702534 2739.514465
0.918529 0.000934 0.000874 0.000462 0.000040 0.072090 0.007071 1.702624 2740.027477
0.919312 0.000926 0.000865 0.000463 0.000039 0.071324 0.007072 1.702716 2740.209594
0.920062 0.000921 0.000874 0.000458 0.000037 0.070573 0.007074 1.702807 2740.473091
0.920818 0.000925 0.000866 0.000454 0.000037 0.069826 0.007074 1.702891 2740.792264
0.921568 0.000914 0.000868 0.000451 0.000038 0.069088 0.007074 1.702987 2740.885614
0.922261 0.000916 0.000869 0.000457 0.000038 0.068386 0.007074 1.703076 2740.969251
0.922972 0.000906 0.000877 0.000455 0.000038 0.067679 0.007074 1.703175 2741.534665
0.923683 0.000897 0.000878 0.000452 0.000038 0.066977 0.007074 1.703269 2741.664527
0.924386 0.000891 0.000880 0.000454 0.000038 0.066276 0.007076 1.703364 2742.052806
0.925048 0.000889 0.000885 0.000451 0.000039 0.065612 0.007076 1.703452 2742.101692
0.925683 0.000890 0.000878 0.000451 0.000039 0.064983 0.007077 1.703536 2742.334886
0.926356 0.000892 0.000870 0.000451 0.000037 0.064317 0.007078 1.703630 2742.805650
0.926991 0.000888 0.000871 0.000451 0.000037 0.063684 0.007078 1.703721 2743.001050
0.927629 0.000889 0.000864 0.000448 0.000036 0.063055 0.007079 1.703806 2743.488687
0.928267 0.000897 0.000852 0.000441 0.000035 0.062430 0.007079 1.703883 2744.090877
0.928869 0.000898 0.000852 0.000442 0.000036 0.061824 0.007079 1.703969 2744.090877
0.929477 0.000906 0.000843 0.000441 0.000035 0.061219 0.007079 1.704050 2744.394735
0.930096 0.000896 0.000855 0.000441 0.000035 0.060598 0.007080 1.704146 2744.885823
0.930683 0.000899 0.000844 0.000441 0.000035 0.060019 0.007080 1.704231 2744.930163
0.931270 0.000891 0.000834 0.000444 0.000034 0.059447 0.007080 1.704325 2745.008097
0.931851 0.000891 0.000835 0.000443 0.000033 0.058867 0.007081 1.704414 2745.296697
0.932427 0.000878 0.000833 0.000434 0.000033 0.058314 0.007081 1.704502 2745.571394
0.932990 0.000874 0.000825 0.000434 0.000033 0.057762 0.007081 1.704587 2745.870251
0.933530 0.000857 0.000816 0.000433 0.000033 0.057249 0.007082 1.704681 2745.939076
0.934064 0.000867 0.000802 0.000429 0.000034 0.056722 0.007082 1.704754 2745.991397
0.934602 0.000869 0.000799 0.000426 0.000034 0.056188 0.007082 1.704839 2746.116413
0.935100 0.000863 0.000806 0.000424 0.000033 0.055689 0.007084 1.704933 2746.807187
0.935610 0.000861 0.000810 0.000420 0.000032 0.055184 0.007085 1.705015 2746.964464
0.936114 0.000856 0.000807 0.000414 0.000032 0.054693 0.007085 1.705094 2747.495131
0.936606 0.000865 0.000804 0.000410 0.000032 0.054199 0.007085 1.705170 2747.652119
0.937110 0.000862 0.000795 0.000412 0.000031 0.053705 0.007085 1.705248 2747.828922
0.937599 0.000862 0.000800 0.000410 0.000029 0.053214 0.007086 1.705334 2748.167844
0.938083 0.000861 0.000800 0.000407 0.000030 0.052734 0.007086 1.705416 2748.323521
0.938558 0.000874 0.000792 0.000402 0.000031 0.052258 0.007086 1.705494 2748.606888
0.939048 0.000864 0.000794 0.000406 0.000031 0.051770 0.007087 1.705578 2748.655124
0.939528 0.000858 0.000786 0.000404 0.000031 0.051306 0.007087 1.705663 2748.716935
0.939970 0.000868 0.000779 0.000411 0.000032 0.050853 0.007087 1.705746 2748.929657
0.940422 0.000866 0.000781 0.000405 0.000033 0.050405 0.007088 1.705832 2749.098237
0.940857 0.000870 0.000778 0.000406 0.000032 0.049968 0.007089 1.705915 2749.402647
0.941285 0.000871 0.000768 0.000409 0.000032 0.049546 0.007090 1.705995 2749.608144
0.941693 0.000886 0.000761 0.000401 0.000032 0.049138 0.007090 1.706069 2749.686513
0.942110 0.000876 0.000770 0.000404 0.000032 0.048717 0.007091 1.706159 2749.793346
0.942529 0.000873 0.000769 0.000410 0.000030 0.048296 0.007092 1.706243 2750.390327
0.942946 0.000870 0.000778 0.000411 0.000031 0.047871 0.007093 1.706327 2750.630104
0.943351 0.000859 0.000776 0.000410 0.000032 0.047480 0.007093 1.706413 2750.657424
0.943724 0.000863 0.000772 0.000406 0.000031 0.047111 0.007093 1.706494 2750.723750
0.944122 0.000859 0.000775 0.000405 0.000032 0.046713 0.007093 1.706581 2750.861728
0.944504 0.000859 0.000771 0.000413 0.000031 0.046329 0.007094 1.706671 2751.279225
0.944900 0.000851 0.000772 0.000417 0.000030 0.045936 0.007094 1.706759 2751.393219
0.945272 0.000848 0.000775 0.000419 0.000029 0.045561 0.007096 1.706846 2751.848692
0.945632 0.000851 0.000772 0.000419 0.000030 0.045201 0.007096 1.706929 2751.988006
0.945975 0.000842 0.000775 0.000413 0.000030 0.044869 0.007096 1.707012 2752.030089
0.946338 0.000844 0.000771 0.000409 0.000031 0.044512 0.007096 1.707091 2752.048797
0.946692 0.000844 0.000768 0.000408 0.000032 0.044161 0.007096 1.707177 2752.129379
0.947035 0.000840 0.000766 0.000416 0.000031 0.043814 0.007097 1.707259 2752.381492
0.947351 0.000834 0.000777 0.000416 0.000031 0.043494 0.007097 1.707352 2752.657179
0.947672 0.000841 0.000773 0.000414 0.000031 0.043171 0.007098 1.707431 2752.953923
0.947990 0.000838 0.000776 0.000413 0.000030 0.042854 0.007099 1.707510 2753.123545
0.948325 0.000825 0.000780 0.000413 0.000030 0.042530 0.007099 1.707596 2753.456976
0.948632 0.000826 0.000776 0.000414 0.000029 0.042224 0.007099 1.707674 2753.762298
0.948932 0.000825 0.000782 0.000407 0.000030 0.041924 0.007100 1.707756 2754.214497
0.949244 0.000825 0.000783 0.000406 0.000031 0.041611 0.007100 1.707838 2754.656684
0.949551 0.000830 0.000783 0.000403 0.000031 0.041301 0.007101 1.707911 2754.768699
0.949833 0.000822 0.000780 0.000409 0.000031 0.041024 0.007101 1.708003 2755.073856
0.950113 0.000836 0.000774 0.000406 0.000030 0.040739 0.007102 1.708076 2755.398084
0.950390 0.000835 0.000774 0.000402 0.000030 0.040467 0.007102 1.708157 2755.501140
0.950674 0.000834 0.000772 0.000408 0.000030 0.040181 0.007103 1.708242 2755.594819
0.950948 0.000834 0.000771 0.000410 0.000030 0.039904 0.007103 1.708328 2755.704889
0.951211 0.000828 0.000770 0.000403 0.000031 0.039655 0.007103 1.708415 2755.760419
0.951493 0.000824 0.000763 0.000402 0.000030 0.039385 0.007104 1.708493 2755.843279
0.951759 0.000824 0.000766 0.000400 0.000028 0.039120 0.007104 1.708574 2756.041176
0.952035 0.000811 0.000771 0.000406 0.000028 0.038845 0.007104 1.708663 2756.085297
0.952316 0.000816 0.000771 0.000400 0.000027 0.038565 0.007105 1.708736 2756.222422
0.952566 0.000820 0.000765 0.000397 0.000027 0.038319 0.007106 1.708809 2756.411870
0.952844 0.000816 0.000770 0.000395 0.000029 0.038040 0.007106 1.708893 2756.526307
0.953109 0.000815 0.000773 0.000389 0.000029 0.037778 0.007107 1.708974 2756.704309
0.953366 0.000812 0.000771 0.000391 0.000029 0.037523 0.007108 1.709056 2756.980187
0.953593 0.000817 0.000763 0.000395 0.000029 0.037293 0.007109 1.709137 2757.214047
0.953842 0.000815 0.000768 0.000394 0.000029 0.037043 0.007109 1.709221 2757.271799
0.954066 0.000827 0.000767 0.000386 0.000029 0.036816 0.007109 1.709298 2757.424128
0.954306 0.000809 0.000773 0.000392 0.000029 0.036581 0.007109 1.709391 2757.503215
0.954551 0.000802 0.000773 0.000391 0.000029 0.036343 0.007110 1.709471 2757.546240
0.954775 0.000800 0.000775 0.000389 0.000029 0.036123 0.007110 1.709553 2757.552470
0.954994 0.000805 0.000765 0.000391 0.000028 0.035905 0.007111 1.709629 2757.869305
0.955214 0.000801 0.000765 0.000391 0.000030 0.035688 0.007111 1.709712 2757.891832
0.955437 0.000809 0.000758 0.000388 0.000030 0.035466 0.007112 1.709793 2758.135392
0.955651 0.000814 0.000759 0.000380 0.000030 0.035255 0.007112 1.709870 2758.173805
0.955841 0.000817 0.000769 0.000384 0.000031 0.035047 0.007112 1.709956 2758.205578
0.956036 0.000812 0.000769 0.000380 0.000031 0.034860 0.007112 1.710039 2758.320566
0.956234 0.000811 0.000768 0.000378 0.000031 0.034665 0.007112 1.710120 2758.506488
0.956428 0.000804 0.000766 0.000387 0.000029 0.034471 0.007113 1.710206 2758.992551
0.956619 0.000802 0.000766 0.000388 0.000028 0.034283 0.007114 1.710292 2759.249516
0.956810 0.000801 0.000758 0.000389 0.000027 0.034099 0.007115 1.710371 2759.489034
0.957010 0.000800 0.000750 0.000392 0.000027 0.033905 0.007115 1.710453 2759.602067
0.957196 0.000796 0.000757 0.000391 0.000029 0.033716 0.007116 1.710539 2759.648184
0.957362 0.000800 0.000762 0.000384 0.000028 0.033549 0.007116 1.710618 2759.726101
0.957539 0.000799 0.000762 0.000380 0.000027 0.033376 0.007116 1.710697 2759.916098
0.957712 0.000790 0.000766 0.000385 0.000027 0.033203 0.007117 1.710783 2759.989783
0.957890 0.000794 0.000754 0.000383 0.000027 0.033034 0.007117 1.710856 2760.106549
0.958047 0.000800 0.000746 0.000382 0.000026 0.032881 0.007117 1.710933 2760.355481
0.958206 0.000801 0.000742 0.000393 0.000025 0.032715 0.007118 1.711012 2760.586504
0.958346 0.000815 0.000742 0.000390 0.000025 0.032564 0.007118 1.711086 2760.627827
0.958501 0.000828 0.000738 0.000388 0.000026 0.032400 0.007118 1.711160 2760.718233
0.958648 0.000832 0.000742 0.000389 0.000026 0.032247 0.007118 1.711241 2760.751954
0.958819 0.000828 0.000739 0.000390 0.000025 0.032082 0.007119 1.711318 2760.943110
0.958977 0.000828 0.000736 0.000389 0.000026 0.031924 0.007119 1.711398 2760.997939
0.959122 0.000821 0.000735 0.000391 0.000026 0.031784 0.007120 1.711485 2761.165751
0.959263 0.000820 0.000734 0.000395 0.000026 0.031641 0.007122 1.711566 2761.459314
0.959420 0.000802 0.000735 0.000398 0.000025 0.031498 0.007122 1.711655 2761.847872
0.959568 0.000798 0.000731 0.000394 0.000025 0.031361 0.007122 1.711730 2762.001695
0.959704 0.000799 0.000727 0.000389 0.000026 0.031233 0.007123 1.711806 2762.127738
0.959841 0.000799 0.000729 0.000386 0.000026 0.031095 0.007124 1.711887 2762.446447
0.959989 0.000798 0.000730 0.000385 0.000025 0.030949 0.007125 1.711965 2762.629329
0.960117 0.000794 0.000724 0.000384 0.000025 0.030831 0.007125 1.712042 2762.783553
0.960259 0.000792 0.000725 0.000381 0.000025 0.030692 0.007126 1.712119 2762.940719
0.960389 0.000793 0.000723 0.000381 0.000024 0.030563 0.007126 1.712200 2763.070631
0.960513 0.000791 0.000725 0.000382 0.000024 0.030438 0.007127 1.712278 2763.244259
0.960631 0.000785 0.000720 0.000385 0.000025 0.030328 0.007128 1.712361 2763.313849
0.960764 0.000778 0.000716 0.000381 0.000025 0.030208 0.007128 1.712438 2763.380498
0.960896 0.000785 0.000712 0.000378 0.000026 0.030075 0.007128 1.712507 2763.418673
0.961033 0.000788 0.000708 0.000382 0.000027 0.029934 0.007128 1.712584 2763.446757
0.961140 0.000792 0.000711 0.000381 0.000028 0.029819 0.007128 1.712663 2763.518336
0.961251 0.000791 0.000712 0.000381 0.000028 0.029709 0.007129 1.712744 2763.635615
0.961368 0.000789 0.000703 0.000378 0.000028 0.029604 0.007129 1.712821 2763.844869
0.961480 0.000793 0.000704 0.000373 0.000028 0.029493 0.007129 1.712894 2763.954496
0.961590 0.000805 0.000704 0.000371 0.000028 0.029373 0.007129 1.712964 2763.997121
0.961707 0.000800 0.000707 0.000371 0.000026 0.029260 0.007130 1.713043 2764.192881
0.961830 0.000792 0.000712 0.000368 0.000026 0.029142 0.007130 1.713123 2764.299995
0.961926 0.000797 0.000712 0.000366 0.000026 0.029044 0.007131 1.713200 2764.467019
0.962033 0.000801 0.000710 0.000360 0.000024 0.028941 0.007131 1.713270 2764.603801
0.962140 0.000805 0.000714 0.000358 0.000024 0.028827 0.007132 1.713344 2764.895638
0.962248 0.000802 0.000715 0.000358 0.000025 0.028719 0.007132 1.713423 2764.941570
0.962366 0.000800 0.000712 0.000359 0.000024 0.028607 0.007133 1.713496 2765.021942
0.962459 0.000804 0.000708 0.000363 0.000025 0.028508 0.007133 1.713578 2765.052887
0.962553 0.000792 0.000713 0.000360 0.000025 0.028424 0.007133 1.713659 2765.193812
0.962652 0.000787 0.000714 0.000363 0.000025 0.028327 0.007133 1.713740 2765.252608
0.962744 0.000794 0.000712 0.000360 0.000025 0.028231 0.007134 1.713816 2765.449131
0.962849 0.000786 0.000711 0.000363 0.000026 0.028132 0.007134 1.713896 2765.505450
0.962946 0.000778 0.000713 0.000366 0.000025 0.028037 0.007134 1.713977 2765.543791
0.963023 0.000787 0.000705 0.000360 0.000026 0.027965 0.007135 1.714046 2765.731437
0.963109 0.000782 0.000701 0.000364 0.000026 0.027881 0.007135 1.714126 2765.809218
0.963199 0.000787 0.000699 0.000370 0.000026 0.027784 0.007136 1.714197 2765.953500
0.963288 0.000785 0.000698 0.000368 0.000025 0.027700 0.007136 1.714272 2766.027350
0.963370 0.000790 0.000702 0.000367 0.000026 0.027607 0.007136 1.714348 2766.155043
0.963451 0.000782 0.000714 0.000368 0.000027 0.027522 0.007137 1.714432 2766.234202
0.963524 0.000791 0.000712 0.000365 0.000026 0.027446 0.007137 1.714510 2766.418271
0.963596 0.000780 0.000721 0.000366 0.000027 0.027373 0.007137 1.714595 2766.449327
0.963655 0.000789 0.000733 0.000362 0.000028 0.027295 0.007138 1.714670 2766.838026
0.963733 0.000786 0.000726 0.000367 0.000028 0.027223 0.007138 1.714746 2766.859166
0.963809 0.000784 0.000725 0.000366 0.000027 0.027150 0.007138 1.714826 2766.932179
0.963883 0.000790 0.000722 0.000364 0.000026 0.027078 0.007138 1.714896 2767.163417
0.963954 0.000784 0.000723 0.000369 0.000025 0.027007 0.007139 1.714978 2767.278981
0.964016 0.000786 0.000717 0.000370 0.000025 0.026947 0.007139 1.715059 2767.326759
0.964080 0.000780 0.000714 0.000375 0.000025 0.026888 0.007139 1.715138 2767.343984
0.964145 0.000771 0.000716 0.000378 0.000026 0.026824 0.007140 1.715216 2767.724929
0.964207 0.000773 0.000720 0.000380 0.000025 0.026755 0.007140 1.715295 2767.784677
0.964268 0.000772 0.000709 0.000380 0.000025 0.026705 0.007141 1.715370 2767.953547
0.964334 0.000769 0.000705 0.000378 0.000024 0.026649 0.007141 1.715447 2768.057588
0.964399 0.000762 0.000707 0.000373 0.000024 0.026594 0.007142 1.715527 2768.285686
0.964457 0.000764 0.000705 0.000368 0.000023 0.026541 0.007142 1.715603 2768.450758
0.964521 0.000761 0.000709 0.000369 0.000023 0.026476 0.007142 1.715686 2768.563543
0.964589 0.000758 0.000699 0.000369 0.000023 0.026419 0.007143 1.715760 2768.618125
0.964650 0.000752 0.000702 0.000369 0.000023 0.026361 0.007143 1.715838 2768.713944
0.964721 0.000755 0.000694 0.000367 0.000023 0.026297 0.007143 1.715909 2768.773320
0.964776 0.000753 0.000695 0.000369 0.000024 0.026240 0.007143 1.715986 2768.901704
0.964830 0.000760 0.000686 0.000371 0.000024 0.026185 0.007143 1.716052 2769.066193
0.964884 0.000771 0.000683 0.000373 0.000023 0.026123 0.007144 1.716119 2769.202350
0.964937 0.000770 0.000688 0.000365 0.000024 0.026072 0.007144 1.716191 2769.316429
0.964992 0.000769 0.000686 0.000368 0.000024 0.026016 0.007144 1.716268 2769.379368
0.965055 0.000765 0.000695 0.000372 0.000024 0.025945 0.007145 1.716347 2769.443276
0.965104 0.000770 0.000687 0.000368 0.000024 0.025903 0.007145 1.716420 2769.586598
0.965156 0.000772 0.000688 0.000370 0.000025 0.025843 0.007146 1.716498 2769.631161
0.965215 0.000769 0.000687 0.000365 0.000024 0.025793 0.007147 1.716569 2769.769786
0.965268 0.000763 0.000688 0.000369 0.000025 0.025740 0.007147 1.716648 2769.845127
0.965312 0.000770 0.000688 0.000363 0.000026 0.025695 0.007147 1.716721 2769.915227
0.965354 0.000781 0.000687 0.000357 0.000026 0.025648 0.007147 1.716794 2770.149803
0.965394 0.000781 0.000686 0.000361 0.000026 0.025604 0.007148 1.716873 2770.266902
0.965436 0.000788 0.000685 0.000365 0.000025 0.025552 0.007148 1.716948 2770.507861
0.965479 0.000784 0.000690 0.000358 0.000025 0.025515 0.007148 1.717028 2770.563626
0.965533 0.000777 0.000691 0.000360 0.000025 0.025466 0.007148 1.717107 2770.799576
0.965586 0.000773 0.000694 0.000359 0.000024 0.025415 0.007149 1.717187 2771.171648
0.965631 0.000774 0.000699 0.000352 0.000024 0.025372 0.007149 1.717259 2771.275025
0.965672 0.000782 0.000707 0.000353 0.000024 0.025313 0.007149 1.717331 2771.382425
0.965722 0.000770 0.000710 0.000355 0.000023 0.025271 0.007150 1.717406 2771.564378
0.965761 0.000761 0.000714 0.000357 0.000023 0.025235 0.007150 1.717494 2771.664742
0.965802 0.000757 0.000709 0.000361 0.000023 0.025199 0.007150 1.717569 2771.795885
0.965839 0.000769 0.000706 0.000359 0.000023 0.025154 0.007150 1.717637 2771.873386
0.965870 0.000765 0.000711 0.000360 0.000023 0.025121 0.007150 1.717717 2771.979604
0.965909 0.000769 0.000705 0.000361 0.000023 0.025083 0.007151 1.717785 2772.013174
0.965951 0.000771 0.000700 0.000357 0.000023 0.025046 0.007151 1.717858 2772.137455
0.965983 0.000771 0.000703 0.000353 0.000022 0.025016 0.007151 1.717930 2772.180101
0.966007 0.000780 0.000706 0.000349 0.000023 0.024984 0.007151 1.718002 2772.220383
0.966042 0.000785 0.000702 0.000350 0.000022 0.024947 0.007151 1.718077 2772.351004
0.966068 0.000782 0.000706 0.000356 0.000022 0.024913 0.007152 1.718155 2772.505000
0.966094 0.000782 0.000707 0.000357 0.000021 0.024886 0.007152 1.718233 2772.802129
0.966133 0.000781 0.000708 0.000358 0.000021 0.024848 0.007152 1.718307 2773.152896
0.966164 0.000787 0.000698 0.000356 0.000022 0.024820 0.007152 1.718376 2773.168403
0.966187 0.000780 0.000706 0.000357 0.000023 0.024793 0.007153 1.718459 2773.261371
0.966230 0.000768 0.000709 0.000357 0.000024 0.024759 0.007153 1.718537 2773.327842
0.966259 0.000768 0.000702 0.000359 0.000023 0.024735 0.007154 1.718610 2773.480924
0.966295 0.000766 0.000700 0.000352 0.000023 0.024709 0.007155 1.718684 2773.659027
0.966334 0.000754 0.000706 0.000352 0.000022 0.024676 0.007156 1.718767 2773.906069
0.966374 0.000747 0.000707 0.000351 0.000023 0.024641 0.007156 1.718842 2773.988795
0.966401 0.000748 0.000705 0.000349 0.000024 0.024617 0.007156 1.718920 2774.086961
0.966432 0.000751 0.000707 0.000344 0.000025 0.024584 0.007157 1.718987 2774.228724
0.966455 0.000757 0.000702 0.000345 0.000025 0.024558 0.007157 1.719063 2774.329478
0.966484 0.000761 0.000694 0.000348 0.000025 0.024530 0.007158 1.719135 2774.394896
0.966508 0.000762 0.000690 0.000348 0.000025 0.024509 0.007158 1.719209 2774.410710
0.966528 0.000756 0.000686 0.000348 0.000024 0.024499 0.007159 1.719288 2774.666071
0.966554 0.000760 0.000687 0.000350 0.000025 0.024466 0.007159 1.719364 2774.723294
0.966585 0.000744 0.000696 0.000352 0.000024 0.024440 0.007160 1.719447 2774.874457
0.966612 0.000747 0.000690 0.000355 0.000024 0.024411 0.007160 1.719520 2774.933516
0.966646 0.000739 0.000694 0.000353 0.000024 0.024384 0.007160 1.719599 2774.971327
0.966671 0.000739 0.000687 0.000358 0.000025 0.024360 0.007160 1.719675 2774.971327
0.966681 0.000748 0.000688 0.000356 0.000025 0.024342 0.007160 1.719748 2775.102076
0.966700 0.000745 0.000690 0.000361 0.000026 0.024318 0.007160 1.719827 2775.115270
0.966722 0.000739 0.000694 0.000362 0.000026 0.024296 0.007161 1.719908 2775.145617
0.966741 0.000737 0.000685 0.000356 0.000026 0.024295 0.007161 1.719981 2775.233794
0.966770 0.000728 0.000687 0.000361 0.000026 0.024268 0.007161 1.720058 2775.259918
0.966792 0.000735 0.000689 0.000359 0.000025 0.024239 0.007161 1.720126 2775.538083
0.966822 0.000736 0.000688 0.000355 0.000025 0.024213 0.007161 1.720194 2775.580320
0.966856 0.000736 0.000687 0.000358 0.000025 0.024177 0.007161 1.720265 2775.595564
0.966881 0.000733 0.000681 0.000363 0.000024 0.024157 0.007161 1.720340 2775.757785
0.966889 0.000750 0.000681 0.000362 0.000024 0.024134 0.007161 1.720405 2775.940018
0.966916 0.000738 0.000679 0.000364 0.000024 0.024117 0.007162 1.720483 2775.971035
0.966939 0.000736 0.000684 0.000361 0.000024 0.024094 0.007162 1.720557 2776.113664
0.966968 0.000734 0.000682 0.000358 0.000024 0.024071 0.007163 1.720627 2776.341005
0.966995 0.000735 0.000684 0.000357 0.000023 0.024043 0.007163 1.720697 2776.462572
0.967009 0.000740 0.000679 0.000356 0.000024 0.024030 0.007163 1.720768 2776.614958
0.967035 0.000740 0.000665 0.000358 0.000025 0.024015 0.007163 1.720838 2776.619193
0.967060 0.000733 0.000669 0.000353 0.000024 0.023998 0.007163 1.720915 2776.809169
0.967091 0.000727 0.000672 0.000346 0.000024 0.023976 0.007164 1.720986 2776.856401
0.967110 0.000723 0.000680 0.000351 0.000024 0.023948 0.007164 1.721065 2776.903044
0.967137 0.000717 0.000676 0.000351 0.000025 0.023931 0.007164 1.721136 2776.969294
0.967160 0.000723 0.000665 0.000350 0.000026 0.023910 0.007164 1.721203 2776.974338
0.967184 0.000712 0.000666 0.000355 0.000026 0.023892 0.007164 1.721279 2777.006820
0.967197 0.000714 0.000663 0.000356 0.000028 0.023878 0.007164 1.721350 2777.073253
0.967212 0.000724 0.000651 0.000360 0.000027 0.023862 0.007165 1.721415 2777.185128
0.967236 0.000730 0.000653 0.000356 0.000028 0.023833 0.007165 1.721482 2777.218913
0.967243 0.000742 0.000652 0.000352 0.000028 0.023818 0.007165 1.721551 2777.242407
0.967266 0.000730 0.000655 0.000348 0.000029 0.023808 0.007165 1.721629 2777.294754
0.967285 0.000739 0.000649 0.000347 0.000028 0.023787 0.007165 1.721697 2777.520772
0.967306 0.000738 0.000651 0.000351 0.000028 0.023760 0.007166 1.721769 2777.611948
0.967333 0.000730 0.000652 0.000346 0.000029 0.023743 0.007166 1.721842 2777.903651
0.967349 0.000723 0.000653 0.000346 0.000028 0.023733 0.007167 1.721916 2777.982169
0.967372 0.000722 0.000657 0.000348 0.000028 0.023706 0.007167 1.721989 2778.184311
0.967382 0.000719 0.000668 0.000349 0.000029 0.023687 0.007167 1.722069 2778.382290
0.967389 0.000715 0.000678 0.000350 0.000029 0.023671 0.007168 1.722151 2778.531594
0.967396 0.000726 0.000669 0.000346 0.000028 0.023667 0.007169 1.722215 2778.701922
0.967414 0.000716 0.000662 0.000348 0.000028 0.023663 0.007169 1.722288 2778.762548
0.967424 0.000716 0.000656 0.000352 0.000028 0.023655 0.007169 1.722359 2779.057638
0.967426 0.000723 0.000651 0.000352 0.000027 0.023650 0.007170 1.722428 2779.252044
0.967450 0.000716 0.000650 0.000357 0.000026 0.023630 0.007171 1.722501 2779.373458
0.967473 0.000717 0.000649 0.000360 0.000026 0.023604 0.007171 1.722569 2779.459891
0.967488 0.000719 0.000645 0.000360 0.000025 0.023591 0.007172 1.722638 2779.594627
0.967508 0.000713 0.000649 0.000358 0.000024 0.023576 0.007172 1.722713 2780.048720
0.967513 0.000713 0.000641 0.000364 0.000025 0.023571 0.007173 1.722783 2780.093951
0.967528 0.000711 0.000644 0.000365 0.000024 0.023554 0.007173 1.722859 2780.264174
0.967535 0.000715 0.000648 0.000368 0.000025 0.023536 0.007173 1.722931 2780.295691
0.967543 0.000710 0.000655 0.000364 0.000025 0.023530 0.007174 1.723007 2780.351598
0.967557 0.000709 0.000645 0.000357 0.000026 0.023532 0.007174 1.723074 2780.369156
0.967580 0.000708 0.000645 0.000361 0.000025 0.023507 0.007174 1.723143 2780.601177
0.967596 0.000702 0.000644 0.000360 0.000024 0.023500 0.007174 1.723217 2780.841228
0.967604 0.000699 0.000642 0.000354 0.000023 0.023503 0.007174 1.723289 2781.072652
0.967611 0.000695 0.000645 0.000353 0.000023 0.023498 0.007175 1.723361 2781.155844
0.967628 0.000685 0.000650 0.000356 0.000023 0.023483 0.007175 1.723435 2781.193431
0.967647 0.000685 0.000643 0.000349 0.000023 0.023478 0.007175 1.723499 2781.541139
0.967654 0.000685 0.000647 0.000353 0.000023 0.023463 0.007175 1.723573 2781.732622
0.967670 0.000680 0.000648 0.000346 0.000022 0.023458 0.007176 1.723646 2781.756092
0.967684 0.000678 0.000651 0.000346 0.000022 0.023443 0.007176 1.723720 2781.919619
0.967696 0.000681 0.000651 0.000341 0.000019 0.023433 0.007178 1.723787 2782.220137
0.967708 0.000685 0.000645 0.000339 0.000020 0.023426 0.007178 1.723853 2782.644660
0.967722 0.000687 0.000635 0.000339 0.000019 0.023420 0.007178 1.723915 2782.773847
0.967737 0.000688 0.000623 0.000333 0.000019 0.023421 0.007179 1.723980 2782.850702
0.967742 0.000686 0.000627 0.000332 0.000020 0.023414 0.007179 1.724054 2782.853697
0.967767 0.000678 0.000628 0.000330 0.000020 0.023397 0.007179 1.724120 2783.012174
0.967777 0.000672 0.000635 0.000328 0.000022 0.023387 0.007180 1.724191 2783.082717
0.967799 0.000667 0.000636 0.000330 0.000022 0.023366 0.007180 1.724257 2783.082717
0.967817 0.000660 0.000639 0.000327 0.000021 0.023356 0.007180 1.724325 2783.222448
0.967828 0.000662 0.000637 0.000330 0.000022 0.023339 0.007181 1.724395 2783.236260
0.967837 0.000667 0.000628 0.000322 0.000022 0.023343 0.007181 1.724457 2783.280204
0.967847 0.000662 0.000628 0.000319 0.000021 0.023341 0.007182 1.724526 2783.408146
0.967847 0.000668 0.000627 0.000314 0.000021 0.023342 0.007182 1.724590 2783.418455
0.967860 0.000666 0.000630 0.000310 0.000021 0.023331 0.007182 1.724655 2783.731094
0.967877 0.000665 0.000626 0.000310 0.000021 0.023317 0.007183 1.724721 2783.898393
0.967893 0.000658 0.000625 0.000312 0.000021 0.023307 0.007183 1.724788 2784.059284
0.967897 0.000662 0.000625 0.000307 0.000020 0.023305 0.007183 1.724852 2784.106402
0.967897 0.000667 0.000626 0.000309 0.000021 0.023298 0.007183 1.724923 2784.155789
0.967901 0.000670 0.000625 0.000302 0.000021 0.023298 0.007183 1.724986 2784.170699
0.967907 0.000678 0.000620 0.000296 0.000021 0.023294 0.007183 1.725044 2784.382606
0.967906 0.000679 0.000620 0.000294 0.000022 0.023297 0.007183 1.725112 2784.449234
0.967911 0.000681 0.000622 0.000293 0.000022 0.023288 0.007183 1.725182 2784.476878
0.967921 0.000680 0.000621 0.000296 0.000022 0.023276 0.007183 1.725244 2784.487908
0.967934 0.000683 0.000624 0.000296 0.000023 0.023257 0.007183 1.725309 2784.500096
0.967947 0.000687 0.000625 0.000299 0.000022 0.023237 0.007183 1.725372 2784.592659
0.967958 0.000677 0.000628 0.000304 0.000023 0.023226 0.007183 1.725446 2784.683800
0.967971 0.000678 0.000630 0.000301 0.000023 0.023213 0.007184 1.725511 2784.802324
0.967974 0.000682 0.000627 0.000301 0.000023 0.023209 0.007184 1.725575 2784.876566
0.967974 0.000677 0.000631 0.000303 0.000023 0.023208 0.007184 1.725647 2784.977411
0.967977 0.000676 0.000637 0.000307 0.000022 0.023197 0.007185 1.725714 2785.303766
0.967989 0.000674 0.000637 0.000310 0.000021 0.023184 0.007185 1.725781 2785.465985
0.968009 0.000671 0.000635 0.000307 0.000021 0.023173 0.007185 1.725848 2785.551213
0.968027 0.000674 0.000631 0.000309 0.000021 0.023153 0.007185 1.725911 2785.725497
0.968024 0.000684 0.000629 0.000309 0.000021 0.023147 0.007186 1.725976 2786.132938
0.968034 0.000681 0.000635 0.000305 0.000020 0.023138 0.007187 1.726046 2786.233893
0.968043 0.000676 0.000637 0.000306 0.000019 0.023133 0.007187 1.726114 2786.472971
0.968045 0.000681 0.000636 0.000304 0.000019 0.023129 0.007187 1.726176 2786.491538
0.968048 0.000683 0.000632 0.000304 0.000019 0.023126 0.007188 1.726240 2786.646691
0.968064 0.000672 0.000632 0.000307 0.000018 0.023120 0.007188 1.726308 2786.706031
0.968080 0.000664 0.000628 0.000307 0.000018 0.023116 0.007188 1.726373 2786.729395
0.968082 0.000665 0.000624 0.000307 0.000017 0.023118 0.007189 1.726435 2787.104777
0.968102 0.000656 0.000628 0.000307 0.000017 0.023101 0.007189 1.726501 2787.111637
0.968109 0.000657 0.000625 0.000307 0.000018 0.023095 0.007189 1.726566 2787.188774
0.968106 0.000665 0.000625 0.000305 0.000017 0.023092 0.007190 1.726625 2787.369492
0.968110 0.000663 0.000619 0.000309 0.000019 0.023090 0.007190 1.726692 2787.422165
0.968126 0.000659 0.000615 0.000311 0.000019 0.023080 0.007190 1.726757 2787.425511
0.968134 0.000660 0.000612 0.000309 0.000018 0.023076 0.007191 1.726820 2787.554891
0.968141 0.000657 0.000614 0.000314 0.000017 0.023067 0.007191 1.726888 2787.761620
0.968152 0.000655 0.000613 0.000309 0.000016 0.023064 0.007191 1.726955 2787.930903
0.968157 0.000659 0.000609 0.000310 0.000016 0.023058 0.007192 1.727013 2787.987196
0.968176 0.000653 0.000606 0.000311 0.000015 0.023047 0.007192 1.727080 2788.114060
0.968178 0.000654 0.000608 0.000306 0.000016 0.023045 0.007192 1.727142 2788.271597
0.968180 0.000650 0.000601 0.000310 0.000017 0.023050 0.007192 1.727210 2788.300272
0.968187 0.000651 0.000594 0.000312 0.000017 0.023046 0.007193 1.727274 2788.469637
0.968191 0.000645 0.000597 0.000311 0.000017 0.023046 0.007193 1.727340 2788.504729
0.968206 0.000639 0.000594 0.000310 0.000017 0.023041 0.007193 1.727400 2788.700184
0.968218 0.000639 0.000581 0.000312 0.000018 0.023040 0.007194 1.727459 2788.806063
0.968228 0.000639 0.000575 0.000313 0.000018 0.023034 0.007194 1.727519 2788.888720
0.968238 0.000632 0.000583 0.000318 0.000018 0.023019 0.007194 1.727586 2788.963829
0.968251 0.000620 0.000586 0.000323 0.000019 0.023007 0.007194 1.727655 2788.963829
0.968248 0.000628 0.000581 0.000322 0.000018 0.023009 0.007194 1.727714 2789.180547
0.968263 0.000626 0.000573 0.000322 0.000019 0.023005 0.007194 1.727774 2789.191307
0.968268 0.000626 0.000575 0.000320 0.000018 0.022998 0.007195 1.727835 2789.329754
0.968287 0.000627 0.000567 0.000316 0.000019 0.022989 0.007195 1.727889 2789.358754
0.968282 0.000625 0.000564 0.000317 0.000020 0.022997 0.007195 1.727953 2789.359535
0.968291 0.000628 0.000565 0.000313 0.000019 0.022989 0.007196 1.728011 2789.588301
0.968306 0.000623 0.000564 0.000310 0.000019 0.022982 0.007196 1.728071 2789.725101
0.968320 0.000625 0.000565 0.000305 0.000019 0.022970 0.007196 1.728132 2789.927131
0.968330 0.000628 0.000559 0.000300 0.000020 0.022968 0.007196 1.728192 2789.931637
0.968340 0.000622 0.000564 0.000305 0.000021 0.022951 0.007196 1.728257 2789.931637
0.968361 0.000606 0.000572 0.000299 0.000021 0.022944 0.007196 1.728325 2789.995805
0.968368 0.000612 0.000564 0.000295 0.000021 0.022944 0.007196 1.728380 2790.007905
0.968379 0.000601 0.000573 0.000293 0.000021 0.022937 0.007196 1.728447 2790.236610
0.968382 0.000615 0.000564 0.000294 0.000021 0.022928 0.007197 1.728497 2790.281284
0.968392 0.000620 0.000560 0.000290 0.000021 0.022919 0.007197 1.728554 2790.339358
0.968397 0.000623 0.000565 0.000286 0.000021 0.022912 0.007198 1.728614 2790.472163
0.968407 0.000613 0.000567 0.000287 0.000022 0.022906 0.007198 1.728679 2790.538172
0.968411 0.000611 0.000564 0.000285 0.000022 0.022909 0.007198 1.728739 2790.538172
0.968421 0.000619 0.000556 0.000277 0.000022 0.022908 0.007198 1.728788 2790.720124
0.968426 0.000619 0.000557 0.000280 0.000022 0.022898 0.007198 1.728848 2790.730249
0.968428 0.000619 0.000550 0.000280 0.000020 0.022904 0.007199 1.728907 2790.996573
0.968438 0.000610 0.000557 0.000278 0.000022 0.022896 0.007200 1.728973 2791.024040
0.968441 0.000612 0.000551 0.000278 0.000022 0.022896 0.007200 1.729030 2791.242886
0.968449 0.000609 0.000550 0.000281 0.000021 0.022891 0.007200 1.729090 2791.273026
0.968464 0.000605 0.000547 0.000276 0.000022 0.022886 0.007200 1.729148 2791.299065
0.968472 0.000604 0.000548 0.000276 0.000021 0.022878 0.007200 1.729206 2791.354131
0.968479 0.000603 0.000541 0.000279 0.000022 0.022876 0.007201 1.729267 2791.392505
0.968473 0.000607 0.000536 0.000279 0.000021 0.022882 0.007201 1.729328 2791.566637
0.968478 0.000611 0.000530 0.000280 0.000021 0.022879 0.007201 1.729384 2791.600955
0.968492 0.000597 0.000536 0.000284 0.000021 0.022869 0.007201 1.729448 2791.661908
0.968504 0.000591 0.000540 0.000286 0.000020 0.022858 0.007201 1.729509 2791.817706
0.968510 0.000591 0.000537 0.000285 0.000020 0.022856 0.007202 1.729568 2791.848957
0.968524 0.000591 0.000534 0.000285 0.000020 0.022843 0.007202 1.729623 2791.924357
0.968534 0.000592 0.000531 0.000288 0.000020 0.022833 0.007202 1.729678 2792.003969
0.968553 0.000588 0.000525 0.000287 0.000020 0.022825 0.007202 1.729734 2792.142280
0.968560 0.000586 0.000526 0.000287 0.000020 0.022820 0.007202 1.729793 2792.213174
0.968572 0.000583 0.000531 0.000287 0.000019 0.022806 0.007202 1.729851 2792.226298
0.968579 0.000580 0.000539 0.000283 0.000019 0.022797 0.007202 1.729910 2792.336144
0.968588 0.000583 0.000532 0.000279 0.000020 0.022795 0.007202 1.729964 2792.426060
0.968600 0.000575 0.000536 0.000280 0.000019 0.022787 0.007203 1.730028 2792.544420
0.968612 0.000565 0.000539 0.000283 0.000019 0.022779 0.007204 1.730088 2792.655021
0.968616 0.000569 0.000536 0.000282 0.000018 0.022775 0.007204 1.730141 2792.767762
0.968629 0.000570 0.000532 0.000278 0.000018 0.022770 0.007204 1.730192 2792.971756
0.968639 0.000560 0.000536 0.000281 0.000018 0.022762 0.007204 1.730254 2793.049290
0.968654 0.000555 0.000534 0.000281 0.000019 0.022753 0.007205 1.730312 2793.055766
0.968667 0.000556 0.000536 0.000278 0.000019 0.022740 0.007205 1.730367 2793.121534
0.968678 0.000563 0.000533 0.000277 0.000019 0.022726 0.007205 1.730420 2793.193284
0.968689 0.000558 0.000540 0.000275 0.000019 0.022713 0.007205 1.730482 2793.261935
0.968689 0.000558 0.000544 0.000273 0.000019 0.022711 0.007205 1.730540 2793.470731
0.968698 0.000553 0.000544 0.000275 0.000020 0.022705 0.007205 1.730597 2793.618879
0.968700 0.000562 0.000534 0.000275 0.000019 0.022704 0.007205 1.730648 2793.746248
0.968703 0.000564 0.000531 0.000269 0.000020 0.022708 0.007205 1.730707 2793.867131
0.968708 0.000572 0.000523 0.000267 0.000018 0.022706 0.007206 1.730755 2793.993845
0.968701 0.000583 0.000518 0.000267 0.000017 0.022707 0.007206 1.730805 2794.131842
0.968719 0.000585 0.000517 0.000264 0.000018 0.022692 0.007206 1.730859 2794.263587
0.968726 0.000583 0.000515 0.000266 0.000017 0.022686 0.007207 1.730917 2794.472460
0.968733 0.000580 0.000519 0.000269 0.000017 0.022674 0.007207 1.730978 2794.568532
0.968744 0.000574 0.000522 0.000270 0.000017 0.022665 0.007207 1.731035 2794.729723
0.968752 0.000578 0.000522 0.000267 0.000017 0.022657 0.007208 1.731089 2794.900023
0.968761 0.000572 0.000521 0.000271 0.000017 0.022652 0.007208 1.731146 2795.064437
0.968773 0.000577 0.000518 0.000267 0.000016 0.022641 0.007208 1.731200 2795.226127
0.968790 0.000565 0.000524 0.000269 0.000016 0.022628 0.007208 1.731260 2795.245152
0.968799 0.000549 0.000531 0.000271 0.000016 0.022625 0.007208 1.731326 2795.307438
0.968807 0.000549 0.000523 0.000269 0.000016 0.022628 0.007209 1.731376 2795.403407
0.968816 0.000546 0.000518 0.000268 0.000017 0.022627 0.007209 1.731430 2795.420667
0.968823 0.000550 0.000513 0.000268 0.000018 0.022619 0.007209 1.731478 2795.442091
0.968826 0.000552 0.000516 0.000271 0.000018 0.022608 0.007210 1.731534 2795.460024
0.968834 0.000555 0.000518 0.000265 0.000018 0.022600 0.007210 1.731588 2795.681794
0.968839 0.000553 0.000514 0.000264 0.000017 0.022603 0.007210 1.731645 2795.847134
0.968839 0.000558 0.000512 0.000265 0.000017 0.022598 0.007211 1.731697 2796.003609
0.968853 0.000555 0.000514 0.000268 0.000018 0.022582 0.007211 1.731750 2796.088936
0.968866 0.000553 0.000513 0.000265 0.000018 0.022575 0.007211 1.731801 2796.128340
0.968890 0.000543 0.000509 0.000266 0.000017 0.022563 0.007211 1.731857 2796.174076
0.968897 0.000543 0.000509 0.000262 0.000018 0.022559 0.007211 1.731911 2796.291674
0.968905 0.000547 0.000508 0.000257 0.000019 0.022552 0.007212 1.731965 2796.472306
0.968911 0.000546 0.000509 0.000260 0.000018 0.022544 0.007212 1.732020 2796.519822
0.968918 0.000551 0.000511 0.000251 0.000018 0.022539 0.007212 1.732069 2796.566456
0.968924 0.000543 0.000511 0.000248 0.000019 0.022542 0.007213 1.732124 2796.686891
0.968929 0.000547 0.000505 0.000246 0.000019 0.022543 0.007213 1.732171 2796.782962
0.968933 0.000538 0.000505 0.000252 0.000020 0.022541 0.007213 1.732233 2796.791269
0.968934 0.000539 0.000508 0.000253 0.000019 0.022534 0.007213 1.732288 2796.973329
0.968939 0.000535 0.000505 0.000257 0.000020 0.022532 0.007213 1.732343 2796.988671
0.968941 0.000549 0.000500 0.000247 0.000020 0.022530 0.007214 1.732387 2797.032521
0.968943 0.000549 0.000497 0.000253 0.000019 0.022526 0.007214 1.732440 2797.115442
0.968957 0.000548 0.000493 0.000253 0.000019 0.022517 0.007214 1.732490 2797.158444
0.968952 0.000553 0.000490 0.000259 0.000018 0.022513 0.007215 1.732546 2797.340104
0.968958 0.000556 0.000482 0.000262 0.000020 0.022507 0.007215 1.732598 2797.375900
0.968973 0.000545 0.000478 0.000265 0.000020 0.022504 0.007216 1.732657 2797.451447
0.968975 0.000543 0.000477 0.000264 0.000020 0.022506 0.007216 1.732711 2797.451447
0.968983 0.000544 0.000483 0.000263 0.000020 0.022491 0.007216 1.732765 2797.595826
0.968984 0.000554 0.000482 0.000259 0.000020 0.022485 0.007216 1.732811 2797.834530
0.968981 0.000558 0.000480 0.000259 0.000018 0.022488 0.007216 1.732860 2797.974062
0.968995 0.000547 0.000483 0.000259 0.000019 0.022481 0.007217 1.732918 2797.990806
0.969001 0.000541 0.000484 0.000260 0.000019 0.022478 0.007217 1.732973 2798.062979
0.969009 0.000545 0.000486 0.000264 0.000019 0.022459 0.007217 1.733025 2798.062979
0.969028 0.000542 0.000491 0.000262 0.000019 0.022441 0.007217 1.733079 2798.072527
0.969037 0.000545 0.000488 0.000258 0.000019 0.022436 0.007218 1.733127 2798.137788
0.969028 0.000555 0.000484 0.000255 0.000019 0.022442 0.007218 1.733179 2798.197482
0.969028 0.000561 0.000487 0.000249 0.000019 0.022439 0.007218 1.733226 2798.354618
0.969029 0.000561 0.000490 0.000250 0.000019 0.022433 0.007218 1.733281 2798.407281
0.969033 0.000556 0.000492 0.000247 0.000019 0.022435 0.007218 1.733338 2798.519805
0.969035 0.000552 0.000497 0.000246 0.000018 0.022434 0.007219 1.733394 2798.645308
0.969043 0.000550 0.000495 0.000249 0.000018 0.022424 0.007219 1.733451 2798.713942
0.969053 0.000551 0.000486 0.000250 0.000020 0.022421 0.007219 1.733501 2798.734208
0.969059 0.000558 0.000478 0.000251 0.000019 0.022415 0.007219 1.733548 2798.769892
0.969069 0.000548 0.000486 0.000243 0.000021 0.022414 0.007219 1.733604 2798.817834
0.969068 0.000545 0.000493 0.000244 0.000021 0.022408 0.007220 1.733661 2798.840114
0.969072 0.000549 0.000499 0.000242 0.000021 0.022398 0.007220 1.733715 2798.956958
0.969072 0.000545 0.000500 0.000241 0.000021 0.022401 0.007220 1.733774 2799.109043
0.969076 0.000539 0.000499 0.000239 0.000020 0.022407 0.007220 1.733830 2799.194883
0.969079 0.000536 0.000500 0.000244 0.000020 0.022401 0.007221 1.733884 2799.240126
0.969082 0.000536 0.000502 0.000246 0.000019 0.022394 0.007221 1.733937 2799.545258
0.969090 0.000537 0.000497 0.000245 0.000019 0.022391 0.007221 1.733988 2799.582943
0.969100 0.000535 0.000496 0.000247 0.000019 0.022383 0.007221 1.734041 2799.625767
0.969105 0.000525 0.000494 0.000248 0.000020 0.022387 0.007221 1.734099 2799.672934
0.969107 0.000536 0.000489 0.000249 0.000020 0.022378 0.007222 1.734142 2799.728427
0.969109 0.000530 0.000487 0.000251 0.000020 0.022381 0.007222 1.734198 2799.943775
0.969119 0.000523 0.000493 0.000249 0.000020 0.022375 0.007222 1.734253 2800.020833
0.969129 0.000521 0.000480 0.000249 0.000020 0.022379 0.007222 1.734305 2800.057535
0.969137 0.000521 0.000476 0.000251 0.000020 0.022373 0.007223 1.734356 2800.070320
0.969140 0.000515 0.000482 0.000250 0.000021 0.022370 0.007223 1.734414 2800.129555
0.969155 0.000514 0.000479 0.000251 0.000021 0.022357 0.007223 1.734465 2800.166039
0.969171 0.000507 0.000474 0.000252 0.000019 0.022353 0.007223 1.734519 2800.449353
0.969180 0.000508 0.000472 0.000253 0.000019 0.022344 0.007224 1.734568 2800.504536
0.969185 0.000508 0.000472 0.000252 0.000020 0.022338 0.007224 1.734616 2800.587967
0.969200 0.000504 0.000470 0.000249 0.000020 0.022333 0.007224 1.734664 2800.636019
0.969204 0.000505 0.000470 0.000245 0.000020 0.022333 0.007224 1.734711 2800.678183
0.969220 0.000495 0.000467 0.000246 0.000018 0.022329 0.007226 1.734760 2801.081533
0.969231 0.000500 0.000467 0.000245 0.000017 0.022313 0.007226 1.734804 2801.307834
0.969242 0.000494 0.000472 0.000248 0.000017 0.022301 0.007227 1.734859 2801.335986
0.969248 0.000493 0.000470 0.000250 0.000016 0.022297 0.007227 1.734907 2801.532186
0.969246 0.000499 0.000464 0.000257 0.000015 0.022292 0.007227 1.734957 2801.687449
0.969247 0.000504 0.000463 0.000255 0.000016 0.022288 0.007227 1.735003 2801.730912
0.969253 0.000503 0.000462 0.000251 0.000016 0.022286 0.007228 1.735051 2801.762696
0.969248 0.000509 0.000458 0.000249 0.000015 0.022294 0.007228 1.735101 2801.856878
0.969251 0.000503 0.000460 0.000250 0.000015 0.022293 0.007229 1.735156 2801.921170
0.969257 0.000507 0.000458 0.000245 0.000015 0.022289 0.007229 1.735206 2801.962474
0.969265 0.000510 0.000457 0.000238 0.000015 0.022286 0.007229 1.735248 2801.977126
0.969271 0.000509 0.000460 0.000240 0.000015 0.022277 0.007229 1.735298 2802.079675
0.969276 0.000506 0.000455 0.000240 0.000015 0.022280 0.007229 1.735350 2802.377151
0.969272 0.000512 0.000453 0.000237 0.000015 0.022281 0.007230 1.735401 2802.538715
0.969271 0.000510 0.000458 0.000237 0.000014 0.022280 0.007230 1.735455 2802.650409
0.969286 0.000508 0.000458 0.000231 0.000016 0.022272 0.007230 1.735501 2802.650409
0.969288 0.000508 0.000465 0.000229 0.000015 0.022264 0.007230 1.735557 2802.705235
0.969295 0.000511 0.000465 0.000227 0.000015 0.022258 0.007230 1.735606 2802.831235
0.969301 0.000507 0.000464 0.000227 0.000016 0.022256 0.007230 1.735657 2802.862399
0.969315 0.000499 0.000465 0.000221 0.000016 0.022254 0.007230 1.735708 2802.952414
0.969326 0.000491 0.000463 0.000223 0.000016 0.022252 0.007230 1.735762 2803.010478
0.969329 0.000488 0.000466 0.000223 0.000016 0.022247 0.007231 1.735814 2803.057649
0.969330 0.000490 0.000464 0.000225 0.000016 0.022245 0.007231 1.735866 2803.235310
0.969334 0.000493 0.000469 0.000227 0.000015 0.022231 0.007231 1.735916 2803.352541
0.969344 0.000495 0.000464 0.000225 0.000015 0.022226 0.007231 1.735960 2803.355750
0.969351 0.000505 0.000467 0.000214 0.000015 0.022217 0.007231 1.736005 2803.457291
0.969357 0.000497 0.000470 0.000216 0.000014 0.022214 0.007232 1.736061 2803.572334
0.969361 0.000495 0.000473 0.000217 0.000014 0.022208 0.007232 1.736114 2803.772991
0.969369 0.000494 0.000473 0.000218 0.000014 0.022199 0.007232 1.736162 2803.833826
0.969376 0.000492 0.000470 0.000218 0.000014 0.022199 0.007232 1.736211 2803.924112
0.969377 0.000499 0.000468 0.000220 0.000014 0.022190 0.007233 1.736255 2804.003191
0.969381 0.000506 0.000469 0.000218 0.000013 0.022179 0.007233 1.736299 2804.018273
0.969383 0.000498 0.000469 0.000226 0.000013 0.022179 0.007233 1.736354 2804.026639
0.969382 0.000490 0.000471 0.000231 0.000013 0.022180 0.007233 1.736411 2804.030288
0.969385 0.000493 0.000466 0.000232 0.000013 0.022179 0.007233 1.736459 2804.077754
0.969389 0.000489 0.000460 0.000233 0.000014 0.022182 0.007233 1.736508 2804.108934
0.969390 0.000490 0.000457 0.000235 0.000014 0.022181 0.007233 1.736557 2804.116711
0.969396 0.000484 0.000460 0.000233 0.000013 0.022180 0.007233 1.736607 2804.129928
0.969406 0.000477 0.000466 0.000237 0.000013 0.022168 0.007233 1.736662 2804.291294
0.969408 0.000478 0.000463 0.000234 0.000013 0.022170 0.007233 1.736709 2804.429657
0.969412 0.000477 0.000459 0.000237 0.000013 0.022169 0.007233 1.736761 2804.530712
0.969417 0.000475 0.000456 0.000234 0.000013 0.022170 0.007234 1.736809 2804.709837
0.969417 0.000482 0.000454 0.000232 0.000013 0.022168 0.007235 1.736851 2804.868714
0.969419 0.000485 0.000449 0.000230 0.000014 0.022170 0.007235 1.736894 2805.127053
0.969417 0.000499 0.000447 0.000225 0.000015 0.022162 0.007235 1.736935 2805.128338
0.969424 0.000494 0.000453 0.000223 0.000014 0.022157 0.007235 1.736986 2805.332901
0.969432 0.000486 0.000454 0.000227 0.000014 0.022152 0.007236 1.737038 2805.333492
0.969427 0.000492 0.000454 0.000228 0.000015 0.022149 0.007236 1.737083 2805.338621
0.969432 0.000492 0.000450 0.000224 0.000015 0.022151 0.007236 1.737131 2805.364021
0.969434 0.000491 0.000453 0.000225 0.000015 0.022146 0.007237 1.737178 2805.491393
0.969431 0.000491 0.000452 0.000225 0.000015 0.022148 0.007237 1.737230 2805.581453
0.969435 0.000490 0.000447 0.000227 0.000015 0.022149 0.007238 1.737276 2805.610395
0.969445 0.000493 0.000448 0.000226 0.000015 0.022135 0.007238 1.737321 2805.797924
0.969452 0.000491 0.000451 0.000227 0.000015 0.022126 0.007238 1.737369 2805.797924
0.969457 0.000486 0.000450 0.000234 0.000015 0.022121 0.007238 1.737420 2805.838182
0.969467 0.000478 0.000447 0.000237 0.000014 0.022119 0.007238 1.737469 2805.982315
0.969474 0.000473 0.000442 0.000242 0.000014 0.022118 0.007238 1.737516 2806.090324
0.969474 0.000477 0.000445 0.000243 0.000014 0.022109 0.007239 1.737561 2806.129478
0.969468 0.000475 0.000450 0.000241 0.000014 0.022113 0.007239 1.737613 2806.137867
0.969471 0.000478 0.000447 0.000239 0.000015 0.022111 0.007239 1.737662 2806.137867
0.969471 0.000489 0.000442 0.000238 0.000015 0.022107 0.007239 1.737705 2806.283189
0.969480 0.000484 0.000439 0.000240 0.000014 0.022106 0.007239 1.737755 2806.399456
0.969482 0.000480 0.000439 0.000242 0.000014 0.022105 0.007239 1.737803 2806.477799
0.969486 0.000475 0.000438 0.000245 0.000014 0.022103 0.007239 1.737852 2806.477799
0.967026 0.000469 0.000439 0.000246 0.000015 0.022086 0.007219 1.733383 2798.782754
0.967026 0.000469 0.000438 0.000244 0.000016 0.022088 0.007219 1.733431 2798.792987
0.967028 0.000472 0.000433 0.000241 0.000016 0.022090 0.007219 1.733472 2798.872272
0.967042 0.000474 0.000430 0.000239 0.000016 0.022080 0.007219 1.733514 2798.966618
0.967046 0.000469 0.000430 0.000241 0.000016 0.022079 0.007220 1.733563 2798.996021
0.967058 0.000468 0.000429 0.000241 0.000015 0.022068 0.007220 1.733608 2799.056628
0.967067 0.000460 0.000431 0.000242 0.000015 0.022065 0.007220 1.733656 2799.086392
0.964604 0.000458 0.000434 0.000239 0.000014 0.022050 0.007203 1.729299 2791.755599
0.962141 0.000456 0.000430 0.000239 0.000014 0.022032 0.007187 1.724799 2784.811479
