0.998928 0.001043 0.000019 0.000010 0.000000 0.000000 0.000000 0.000000 0.000000 0.000000 0.000029 0.000000 0.000151
0.998625 0.001238 0.000082 0.000050 0.000000 0.000005 0.000000 0.000000 0.000000 0.000000 0.000137 0.000000 0.000302
0.998210 0.001538 0.000147 0.000091 0.000000 0.000013 0.000000 0.000000 0.000000 0.000000 0.000253 0.000000 0.000486
0.997692 0.001909 0.000220 0.000142 0.000001 0.000036 0.000000 0.000001 0.000000 0.000000 0.000400 0.000000 0.000688
0.996998 0.002396 0.000340 0.000201 0.000002 0.000064 0.000000 0.000002 0.000000 0.000000 0.000607 0.000000 0.000932
0.996056 0.003095 0.000469 0.000277 0.000003 0.000100 0.000000 0.000003 0.000000 0.000000 0.000850 0.000001 0.001247
0.994847 0.003991 0.000637 0.000370 0.000004 0.000152 0.000000 0.000004 0.000000 0.000000 0.001165 0.000002 0.001594
0.993350 0.005049 0.000875 0.000497 0.000005 0.000226 0.000000 0.000005 0.000000 0.000000 0.001605 0.000003 0.001984
0.991445 0.006424 0.001155 0.000648 0.000005 0.000323 0.000000 0.000005 0.000000 0.000000 0.002142 0.000005 0.002438
0.989174 0.008005 0.001492 0.000855 0.000006 0.000469 0.000000 0.000007 0.000000 0.000000 0.002838 0.000010 0.002955
0.986232 0.010066 0.001939 0.001109 0.000007 0.000648 0.000000 0.000008 0.000000 0.000000 0.003726 0.000016 0.003731
0.982600 0.012591 0.002474 0.001408 0.000010 0.000917 0.000000 0.000011 0.000000 0.000000 0.004838 0.000028 0.004447
0.978185 0.015664 0.003133 0.001796 0.000012 0.001210 0.000000 0.000014 0.000000 0.000000 0.006194 0.000045 0.005460
0.972674 0.019448 0.003984 0.002304 0.000015 0.001575 0.000000 0.000017 0.000000 0.000000 0.007945 0.000075 0.006827
0.966121 0.023903 0.005027 0.002889 0.000019 0.002040 0.000000 0.000022 0.000000 0.000000 0.010063 0.000119 0.008450
0.958244 0.029278 0.006233 0.003557 0.000026 0.002660 0.000001 0.000030 0.000000 0.000000 0.012594 0.000187 0.010439
0.948834 0.035620 0.007739 0.004382 0.000034 0.003390 0.000002 0.000039 0.000000 0.000000 0.015698 0.000290 0.012967
0.937592 0.043015 0.009620 0.005446 0.000041 0.004284 0.000002 0.000047 0.000000 0.000000 0.019594 0.000451 0.017014
0.924184 0.051855 0.011834 0.006660 0.000050 0.005415 0.000002 0.000057 0.000000 0.000000 0.024230 0.000689 0.022273
0.908656 0.061935 0.014437 0.008125 0.000063 0.006779 0.000003 0.000073 0.000000 0.000000 0.029739 0.001036 0.027731
0.890714 0.073413 0.017458 0.009863 0.000084 0.008465 0.000003 0.000095 0.000000 0.000000 0.036309 0.001545 0.034832
0.870289 0.086136 0.021152 0.011872 0.000101 0.010447 0.000003 0.000117 0.000000 0.000000 0.044136 0.002269 0.045178
0.847103 0.100327 0.025281 0.014193 0.000130 0.012963 0.000004 0.000151 0.000000 0.000000 0.053253 0.003285 0.056995
0.821459 0.115566 0.030096 0.016949 0.000168 0.015756 0.000006 0.000197 0.000000 0.000000 0.063850 0.004692 0.068211
0.793352 0.131791 0.035552 0.020029 0.000206 0.019063 0.000007 0.000242 0.000000 0.000000 0.075938 0.006582 0.083997
0.763075 0.148610 0.041592 0.023372 0.000249 0.023092 0.000011 0.000293 0.000000 0.000000 0.089660 0.009090 0.099139
0.731069 0.165498 0.048221 0.027176 0.000298 0.027725 0.000013 0.000353 0.000000 0.000000 0.105084 0.012382 0.113916
0.697576 0.182256 0.055320 0.031326 0.000355 0.033150 0.000015 0.000420 0.000000 0.000000 0.122180 0.016589 0.134228
0.663429 0.198352 0.062882 0.035655 0.000412 0.039248 0.000022 0.000493 0.000000 0.000000 0.140666 0.021785 0.148031
0.628882 0.213341 0.070953 0.040312 0.000483 0.046002 0.000028 0.000579 0.000000 0.000000 0.160762 0.028177 0.160497
0.594696 0.226485 0.079282 0.045151 0.000561 0.053790 0.000036 0.000682 0.000000 0.000001 0.182447 0.035949 0.179578
0.561285 0.237921 0.087885 0.049880 0.000664 0.062320 0.000044 0.000812 0.000000 0.000001 0.205139 0.045075 0.193559
0.528909 0.247285 0.096549 0.054716 0.000764 0.071724 0.000053 0.000945 0.000000 0.000001 0.228958 0.055717 0.202811
0.498298 0.254288 0.104955 0.059668 0.000862 0.081863 0.000065 0.001081 0.000000 0.000001 0.253502 0.067820 0.219364
0.469239 0.259347 0.113155 0.064505 0.000983 0.092697 0.000074 0.001240 0.000000 0.000002 0.278573 0.081344 0.231551
0.442347 0.262035 0.120953 0.069039 0.001096 0.104445 0.000085 0.001394 0.000000 0.000002 0.303962 0.096284 0.231651
0.417582 0.262471 0.128487 0.073224 0.001223 0.116910 0.000104 0.001573 0.000000 0.000003 0.329665 0.112661 0.236065
0.394945 0.260975 0.135236 0.077213 0.001348 0.130166 0.000117 0.001756 0.000000 0.000003 0.355344 0.130275 0.235426
0.374435 0.257832 0.141519 0.080798 0.001484 0.143797 0.000135 0.001953 0.000000 0.000004 0.380703 0.148927 0.236963
0.355643 0.253248 0.147299 0.083980 0.001624 0.158057 0.000149 0.002152 0.000000 0.000005 0.405904 0.168660 0.233133
0.338905 0.247254 0.152373 0.086870 0.001749 0.172680 0.000169 0.002356 0.000000 0.000006 0.430628 0.189220 0.233980
0.324022 0.240539 0.156458 0.089325 0.001924 0.187542 0.000190 0.002599 0.000000 0.000007 0.454461 0.210166 0.229448
0.310785 0.233101 0.159813 0.091346 0.002083 0.202659 0.000213 0.002835 0.000000 0.000009 0.477579 0.231550 0.228590
0.298959 0.225070 0.162656 0.092890 0.002236 0.217945 0.000245 0.003078 0.000000 0.000010 0.500062 0.253338 0.224670
0.288544 0.216508 0.164727 0.094134 0.002387 0.233427 0.000274 0.003322 0.000000 0.000012 0.521868 0.275423 0.217761
0.279241 0.207996 0.166164 0.094767 0.002536 0.248988 0.000309 0.003573 0.000000 0.000013 0.542624 0.297326 0.212175
0.271190 0.199355 0.166835 0.095145 0.002685 0.264446 0.000345 0.003824 0.000000 0.000015 0.562461 0.319044 0.210689
0.264216 0.190786 0.167084 0.095179 0.002821 0.279534 0.000380 0.004074 0.000000 0.000017 0.581423 0.340534 0.199180
0.257926 0.182327 0.166776 0.095025 0.002961 0.294568 0.000418 0.004328 0.000000 0.000020 0.599733 0.361957 0.192744
0.252625 0.173789 0.166011 0.094674 0.003087 0.309369 0.000444 0.004573 0.000000 0.000022 0.617284 0.383129 0.181986
0.247881 0.165784 0.164829 0.093920 0.003187 0.323917 0.000483 0.004799 0.000000 0.000024 0.633964 0.403822 0.167177
0.243868 0.158032 0.163254 0.093041 0.003295 0.337985 0.000526 0.005037 0.000000 0.000026 0.649823 0.424010 0.159871
0.240663 0.150526 0.161159 0.091849 0.003414 0.351823 0.000566 0.005295 0.000000 0.000029 0.664808 0.443560 0.151131
0.237869 0.143422 0.158661 0.090533 0.003530 0.365375 0.000608 0.005553 0.000000 0.000032 0.679086 0.462597 0.149436
0.235768 0.136572 0.156066 0.089122 0.003624 0.378199 0.000650 0.005790 0.000000 0.000034 0.692734 0.481198 0.133879
0.233913 0.130200 0.153368 0.087539 0.003704 0.390576 0.000699 0.006018 0.000001 0.000037 0.705790 0.499333 0.124522
0.232614 0.123944 0.150541 0.085814 0.003810 0.402536 0.000739 0.006258 0.000001 0.000040 0.718269 0.516997 0.113639
0.231732 0.118051 0.147339 0.084195 0.003872 0.414026 0.000787 0.006482 0.000001 0.000043 0.730185 0.534150 0.105281
0.231253 0.112444 0.144180 0.082285 0.003969 0.425037 0.000831 0.006730 0.000001 0.000046 0.741503 0.550720 0.098651
0.231172 0.107390 0.140651 0.080456 0.004039 0.435411 0.000881 0.006954 0.000001 0.000049 0.752057 0.566408 0.088636
0.231229 0.102700 0.137108 0.078479 0.004080 0.445475 0.000928 0.007143 0.000001 0.000052 0.762261 0.581789 0.080579
0.231538 0.098105 0.133826 0.076581 0.004132 0.454842 0.000976 0.007355 0.000001 0.000055 0.772143 0.596891 0.072467
0.232244 0.093854 0.130277 0.074644 0.004176 0.463776 0.001029 0.007566 0.000001 0.000058 0.781509 0.611386 0.066357
0.233097 0.089831 0.126791 0.072798 0.004208 0.472193 0.001083 0.007768 0.000001 0.000061 0.790575 0.625586 0.060366
0.234061 0.086364 0.123131 0.070726 0.004212 0.480366 0.001140 0.007950 0.000001 0.000064 0.798988 0.638910 0.055050
0.235403 0.082800 0.119757 0.068796 0.004231 0.487824 0.001189 0.008133 0.000002 0.000067 0.807328 0.652263 0.049508
0.236721 0.079596 0.116401 0.066883 0.004239 0.494918 0.001241 0.008318 0.000002 0.000070 0.815325 0.665206 0.045295
0.238251 0.076650 0.113046 0.064909 0.004267 0.501583 0.001295 0.008500 0.000002 0.000073 0.822948 0.677658 0.041113
0.239839 0.073939 0.109778 0.063083 0.004269 0.507743 0.001349 0.008665 0.000002 0.000076 0.830278 0.689751 0.036666
0.241703 0.071380 0.106348 0.061202 0.004256 0.513707 0.001404 0.008827 0.000002 0.000079 0.837345 0.701505 0.033842
0.243660 0.068992 0.103269 0.059352 0.004240 0.519027 0.001460 0.008988 0.000002 0.000082 0.844200 0.713010 0.029645
0.245766 0.066814 0.100196 0.057577 0.004240 0.523892 0.001515 0.009155 0.000002 0.000085 0.850764 0.724111 0.026450
0.248051 0.064718 0.097250 0.055865 0.004228 0.528322 0.001566 0.009309 0.000003 0.000088 0.857200 0.735083 0.024661
0.250167 0.062854 0.094372 0.054286 0.004212 0.532488 0.001621 0.009457 0.000003 0.000090 0.863464 0.745844 0.023424
0.252717 0.060955 0.091596 0.052776 0.004185 0.536099 0.001673 0.009596 0.000003 0.000093 0.869600 0.756464 0.021818
0.255173 0.059357 0.088911 0.051205 0.004165 0.539461 0.001728 0.009740 0.000003 0.000096 0.875473 0.766702 0.020478
0.257763 0.057810 0.086409 0.049728 0.004150 0.542363 0.001777 0.009890 0.000003 0.000099 0.881260 0.776856 0.018333
0.260094 0.056549 0.083826 0.048276 0.004109 0.545315 0.001832 0.010023 0.000004 0.000101 0.886826 0.786684 0.017738
0.262906 0.055195 0.081383 0.046812 0.004056 0.547760 0.001887 0.010147 0.000004 0.000104 0.892269 0.796362 0.016093
0.265547 0.054046 0.079049 0.045517 0.004025 0.549875 0.001941 0.010269 0.000004 0.000106 0.897675 0.806030 0.014736
0.268340 0.052884 0.076843 0.044313 0.003987 0.551641 0.001993 0.010399 0.000004 0.000109 0.902977 0.815569 0.014112
0.271228 0.051837 0.074689 0.042992 0.003945 0.553263 0.002046 0.010519 0.000004 0.000112 0.908046 0.824744 0.013261
0.274090 0.050923 0.072686 0.041887 0.003931 0.554391 0.002092 0.010648 0.000005 0.000114 0.913134 0.834003 0.012763
0.277050 0.050045 0.070692 0.040776 0.003892 0.555408 0.002137 0.010759 0.000005 0.000117 0.918123 0.843134 0.012257
0.279873 0.049246 0.068813 0.039646 0.003848 0.556388 0.002185 0.010863 0.000005 0.000119 0.923001 0.852111 0.011807
0.282690 0.048539 0.067127 0.038633 0.003826 0.556962 0.002222 0.010971 0.000005 0.000121 0.927833 0.861049 0.011463
0.285567 0.047874 0.065419 0.037647 0.003796 0.557431 0.002267 0.011086 0.000005 0.000124 0.932631 0.869972 0.011287
0.288451 0.047243 0.063835 0.036796 0.003728 0.557621 0.002328 0.011182 0.000006 0.000126 0.937341 0.878777 0.011016
0.291280 0.046816 0.062242 0.035882 0.003691 0.557726 0.002364 0.011276 0.000006 0.000128 0.941920 0.887381 0.010424
0.294142 0.046291 0.060746 0.035050 0.003636 0.557725 0.002411 0.011369 0.000006 0.000130 0.946526 0.896079 0.010509
0.296891 0.046001 0.059396 0.034208 0.003599 0.557447 0.002458 0.011470 0.000006 0.000133 0.951063 0.904687 0.010196
0.299651 0.045762 0.058103 0.033354 0.003560 0.557072 0.002498 0.011570 0.000007 0.000135 0.955532 0.913201 0.009925
0.302452 0.045402 0.056835 0.032617 0.003524 0.556631 0.002540 0.011666 0.000007 0.000137 0.960000 0.921757 0.009640
0.305199 0.045129 0.055636 0.031940 0.003441 0.556067 0.002588 0.011739 0.000007 0.000139 0.964444 0.930307 0.009135
0.307892 0.044738 0.054649 0.031333 0.003388 0.555363 0.002636 0.011826 0.000007 0.000141 0.968977 0.939070 0.009176
0.310528 0.044641 0.053549 0.030656 0.003347 0.554605 0.002676 0.011917 0.000007 0.000143 0.973309 0.947485 0.009022
0.313247 0.044495 0.052614 0.030073 0.003276 0.553576 0.002720 0.011987 0.000008 0.000145 0.977663 0.955981 0.009091
0.315910 0.044317 0.051683 0.029574 0.003229 0.552525 0.002763 0.012069 0.000008 0.000147 0.982082 0.964642 0.008765
0.318591 0.044264 0.050745 0.028987 0.003180 0.551427 0.002806 0.012144 0.000008 0.000149 0.986377 0.973096 0.008782
0.321160 0.044309 0.049866 0.028510 0.003116 0.550187 0.002852 0.012219 0.000008 0.000150 0.990631 0.981506 0.008755
0.323670 0.044206 0.049191 0.028042 0.003068 0.548925 0.002897 0.012293 0.000009 0.000152 0.995015 0.990212 0.008694
0.326260 0.044125 0.048473 0.027637 0.003020 0.547552 0.002933 0.012363 0.000009 0.000154 0.999404 0.998966 0.008824
0.328624 0.044254 0.047798 0.027216 0.002976 0.546153 0.002981 0.012435 0.000009 0.000156 1.003685 1.007542 0.008793
0.331045 0.044292 0.047124 0.026899 0.002921 0.544692 0.003028 0.012507 0.000009 0.000158 1.008056 1.016333 0.008743
0.333384 0.044351 0.046615 0.026549 0.002889 0.543145 0.003066 0.012584 0.000010 0.000159 1.012434 1.025181 0.008819
0.335696 0.044519 0.046044 0.026286 0.002832 0.541517 0.003106 0.012647 0.000010 0.000161 1.016774 1.033989 0.008795
0.338004 0.044631 0.045524 0.026039 0.002793 0.539860 0.003149 0.012713 0.000010 0.000163 1.021123 1.042855 0.009027
0.340322 0.044776 0.044945 0.025788 0.002752 0.538233 0.003185 0.012779 0.000010 0.000164 1.025415 1.051638 0.009050
0.342448 0.044913 0.044612 0.025556 0.002711 0.536541 0.003220 0.012846 0.000011 0.000166 1.029814 1.060683 0.008681
0.344682 0.044994 0.044204 0.025327 0.002649 0.534887 0.003257 0.012899 0.000011 0.000168 1.034252 1.069845 0.009007
0.346735 0.045264 0.043821 0.025047 0.002610 0.533227 0.003296 0.012975 0.000011 0.000169 1.038572 1.078803 0.009061
0.348824 0.045462 0.043464 0.024944 0.002568 0.531398 0.003341 0.013042 0.000011 0.000171 1.043010 1.088044 0.008838
0.350804 0.045708 0.043250 0.024768 0.002540 0.529557 0.003374 0.013112 0.000012 0.000173 1.047440 1.097308 0.008906
0.352804 0.045888 0.042930 0.024610 0.002491 0.527869 0.003409 0.013173 0.000012 0.000175 1.051900 1.106675 0.008953
0.354641 0.046176 0.042680 0.024456 0.002452 0.526150 0.003446 0.013241 0.000012 0.000177 1.056337 1.116031 0.008776
0.356432 0.046342 0.042583 0.024358 0.002402 0.524401 0.003483 0.013299 0.000012 0.000178 1.060927 1.125751 0.008954
0.358130 0.046689 0.042435 0.024202 0.002374 0.522655 0.003514 0.013369 0.000013 0.000180 1.065395 1.135253 0.009060
0.359801 0.047000 0.042305 0.024125 0.002347 0.520880 0.003543 0.013430 0.000013 0.000182 1.069943 1.144971 0.008981
0.361285 0.047310 0.042177 0.024094 0.002315 0.519240 0.003580 0.013497 0.000013 0.000183 1.074570 1.154898 0.009336
0.362856 0.047708 0.042122 0.024014 0.002285 0.517406 0.003608 0.013558 0.000013 0.000185 1.079196 1.164866 0.009594
0.364290 0.047968 0.042145 0.024040 0.002263 0.515655 0.003638 0.013628 0.000014 0.000187 1.083930 1.175110 0.009714
0.365536 0.048351 0.042171 0.024100 0.002238 0.513940 0.003664 0.013694 0.000014 0.000189 1.088701 1.185482 0.009736
0.366968 0.048662 0.042161 0.024123 0.002218 0.512173 0.003695 0.013759 0.000014 0.000191 1.093441 1.195830 0.009944
0.368211 0.049014 0.042249 0.024103 0.002185 0.510513 0.003725 0.013819 0.000014 0.000192 1.098236 1.206343 0.010052
0.369534 0.049226 0.042337 0.024185 0.002168 0.508799 0.003751 0.013885 0.000014 0.000194 1.103153 1.217173 0.010216
0.370785 0.049611 0.042321 0.024234 0.002148 0.507123 0.003778 0.013948 0.000015 0.000196 1.107906 1.227685 0.010375
0.371629 0.050097 0.042428 0.024277 0.002119 0.505648 0.003804 0.014006 0.000015 0.000198 1.112743 1.238430 0.010644
0.372638 0.050490 0.042550 0.024340 0.002078 0.504066 0.003840 0.014063 0.000015 0.000199 1.117696 1.249479 0.010274
0.373598 0.050900 0.042673 0.024340 0.002058 0.502571 0.003860 0.014120 0.000015 0.000201 1.122605 1.260484 0.010652
0.374471 0.051300 0.042829 0.024369 0.002038 0.501103 0.003891 0.014189 0.000016 0.000203 1.127609 1.271748 0.011124
0.375330 0.051672 0.043017 0.024447 0.002016 0.499604 0.003915 0.014244 0.000016 0.000204 1.132678 1.283207 0.010886
0.376113 0.052033 0.043214 0.024548 0.001996 0.498152 0.003944 0.014303 0.000016 0.000206 1.137795 1.294830 0.010999
0.376800 0.052433 0.043439 0.024579 0.001979 0.496799 0.003972 0.014365 0.000016 0.000208 1.142921 1.306529 0.011282
0.377557 0.052806 0.043727 0.024709 0.001964 0.495243 0.003994 0.014425 0.000016 0.000209 1.148105 1.318411 0.011646
0.378245 0.053088 0.044014 0.024828 0.001950 0.493855 0.004021 0.014487 0.000017 0.000211 1.153324 1.330425 0.011669
0.378765 0.053571 0.044249 0.024823 0.001933 0.492609 0.004052 0.014552 0.000017 0.000213 1.158540 1.342491 0.011761
0.379284 0.054061 0.044392 0.024953 0.001915 0.491315 0.004081 0.014618 0.000017 0.000215 1.163754 1.354605 0.011821
0.379648 0.054418 0.044726 0.025140 0.001902 0.490065 0.004102 0.014676 0.000017 0.000217 1.169141 1.367181 0.012238
0.380080 0.054822 0.044991 0.025281 0.001883 0.488815 0.004129 0.014748 0.000017 0.000219 1.174465 1.379664 0.012561
0.380329 0.055252 0.045229 0.025410 0.001880 0.487745 0.004155 0.014819 0.000018 0.000221 1.179818 1.392273 0.012540
0.380751 0.055550 0.045493 0.025512 0.001867 0.486644 0.004182 0.014878 0.000018 0.000223 1.185259 1.405150 0.012719
0.380958 0.055993 0.045750 0.025614 0.001860 0.485621 0.004205 0.014941 0.000018 0.000225 1.190718 1.418124 0.012593
0.381150 0.056430 0.046005 0.025762 0.001866 0.484559 0.004228 0.015010 0.000018 0.000227 1.196179 1.431164 0.012929
0.381122 0.056911 0.046278 0.025925 0.001862 0.483649 0.004254 0.015083 0.000019 0.000229 1.201745 1.444518 0.013219
0.381236 0.057226 0.046555 0.026139 0.001834 0.482729 0.004281 0.015142 0.000019 0.000231 1.207379 1.458090 0.013428
0.381202 0.057606 0.046741 0.026329 0.001838 0.481980 0.004304 0.015219 0.000019 0.000233 1.213036 1.471786 0.013338
0.381201 0.057988 0.046966 0.026561 0.001836 0.481126 0.004322 0.015283 0.000019 0.000235 1.218698 1.485561 0.013721
0.381229 0.058187 0.047285 0.026753 0.001829 0.480375 0.004341 0.015348 0.000019 0.000237 1.224455 1.499630 0.014055
0.381146 0.058504 0.047479 0.026938 0.001817 0.479753 0.004362 0.015413 0.000019 0.000239 1.230175 1.513671 0.014027
0.381056 0.058721 0.047749 0.027121 0.001820 0.479152 0.004381 0.015479 0.000020 0.000241 1.235980 1.527997 0.014219
0.381072 0.058880 0.048041 0.027259 0.001825 0.478520 0.004403 0.015548 0.000020 0.000243 1.241767 1.542336 0.014257
0.380983 0.059169 0.048238 0.027412 0.001815 0.477955 0.004428 0.015619 0.000020 0.000245 1.247514 1.556645 0.014906
0.380815 0.059496 0.048444 0.027518 0.001818 0.477459 0.004450 0.015687 0.000020 0.000248 1.253287 1.571087 0.014934
0.380742 0.059681 0.048732 0.027662 0.001806 0.476906 0.004472 0.015752 0.000020 0.000250 1.259165 1.585861 0.014375
0.380518 0.060162 0.048906 0.027784 0.001796 0.476335 0.004499 0.015823 0.000021 0.000252 1.264874 1.600272 0.014978
0.380277 0.060475 0.049226 0.027908 0.001807 0.475780 0.004526 0.015900 0.000021 0.000254 1.270794 1.615284 0.015238
0.380164 0.060654 0.049458 0.028117 0.001793 0.475266 0.004548 0.015963 0.000021 0.000256 1.276710 1.630362 0.014906
0.379964 0.060766 0.049795 0.028287 0.001791 0.474826 0.004571 0.016030 0.000021 0.000258 1.282688 1.645667 0.015142
0.379799 0.060924 0.049924 0.028422 0.001788 0.474545 0.004599 0.016107 0.000022 0.000261 1.288625 1.660934 0.015128
0.379486 0.061205 0.050197 0.028569 0.001785 0.474136 0.004623 0.016185 0.000022 0.000263 1.294594 1.676358 0.014978
0.379323 0.061349 0.050437 0.028692 0.001797 0.473755 0.004647 0.016260 0.000022 0.000266 1.300580 1.691894 0.014876
0.379081 0.061553 0.050632 0.028812 0.001786 0.473465 0.004672 0.016325 0.000022 0.000268 1.306524 1.707397 0.015241
0.378679 0.061758 0.050805 0.028909 0.001782 0.473368 0.004699 0.016394 0.000023 0.000270 1.312549 1.723182 0.014992
0.378393 0.061956 0.051024 0.028950 0.001779 0.473167 0.004731 0.016472 0.000023 0.000273 1.318556 1.738993 0.014804
0.378059 0.062110 0.051197 0.029102 0.001783 0.472988 0.004761 0.016552 0.000023 0.000276 1.324687 1.755202 0.015041
0.377659 0.062266 0.051370 0.029237 0.001798 0.472892 0.004779 0.016634 0.000023 0.000278 1.330749 1.771301 0.015312
0.377434 0.062319 0.051672 0.029367 0.001793 0.472614 0.004801 0.016703 0.000024 0.000281 1.336904 1.787721 0.015031
0.377028 0.062551 0.051841 0.029529 0.001806 0.472424 0.004822 0.016785 0.000024 0.000283 1.343002 1.804065 0.015300
0.376655 0.062655 0.051988 0.029682 0.001802 0.472378 0.004842 0.016857 0.000024 0.000286 1.349184 1.820706 0.015927
0.376271 0.062785 0.052247 0.029833 0.001798 0.472206 0.004862 0.016926 0.000024 0.000288 1.355327 1.837320 0.016185
0.375851 0.062943 0.052371 0.029910 0.001805 0.472238 0.004882 0.017000 0.000024 0.000291 1.361508 1.854112 0.016414
0.375419 0.062975 0.052599 0.030063 0.001808 0.472238 0.004899 0.017066 0.000024 0.000293 1.367800 1.871289 0.016103
0.375146 0.062993 0.052716 0.030169 0.001817 0.472238 0.004921 0.017148 0.000025 0.000296 1.373952 1.888155 0.016457
0.374683 0.063064 0.052915 0.030277 0.001824 0.472295 0.004942 0.017226 0.000025 0.000298 1.380109 1.905116 0.016474
0.374333 0.063144 0.053043 0.030389 0.001840 0.472290 0.004961 0.017306 0.000025 0.000301 1.386334 1.922333 0.016070
0.374052 0.063144 0.053243 0.030370 0.001836 0.472368 0.004987 0.017381 0.000025 0.000304 1.392499 1.939466 0.016213
0.373839 0.063166 0.053360 0.030499 0.001837 0.472290 0.005010 0.017456 0.000026 0.000306 1.398698 1.956771 0.016202
0.373435 0.063197 0.053567 0.030542 0.001850 0.472376 0.005032 0.017542 0.000026 0.000309 1.404953 1.974304 0.016327
0.373098 0.063269 0.053616 0.030644 0.001851 0.472461 0.005062 0.017624 0.000026 0.000312 1.411138 1.991722 0.016485
0.372810 0.063112 0.053786 0.030678 0.001860 0.472670 0.005084 0.017709 0.000026 0.000315 1.417448 2.009572 0.016129
0.372536 0.063055 0.053966 0.030703 0.001873 0.472762 0.005104 0.017786 0.000027 0.000318 1.423685 2.027290 0.016069
0.372286 0.063060 0.053906 0.030786 0.001871 0.472964 0.005127 0.017864 0.000027 0.000321 1.429750 2.044599 0.016349
0.372005 0.063106 0.054073 0.030858 0.001870 0.472939 0.005148 0.017937 0.000027 0.000323 1.435951 2.062367 0.016251
0.371709 0.063010 0.054204 0.030909 0.001863 0.473133 0.005171 0.018012 0.000027 0.000326 1.442197 2.080342 0.015891
0.371434 0.062984 0.054374 0.030976 0.001862 0.473176 0.005195 0.018084 0.000028 0.000329 1.448442 2.098392 0.016098
0.371214 0.062842 0.054509 0.031071 0.001884 0.473262 0.005219 0.018172 0.000028 0.000332 1.454715 2.116603 0.016029
0.370907 0.062806 0.054542 0.031121 0.001894 0.473488 0.005241 0.018254 0.000028 0.000335 1.460836 2.134448 0.015848
0.370746 0.062711 0.054463 0.031141 0.001896 0.473779 0.005265 0.018334 0.000028 0.000338 1.466978 2.152426 0.015670
0.370565 0.062623 0.054529 0.031159 0.001901 0.473935 0.005288 0.018413 0.000029 0.000341 1.473154 2.170584 0.015537
0.370351 0.062627 0.054553 0.031165 0.001918 0.474078 0.005308 0.018493 0.000029 0.000344 1.479291 2.188705 0.015979
0.370135 0.062562 0.054616 0.031189 0.001918 0.474247 0.005333 0.018573 0.000029 0.000347 1.485506 2.207135 0.015699
0.370034 0.062550 0.054633 0.031194 0.001939 0.474295 0.005354 0.018659 0.000029 0.000350 1.491584 2.225230 0.015999
0.369739 0.062450 0.054753 0.031208 0.001952 0.474523 0.005375 0.018747 0.000029 0.000353 1.497850 2.243958 0.016123
0.369508 0.062372 0.054759 0.031259 0.001966 0.474740 0.005398 0.018831 0.000030 0.000356 1.504033 2.262519 0.016302
0.369334 0.062352 0.054779 0.031334 0.001970 0.474809 0.005422 0.018917 0.000030 0.000360 1.510159 2.280977 0.015782
0.369314 0.062204 0.054765 0.031314 0.001972 0.474985 0.005446 0.019006 0.000030 0.000363 1.516349 2.299712 0.015539
0.369141 0.062219 0.054829 0.031266 0.001974 0.475100 0.005472 0.019088 0.000031 0.000366 1.522450 2.318251 0.015615
0.369076 0.062267 0.054685 0.031305 0.001985 0.475183 0.005499 0.019174 0.000031 0.000369 1.528452 2.336560 0.015872
0.368999 0.062176 0.054663 0.031331 0.001985 0.475326 0.005519 0.019253 0.000031 0.000372 1.534585 2.355349 0.015694
0.368886 0.062076 0.054754 0.031318 0.001982 0.475442 0.005543 0.019326 0.000031 0.000375 1.540714 2.374193 0.016134
0.368900 0.062066 0.054761 0.031219 0.001979 0.475506 0.005570 0.019408 0.000032 0.000378 1.546799 2.392983 0.016059
0.370013 0.060779 0.054778 0.031160 0.001979 0.475703 0.005587 0.019479 0.000032 0.000381 1.552876 2.411819 0.015215
0.372818 0.058163 0.054651 0.030889 0.001974 0.475893 0.005613 0.019561 0.000032 0.000384 1.558654 2.429791 0.013553
0.376550 0.054859 0.054495 0.030514 0.001973 0.475972 0.005637 0.019641 0.000032 0.000388 1.564207 2.447131 0.012058
0.380777 0.051274 0.054112 0.030084 0.001970 0.476117 0.005665 0.019721 0.000033 0.000391 1.569489 2.463682 0.010881
0.385390 0.047798 0.053529 0.029533 0.001976 0.476089 0.005685 0.019801 0.000033 0.000394 1.574299 2.478801 0.009862
0.390246 0.044307 0.052887 0.028857 0.001963 0.476024 0.005717 0.019879 0.000033 0.000397 1.578845 2.493136 0.008770
0.395327 0.041058 0.052039 0.028112 0.001945 0.475780 0.005739 0.019944 0.000034 0.000400 1.582970 2.506175 0.007905
0.400595 0.037849 0.051102 0.027293 0.001932 0.475462 0.005768 0.020013 0.000034 0.000402 1.586851 2.518476 0.006946
0.405926 0.034848 0.049983 0.026376 0.001923 0.475147 0.005796 0.020084 0.000034 0.000405 1.590456 2.529931 0.006208
0.411215 0.032123 0.048728 0.025463 0.001915 0.474728 0.005828 0.020158 0.000035 0.000408 1.593702 2.540267 0.005436
0.416661 0.029462 0.047459 0.024602 0.001910 0.474056 0.005850 0.020219 0.000035 0.000411 1.596788 2.550112 0.004896
0.422159 0.027037 0.046122 0.023754 0.001898 0.473154 0.005876 0.020279 0.000035 0.000413 1.599607 2.559121 0.004420
0.427692 0.024812 0.044642 0.022821 0.001870 0.472259 0.005903 0.020334 0.000035 0.000415 1.602137 2.567221 0.003930
0.433353 0.022816 0.043128 0.021821 0.001857 0.471099 0.005928 0.020395 0.000036 0.000418 1.604419 2.574539 0.003637
0.438917 0.020953 0.041573 0.020979 0.001850 0.469782 0.005946 0.020455 0.000036 0.000420 1.606534 2.581329 0.003359
0.444541 0.019169 0.040017 0.020035 0.001837 0.468428 0.005973 0.020509 0.000036 0.000423 1.608536 2.587767 0.003048
0.450235 0.017590 0.038485 0.019159 0.001804 0.466727 0.005999 0.020552 0.000037 0.000424 1.610290 2.593414 0.002788
0.455922 0.016116 0.036978 0.018289 0.001791 0.464883 0.006021 0.020604 0.000037 0.000426 1.611933 2.598708 0.002519
0.461543 0.014753 0.035485 0.017400 0.001763 0.463016 0.006040 0.020643 0.000037 0.000428 1.613450 2.603602 0.002332
0.467228 0.013498 0.034039 0.016584 0.001738 0.460846 0.006069 0.020690 0.000037 0.000430 1.614847 2.608110 0.002146
0.472908 0.012360 0.032555 0.015799 0.001708 0.458574 0.006095 0.020734 0.000038 0.000432 1.616107 2.612185 0.001978
0.478537 0.011306 0.031157 0.015013 0.001684 0.456192 0.006111 0.020773 0.000038 0.000434 1.617272 2.615950 0.001821
0.484180 0.010313 0.029767 0.014306 0.001658 0.453646 0.006131 0.020819 0.000038 0.000435 1.618355 2.619453 0.001688
0.489829 0.009460 0.028378 0.013549 0.001632 0.451001 0.006151 0.020856 0.000039 0.000437 1.619294 2.622492 0.001559
0.495297 0.008645 0.027088 0.012824 0.001607 0.448367 0.006173 0.020891 0.000039 0.000438 1.620189 2.625395 0.001458
0.500828 0.007925 0.025808 0.012132 0.001579 0.445539 0.006190 0.020919 0.000039 0.000440 1.620987 2.627980 0.001367
0.506340 0.007245 0.024538 0.011506 0.001549 0.442606 0.006214 0.020952 0.000039 0.000441 1.621736 2.630409 0.001282
0.511732 0.006613 0.023375 0.010912 0.001521 0.439610 0.006236 0.020984 0.000040 0.000442 1.622438 2.632688 0.001197
0.517050 0.006043 0.022207 0.010339 0.001488 0.436611 0.006261 0.021014 0.000040 0.000444 1.623066 2.634722 0.001122
0.522469 0.005531 0.021032 0.009752 0.001449 0.433489 0.006279 0.021042 0.000040 0.000445 1.623634 2.636570 0.001048
0.527770 0.005062 0.019938 0.009162 0.001430 0.430347 0.006292 0.021067 0.000040 0.000446 1.624152 2.638250 0.000981
0.533198 0.004622 0.018896 0.008663 0.001394 0.426914 0.006311 0.021085 0.000041 0.000447 1.624630 2.639805 0.000921
0.538430 0.004227 0.017895 0.008171 0.001366 0.423586 0.006326 0.021101 0.000041 0.000447 1.625063 2.641212 0.000881
0.543658 0.003877 0.016935 0.007741 0.001328 0.420115 0.006348 0.021118 0.000041 0.000448 1.625455 2.642486 0.000822
0.548852 0.003534 0.016044 0.007298 0.001308 0.416603 0.006361 0.021143 0.000041 0.000449 1.625826 2.643694 0.000775
0.554055 0.003245 0.015170 0.006853 0.001278 0.413021 0.006378 0.021165 0.000041 0.000450 1.626140 2.644717 0.000729
0.559210 0.002953 0.014327 0.006450 0.001238 0.409427 0.006397 0.021175 0.000042 0.000450 1.626456 2.645743 0.000692
0.564255 0.002691 0.013552 0.006086 0.001208 0.405797 0.006411 0.021192 0.000042 0.000451 1.626746 2.646686 0.000663
0.569242 0.002481 0.012809 0.005695 0.001183 0.402169 0.006423 0.021206 0.000042 0.000452 1.626983 2.647457 0.000624
0.574278 0.002273 0.012120 0.005349 0.001156 0.398384 0.006440 0.021224 0.000042 0.000452 1.627209 2.648195 0.000594
0.579323 0.002082 0.011451 0.005025 0.001126 0.394539 0.006453 0.021233 0.000042 0.000453 1.627420 2.648879 0.000561
0.584118 0.001914 0.010832 0.004687 0.001095 0.390884 0.006471 0.021252 0.000043 0.000454 1.627609 2.649496 0.000536
0.588975 0.001740 0.010225 0.004415 0.001059 0.387100 0.006485 0.021263 0.000043 0.000454 1.627802 2.650127 0.000513
0.593717 0.001612 0.009620 0.004137 0.001033 0.383387 0.006496 0.021272 0.000043 0.000454 1.627949 2.650605 0.000492
0.598447 0.001481 0.009036 0.003905 0.000998 0.379624 0.006510 0.021283 0.000043 0.000455 1.628093 2.651070 0.000465
0.603160 0.001362 0.008517 0.003674 0.000967 0.375798 0.006522 0.021292 0.000043 0.000455 1.628224 2.651499 0.000446
0.607840 0.001228 0.008013 0.003474 0.000942 0.371972 0.006531 0.021299 0.000043 0.000456 1.628367 2.651964 0.000431
0.612468 0.001136 0.007546 0.003274 0.000919 0.368113 0.006544 0.021309 0.000044 0.000456 1.628469 2.652297 0.000414
0.617042 0.001041 0.007112 0.003070 0.000889 0.364291 0.006554 0.021317 0.000044 0.000456 1.628574 2.652638 0.000401
0.621546 0.000963 0.006678 0.002881 0.000858 0.360502 0.006573 0.021325 0.000044 0.000457 1.628665 2.652935 0.000390
0.625965 0.000877 0.006288 0.002723 0.000829 0.356732 0.006585 0.021330 0.000044 0.000457 1.628757 2.653236 0.000377
0.630319 0.000799 0.005912 0.002574 0.000801 0.352995 0.006601 0.021337 0.000044 0.000457 1.628846 2.653524 0.000363
0.634776 0.000733 0.005585 0.002427 0.000772 0.349092 0.006617 0.021344 0.000045 0.000458 1.628921 2.653769 0.000348
0.639142 0.000673 0.005234 0.002287 0.000749 0.345291 0.006625 0.021349 0.000045 0.000458 1.628985 2.653977 0.000336
0.643432 0.000608 0.004925 0.002140 0.000722 0.341537 0.006637 0.021353 0.000045 0.000458 1.629058 2.654215 0.000318
0.647673 0.000559 0.004600 0.001994 0.000696 0.337833 0.006645 0.021359 0.000045 0.000458 1.629111 2.654389 0.000308
0.651915 0.000515 0.004324 0.001873 0.000675 0.334045 0.006654 0.021363 0.000045 0.000458 1.629161 2.654552 0.000293
0.655993 0.000476 0.004063 0.001762 0.000649 0.330393 0.006665 0.021370 0.000045 0.000459 1.629208 2.654703 0.000284
0.660095 0.000437 0.003815 0.001660 0.000628 0.326693 0.006672 0.021373 0.000045 0.000459 1.629251 2.654841 0.000275
0.664152 0.000404 0.003594 0.001558 0.000605 0.323007 0.006681 0.021377 0.000045 0.000459 1.629287 2.654959 0.000265
0.668192 0.000372 0.003396 0.001455 0.000592 0.319307 0.006686 0.021382 0.000045 0.000459 1.629321 2.655070 0.000255
0.672098 0.000343 0.003171 0.001372 0.000571 0.315749 0.006697 0.021383 0.000046 0.000459 1.629353 2.655174 0.000245
0.675991 0.000315 0.002994 0.001286 0.000552 0.312157 0.006704 0.021386 0.000046 0.000459 1.629389 2.655291 0.000240
0.679858 0.000292 0.002812 0.001217 0.000533 0.308575 0.006714 0.021388 0.000046 0.000459 1.629413 2.655373 0.000227
0.683652 0.000268 0.002628 0.001143 0.000515 0.305073 0.006722 0.021392 0.000046 0.000460 1.629441 2.655464 0.000221
0.687392 0.000249 0.002452 0.001066 0.000492 0.301618 0.006731 0.021396 0.000046 0.000460 1.629464 2.655537 0.000209
0.691084 0.000231 0.002288 0.000989 0.000479 0.298193 0.006737 0.021399 0.000046 0.000460 1.629485 2.655604 0.000198
0.694794 0.000215 0.002140 0.000920 0.000464 0.294724 0.006743 0.021401 0.000046 0.000460 1.629502 2.655663 0.000188
0.698495 0.000197 0.002027 0.000851 0.000451 0.291231 0.006750 0.021403 0.000046 0.000460 1.629521 2.655725 0.000178
0.702083 0.000184 0.001898 0.000790 0.000440 0.287853 0.006752 0.021406 0.000046 0.000460 1.629538 2.655779 0.000173
0.705753 0.000167 0.001777 0.000741 0.000421 0.284382 0.006759 0.021408 0.000046 0.000460 1.629557 2.655842 0.000168
0.709295 0.000158 0.001659 0.000690 0.000407 0.281024 0.006767 0.021411 0.000047 0.000460 1.629570 2.655885 0.000150
0.712817 0.000146 0.001552 0.000638 0.000395 0.277679 0.006774 0.021414 0.000047 0.000461 1.629584 2.655928 0.000144
0.716230 0.000130 0.001455 0.000600 0.000382 0.274426 0.006779 0.021415 0.000047 0.000461 1.629603 2.655989 0.000137
0.719619 0.000116 0.001363 0.000565 0.000367 0.271184 0.006786 0.021416 0.000047 0.000461 1.629617 2.656036 0.000124
0.722949 0.000105 0.001277 0.000532 0.000353 0.267993 0.006791 0.021416 0.000047 0.000461 1.629629 2.656077 0.000116
0.726255 0.000096 0.001200 0.000493 0.000338 0.264822 0.006797 0.021419 0.000047 0.000461 1.629640 2.656111 0.000105
0.729579 0.000086 0.001127 0.000461 0.000330 0.261614 0.006803 0.021421 0.000047 0.000461 1.629651 2.656149 0.000102
0.732860 0.000079 0.001047 0.000432 0.000318 0.258457 0.006808 0.021423 0.000047 0.000461 1.629659 2.656175 0.000098
0.736019 0.000070 0.000981 0.000405 0.000309 0.255406 0.006812 0.021423 0.000047 0.000461 1.629670 2.656209 0.000092
0.739203 0.000065 0.000911 0.000371 0.000295 0.252338 0.006816 0.021424 0.000047 0.000461 1.629675 2.656225 0.000081
0.742318 0.000061 0.000851 0.000352 0.000289 0.249310 0.006819 0.021425 0.000047 0.000461 1.629682 2.656246 0.000074
0.745393 0.000054 0.000797 0.000331 0.000283 0.246323 0.006821 0.021426 0.000047 0.000461 1.629689 2.656269 0.000063
0.748556 0.000050 0.000739 0.000311 0.000274 0.243246 0.006824 0.021427 0.000047 0.000461 1.629693 2.656284 0.000063
0.751555 0.000046 0.000694 0.000292 0.000261 0.240321 0.006831 0.021427 0.000047 0.000461 1.629698 2.656300 0.000058
0.754495 0.000043 0.000644 0.000278 0.000252 0.237455 0.006834 0.021428 0.000047 0.000461 1.629702 2.656313 0.000053
0.757466 0.000041 0.000593 0.000260 0.000246 0.234560 0.006836 0.021428 0.000047 0.000461 1.629705 2.656321 0.000046
0.760405 0.000037 0.000550 0.000237 0.000236 0.231694 0.006841 0.021428 0.000048 0.000461 1.629708 2.656332 0.000043
0.763273 0.000035 0.000508 0.000219 0.000230 0.228891 0.006843 0.021429 0.000048 0.000461 1.629711 2.656342 0.000037
0.766062 0.000033 0.000477 0.000206 0.000220 0.226153 0.006848 0.021429 0.000048 0.000461 1.629714 2.656352 0.000038
0.768882 0.000028 0.000443 0.000197 0.000216 0.223384 0.006850 0.021429 0.000048 0.000461 1.629720 2.656371 0.000035
0.771617 0.000027 0.000420 0.000182 0.000206 0.220693 0.006855 0.021429 0.000048 0.000461 1.629722 2.656378 0.000035
0.774418 0.000021 0.000396 0.000171 0.000199 0.217939 0.006856 0.021429 0.000048 0.000461 1.629728 2.656396 0.000034
0.777118 0.000021 0.000366 0.000155 0.000192 0.215290 0.006858 0.021430 0.000048 0.000461 1.629729 2.656399 0.000030
0.779778 0.000019 0.000336 0.000145 0.000186 0.212674 0.006861 0.021431 0.000048 0.000461 1.629731 2.656406 0.000027
0.782440 0.000019 0.000315 0.000138 0.000182 0.210044 0.006863 0.021431 0.000048 0.000461 1.629732 2.656409 0.000024
0.785100 0.000018 0.000290 0.000130 0.000176 0.207421 0.006864 0.021431 0.000048 0.000461 1.629733 2.656412 0.000022
0.787677 0.000014 0.000273 0.000120 0.000169 0.204879 0.006867 0.021431 0.000048 0.000461 1.629737 2.656425 0.000017
0.790206 0.000014 0.000255 0.000114 0.000161 0.202379 0.006871 0.021431 0.000048 0.000461 1.629737 2.656427 0.000017
0.792702 0.000014 0.000235 0.000110 0.000153 0.199914 0.006871 0.021432 0.000048 0.000461 1.629738 2.656428 0.000015
0.795182 0.000012 0.000218 0.000102 0.000145 0.197467 0.006875 0.021432 0.000048 0.000461 1.629739 2.656433 0.000015
0.797617 0.000012 0.000199 0.000095 0.000141 0.195059 0.006877 0.021433 0.000048 0.000461 1.629740 2.656436 0.000014
0.800003 0.000010 0.000185 0.000089 0.000132 0.192700 0.006879 0.021433 0.000048 0.000461 1.629742 2.656441 0.000014
0.802345 0.000010 0.000172 0.000081 0.000128 0.190384 0.006881 0.021434 0.000048 0.000461 1.629743 2.656445 0.000011
0.804666 0.000008 0.000163 0.000076 0.000124 0.188082 0.006882 0.021434 0.000048 0.000461 1.629745 2.656453 0.000011
0.806926 0.000007 0.000154 0.000072 0.000118 0.185840 0.006883 0.021434 0.000048 0.000461 1.629746 2.656454 0.000010
0.809070 0.000006 0.000144 0.000068 0.000115 0.183713 0.006884 0.021434 0.000048 0.000461 1.629747 2.656458 0.000009
0.811259 0.000005 0.000131 0.000063 0.000112 0.181544 0.006886 0.021434 0.000048 0.000461 1.629748 2.656462 0.000008
0.813401 0.000004 0.000126 0.000056 0.000112 0.179415 0.006886 0.021435 0.000048 0.000461 1.629749 2.656464 0.000008
0.815516 0.000004 0.000115 0.000053 0.000105 0.177317 0.006889 0.021435 0.000048 0.000461 1.629749 2.656466 0.000006
0.817478 0.000003 0.000108 0.000051 0.000103 0.175366 0.006891 0.021435 0.000048 0.000461 1.629750 2.656469 0.000006
0.819326 0.000003 0.000101 0.000049 0.000101 0.173529 0.006891 0.021435 0.000048 0.000461 1.629750 2.656469 0.000006
0.821227 0.000002 0.000095 0.000046 0.000098 0.171638 0.006892 0.021435 0.000048 0.000461 1.629751 2.656471 0.000005
0.823027 0.000002 0.000089 0.000044 0.000095 0.169850 0.006893 0.021435 0.000048 0.000461 1.629751 2.656471 0.000004
0.824823 0.000002 0.000083 0.000040 0.000092 0.168064 0.006895 0.021435 0.000048 0.000461 1.629751 2.656471 0.000004
0.826530 0.000002 0.000079 0.000038 0.000088 0.166365 0.006897 0.021436 0.000048 0.000461 1.629751 2.656472 0.000004
0.828212 0.000002 0.000075 0.000035 0.000084 0.164692 0.006899 0.021436 0.000048 0.000461 1.629751 2.656472 0.000005
0.829871 0.000002 0.000068 0.000032 0.000079 0.163048 0.006901 0.021436 0.000048 0.000461 1.629751 2.656472 0.000004
0.831442 0.000001 0.000061 0.000030 0.000074 0.161489 0.006903 0.021436 0.000048 0.000461 1.629752 2.656474 0.000003
0.832941 0.000001 0.000056 0.000029 0.000072 0.159998 0.006904 0.021436 0.000048 0.000461 1.629752 2.656474 0.000002
0.834419 0.000001 0.000051 0.000027 0.000071 0.158526 0.006904 0.021436 0.000048 0.000461 1.629752 2.656474 0.000002
0.835829 0.000000 0.000048 0.000025 0.000069 0.157124 0.006905 0.021436 0.000048 0.000461 1.629752 2.656475 0.000002
0.837228 0.000000 0.000045 0.000024 0.000068 0.155729 0.006905 0.021436 0.000048 0.000461 1.629752 2.656475 0.000002
0.838580 0.000000 0.000044 0.000022 0.000065 0.154383 0.006906 0.021436 0.000048 0.000461 1.629752 2.656475 0.000002
0.839911 0.000000 0.000040 0.000021 0.000061 0.153057 0.006908 0.021436 0.000048 0.000461 1.629752 2.656475 0.000002
0.841176 0.000000 0.000036 0.000019 0.000061 0.151800 0.006908 0.021436 0.000048 0.000461 1.629752 2.656475 0.000002
0.842298 0.000000 0.000032 0.000016 0.000058 0.150687 0.006909 0.021436 0.000048 0.000461 1.629753 2.656477 0.000002
0.843356 0.000000 0.000029 0.000015 0.000057 0.149633 0.006909 0.021436 0.000049 0.000461 1.629753 2.656477 0.000002
0.844406 0.000000 0.000026 0.000014 0.000055 0.148588 0.006910 0.021436 0.000049 0.000461 1.629753 2.656477 0.000001
0.845388 0.000000 0.000025 0.000014 0.000051 0.147609 0.006912 0.021436 0.000049 0.000461 1.629753 2.656477 0.000001
0.846360 0.000000 0.000023 0.000014 0.000048 0.146642 0.006913 0.021436 0.000049 0.000461 1.629753 2.656477 0.000001
0.847261 0.000000 0.000021 0.000012 0.000046 0.145744 0.006915 0.021436 0.000049 0.000461 1.629753 2.656477 0.000001
0.848140 0.000000 0.000019 0.000011 0.000045 0.144870 0.006915 0.021436 0.000049 0.000461 1.629753 2.656477 0.000001
0.849023 0.000000 0.000019 0.000011 0.000044 0.143987 0.006916 0.021436 0.000049 0.000461 1.629753 2.656477 0.000001
0.849798 0.000000 0.000018 0.000010 0.000043 0.143216 0.006916 0.021436 0.000049 0.000461 1.629753 2.656477 0.000001
0.850587 0.000000 0.000016 0.000009 0.000042 0.142429 0.006917 0.021436 0.000049 0.000461 1.629753 2.656477 0.000001
0.851335 0.000000 0.000015 0.000009 0.000039 0.141684 0.006918 0.021436 0.000049 0.000461 1.629753 2.656477 0.000001
0.852062 0.000000 0.000014 0.000008 0.000039 0.140959 0.006919 0.021436 0.000049 0.000461 1.629753 2.656477 0.000001
0.852744 0.000000 0.000012 0.000007 0.000037 0.140282 0.006919 0.021436 0.000049 0.000461 1.629753 2.656477 0.000001
0.853380 0.000000 0.000012 0.000007 0.000035 0.139647 0.006920 0.021436 0.000049 0.000461 1.629753 2.656477 0.000001
0.853997 0.000000 0.000010 0.000007 0.000035 0.139033 0.006920 0.021436 0.000049 0.000461 1.629753 2.656477 0.000001
0.854595 0.000000 0.000009 0.000006 0.000033 0.138437 0.006920 0.021436 0.000049 0.000461 1.629753 2.656477 0.000001
0.855154 0.000000 0.000009 0.000006 0.000031 0.137881 0.006921 0.021436 0.000049 0.000461 1.629753 2.656477 0.000001
0.855663 0.000000 0.000008 0.000005 0.000029 0.137374 0.006923 0.021436 0.000049 0.000461 1.629753 2.656477 0.000001
0.856151 0.000000 0.000007 0.000004 0.000028 0.136887 0.006923 0.021436 0.000049 0.000461 1.629753 2.656477 0.000001
0.856590 0.000000 0.000007 0.000004 0.000027 0.136450 0.006923 0.021436 0.000049 0.000461 1.629753 2.656477 0.000001
0.857060 0.000000 0.000007 0.000004 0.000027 0.135980 0.006923 0.021436 0.000049 0.000461 1.629753 2.656477 0.000001
0.857485 0.000000 0.000006 0.000003 0.000024 0.135558 0.006925 0.021436 0.000049 0.000461 1.629753 2.656477 0.000001
0.857873 0.000000 0.000006 0.000003 0.000023 0.135171 0.006926 0.021436 0.000049 0.000461 1.629753 2.656477 0.000001
0.858214 0.000000 0.000006 0.000003 0.000021 0.134831 0.006926 0.021436 0.000049 0.000461 1.629753 2.656477 0.000001
0.858514 0.000000 0.000006 0.000003 0.000021 0.134531 0.006926 0.021436 0.000049 0.000461 1.629753 2.656477 0.000001
0.858818 0.000000 0.000005 0.000002 0.000019 0.134230 0.006926 0.021436 0.000049 0.000461 1.629753 2.656477 0.000001
0.859070 0.000000 0.000004 0.000002 0.000017 0.133979 0.006928 0.021436 0.000049 0.000461 1.629753 2.656477 0.000001
0.859300 0.000000 0.000004 0.000002 0.000016 0.133750 0.006928 0.021436 0.000049 0.000461 1.629753 2.656477 0.000001
0.859534 0.000000 0.000004 0.000002 0.000016 0.133516 0.006928 0.021436 0.000049 0.000461 1.629753 2.656477 0.000001
0.859753 0.000000 0.000004 0.000001 0.000015 0.133300 0.006928 0.021436 0.000049 0.000461 1.629753 2.656477 0.000001
0.859965 0.000000 0.000003 0.000001 0.000015 0.133088 0.006928 0.021436 0.000049 0.000461 1.629753 2.656477 0.000001
0.860161 0.000000 0.000003 0.000001 0.000014 0.132892 0.006929 0.021436 0.000049 0.000461 1.629753 2.656477 0.000001
0.860354 0.000000 0.000003 0.000001 0.000012 0.132700 0.006930 0.021436 0.000049 0.000461 1.629753 2.656477 0.000001
0.860522 0.000000 0.000002 0.000001 0.000012 0.132533 0.006930 0.021436 0.000049 0.000461 1.629753 2.656477 0.000001
0.860682 0.000000 0.000002 0.000001 0.000012 0.132374 0.006931 0.021436 0.000049 0.000461 1.629753 2.656477 0.000001
0.860838 0.000000 0.000002 0.000001 0.000012 0.132217 0.006931 0.021436 0.000049 0.000461 1.629753 2.656477 0.000001
0.860977 0.000000 0.000002 0.000000 0.000011 0.132080 0.006931 0.021436 0.000049 0.000461 1.629753 2.656477 0.000001
0.861094 0.000000 0.000002 0.000000 0.000011 0.131963 0.006931 0.021436 0.000049 0.000461 1.629753 2.656477 0.000001
0.861210 0.000000 0.000002 0.000000 0.000011 0.131847 0.006931 0.021436 0.000049 0.000461 1.629753 2.656477 0.000001
0.861327 0.000000 0.000002 0.000000 0.000011 0.131730 0.006931 0.021436 0.000049 0.000461 1.629753 2.656477 0.000001
0.861445 0.000000 0.000001 0.000000 0.000010 0.131613 0.006931 0.021436 0.000049 0.000461 1.629753 2.656477 0.000001
0.861538 0.000000 0.000001 0.000000 0.000008 0.131522 0.006932 0.021436 0.000049 0.000461 1.629753 2.656477 0.000002
0.861634 0.000000 0.000001 0.000000 0.000008 0.131426 0.006932 0.021436 0.000049 0.000461 1.629753 2.656477 0.000002
0.861713 0.000000 0.000001 0.000000 0.000007 0.131347 0.006932 0.021436 0.000049 0.000461 1.629753 2.656477 0.000002
0.861796 0.000000 0.000000 0.000000 0.000007 0.131264 0.006932 0.021436 0.000049 0.000461 1.629753 2.656477 0.000002
0.861854 0.000000 0.000000 0.000000 0.000006 0.131208 0.006932 0.021436 0.000049 0.000461 1.629753 2.656477 0.000002
0.861920 0.000000 0.000000 0.000000 0.000006 0.131142 0.006933 0.021436 0.000049 0.000461 1.629753 2.656477 0.000002
0.861961 0.000000 0.000000 0.000000 0.000006 0.131101 0.006933 0.021436 0.000049 0.000461 1.629753 2.656477 0.000002
0.862012 0.000000 0.000000 0.000000 0.000006 0.131050 0.006933 0.021436 0.000049 0.000461 1.629753 2.656477 0.000002
0.862067 0.000000 0.000000 0.000000 0.000006 0.130995 0.006933 0.021436 0.000049 0.000461 1.629753 2.656477 0.000002
0.862122 0.000000 0.000000 0.000000 0.000006 0.130939 0.006933 0.021436 0.000049 0.000461 1.629753 2.656477 0.000002
0.862161 0.000000 0.000000 0.000000 0.000006 0.130902 0.006933 0.021436 0.000049 0.000461 1.629753 2.656477 0.000002
0.862213 0.000000 0.000000 0.000000 0.000005 0.130849 0.006933 0.021436 0.000049 0.000461 1.629753 2.656477 0.000002
