0.346286 0.062881 0.055854 0.032136 0.002081 0.494778 0.005983 1.614439 2090.060723
0.347524 0.061611 0.056638 0.031267 0.002084 0.494868 0.006008 1.620597 2099.148628
0.350398 0.059035 0.057134 0.030330 0.002071 0.494991 0.006039 1.626490 2110.955141
0.354121 0.055786 0.057387 0.029471 0.002076 0.495092 0.006068 1.632191 2120.744236
0.358463 0.052287 0.057431 0.028525 0.002058 0.495137 0.006098 1.637514 2132.986170
0.363297 0.048809 0.057119 0.027616 0.002041 0.494992 0.006127 1.642435 2142.994923
0.368321 0.045403 0.056559 0.026718 0.002032 0.494815 0.006152 1.647027 2152.641678
0.373616 0.042054 0.055851 0.025817 0.002018 0.494465 0.006179 1.651376 2162.075463
0.378934 0.038907 0.054949 0.024925 0.002003 0.494079 0.006203 1.655363 2173.052945
0.384417 0.035913 0.053931 0.024035 0.001971 0.493504 0.006230 1.659066 2184.683444
0.389969 0.033175 0.052669 0.023135 0.001944 0.492851 0.006257 1.662439 2194.366022
0.395543 0.030620 0.051369 0.022197 0.001921 0.492065 0.006285 1.665530 2205.940018
0.401181 0.028154 0.049978 0.021321 0.001904 0.491152 0.006311 1.668478 2216.320768
0.406920 0.025967 0.048491 0.020450 0.001883 0.489955 0.006335 1.671111 2225.469568
0.412726 0.023942 0.046977 0.019586 0.001856 0.488553 0.006360 1.673536 2235.441608
0.418492 0.022055 0.045405 0.018743 0.001815 0.487107 0.006383 1.675802 2248.210573
0.424246 0.020315 0.043850 0.017918 0.001791 0.485473 0.006407 1.677883 2258.834769
0.430047 0.018689 0.042240 0.017116 0.001761 0.483716 0.006431 1.679813 2269.173568
0.435840 0.017221 0.040632 0.016388 0.001733 0.481734 0.006452 1.681584 2279.715004
0.441549 0.015884 0.038997 0.015615 0.001706 0.479777 0.006472 1.683202 2289.781350
0.447294 0.014662 0.037431 0.014898 0.001673 0.477547 0.006496 1.684685 2298.624176
0.452999 0.013504 0.035851 0.014206 0.001639 0.475284 0.006517 1.686075 2307.641733
0.458660 0.012460 0.034296 0.013534 0.001610 0.472902 0.006539 1.687344 2317.829293
0.464315 0.011512 0.032764 0.012851 0.001578 0.470422 0.006558 1.688510 2327.000073
0.469950 0.010630 0.031299 0.012197 0.001552 0.467794 0.006577 1.689592 2335.811018
0.475573 0.009806 0.029903 0.011574 0.001516 0.465034 0.006595 1.690603 2344.865525
0.481169 0.009076 0.028524 0.010989 0.001494 0.462133 0.006615 1.691507 2353.457318
0.486709 0.008409 0.027181 0.010446 0.001462 0.459158 0.006635 1.692350 2363.242937
0.492246 0.007771 0.025895 0.009906 0.001427 0.456099 0.006656 1.693149 2372.195001
0.497761 0.007193 0.024681 0.009420 0.001394 0.452876 0.006676 1.693894 2381.129131
0.503207 0.006678 0.023464 0.008920 0.001368 0.449671 0.006692 1.694562 2388.474722
0.508624 0.006201 0.022292 0.008478 0.001323 0.446373 0.006708 1.695176 2399.603121
0.514007 0.005759 0.021179 0.008041 0.001284 0.443002 0.006729 1.695769 2409.114497
0.519389 0.005343 0.020123 0.007617 0.001244 0.439539 0.006745 1.696314 2418.226521
0.524757 0.004964 0.019084 0.007214 0.001210 0.436011 0.006760 1.696817 2426.991951
0.530021 0.004609 0.018131 0.006836 0.001179 0.432449 0.006776 1.697299 2435.257589
0.535306 0.004287 0.017190 0.006488 0.001147 0.428790 0.006792 1.697735 2442.874724
0.540512 0.003997 0.016288 0.006130 0.001118 0.425148 0.006807 1.698142 2451.105609
0.545685 0.003730 0.015443 0.005802 0.001082 0.421433 0.006825 1.698523 2460.012373
0.550853 0.003485 0.014640 0.005492 0.001053 0.417639 0.006838 1.698867 2468.619885
0.555955 0.003257 0.013852 0.005202 0.001025 0.413855 0.006853 1.699196 2476.607510
0.560959 0.003021 0.013140 0.004911 0.000994 0.410107 0.006869 1.699528 2484.832696
0.566007 0.002817 0.012413 0.004644 0.000966 0.406272 0.006880 1.699817 2492.511054
0.570969 0.002640 0.011755 0.004406 0.000939 0.402398 0.006892 1.700085 2499.727597
0.575867 0.002492 0.011109 0.004160 0.000919 0.398551 0.006902 1.700321 2507.294318
0.580780 0.002338 0.010516 0.003929 0.000894 0.394630 0.006913 1.700556 2514.738964
0.585572 0.002198 0.009920 0.003711 0.000861 0.390810 0.006928 1.700770 2523.618680
0.590387 0.002069 0.009397 0.003498 0.000838 0.386873 0.006937 1.700975 2530.712801
0.595123 0.001947 0.008869 0.003307 0.000813 0.382994 0.006947 1.701171 2538.163389
0.599851 0.001855 0.008377 0.003130 0.000790 0.379038 0.006959 1.701345 2545.050089
0.604546 0.001731 0.007925 0.002968 0.000769 0.375090 0.006970 1.701527 2552.057541
0.609136 0.001636 0.007511 0.002804 0.000742 0.371191 0.006981 1.701689 2559.389117
0.613677 0.001538 0.007082 0.002655 0.000715 0.367344 0.006990 1.701847 2566.606521
0.618184 0.001440 0.006686 0.002511 0.000691 0.363490 0.006999 1.702000 2572.950671
0.622611 0.001353 0.006322 0.002371 0.000670 0.359665 0.007009 1.702141 2579.174409
0.627006 0.001279 0.005975 0.002228 0.000649 0.355846 0.007017 1.702267 2585.560262
0.631418 0.001209 0.005666 0.002102 0.000627 0.351952 0.007026 1.702389 2592.919798
0.635747 0.001141 0.005345 0.001984 0.000600 0.348146 0.007036 1.702506 2600.411671
0.640067 0.001079 0.005067 0.001876 0.000583 0.344286 0.007042 1.702615 2605.301319
0.644371 0.001023 0.004800 0.001778 0.000562 0.340415 0.007050 1.702716 2611.731015
0.648578 0.000960 0.004535 0.001684 0.000543 0.336642 0.007057 1.702822 2617.658811
0.652689 0.000923 0.004292 0.001590 0.000524 0.332919 0.007064 1.702911 2622.975800
0.656738 0.000878 0.004060 0.001501 0.000505 0.329245 0.007074 1.703003 2628.445007
0.660776 0.000834 0.003842 0.001416 0.000492 0.325561 0.007079 1.703091 2632.435103
0.664779 0.000797 0.003624 0.001339 0.000479 0.321898 0.007085 1.703170 2636.433354
0.668780 0.000754 0.003405 0.001267 0.000463 0.318239 0.007092 1.703249 2641.341544
0.672714 0.000716 0.003223 0.001202 0.000443 0.314601 0.007102 1.703321 2647.209399
0.676597 0.000684 0.003035 0.001131 0.000425 0.311018 0.007109 1.703382 2652.893144
0.680490 0.000654 0.002876 0.001068 0.000412 0.307384 0.007117 1.703446 2657.505883
0.684288 0.000630 0.002721 0.001014 0.000400 0.303827 0.007122 1.703502 2661.463585
0.688029 0.000602 0.002574 0.000959 0.000389 0.300322 0.007125 1.703561 2665.445354
0.691672 0.000577 0.002438 0.000905 0.000379 0.296899 0.007130 1.703615 2669.072129
0.695332 0.000547 0.002313 0.000852 0.000363 0.293455 0.007137 1.703673 2674.493096
0.698932 0.000520 0.002200 0.000815 0.000354 0.290038 0.007141 1.703729 2677.762553
0.702493 0.000502 0.002083 0.000775 0.000341 0.286662 0.007145 1.703778 2683.294248
0.706026 0.000484 0.001972 0.000730 0.000330 0.283309 0.007148 1.703825 2686.853179
0.709477 0.000465 0.001859 0.000693 0.000319 0.280034 0.007153 1.703867 2690.831743
0.712973 0.000447 0.001762 0.000652 0.000306 0.276703 0.007157 1.703909 2694.998023
0.716413 0.000431 0.001665 0.000618 0.000295 0.273417 0.007161 1.703949 2698.417015
0.719737 0.000416 0.001588 0.000580 0.000286 0.270227 0.007165 1.703984 2701.547228
0.723095 0.000400 0.001499 0.000553 0.000276 0.267009 0.007169 1.704020 2705.347239
0.726393 0.000379 0.001430 0.000523 0.000267 0.263835 0.007173 1.704063 2708.214420
0.729661 0.000363 0.001347 0.000495 0.000260 0.260698 0.007177 1.704098 2710.916713
0.732859 0.000350 0.001284 0.000466 0.000250 0.257610 0.007181 1.704133 2714.725984
0.736041 0.000338 0.001220 0.000438 0.000240 0.254538 0.007185 1.704166 2718.055783
0.739204 0.000323 0.001150 0.000415 0.000229 0.251490 0.007189 1.704196 2721.704317
0.742376 0.000311 0.001088 0.000390 0.000221 0.248421 0.007193 1.704228 2724.839495
0.745435 0.000299 0.001024 0.000374 0.000213 0.245459 0.007197 1.704258 2727.771050
0.748491 0.000284 0.000969 0.000357 0.000205 0.242496 0.007200 1.704288 2730.682222
0.751493 0.000274 0.000916 0.000338 0.000199 0.239577 0.007202 1.704311 2732.905490
0.754417 0.000264 0.000867 0.000319 0.000192 0.236738 0.007204 1.704336 2735.262116
0.757366 0.000253 0.000832 0.000305 0.000184 0.233853 0.007207 1.704364 2738.082225
0.760255 0.000236 0.000791 0.000294 0.000175 0.231038 0.007211 1.704394 2741.813783
0.763173 0.000231 0.000752 0.000277 0.000168 0.228186 0.007213 1.704418 2744.204170
0.765966 0.000225 0.000718 0.000267 0.000162 0.225447 0.007216 1.704439 2746.661721
0.768709 0.000219 0.000681 0.000254 0.000155 0.222765 0.007217 1.704458 2749.497261
0.771478 0.000209 0.000655 0.000240 0.000148 0.220051 0.007221 1.704481 2752.379279
0.774214 0.000203 0.000625 0.000233 0.000144 0.217358 0.007222 1.704500 2753.769885
0.776890 0.000197 0.000592 0.000223 0.000140 0.214732 0.007225 1.704518 2755.419627
0.779549 0.000189 0.000562 0.000218 0.000136 0.212121 0.007226 1.704537 2756.989994
0.782160 0.000182 0.000536 0.000206 0.000131 0.209558 0.007228 1.704554 2759.034997
0.784723 0.000179 0.000505 0.000197 0.000126 0.207040 0.007231 1.704570 2761.100912
0.787286 0.000169 0.000481 0.000192 0.000122 0.204520 0.007232 1.704588 2762.723932
0.789811 0.000163 0.000455 0.000184 0.000119 0.202035 0.007233 1.704605 2764.370406
0.792301 0.000155 0.000437 0.000179 0.000114 0.199580 0.007235 1.704624 2766.743385
0.794775 0.000154 0.000417 0.000170 0.000110 0.197139 0.007236 1.704637 2768.147638
0.797187 0.000146 0.000397 0.000163 0.000106 0.194763 0.007237 1.704652 2770.168322
0.799582 0.000141 0.000379 0.000156 0.000104 0.192400 0.007239 1.704665 2771.078061
0.801944 0.000133 0.000368 0.000147 0.000100 0.190068 0.007240 1.704681 2773.220114
0.804299 0.000127 0.000350 0.000139 0.000095 0.187747 0.007243 1.704694 2775.373706
0.806593 0.000123 0.000331 0.000132 0.000091 0.185487 0.007244 1.704704 2777.292082
0.808844 0.000121 0.000316 0.000128 0.000086 0.183259 0.007247 1.704715 2779.932983
0.811067 0.000117 0.000299 0.000122 0.000083 0.181064 0.007248 1.704726 2781.094802
0.813286 0.000113 0.000285 0.000117 0.000079 0.178869 0.007250 1.704737 2783.151169
0.815481 0.000112 0.000274 0.000110 0.000075 0.176696 0.007253 1.704745 2785.194077
0.817638 0.000109 0.000263 0.000108 0.000074 0.174555 0.007253 1.704754 2785.740179
0.819732 0.000105 0.000252 0.000104 0.000071 0.172481 0.007255 1.704763 2787.170848
0.821797 0.000103 0.000243 0.000099 0.000068 0.170434 0.007257 1.704773 2788.715233
0.823863 0.000099 0.000233 0.000094 0.000066 0.168388 0.007259 1.704782 2789.714145
0.825867 0.000097 0.000224 0.000091 0.000064 0.166396 0.007260 1.704790 2790.358608
0.827822 0.000095 0.000214 0.000086 0.000061 0.164461 0.007261 1.704800 2791.311098
0.829762 0.000092 0.000207 0.000082 0.000059 0.162535 0.007262 1.704808 2792.507059
0.831677 0.000090 0.000201 0.000077 0.000056 0.160636 0.007263 1.704817 2793.845585
0.833558 0.000088 0.000192 0.000073 0.000055 0.158771 0.007263 1.704825 2794.501359
0.835383 0.000082 0.000184 0.000071 0.000052 0.156963 0.007263 1.704835 2795.623047
0.837175 0.000083 0.000175 0.000067 0.000050 0.155185 0.007264 1.704841 2796.667253
0.838961 0.000076 0.000171 0.000064 0.000049 0.153413 0.007264 1.704850 2797.120239
0.840736 0.000073 0.000164 0.000062 0.000048 0.151651 0.007265 1.704857 2797.828952
0.842443 0.000070 0.000157 0.000061 0.000046 0.149957 0.007266 1.704865 2798.774229
0.844065 0.000066 0.000153 0.000059 0.000044 0.148347 0.007266 1.704872 2799.638590
0.845640 0.000060 0.000146 0.000057 0.000042 0.146787 0.007267 1.704880 2800.757067
0.847159 0.000056 0.000141 0.000055 0.000041 0.145280 0.007268 1.704888 2801.627768
0.848698 0.000055 0.000135 0.000052 0.000040 0.143750 0.007268 1.704893 2802.493457
0.850199 0.000055 0.000129 0.000050 0.000039 0.142259 0.007269 1.704898 2803.045177
0.851642 0.000052 0.000125 0.000048 0.000038 0.140827 0.007269 1.704905 2803.895696
0.853015 0.000050 0.000120 0.000046 0.000037 0.139463 0.007270 1.704911 2804.634269
0.854377 0.000050 0.000114 0.000044 0.000035 0.138109 0.007270 1.704915 2805.280530
0.855688 0.000050 0.000110 0.000042 0.000035 0.136804 0.007270 1.704920 2805.819633
0.856972 0.000049 0.000106 0.000041 0.000034 0.135527 0.007270 1.704924 2806.018169
0.858211 0.000047 0.000101 0.000041 0.000033 0.134297 0.007271 1.704928 2806.994608
0.859428 0.000045 0.000095 0.000037 0.000031 0.133092 0.007272 1.704932 2807.976249
0.860569 0.000041 0.000092 0.000035 0.000030 0.131961 0.007272 1.704937 2808.391693
0.861679 0.000040 0.000088 0.000034 0.000030 0.130857 0.007272 1.704941 2808.575962
0.862721 0.000039 0.000083 0.000033 0.000029 0.129822 0.007272 1.704945 2809.283121
0.863745 0.000037 0.000079 0.000032 0.000028 0.128805 0.007272 1.704948 2809.881694
0.864757 0.000035 0.000077 0.000031 0.000027 0.127799 0.007272 1.704952 2810.733671
0.865731 0.000034 0.000076 0.000030 0.000026 0.126830 0.007273 1.704956 2811.088124
0.866661 0.000034 0.000073 0.000028 0.000025 0.125904 0.007273 1.704959 2811.918310
0.867570 0.000034 0.000072 0.000027 0.000024 0.125000 0.007273 1.704962 2812.560058
0.868439 0.000031 0.000069 0.000026 0.000023 0.124138 0.007273 1.704965 2812.786417
0.869286 0.000031 0.000065 0.000026 0.000022 0.123296 0.007273 1.704968 2813.545965
0.870118 0.000029 0.000062 0.000025 0.000022 0.122469 0.007274 1.704972 2813.874134
0.870911 0.000029 0.000059 0.000022 0.000022 0.121683 0.007274 1.704974 2814.459733
0.871645 0.000028 0.000058 0.000021 0.000021 0.120952 0.007274 1.704977 2814.844979
0.872389 0.000028 0.000056 0.000020 0.000020 0.120211 0.007275 1.704980 2815.547230
0.873104 0.000029 0.000054 0.000020 0.000019 0.119499 0.007275 1.704981 2816.296179
0.873774 0.000028 0.000052 0.000020 0.000018 0.118833 0.007275 1.704985 2816.784385
0.874419 0.000028 0.000051 0.000020 0.000017 0.118190 0.007276 1.704988 2817.344296
0.875021 0.000027 0.000048 0.000020 0.000016 0.117591 0.007276 1.704990 2817.826406
0.875610 0.000025 0.000047 0.000020 0.000016 0.117005 0.007276 1.704994 2818.196902
0.876173 0.000025 0.000045 0.000019 0.000015 0.116445 0.007277 1.704995 2818.615215
0.876694 0.000024 0.000041 0.000019 0.000015 0.115930 0.007277 1.704997 2818.958178
0.877198 0.000023 0.000041 0.000017 0.000014 0.115429 0.007277 1.704999 2819.488920
0.877655 0.000022 0.000038 0.000016 0.000013 0.114977 0.007278 1.705000 2819.860241
0.878083 0.000021 0.000036 0.000016 0.000012 0.114553 0.007278 1.705003 2820.096544
0.878485 0.000022 0.000034 0.000015 0.000011 0.114154 0.007278 1.705004 2820.508679
0.878872 0.000022 0.000034 0.000014 0.000011 0.113769 0.007279 1.705006 2820.981691
0.879264 0.000020 0.000032 0.000013 0.000010 0.113381 0.007279 1.705008 2821.385223
0.879611 0.000020 0.000031 0.000012 0.000010 0.113037 0.007279 1.705010 2821.536362
0.879943 0.000020 0.000030 0.000012 0.000009 0.112707 0.007279 1.705011 2822.039832
0.880262 0.000019 0.000029 0.000012 0.000009 0.112391 0.007279 1.705013 2822.478841
0.880565 0.000019 0.000028 0.000011 0.000008 0.112089 0.007279 1.705015 2822.852070
0.880839 0.000018 0.000028 0.000012 0.000008 0.111816 0.007279 1.705017 2823.082265
0.881097 0.000019 0.000026 0.000010 0.000008 0.111560 0.007279 1.705018 2823.087104
0.881346 0.000018 0.000027 0.000010 0.000007 0.111312 0.007279 1.705021 2823.471417
0.881591 0.000019 0.000026 0.000009 0.000007 0.111068 0.007279 1.705022 2823.587457
0.881815 0.000018 0.000026 0.000008 0.000007 0.110846 0.007279 1.705024 2823.641642
0.882042 0.000018 0.000024 0.000008 0.000007 0.110621 0.007279 1.705025 2823.641642
0.882246 0.000016 0.000024 0.000008 0.000006 0.110419 0.007279 1.705027 2823.873481
0.882441 0.000016 0.000022 0.000009 0.000006 0.110227 0.007280 1.705029 2824.162179
0.882618 0.000015 0.000022 0.000009 0.000006 0.110051 0.007280 1.705031 2824.308085
0.882807 0.000013 0.000022 0.000009 0.000005 0.109864 0.007280 1.705033 2824.406655
0.882990 0.000012 0.000020 0.000009 0.000005 0.109683 0.007280 1.705035 2824.406655
0.883165 0.000012 0.000020 0.000008 0.000005 0.109509 0.007280 1.705036 2824.406655
0.883336 0.000011 0.000020 0.000008 0.000005 0.109340 0.007280 1.705038 2824.406655
0.883490 0.000011 0.000019 0.000008 0.000005 0.109188 0.007280 1.705039 2824.406655
0.883644 0.000012 0.000018 0.000007 0.000005 0.109033 0.007280 1.705040 2824.406655
0.883784 0.000010 0.000019 0.000007 0.000005 0.108895 0.007280 1.705042 2824.585045
0.883922 0.000010 0.000018 0.000006 0.000005 0.108758 0.007280 1.705042 2824.585045
0.884065 0.000009 0.000016 0.000007 0.000005 0.108617 0.007280 1.705043 2824.585045
0.884211 0.000009 0.000016 0.000008 0.000005 0.108472 0.007281 1.705045 2824.866620
0.884327 0.000008 0.000016 0.000007 0.000004 0.108357 0.007281 1.705046 2825.162132
0.884446 0.000006 0.000016 0.000007 0.000004 0.108240 0.007281 1.705047 2825.188835
0.884557 0.000005 0.000015 0.000007 0.000004 0.108130 0.007281 1.705048 2825.188835
0.884663 0.000005 0.000015 0.000007 0.000003 0.108026 0.007281 1.705049 2825.289669
0.884771 0.000006 0.000013 0.000006 0.000003 0.107919 0.007281 1.705049 2825.289669
0.884870 0.000007 0.000013 0.000005 0.000003 0.107821 0.007281 1.705050 2825.440051
0.884962 0.000007 0.000013 0.000005 0.000003 0.107730 0.007282 1.705050 2825.913963
0.885052 0.000006 0.000013 0.000005 0.000002 0.107640 0.007282 1.705051 2826.170211
0.885151 0.000007 0.000012 0.000006 0.000002 0.107541 0.007282 1.705051 2826.170211
0.885239 0.000007 0.000010 0.000006 0.000002 0.107454 0.007282 1.705052 2826.170211
0.885326 0.000007 0.000009 0.000005 0.000002 0.107369 0.007282 1.705052 2826.419608
0.885409 0.000007 0.000009 0.000004 0.000002 0.107286 0.007282 1.705053 2826.419608
0.885491 0.000006 0.000010 0.000004 0.000002 0.107205 0.007282 1.705053 2826.419608
0.885566 0.000006 0.000009 0.000005 0.000002 0.107130 0.007282 1.705054 2826.419608
0.885636 0.000007 0.000009 0.000004 0.000002 0.107060 0.007282 1.705054 2826.668588
0.885700 0.000005 0.000010 0.000005 0.000002 0.106996 0.007282 1.705056 2826.668588
0.885761 0.000005 0.000010 0.000005 0.000002 0.106936 0.007282 1.705056 2826.668588
0.885817 0.000005 0.000010 0.000004 0.000002 0.106880 0.007282 1.705057 2826.668588
0.885881 0.000004 0.000010 0.000005 0.000002 0.106818 0.007282 1.705058 2826.668588
0.885941 0.000004 0.000008 0.000005 0.000002 0.106759 0.007282 1.705058 2826.668588
0.886001 0.000004 0.000008 0.000004 0.000001 0.106699 0.007282 1.705059 2826.915272
0.886052 0.000004 0.000008 0.000004 0.000001 0.106649 0.007282 1.705059 2826.915272
0.886101 0.000004 0.000008 0.000004 0.000001 0.106600 0.007282 1.705060 2826.915272
0.886152 0.000004 0.000008 0.000005 0.000001 0.106548 0.007282 1.705060 2826.915272
0.886207 0.000004 0.000007 0.000005 0.000001 0.106494 0.007282 1.705060 2826.915272
0.886261 0.000003 0.000007 0.000005 0.000001 0.106441 0.007282 1.705060 2826.915272
0.886311 0.000003 0.000007 0.000004 0.000001 0.106391 0.007282 1.705062 2826.915272
0.886357 0.000002 0.000007 0.000004 0.000001 0.106346 0.007282 1.705062 2826.915272
0.886397 0.000002 0.000007 0.000004 0.000001 0.106306 0.007282 1.705062 2827.127354
0.886435 0.000003 0.000007 0.000004 0.000001 0.106269 0.007282 1.705062 2827.127354
0.886472 0.000003 0.000007 0.000004 0.000001 0.106231 0.007282 1.705063 2827.127354
0.886510 0.000003 0.000006 0.000004 0.000001 0.106194 0.007282 1.705063 2827.127354
0.886548 0.000003 0.000006 0.000003 0.000001 0.106157 0.007283 1.705064 2827.267242
0.886581 0.000003 0.000005 0.000003 0.000001 0.106125 0.007283 1.705064 2827.267242
0.886613 0.000003 0.000005 0.000003 0.000001 0.106094 0.007283 1.705064 2827.267242
0.886637 0.000003 0.000004 0.000003 0.000001 0.106069 0.007283 1.705064 2827.267242
0.886665 0.000003 0.000005 0.000003 0.000001 0.106042 0.007283 1.705064 2827.267242
0.886690 0.000003 0.000004 0.000003 0.000001 0.106017 0.007283 1.705065 2827.267242
0.886717 0.000002 0.000004 0.000002 0.000000 0.105991 0.007283 1.705065 2827.523498
0.886742 0.000003 0.000004 0.000002 0.000001 0.105966 0.007283 1.705065 2827.523498
0.886772 0.000002 0.000004 0.000002 0.000001 0.105936 0.007283 1.705066 2827.523498
0.886793 0.000001 0.000005 0.000002 0.000001 0.105915 0.007283 1.705067 2827.523498
0.886816 0.000001 0.000005 0.000002 0.000001 0.105892 0.007283 1.705067 2827.523498
0.886839 0.000001 0.000005 0.000002 0.000001 0.105870 0.007283 1.705067 2827.523498
0.886861 0.000001 0.000004 0.000002 0.000001 0.105848 0.007283 1.705067 2827.523498
0.886881 0.000001 0.000004 0.000001 0.000001 0.105829 0.007283 1.705067 2827.523498
0.886899 0.000002 0.000003 0.000001 0.000001 0.105812 0.007283 1.705067 2827.523498
0.886915 0.000001 0.000003 0.000001 0.000001 0.105796 0.007283 1.705067 2827.523498
0.886928 0.000001 0.000003 0.000001 0.000001 0.105783 0.007283 1.705067 2827.523498
0.886943 0.000001 0.000003 0.000000 0.000001 0.105769 0.007283 1.705067 2827.523498
0.886957 0.000002 0.000002 0.000000 0.000001 0.105755 0.007283 1.705067 2827.523498
0.886971 0.000002 0.000002 0.000000 0.000001 0.105741 0.007283 1.705067 2827.523498
0.886984 0.000002 0.000002 0.000000 0.000001 0.105728 0.007283 1.705067 2827.523498
0.886999 0.000002 0.000002 0.000000 0.000001 0.105713 0.007283 1.705067 2827.523498
0.887014 0.000002 0.000002 0.000000 0.000001 0.105699 0.007283 1.705067 2827.523498
0.887026 0.000002 0.000002 0.000000 0.000001 0.105686 0.007283 1.705067 2827.523498
0.887038 0.000001 0.000002 0.000000 0.000001 0.105675 0.007283 1.705068 2827.523498
0.887048 0.000001 0.000002 0.000000 0.000000 0.105665 0.007283 1.705068 2827.546741
0.887057 0.000001 0.000001 0.000000 0.000000 0.105657 0.007283 1.705068 2827.546741
0.887068 0.000002 0.000001 0.000000 0.000000 0.105646 0.007283 1.705068 2827.546741
0.887074 0.000001 0.000001 0.000000 0.000000 0.105641 0.007283 1.705068 2827.546741
0.887081 0.000001 0.000001 0.000000 0.000000 0.105633 0.007283 1.705068 2827.546741
0.887088 0.000001 0.000001 0.000000 0.000000 0.105627 0.007283 1.705068 2827.546741
0.887095 0.000001 0.000001 0.000000 0.000000 0.105620 0.007283 1.705068 2827.546741
0.887103 0.000001 0.000000 0.000000 0.000000 0.105612 0.007283 1.705068 2827.546741
0.887108 0.000001 0.000000 0.000000 0.000000 0.105606 0.007283 1.705068 2827.546741
0.887114 0.000001 0.000000 0.000000 0.000000 0.105600 0.007283 1.705068 2827.546741
0.887121 0.000001 0.000001 0.000000 0.000000 0.105594 0.007283 1.705068 2827.546741
0.887125 0.000001 0.000001 0.000000 0.000000 0.105590 0.007283 1.705068 2827.546741
0.887133 0.000001 0.000001 0.000000 0.000000 0.105582 0.007283 1.705068 2827.546741
0.887141 0.000001 0.000001 0.000000 0.000000 0.105574 0.007283 1.705069 2827.546741
0.887149 0.000001 0.000001 0.000000 0.000000 0.105566 0.007283 1.705069 2827.546741
0.887153 0.000001 0.000001 0.000000 0.000000 0.105562 0.007283 1.705069 2827.546741
0.887160 0.000001 0.000001 0.000000 0.000000 0.105555 0.007283 1.705069 2827.546741
0.887166 0.000000 0.000001 0.000000 0.000000 0.105549 0.007283 1.705069 2827.855637
0.887174 0.000000 0.000001 0.000000 0.000000 0.105541 0.007283 1.705069 2827.855637
0.887179 0.000000 0.000001 0.000000 0.000000 0.105536 0.007283 1.705069 2827.855637
0.887184 0.000000 0.000001 0.000000 0.000000 0.105531 0.007283 1.705069 2827.855637
0.887191 0.000000 0.000001 0.000000 0.000000 0.105524 0.007283 1.705069 2827.855637
0.887196 0.000000 0.000001 0.000000 0.000000 0.105519 0.007283 1.705069 2827.855637
0.887201 0.000000 0.000001 0.000000 0.000000 0.105514 0.007283 1.705069 2827.855637
0.887204 0.000000 0.000001 0.000000 0.000000 0.105511 0.007283 1.705069 2827.855637
0.887209 0.000000 0.000000 0.000000 0.000000 0.105507 0.007283 1.705069 2827.855637
0.887215 0.000000 0.000000 0.000000 0.000000 0.105500 0.007283 1.705069 2827.855637
0.887220 0.000000 0.000000 0.000000 0.000000 0.105496 0.007283 1.705069 2827.855637
0.887223 0.000000 0.000000 0.000000 0.000000 0.105492 0.007283 1.705069 2827.855637
0.887227 0.000000 0.000001 0.000000 0.000000 0.105489 0.007283 1.705069 2828.033512
0.887229 0.000000 0.000001 0.000000 0.000000 0.105486 0.007283 1.705069 2828.033512
0.887232 0.000000 0.000000 0.000000 0.000000 0.105484 0.007283 1.705069 2828.033512
0.887234 0.000000 0.000000 0.000000 0.000000 0.105482 0.007283 1.705069 2828.033512
0.887237 0.000000 0.000000 0.000000 0.000000 0.105479 0.007283 1.705069 2828.033512
0.887239 0.000000 0.000000 0.000000 0.000000 0.105477 0.007283 1.705069 2828.033512
0.887242 0.000000 0.000000 0.000000 0.000000 0.105474 0.007283 1.705069 2828.033512
0.887243 0.000000 0.000000 0.000000 0.000000 0.105473 0.007283 1.705069 2828.033512
0.887244 0.000000 0.000000 0.000000 0.000000 0.105472 0.007283 1.705069 2828.033512
0.887246 0.000000 0.000000 0.000000 0.000000 0.105470 0.007283 1.705069 2828.033512
0.887247 0.000000 0.000000 0.000000 0.000000 0.105469 0.007283 1.705069 2828.033512
0.887248 0.000000 0.000000 0.000000 0.000000 0.105468 0.007283 1.705069 2828.033512
0.887248 0.000000 0.000000 0.000000 0.000000 0.105468 0.007283 1.705069 2828.033512
0.887250 0.000000 0.000000 0.000000 0.000000 0.105466 0.007283 1.705069 2828.033512
0.887252 0.000000 0.000000 0.000000 0.000000 0.105464 0.007283 1.705069 2828.033512
0.887253 0.000000 0.000000 0.000000 0.000000 0.105463 0.007283 1.705069 2828.033512
0.887254 0.000000 0.000000 0.000000 0.000000 0.105462 0.007283 1.705069 2828.033512
0.887254 0.000000 0.000000 0.000000 0.000000 0.105462 0.007283 1.705069 2828.033512
0.887255 0.000000 0.000000 0.000000 0.000000 0.105461 0.007283 1.705069 2828.033512
0.887256 0.000000 0.000000 0.000000 0.000000 0.105461 0.007283 1.705069 2828.033512
0.887256 0.000000 0.000000 0.000000 0.000000 0.105460 0.007283 1.705069 2828.033512
0.887257 0.000000 0.000000 0.000000 0.000000 0.105459 0.007283 1.705069 2828.033512
0.887258 0.000000 0.000000 0.000000 0.000000 0.105459 0.007283 1.705069 2828.033512
0.887259 0.000000 0.000000 0.000000 0.000000 0.105458 0.007283 1.705069 2828.033512
0.887259 0.000000 0.000000 0.000000 0.000000 0.105457 0.007283 1.705069 2828.033512
0.887260 0.000000 0.000000 0.000000 0.000000 0.105457 0.007283 1.705069 2828.033512
0.887260 0.000000 0.000000 0.000000 0.000000 0.105457 0.007283 1.705069 2828.033512
0.887260 0.000000 0.000000 0.000000 0.000000 0.105457 0.007283 1.705069 2828.033512
0.887260 0.000000 0.000000 0.000000 0.000000 0.105457 0.007283 1.705069 2828.033512
0.887260 0.000000 0.000000 0.000000 0.000000 0.105457 0.007283 1.705069 2828.033512
0.887260 0.000000 0.000000 0.000000 0.000000 0.105457 0.007283 1.705069 2828.033512
0.887260 0.000000 0.000000 0.000000 0.000000 0.105457 0.007283 1.705069 2828.033512
0.887260 0.000000 0.000000 0.000000 0.000000 0.105457 0.007283 1.705069 2828.033512
0.887260 0.000000 0.000000 0.000000 0.000000 0.105457 0.007283 1.705069 2828.033512
0.887260 0.000000 0.000000 0.000000 0.000000 0.105457 0.007283 1.705069 2828.033512
0.887260 0.000000 0.000000 0.000000 0.000000 0.105457 0.007283 1.705069 2828.033512
0.887260 0.000000 0.000000 0.000000 0.000000 0.105457 0.007283 1.705069 2828.033512
0.887260 0.000000 0.000000 0.000000 0.000000 0.105457 0.007283 1.705069 2828.033512
0.887260 0.000000 0.000000 0.000000 0.000000 0.105457 0.007283 1.705069 2828.033512
0.887260 0.000000 0.000000 0.000000 0.000000 0.105457 0.007283 1.705069 2828.033512
0.887260 0.000000 0.000000 0.000000 0.000000 0.105457 0.007283 1.705069 2828.033512
0.887260 0.000000 0.000000 0.000000 0.000000 0.105457 0.007283 1.705069 2828.033512
0.887260 0.000000 0.000000 0.000000 0.000000 0.105457 0.007283 1.705069 2828.033512
0.887260 0.000000 0.000000 0.000000 0.000000 0.105457 0.007283 1.705069 2828.033512
0.887260 0.000000 0.000000 0.000000 0.000000 0.105457 0.007283 1.705069 2828.033512
0.887260 0.000000 0.000000 0.000000 0.000000 0.105457 0.007283 1.705069 2828.033512
0.887260 0.000000 0.000000 0.000000 0.000000 0.105457 0.007283 1.705069 2828.033512
0.887260 0.000000 0.000000 0.000000 0.000000 0.105457 0.007283 1.705069 2828.033512
0.887260 0.000000 0.000000 0.000000 0.000000 0.105457 0.007283 1.705069 2828.033512
0.887260 0.000000 0.000000 0.000000 0.000000 0.105457 0.007283 1.705069 2828.033512
0.887260 0.000000 0.000000 0.000000 0.000000 0.105457 0.007283 1.705069 2828.033512
0.887260 0.000000 0.000000 0.000000 0.000000 0.105457 0.007283 1.705069 2828.033512
0.887260 0.000000 0.000000 0.000000 0.000000 0.105457 0.007283 1.705069 2828.033512
0.887260 0.000000 0.000000 0.000000 0.000000 0.105457 0.007283 1.705069 2828.033512
0.887260 0.000000 0.000000 0.000000 0.000000 0.105457 0.007283 1.705069 2828.033512
0.887260 0.000000 0.000000 0.000000 0.000000 0.105457 0.007283 1.705069 2828.033512
0.887260 0.000000 0.000000 0.000000 0.000000 0.105457 0.007283 1.705069 2828.033512
0.887260 0.000000 0.000000 0.000000 0.000000 0.105457 0.007283 1.705069 2828.033512
0.887260 0.000000 0.000000 0.000000 0.000000 0.105457 0.007283 1.705069 2828.033512
0.887260 0.000000 0.000000 0.000000 0.000000 0.105457 0.007283 1.705069 2828.033512
0.887260 0.000000 0.000000 0.000000 0.000000 0.105457 0.007283 1.705069 2828.033512
0.887260 0.000000 0.000000 0.000000 0.000000 0.105457 0.007283 1.705069 2828.033512
0.887260 0.000000 0.000000 0.000000 0.000000 0.105457 0.007283 1.705069 2828.033512
0.887260 0.000000 0.000000 0.000000 0.000000 0.105457 0.007283 1.705069 2828.033512
0.887260 0.000000 0.000000 0.000000 0.000000 0.105457 0.007283 1.705069 2828.033512
0.887260 0.000000 0.000000 0.000000 0.000000 0.105457 0.007283 1.705069 2828.033512
0.887260 0.000000 0.000000 0.000000 0.000000 0.105457 0.007283 1.705069 2828.033512
0.887260 0.000000 0.000000 0.000000 0.000000 0.105457 0.007283 1.705069 2828.033512
0.887260 0.000000 0.000000 0.000000 0.000000 0.105457 0.007283 1.705069 2828.033512
0.887260 0.000000 0.000000 0.000000 0.000000 0.105457 0.007283 1.705069 2828.033512
0.887260 0.000000 0.000000 0.000000 0.000000 0.105457 0.007283 1.705069 2828.033512
0.887260 0.000000 0.000000 0.000000 0.000000 0.105457 0.007283 1.705069 2828.033512
0.887260 0.000000 0.000000 0.000000 0.000000 0.105457 0.007283 1.705069 2828.033512
0.887260 0.000000 0.000000 0.000000 0.000000 0.105457 0.007283 1.705069 2828.033512
0.887260 0.000000 0.000000 0.000000 0.000000 0.105457 0.007283 1.705069 2828.033512
0.887260 0.000000 0.000000 0.000000 0.000000 0.105457 0.007283 1.705069 2828.033512
0.887260 0.000000 0.000000 0.000000 0.000000 0.105457 0.007283 1.705069 2828.033512
0.887260 0.000000 0.000000 0.000000 0.000000 0.105457 0.007283 1.705069 2828.033512
0.887260 0.000000 0.000000 0.000000 0.000000 0.105457 0.007283 1.705069 2828.033512
0.887260 0.000000 0.000000 0.000000 0.000000 0.105457 0.007283 1.705069 2828.033512
0.887260 0.000000 0.000000 0.000000 0.000000 0.105457 0.007283 1.705069 2828.033512
0.887260 0.000000 0.000000 0.000000 0.000000 0.105457 0.007283 1.705069 2828.033512
0.887260 0.000000 0.000000 0.000000 0.000000 0.105457 0.007283 1.705069 2828.033512
0.887260 0.000000 0.000000 0.000000 0.000000 0.105457 0.007283 1.705069 2828.033512
0.887260 0.000000 0.000000 0.000000 0.000000 0.105457 0.007283 1.705069 2828.033512
0.887260 0.000000 0.000000 0.000000 0.000000 0.105457 0.007283 1.705069 2828.033512
0.887260 0.000000 0.000000 0.000000 0.000000 0.105457 0.007283 1.705069 2828.033512
0.887260 0.000000 0.000000 0.000000 0.000000 0.105457 0.007283 1.705069 2828.033512
0.887260 0.000000 0.000000 0.000000 0.000000 0.105457 0.007283 1.705069 2828.033512
0.887260 0.000000 0.000000 0.000000 0.000000 0.105457 0.007283 1.705069 2828.033512
0.887260 0.000000 0.000000 0.000000 0.000000 0.105457 0.007283 1.705069 2828.033512
0.887260 0.000000 0.000000 0.000000 0.000000 0.105457 0.007283 1.705069 2828.033512
0.887260 0.000000 0.000000 0.000000 0.000000 0.105457 0.007283 1.705069 2828.033512
0.887260 0.000000 0.000000 0.000000 0.000000 0.105457 0.007283 1.705069 2828.033512
0.887260 0.000000 0.000000 0.000000 0.000000 0.105457 0.007283 1.705069 2828.033512
0.887260 0.000000 0.000000 0.000000 0.000000 0.105457 0.007283 1.705069 2828.033512
0.887260 0.000000 0.000000 0.000000 0.000000 0.105457 0.007283 1.705069 2828.033512
0.887260 0.000000 0.000000 0.000000 0.000000 0.105457 0.007283 1.705069 2828.033512
0.887260 0.000000 0.000000 0.000000 0.000000 0.105457 0.007283 1.705069 2828.033512
0.887260 0.000000 0.000000 0.000000 0.000000 0.105457 0.007283 1.705069 2828.033512
0.887260 0.000000 0.000000 0.000000 0.000000 0.105457 0.007283 1.705069 2828.033512
0.887260 0.000000 0.000000 0.000000 0.000000 0.105457 0.007283 1.705069 2828.033512
0.887260 0.000000 0.000000 0.000000 0.000000 0.105457 0.007283 1.705069 2828.033512
0.887260 0.000000 0.000000 0.000000 0.000000 0.105457 0.007283 1.705069 2828.033512
0.887260 0.000000 0.000000 0.000000 0.000000 0.105457 0.007283 1.705069 2828.033512
0.887260 0.000000 0.000000 0.000000 0.000000 0.105457 0.007283 1.705069 2828.033512
0.887260 0.000000 0.000000 0.000000 0.000000 0.105457 0.007283 1.705069 2828.033512
0.887260 0.000000 0.000000 0.000000 0.000000 0.105457 0.007283 1.705069 2828.033512
0.887260 0.000000 0.000000 0.000000 0.000000 0.105457 0.007283 1.705069 2828.033512
0.887260 0.000000 0.000000 0.000000 0.000000 0.105457 0.007283 1.705069 2828.033512
0.887260 0.000000 0.000000 0.000000 0.000000 0.105457 0.007283 1.705069 2828.033512
0.887260 0.000000 0.000000 0.000000 0.000000 0.105457 0.007283 1.705069 2828.033512
0.887260 0.000000 0.000000 0.000000 0.000000 0.105457 0.007283 1.705069 2828.033512
0.887260 0.000000 0.000000 0.000000 0.000000 0.105457 0.007283 1.705069 2828.033512
0.887260 0.000000 0.000000 0.000000 0.000000 0.105457 0.007283 1.705069 2828.033512
0.887260 0.000000 0.000000 0.000000 0.000000 0.105457 0.007283 1.705069 2828.033512
0.887260 0.000000 0.000000 0.000000 0.000000 0.105457 0.007283 1.705069 2828.033512
0.887260 0.000000 0.000000 0.000000 0.000000 0.105457 0.007283 1.705069 2828.033512
0.887260 0.000000 0.000000 0.000000 0.000000 0.105457 0.007283 1.705069 2828.033512
0.887260 0.000000 0.000000 0.000000 0.000000 0.105457 0.007283 1.705069 2828.033512
0.887260 0.000000 0.000000 0.000000 0.000000 0.105457 0.007283 1.705069 2828.033512
0.887260 0.000000 0.000000 0.000000 0.000000 0.105457 0.007283 1.705069 2828.033512
0.887260 0.000000 0.000000 0.000000 0.000000 0.105457 0.007283 1.705069 2828.033512
0.887260 0.000000 0.000000 0.000000 0.000000 0.105457 0.007283 1.705069 2828.033512
0.887260 0.000000 0.000000 0.000000 0.000000 0.105457 0.007283 1.705069 2828.033512
0.887260 0.000000 0.000000 0.000000 0.000000 0.105457 0.007283 1.705069 2828.033512
0.887260 0.000000 0.000000 0.000000 0.000000 0.105457 0.007283 1.705069 2828.033512
0.887260 0.000000 0.000000 0.000000 0.000000 0.105457 0.007283 1.705069 2828.033512
0.887260 0.000000 0.000000 0.000000 0.000000 0.105457 0.007283 1.705069 2828.033512
0.887260 0.000000 0.000000 0.000000 0.000000 0.105457 0.007283 1.705069 2828.033512
0.887260 0.000000 0.000000 0.000000 0.000000 0.105457 0.007283 1.705069 2828.033512
0.887260 0.000000 0.000000 0.000000 0.000000 0.105457 0.007283 1.705069 2828.033512
0.887260 0.000000 0.000000 0.000000 0.000000 0.105457 0.007283 1.705069 2828.033512
0.887260 0.000000 0.000000 0.000000 0.000000 0.105457 0.007283 1.705069 2828.033512
0.887260 0.000000 0.000000 0.000000 0.000000 0.105457 0.007283 1.705069 2828.033512
0.887260 0.000000 0.000000 0.000000 0.000000 0.105457 0.007283 1.705069 2828.033512
0.887260 0.000000 0.000000 0.000000 0.000000 0.105457 0.007283 1.705069 2828.033512
0.887260 0.000000 0.000000 0.000000 0.000000 0.105457 0.007283 1.705069 2828.033512
0.887260 0.000000 0.000000 0.000000 0.000000 0.105457 0.007283 1.705069 2828.033512
0.887260 0.000000 0.000000 0.000000 0.000000 0.105457 0.007283 1.705069 2828.033512
0.887260 0.000000 0.000000 0.000000 0.000000 0.105457 0.007283 1.705069 2828.033512
0.887260 0.000000 0.000000 0.000000 0.000000 0.105457 0.007283 1.705069 2828.033512
0.887260 0.000000 0.000000 0.000000 0.000000 0.105457 0.007283 1.705069 2828.033512
0.887260 0.000000 0.000000 0.000000 0.000000 0.105457 0.007283 1.705069 2828.033512
0.887260 0.000000 0.000000 0.000000 0.000000 0.105457 0.007283 1.705069 2828.033512
0.887260 0.000000 0.000000 0.000000 0.000000 0.105457 0.007283 1.705069 2828.033512
0.887260 0.000000 0.000000 0.000000 0.000000 0.105457 0.007283 1.705069 2828.033512
0.887260 0.000000 0.000000 0.000000 0.000000 0.105457 0.007283 1.705069 2828.033512
0.887260 0.000000 0.000000 0.000000 0.000000 0.105457 0.007283 1.705069 2828.033512
0.887260 0.000000 0.000000 0.000000 0.000000 0.105457 0.007283 1.705069 2828.033512
0.887260 0.000000 0.000000 0.000000 0.000000 0.105457 0.007283 1.705069 2828.033512
0.887260 0.000000 0.000000 0.000000 0.000000 0.105457 0.007283 1.705069 2828.033512
0.887260 0.000000 0.000000 0.000000 0.000000 0.105457 0.007283 1.705069 2828.033512
0.887260 0.000000 0.000000 0.000000 0.000000 0.105457 0.007283 1.705069 2828.033512
0.887260 0.000000 0.000000 0.000000 0.000000 0.105457 0.007283 1.705069 2828.033512
0.887260 0.000000 0.000000 0.000000 0.000000 0.105457 0.007283 1.705069 2828.033512
0.887260 0.000000 0.000000 0.000000 0.000000 0.105457 0.007283 1.705069 2828.033512
0.887260 0.000000 0.000000 0.000000 0.000000 0.105457 0.007283 1.705069 2828.033512
0.887260 0.000000 0.000000 0.000000 0.000000 0.105457 0.007283 1.705069 2828.033512
0.887260 0.000000 0.000000 0.000000 0.000000 0.105457 0.007283 1.705069 2828.033512
0.887260 0.000000 0.000000 0.000000 0.000000 0.105457 0.007283 1.705069 2828.033512
0.887260 0.000000 0.000000 0.000000 0.000000 0.105457 0.007283 1.705069 2828.033512
0.887260 0.000000 0.000000 0.000000 0.000000 0.105457 0.007283 1.705069 2828.033512
0.887260 0.000000 0.000000 0.000000 0.000000 0.105457 0.007283 1.705069 2828.033512
0.887260 0.000000 0.000000 0.000000 0.000000 0.105457 0.007283 1.705069 2828.033512
0.887260 0.000000 0.000000 0.000000 0.000000 0.105457 0.007283 1.705069 2828.033512
0.887260 0.000000 0.000000 0.000000 0.000000 0.105457 0.007283 1.705069 2828.033512
0.887260 0.000000 0.000000 0.000000 0.000000 0.105457 0.007283 1.705069 2828.033512
0.887260 0.000000 0.000000 0.000000 0.000000 0.105457 0.007283 1.705069 2828.033512
0.887260 0.000000 0.000000 0.000000 0.000000 0.105457 0.007283 1.705069 2828.033512
0.887260 0.000000 0.000000 0.000000 0.000000 0.105457 0.007283 1.705069 2828.033512
0.887260 0.000000 0.000000 0.000000 0.000000 0.105457 0.007283 1.705069 2828.033512
0.887260 0.000000 0.000000 0.000000 0.000000 0.105457 0.007283 1.705069 2828.033512
0.887260 0.000000 0.000000 0.000000 0.000000 0.105457 0.007283 1.705069 2828.033512
0.887260 0.000000 0.000000 0.000000 0.000000 0.105457 0.007283 1.705069 2828.033512
0.887260 0.000000 0.000000 0.000000 0.000000 0.105457 0.007283 1.705069 2828.033512
0.887260 0.000000 0.000000 0.000000 0.000000 0.105457 0.007283 1.705069 2828.033512
0.887260 0.000000 0.000000 0.000000 0.000000 0.105457 0.007283 1.705069 2828.033512
0.887260 0.000000 0.000000 0.000000 0.000000 0.105457 0.007283 1.705069 2828.033512
0.887260 0.000000 0.000000 0.000000 0.000000 0.105457 0.007283 1.705069 2828.033512
0.887260 0.000000 0.000000 0.000000 0.000000 0.105457 0.007283 1.705069 2828.033512
0.887260 0.000000 0.000000 0.000000 0.000000 0.105457 0.007283 1.705069 2828.033512
0.887260 0.000000 0.000000 0.000000 0.000000 0.105457 0.007283 1.705069 2828.033512
0.887260 0.000000 0.000000 0.000000 0.000000 0.105457 0.007283 1.705069 2828.033512
0.887260 0.000000 0.000000 0.000000 0.000000 0.105457 0.007283 1.705069 2828.033512
0.887260 0.000000 0.000000 0.000000 0.000000 0.105457 0.007283 1.705069 2828.033512
0.887260 0.000000 0.000000 0.000000 0.000000 0.105457 0.007283 1.705069 2828.033512
0.887260 0.000000 0.000000 0.000000 0.000000 0.105457 0.007283 1.705069 2828.033512
0.887260 0.000000 0.000000 0.000000 0.000000 0.105457 0.007283 1.705069 2828.033512
0.887260 0.000000 0.000000 0.000000 0.000000 0.105457 0.007283 1.705069 2828.033512
0.887260 0.000000 0.000000 0.000000 0.000000 0.105457 0.007283 1.705069 2828.033512
0.887260 0.000000 0.000000 0.000000 0.000000 0.105457 0.007283 1.705069 2828.033512
0.887260 0.000000 0.000000 0.000000 0.000000 0.105457 0.007283 1.705069 2828.033512
0.887260 0.000000 0.000000 0.000000 0.000000 0.105457 0.007283 1.705069 2828.033512
0.887260 0.000000 0.000000 0.000000 0.000000 0.105457 0.007283 1.705069 2828.033512
0.887260 0.000000 0.000000 0.000000 0.000000 0.105457 0.007283 1.705069 2828.033512
0.887260 0.000000 0.000000 0.000000 0.000000 0.105457 0.007283 1.705069 2828.033512
0.887260 0.000000 0.000000 0.000000 0.000000 0.105457 0.007283 1.705069 2828.033512
0.887260 0.000000 0.000000 0.000000 0.000000 0.105457 0.007283 1.705069 2828.033512
0.887260 0.000000 0.000000 0.000000 0.000000 0.105457 0.007283 1.705069 2828.033512
0.887260 0.000000 0.000000 0.000000 0.000000 0.105457 0.007283 1.705069 2828.033512
0.887260 0.000000 0.000000 0.000000 0.000000 0.105457 0.007283 1.705069 2828.033512
0.887260 0.000000 0.000000 0.000000 0.000000 0.105457 0.007283 1.705069 2828.033512
0.887260 0.000000 0.000000 0.000000 0.000000 0.105457 0.007283 1.705069 2828.033512
0.887260 0.000000 0.000000 0.000000 0.000000 0.105457 0.007283 1.705069 2828.033512
0.887260 0.000000 0.000000 0.000000 0.000000 0.105457 0.007283 1.705069 2828.033512
0.887260 0.000000 0.000000 0.000000 0.000000 0.105457 0.007283 1.705069 2828.033512
0.887260 0.000000 0.000000 0.000000 0.000000 0.105457 0.007283 1.705069 2828.033512
0.887260 0.000000 0.000000 0.000000 0.000000 0.105457 0.007283 1.705069 2828.033512
0.887260 0.000000 0.000000 0.000000 0.000000 0.105457 0.007283 1.705069 2828.033512
0.887260 0.000000 0.000000 0.000000 0.000000 0.105457 0.007283 1.705069 2828.033512
0.887260 0.000000 0.000000 0.000000 0.000000 0.105457 0.007283 1.705069 2828.033512
0.887260 0.000000 0.000000 0.000000 0.000000 0.105457 0.007283 1.705069 2828.033512
0.887260 0.000000 0.000000 0.000000 0.000000 0.105457 0.007283 1.705069 2828.033512
0.887260 0.000000 0.000000 0.000000 0.000000 0.105457 0.007283 1.705069 2828.033512
0.887260 0.000000 0.000000 0.000000 0.000000 0.105457 0.007283 1.705069 2828.033512
0.887260 0.000000 0.000000 0.000000 0.000000 0.105457 0.007283 1.705069 2828.033512
0.887260 0.000000 0.000000 0.000000 0.000000 0.105457 0.007283 1.705069 2828.033512
0.887260 0.000000 0.000000 0.000000 0.000000 0.105457 0.007283 1.705069 2828.033512
0.887260 0.000000 0.000000 0.000000 0.000000 0.105457 0.007283 1.705069 2828.033512
0.887260 0.000000 0.000000 0.000000 0.000000 0.105457 0.007283 1.705069 2828.033512
0.887260 0.000000 0.000000 0.000000 0.000000 0.105457 0.007283 1.705069 2828.033512
0.887260 0.000000 0.000000 0.000000 0.000000 0.105457 0.007283 1.705069 2828.033512
0.887260 0.000000 0.000000 0.000000 0.000000 0.105457 0.007283 1.705069 2828.033512
0.887260 0.000000 0.000000 0.000000 0.000000 0.105457 0.007283 1.705069 2828.033512
0.887260 0.000000 0.000000 0.000000 0.000000 0.105457 0.007283 1.705069 2828.033512
0.887260 0.000000 0.000000 0.000000 0.000000 0.105457 0.007283 1.705069 2828.033512
0.887260 0.000000 0.000000 0.000000 0.000000 0.105457 0.007283 1.705069 2828.033512
0.887260 0.000000 0.000000 0.000000 0.000000 0.105457 0.007283 1.705069 2828.033512
0.887260 0.000000 0.000000 0.000000 0.000000 0.105457 0.007283 1.705069 2828.033512
0.887260 0.000000 0.000000 0.000000 0.000000 0.105457 0.007283 1.705069 2828.033512
0.887260 0.000000 0.000000 0.000000 0.000000 0.105457 0.007283 1.705069 2828.033512
0.887260 0.000000 0.000000 0.000000 0.000000 0.105457 0.007283 1.705069 2828.033512
0.887260 0.000000 0.000000 0.000000 0.000000 0.105457 0.007283 1.705069 2828.033512
0.887260 0.000000 0.000000 0.000000 0.000000 0.105457 0.007283 1.705069 2828.033512
0.887260 0.000000 0.000000 0.000000 0.000000 0.105457 0.007283 1.705069 2828.033512
0.887260 0.000000 0.000000 0.000000 0.000000 0.105457 0.007283 1.705069 2828.033512
0.887260 0.000000 0.000000 0.000000 0.000000 0.105457 0.007283 1.705069 2828.033512
0.887260 0.000000 0.000000 0.000000 0.000000 0.105457 0.007283 1.705069 2828.033512
0.887260 0.000000 0.000000 0.000000 0.000000 0.105457 0.007283 1.705069 2828.033512
0.887260 0.000000 0.000000 0.000000 0.000000 0.105457 0.007283 1.705069 2828.033512
0.887260 0.000000 0.000000 0.000000 0.000000 0.105457 0.007283 1.705069 2828.033512
0.887260 0.000000 0.000000 0.000000 0.000000 0.105457 0.007283 1.705069 2828.033512
0.887260 0.000000 0.000000 0.000000 0.000000 0.105457 0.007283 1.705069 2828.033512
0.887260 0.000000 0.000000 0.000000 0.000000 0.105457 0.007283 1.705069 2828.033512
0.887260 0.000000 0.000000 0.000000 0.000000 0.105457 0.007283 1.705069 2828.033512
0.887260 0.000000 0.000000 0.000000 0.000000 0.105457 0.007283 1.705069 2828.033512
0.887260 0.000000 0.000000 0.000000 0.000000 0.105457 0.007283 1.705069 2828.033512
0.887260 0.000000 0.000000 0.000000 0.000000 0.105457 0.007283 1.705069 2828.033512
0.887260 0.000000 0.000000 0.000000 0.000000 0.105457 0.007283 1.705069 2828.033512
0.887260 0.000000 0.000000 0.000000 0.000000 0.105457 0.007283 1.705069 2828.033512
0.887260 0.000000 0.000000 0.000000 0.000000 0.105457 0.007283 1.705069 2828.033512
0.887260 0.000000 0.000000 0.000000 0.000000 0.105457 0.007283 1.705069 2828.033512
0.887260 0.000000 0.000000 0.000000 0.000000 0.105457 0.007283 1.705069 2828.033512
0.887260 0.000000 0.000000 0.000000 0.000000 0.105457 0.007283 1.705069 2828.033512
0.887260 0.000000 0.000000 0.000000 0.000000 0.105457 0.007283 1.705069 2828.033512
0.887260 0.000000 0.000000 0.000000 0.000000 0.105457 0.007283 1.705069 2828.033512
0.887260 0.000000 0.000000 0.000000 0.000000 0.105457 0.007283 1.705069 2828.033512
0.887260 0.000000 0.000000 0.000000 0.000000 0.105457 0.007283 1.705069 2828.033512
0.887260 0.000000 0.000000 0.000000 0.000000 0.105457 0.007283 1.705069 2828.033512
0.887260 0.000000 0.000000 0.000000 0.000000 0.105457 0.007283 1.705069 2828.033512
0.887260 0.000000 0.000000 0.000000 0.000000 0.105457 0.007283 1.705069 2828.033512
0.887260 0.000000 0.000000 0.000000 0.000000 0.105457 0.007283 1.705069 2828.033512
0.887260 0.000000 0.000000 0.000000 0.000000 0.105457 0.007283 1.705069 2828.033512
0.887260 0.000000 0.000000 0.000000 0.000000 0.105457 0.007283 1.705069 2828.033512
0.887260 0.000000 0.000000 0.000000 0.000000 0.105457 0.007283 1.705069 2828.033512
0.887260 0.000000 0.000000 0.000000 0.000000 0.105457 0.007283 1.705069 2828.033512
0.887260 0.000000 0.000000 0.000000 0.000000 0.105457 0.007283 1.705069 2828.033512
0.887260 0.000000 0.000000 0.000000 0.000000 0.105457 0.007283 1.705069 2828.033512
0.887260 0.000000 0.000000 0.000000 0.000000 0.105457 0.007283 1.705069 2828.033512
0.887260 0.000000 0.000000 0.000000 0.000000 0.105457 0.007283 1.705069 2828.033512
0.887260 0.000000 0.000000 0.000000 0.000000 0.105457 0.007283 1.705069 2828.033512
0.887260 0.000000 0.000000 0.000000 0.000000 0.105457 0.007283 1.705069 2828.033512
0.887260 0.000000 0.000000 0.000000 0.000000 0.105457 0.007283 1.705069 2828.033512
0.887260 0.000000 0.000000 0.000000 0.000000 0.105457 0.007283 1.705069 2828.033512
0.887260 0.000000 0.000000 0.000000 0.000000 0.105457 0.007283 1.705069 2828.033512
0.887260 0.000000 0.000000 0.000000 0.000000 0.105457 0.007283 1.705069 2828.033512
0.887260 0.000000 0.000000 0.000000 0.000000 0.105457 0.007283 1.705069 2828.033512
0.887260 0.000000 0.000000 0.000000 0.000000 0.105457 0.007283 1.705069 2828.033512
0.887260 0.000000 0.000000 0.000000 0.000000 0.105457 0.007283 1.705069 2828.033512
0.887260 0.000000 0.000000 0.000000 0.000000 0.105457 0.007283 1.705069 2828.033512
0.887260 0.000000 0.000000 0.000000 0.000000 0.105457 0.007283 1.705069 2828.033512
0.887260 0.000000 0.000000 0.000000 0.000000 0.105457 0.007283 1.705069 2828.033512
0.887260 0.000000 0.000000 0.000000 0.000000 0.105457 0.007283 1.705069 2828.033512
0.887260 0.000000 0.000000 0.000000 0.000000 0.105457 0.007283 1.705069 2828.033512
0.887260 0.000000 0.000000 0.000000 0.000000 0.105457 0.007283 1.705069 2828.033512
0.887260 0.000000 0.000000 0.000000 0.000000 0.105457 0.007283 1.705069 2828.033512
0.887260 0.000000 0.000000 0.000000 0.000000 0.105457 0.007283 1.705069 2828.033512
0.887260 0.000000 0.000000 0.000000 0.000000 0.105457 0.007283 1.705069 2828.033512
0.887260 0.000000 0.000000 0.000000 0.000000 0.105457 0.007283 1.705069 2828.033512
0.887260 0.000000 0.000000 0.000000 0.000000 0.105457 0.007283 1.705069 2828.033512
0.887260 0.000000 0.000000 0.000000 0.000000 0.105457 0.007283 1.705069 2828.033512
0.887260 0.000000 0.000000 0.000000 0.000000 0.105457 0.007283 1.705069 2828.033512
0.887260 0.000000 0.000000 0.000000 0.000000 0.105457 0.007283 1.705069 2828.033512
0.887260 0.000000 0.000000 0.000000 0.000000 0.105457 0.007283 1.705069 2828.033512
0.887260 0.000000 0.000000 0.000000 0.000000 0.105457 0.007283 1.705069 2828.033512
0.887260 0.000000 0.000000 0.000000 0.000000 0.105457 0.007283 1.705069 2828.033512
0.887260 0.000000 0.000000 0.000000 0.000000 0.105457 0.007283 1.705069 2828.033512
0.887260 0.000000 0.000000 0.000000 0.000000 0.105457 0.007283 1.705069 2828.033512
0.887260 0.000000 0.000000 0.000000 0.000000 0.105457 0.007283 1.705069 2828.033512
0.887260 0.000000 0.000000 0.000000 0.000000 0.105457 0.007283 1.705069 2828.033512
0.887260 0.000000 0.000000 0.000000 0.000000 0.105457 0.007283 1.705069 2828.033512
0.887260 0.000000 0.000000 0.000000 0.000000 0.105457 0.007283 1.705069 2828.033512
0.887260 0.000000 0.000000 0.000000 0.000000 0.105457 0.007283 1.705069 2828.033512
0.887260 0.000000 0.000000 0.000000 0.000000 0.105457 0.007283 1.705069 2828.033512
0.887260 0.000000 0.000000 0.000000 0.000000 0.105457 0.007283 1.705069 2828.033512
0.887260 0.000000 0.000000 0.000000 0.000000 0.105457 0.007283 1.705069 2828.033512
0.887260 0.000000 0.000000 0.000000 0.000000 0.105457 0.007283 1.705069 2828.033512
0.887260 0.000000 0.000000 0.000000 0.000000 0.105457 0.007283 1.705069 2828.033512
0.887260 0.000000 0.000000 0.000000 0.000000 0.105457 0.007283 1.705069 2828.033512
0.887260 0.000000 0.000000 0.000000 0.000000 0.105457 0.007283 1.705069 2828.033512
0.887260 0.000000 0.000000 0.000000 0.000000 0.105457 0.007283 1.705069 2828.033512
0.887260 0.000000 0.000000 0.000000 0.000000 0.105457 0.007283 1.705069 2828.033512
0.887260 0.000000 0.000000 0.000000 0.000000 0.105457 0.007283 1.705069 2828.033512
0.887260 0.000000 0.000000 0.000000 0.000000 0.105457 0.007283 1.705069 2828.033512
0.887260 0.000000 0.000000 0.000000 0.000000 0.105457 0.007283 1.705069 2828.033512
0.887260 0.000000 0.000000 0.000000 0.000000 0.105457 0.007283 1.705069 2828.033512
0.887260 0.000000 0.000000 0.000000 0.000000 0.105457 0.007283 1.705069 2828.033512
0.887260 0.000000 0.000000 0.000000 0.000000 0.105457 0.007283 1.705069 2828.033512
0.887260 0.000000 0.000000 0.000000 0.000000 0.105457 0.007283 1.705069 2828.033512
0.887260 0.000000 0.000000 0.000000 0.000000 0.105457 0.007283 1.705069 2828.033512
0.887260 0.000000 0.000000 0.000000 0.000000 0.105457 0.007283 1.705069 2828.033512
0.887260 0.000000 0.000000 0.000000 0.000000 0.105457 0.007283 1.705069 2828.033512
0.887260 0.000000 0.000000 0.000000 0.000000 0.105457 0.007283 1.705069 2828.033512
0.887260 0.000000 0.000000 0.000000 0.000000 0.105457 0.007283 1.705069 2828.033512
0.887260 0.000000 0.000000 0.000000 0.000000 0.105457 0.007283 1.705069 2828.033512
0.887260 0.000000 0.000000 0.000000 0.000000 0.105457 0.007283 1.705069 2828.033512
0.887260 0.000000 0.000000 0.000000 0.000000 0.105457 0.007283 1.705069 2828.033512
0.887260 0.000000 0.000000 0.000000 0.000000 0.105457 0.007283 1.705069 2828.033512
0.887260 0.000000 0.000000 0.000000 0.000000 0.105457 0.007283 1.705069 2828.033512
0.887260 0.000000 0.000000 0.000000 0.000000 0.105457 0.007283 1.705069 2828.033512
0.887260 0.000000 0.000000 0.000000 0.000000 0.105457 0.007283 1.705069 2828.033512
0.887260 0.000000 0.000000 0.000000 0.000000 0.105457 0.007283 1.705069 2828.033512
0.887260 0.000000 0.000000 0.000000 0.000000 0.105457 0.007283 1.705069 2828.033512
0.887260 0.000000 0.000000 0.000000 0.000000 0.105457 0.007283 1.705069 2828.033512
0.887260 0.000000 0.000000 0.000000 0.000000 0.105457 0.007283 1.705069 2828.033512
0.887260 0.000000 0.000000 0.000000 0.000000 0.105457 0.007283 1.705069 2828.033512
0.887260 0.000000 0.000000 0.000000 0.000000 0.105457 0.007283 1.705069 2828.033512
0.887260 0.000000 0.000000 0.000000 0.000000 0.105457 0.007283 1.705069 2828.033512
0.887260 0.000000 0.000000 0.000000 0.000000 0.105457 0.007283 1.705069 2828.033512
0.887260 0.000000 0.000000 0.000000 0.000000 0.105457 0.007283 1.705069 2828.033512
0.887260 0.000000 0.000000 0.000000 0.000000 0.105457 0.007283 1.705069 2828.033512
0.887260 0.000000 0.000000 0.000000 0.000000 0.105457 0.007283 1.705069 2828.033512
0.887260 0.000000 0.000000 0.000000 0.000000 0.105457 0.007283 1.705069 2828.033512
0.887260 0.000000 0.000000 0.000000 0.000000 0.105457 0.007283 1.705069 2828.033512
0.887260 0.000000 0.000000 0.000000 0.000000 0.105457 0.007283 1.705069 2828.033512
0.887260 0.000000 0.000000 0.000000 0.000000 0.105457 0.007283 1.705069 2828.033512
0.887260 0.000000 0.000000 0.000000 0.000000 0.105457 0.007283 1.705069 2828.033512
0.887260 0.000000 0.000000 0.000000 0.000000 0.105457 0.007283 1.705069 2828.033512
0.887260 0.000000 0.000000 0.000000 0.000000 0.105457 0.007283 1.705069 2828.033512
0.887260 0.000000 0.000000 0.000000 0.000000 0.105457 0.007283 1.705069 2828.033512
0.887260 0.000000 0.000000 0.000000 0.000000 0.105457 0.007283 1.705069 2828.033512
0.887260 0.000000 0.000000 0.000000 0.000000 0.105457 0.007283 1.705069 2828.033512
0.887260 0.000000 0.000000 0.000000 0.000000 0.105457 0.007283 1.705069 2828.033512
0.887260 0.000000 0.000000 0.000000 0.000000 0.105457 0.007283 1.705069 2828.033512
0.887260 0.000000 0.000000 0.000000 0.000000 0.105457 0.007283 1.705069 2828.033512
0.887260 0.000000 0.000000 0.000000 0.000000 0.105457 0.007283 1.705069 2828.033512
0.887260 0.000000 0.000000 0.000000 0.000000 0.105457 0.007283 1.705069 2828.033512
0.887260 0.000000 0.000000 0.000000 0.000000 0.105457 0.007283 1.705069 2828.033512
0.887260 0.000000 0.000000 0.000000 0.000000 0.105457 0.007283 1.705069 2828.033512
0.887260 0.000000 0.000000 0.000000 0.000000 0.105457 0.007283 1.705069 2828.033512
0.887260 0.000000 0.000000 0.000000 0.000000 0.105457 0.007283 1.705069 2828.033512
0.887260 0.000000 0.000000 0.000000 0.000000 0.105457 0.007283 1.705069 2828.033512
0.887260 0.000000 0.000000 0.000000 0.000000 0.105457 0.007283 1.705069 2828.033512
0.887260 0.000000 0.000000 0.000000 0.000000 0.105457 0.007283 1.705069 2828.033512
0.887260 0.000000 0.000000 0.000000 0.000000 0.105457 0.007283 1.705069 2828.033512
0.887260 0.000000 0.000000 0.000000 0.000000 0.105457 0.007283 1.705069 2828.033512
0.887260 0.000000 0.000000 0.000000 0.000000 0.105457 0.007283 1.705069 2828.033512
0.887260 0.000000 0.000000 0.000000 0.000000 0.105457 0.007283 1.705069 2828.033512
0.887260 0.000000 0.000000 0.000000 0.000000 0.105457 0.007283 1.705069 2828.033512
0.887260 0.000000 0.000000 0.000000 0.000000 0.105457 0.007283 1.705069 2828.033512
0.887260 0.000000 0.000000 0.000000 0.000000 0.105457 0.007283 1.705069 2828.033512
0.887260 0.000000 0.000000 0.000000 0.000000 0.105457 0.007283 1.705069 2828.033512
0.887260 0.000000 0.000000 0.000000 0.000000 0.105457 0.007283 1.705069 2828.033512
0.887260 0.000000 0.000000 0.000000 0.000000 0.105457 0.007283 1.705069 2828.033512
0.887260 0.000000 0.000000 0.000000 0.000000 0.105457 0.007283 1.705069 2828.033512
0.887260 0.000000 0.000000 0.000000 0.000000 0.105457 0.007283 1.705069 2828.033512
0.887260 0.000000 0.000000 0.000000 0.000000 0.105457 0.007283 1.705069 2828.033512
0.887260 0.000000 0.000000 0.000000 0.000000 0.105457 0.007283 1.705069 2828.033512
0.887260 0.000000 0.000000 0.000000 0.000000 0.105457 0.007283 1.705069 2828.033512
0.887260 0.000000 0.000000 0.000000 0.000000 0.105457 0.007283 1.705069 2828.033512
0.887260 0.000000 0.000000 0.000000 0.000000 0.105457 0.007283 1.705069 2828.033512
0.887260 0.000000 0.000000 0.000000 0.000000 0.105457 0.007283 1.705069 2828.033512
0.887260 0.000000 0.000000 0.000000 0.000000 0.105457 0.007283 1.705069 2828.033512
0.887260 0.000000 0.000000 0.000000 0.000000 0.105457 0.007283 1.705069 2828.033512
0.887260 0.000000 0.000000 0.000000 0.000000 0.105457 0.007283 1.705069 2828.033512
0.887260 0.000000 0.000000 0.000000 0.000000 0.105457 0.007283 1.705069 2828.033512
0.887260 0.000000 0.000000 0.000000 0.000000 0.105457 0.007283 1.705069 2828.033512
0.887260 0.000000 0.000000 0.000000 0.000000 0.105457 0.007283 1.705069 2828.033512
0.887260 0.000000 0.000000 0.000000 0.000000 0.105457 0.007283 1.705069 2828.033512
0.887260 0.000000 0.000000 0.000000 0.000000 0.105457 0.007283 1.705069 2828.033512
0.887260 0.000000 0.000000 0.000000 0.000000 0.105457 0.007283 1.705069 2828.033512
0.887260 0.000000 0.000000 0.000000 0.000000 0.105457 0.007283 1.705069 2828.033512
0.887260 0.000000 0.000000 0.000000 0.000000 0.105457 0.007283 1.705069 2828.033512
0.887260 0.000000 0.000000 0.000000 0.000000 0.105457 0.007283 1.705069 2828.033512
0.887260 0.000000 0.000000 0.000000 0.000000 0.105457 0.007283 1.705069 2828.033512
0.887260 0.000000 0.000000 0.000000 0.000000 0.105457 0.007283 1.705069 2828.033512
0.887260 0.000000 0.000000 0.000000 0.000000 0.105457 0.007283 1.705069 2828.033512
0.887260 0.000000 0.000000 0.000000 0.000000 0.105457 0.007283 1.705069 2828.033512
0.887260 0.000000 0.000000 0.000000 0.000000 0.105457 0.007283 1.705069 2828.033512
0.887260 0.000000 0.000000 0.000000 0.000000 0.105457 0.007283 1.705069 2828.033512
0.887260 0.000000 0.000000 0.000000 0.000000 0.105457 0.007283 1.705069 2828.033512
0.887260 0.000000 0.000000 0.000000 0.000000 0.105457 0.007283 1.705069 2828.033512
0.887260 0.000000 0.000000 0.000000 0.000000 0.105457 0.007283 1.705069 2828.033512
0.887260 0.000000 0.000000 0.000000 0.000000 0.105457 0.007283 1.705069 2828.033512
0.887260 0.000000 0.000000 0.000000 0.000000 0.105457 0.007283 1.705069 2828.033512
0.887260 0.000000 0.000000 0.000000 0.000000 0.105457 0.007283 1.705069 2828.033512
0.887260 0.000000 0.000000 0.000000 0.000000 0.105457 0.007283 1.705069 2828.033512
0.887260 0.000000 0.000000 0.000000 0.000000 0.105457 0.007283 1.705069 2828.033512
0.887260 0.000000 0.000000 0.000000 0.000000 0.105457 0.007283 1.705069 2828.033512
0.887260 0.000000 0.000000 0.000000 0.000000 0.105457 0.007283 1.705069 2828.033512
0.887260 0.000000 0.000000 0.000000 0.000000 0.105457 0.007283 1.705069 2828.033512
0.887260 0.000000 0.000000 0.000000 0.000000 0.105457 0.007283 1.705069 2828.033512
0.887260 0.000000 0.000000 0.000000 0.000000 0.105457 0.007283 1.705069 2828.033512
0.887260 0.000000 0.000000 0.000000 0.000000 0.105457 0.007283 1.705069 2828.033512
0.887260 0.000000 0.000000 0.000000 0.000000 0.105457 0.007283 1.705069 2828.033512
0.887260 0.000000 0.000000 0.000000 0.000000 0.105457 0.007283 1.705069 2828.033512
0.887260 0.000000 0.000000 0.000000 0.000000 0.105457 0.007283 1.705069 2828.033512
0.887260 0.000000 0.000000 0.000000 0.000000 0.105457 0.007283 1.705069 2828.033512
0.887260 0.000000 0.000000 0.000000 0.000000 0.105457 0.007283 1.705069 2828.033512
0.887260 0.000000 0.000000 0.000000 0.000000 0.105457 0.007283 1.705069 2828.033512
0.887260 0.000000 0.000000 0.000000 0.000000 0.105457 0.007283 1.705069 2828.033512
0.887260 0.000000 0.000000 0.000000 0.000000 0.105457 0.007283 1.705069 2828.033512
0.887260 0.000000 0.000000 0.000000 0.000000 0.105457 0.007283 1.705069 2828.033512
0.887260 0.000000 0.000000 0.000000 0.000000 0.105457 0.007283 1.705069 2828.033512
0.887260 0.000000 0.000000 0.000000 0.000000 0.105457 0.007283 1.705069 2828.033512
0.887260 0.000000 0.000000 0.000000 0.000000 0.105457 0.007283 1.705069 2828.033512
0.887260 0.000000 0.000000 0.000000 0.000000 0.105457 0.007283 1.705069 2828.033512
0.887260 0.000000 0.000000 0.000000 0.000000 0.105457 0.007283 1.705069 2828.033512
0.887260 0.000000 0.000000 0.000000 0.000000 0.105457 0.007283 1.705069 2828.033512
0.887260 0.000000 0.000000 0.000000 0.000000 0.105457 0.007283 1.705069 2828.033512
0.887260 0.000000 0.000000 0.000000 0.000000 0.105457 0.007283 1.705069 2828.033512
0.887260 0.000000 0.000000 0.000000 0.000000 0.105457 0.007283 1.705069 2828.033512
0.887260 0.000000 0.000000 0.000000 0.000000 0.105457 0.007283 1.705069 2828.033512
0.887260 0.000000 0.000000 0.000000 0.000000 0.105457 0.007283 1.705069 2828.033512
0.887260 0.000000 0.000000 0.000000 0.000000 0.105457 0.007283 1.705069 2828.033512
0.887260 0.000000 0.000000 0.000000 0.000000 0.105457 0.007283 1.705069 2828.033512
0.887260 0.000000 0.000000 0.000000 0.000000 0.105457 0.007283 1.705069 2828.033512
0.887260 0.000000 0.000000 0.000000 0.000000 0.105457 0.007283 1.705069 2828.033512
0.887260 0.000000 0.000000 0.000000 0.000000 0.105457 0.007283 1.705069 2828.033512
0.887260 0.000000 0.000000 0.000000 0.000000 0.105457 0.007283 1.705069 2828.033512
0.887260 0.000000 0.000000 0.000000 0.000000 0.105457 0.007283 1.705069 2828.033512
0.887260 0.000000 0.000000 0.000000 0.000000 0.105457 0.007283 1.705069 2828.033512
0.887260 0.000000 0.000000 0.000000 0.000000 0.105457 0.007283 1.705069 2828.033512
0.887260 0.000000 0.000000 0.000000 0.000000 0.105457 0.007283 1.705069 2828.033512
0.887260 0.000000 0.000000 0.000000 0.000000 0.105457 0.007283 1.705069 2828.033512
0.887260 0.000000 0.000000 0.000000 0.000000 0.105457 0.007283 1.705069 2828.033512
0.887260 0.000000 0.000000 0.000000 0.000000 0.105457 0.007283 1.705069 2828.033512
0.887260 0.000000 0.000000 0.000000 0.000000 0.105457 0.007283 1.705069 2828.033512
0.887260 0.000000 0.000000 0.000000 0.000000 0.105457 0.007283 1.705069 2828.033512
0.887260 0.000000 0.000000 0.000000 0.000000 0.105457 0.007283 1.705069 2828.033512
0.887260 0.000000 0.000000 0.000000 0.000000 0.105457 0.007283 1.705069 2828.033512
0.887260 0.000000 0.000000 0.000000 0.000000 0.105457 0.007283 1.705069 2828.033512
