0.356207 0.062498 0.055150 0.031736 0.002039 0.486546 0.005823 1.594045 2051.110197
0.356944 0.061745 0.055593 0.031288 0.002052 0.486531 0.005847 1.600178 2059.252032
0.358426 0.060339 0.055743 0.030865 0.002056 0.486700 0.005870 1.606131 2069.069548
0.360390 0.058567 0.055861 0.030397 0.002056 0.486832 0.005896 1.611977 2078.965261
0.362595 0.056628 0.055862 0.029931 0.002057 0.487010 0.005918 1.617696 2089.217413
0.365130 0.054717 0.055677 0.029467 0.002042 0.487019 0.005948 1.623174 2100.611306
0.367804 0.052917 0.055315 0.028935 0.002032 0.487021 0.005976 1.628409 2111.521858
0.370637 0.051038 0.054932 0.028493 0.002019 0.486881 0.006000 1.633557 2120.821032
0.373513 0.049393 0.054399 0.027985 0.001998 0.486686 0.006026 1.638431 2130.518952
0.376400 0.047829 0.053825 0.027459 0.001984 0.486450 0.006052 1.643187 2139.268020
0.379403 0.046319 0.053196 0.026922 0.001970 0.486117 0.006074 1.647795 2149.532589
0.382398 0.044835 0.052464 0.026453 0.001946 0.485803 0.006100 1.652305 2160.250971
0.385461 0.043522 0.051644 0.025982 0.001935 0.485328 0.006127 1.656619 2170.480307
0.388597 0.042279 0.050865 0.025519 0.001912 0.484676 0.006152 1.660859 2181.747773
0.391794 0.041059 0.050060 0.025001 0.001886 0.484026 0.006174 1.664967 2192.263906
0.394895 0.040008 0.049204 0.024524 0.001854 0.483316 0.006199 1.668930 2202.735656
0.398007 0.039066 0.048325 0.024043 0.001830 0.482509 0.006220 1.672801 2212.528981
0.401178 0.038172 0.047468 0.023542 0.001812 0.481585 0.006242 1.676574 2222.323328
0.404332 0.037347 0.046574 0.023087 0.001785 0.480609 0.006266 1.680247 2231.895137
0.407457 0.036537 0.045713 0.022617 0.001770 0.479619 0.006288 1.683861 2241.569720
0.410666 0.035799 0.044849 0.022206 0.001745 0.478426 0.006310 1.687409 2251.023060
0.413869 0.035057 0.044035 0.021828 0.001719 0.477159 0.006332 1.690941 2260.897222
0.417000 0.034475 0.043170 0.021436 0.001689 0.475880 0.006350 1.694338 2270.008770
0.420150 0.033911 0.042332 0.021040 0.001662 0.474534 0.006372 1.697709 2280.233288
0.423381 0.033367 0.041539 0.020692 0.001631 0.472996 0.006393 1.701019 2290.714114
0.426518 0.032954 0.040714 0.020321 0.001604 0.471477 0.006413 1.704223 2299.759793
0.429611 0.032514 0.039969 0.019997 0.001576 0.469899 0.006434 1.707442 2309.296362
0.432678 0.032108 0.039264 0.019666 0.001547 0.468284 0.006454 1.710587 2319.214976
0.435771 0.031715 0.038553 0.019318 0.001520 0.466652 0.006471 1.713736 2327.827582
0.438818 0.031420 0.037855 0.019006 0.001484 0.464924 0.006492 1.716805 2338.483166
0.441808 0.031057 0.037202 0.018700 0.001461 0.463264 0.006508 1.719921 2347.981792
0.444855 0.030765 0.036538 0.018462 0.001435 0.461420 0.006525 1.722993 2356.921140
0.447830 0.030461 0.035957 0.018203 0.001403 0.459606 0.006541 1.726060 2365.340047
0.450698 0.030299 0.035425 0.017946 0.001374 0.457698 0.006559 1.729072 2375.096620
0.453552 0.030119 0.034813 0.017759 0.001343 0.455836 0.006578 1.732022 2384.235656
0.456419 0.029969 0.034277 0.017480 0.001326 0.453937 0.006593 1.734974 2391.849355
0.459211 0.029818 0.033804 0.017234 0.001298 0.452026 0.006610 1.737940 2401.124134
0.462068 0.029727 0.033309 0.016992 0.001276 0.450002 0.006627 1.740842 2410.720132
0.464829 0.029615 0.032881 0.016790 0.001252 0.447991 0.006642 1.743796 2419.680172
0.467592 0.029525 0.032458 0.016573 0.001228 0.445967 0.006656 1.746688 2428.475136
0.470275 0.029484 0.032025 0.016399 0.001208 0.443941 0.006669 1.749578 2435.579525
0.472891 0.029460 0.031634 0.016252 0.001181 0.441898 0.006684 1.752466 2444.513578
0.475515 0.029444 0.031289 0.016058 0.001158 0.439836 0.006700 1.755358 2453.368579
0.478071 0.029542 0.030903 0.015869 0.001136 0.437764 0.006714 1.758184 2460.551819
0.480635 0.029532 0.030601 0.015732 0.001104 0.435663 0.006734 1.761092 2470.502128
0.483122 0.029617 0.030266 0.015617 0.001090 0.433546 0.006743 1.763941 2477.656093
0.485620 0.029615 0.029955 0.015533 0.001067 0.431453 0.006758 1.766840 2486.687791
0.487974 0.029696 0.029734 0.015430 0.001051 0.429346 0.006770 1.769746 2494.282089
0.490361 0.029745 0.029551 0.015324 0.001036 0.427202 0.006781 1.772673 2501.863960
0.492677 0.029864 0.029293 0.015260 0.001015 0.425098 0.006793 1.775577 2509.731166
0.495048 0.029920 0.029125 0.015180 0.000999 0.422928 0.006801 1.778498 2516.403760
0.497328 0.029979 0.029013 0.015090 0.000978 0.420800 0.006813 1.781449 2524.042108
0.499562 0.030095 0.028858 0.015014 0.000964 0.418685 0.006823 1.784382 2530.599322
0.501709 0.030218 0.028732 0.014938 0.000943 0.416624 0.006836 1.787324 2538.538327
0.503847 0.030333 0.028632 0.014901 0.000923 0.414516 0.006848 1.790291 2545.408262
0.505906 0.030510 0.028504 0.014864 0.000900 0.412457 0.006858 1.793243 2552.806106
0.507946 0.030703 0.028418 0.014804 0.000881 0.410377 0.006870 1.796198 2560.250385
0.509882 0.030846 0.028348 0.014804 0.000856 0.408380 0.006883 1.799198 2568.076570
0.511830 0.030984 0.028277 0.014786 0.000850 0.406380 0.006893 1.802212 2574.276955
0.513707 0.031099 0.028261 0.014785 0.000838 0.404409 0.006901 1.805286 2580.382500
0.515495 0.031224 0.028316 0.014792 0.000825 0.402437 0.006910 1.808364 2587.209854
0.517268 0.031348 0.028276 0.014815 0.000804 0.400568 0.006922 1.811438 2594.354934
0.519017 0.031470 0.028272 0.014825 0.000791 0.398692 0.006932 1.814549 2600.142553
0.520756 0.031619 0.028275 0.014869 0.000777 0.396764 0.006940 1.817655 2606.663118
0.522419 0.031808 0.028269 0.014887 0.000759 0.394909 0.006948 1.820773 2613.647217
0.523962 0.031999 0.028308 0.014934 0.000746 0.393096 0.006953 1.823923 2618.964368
0.525484 0.032207 0.028310 0.014970 0.000733 0.391333 0.006964 1.827035 2625.190423
0.526988 0.032401 0.028369 0.014985 0.000723 0.389561 0.006974 1.830207 2630.675009
0.528422 0.032612 0.028424 0.014986 0.000716 0.387861 0.006980 1.833397 2635.815924
0.529822 0.032815 0.028501 0.015054 0.000709 0.386109 0.006990 1.836607 2641.601579
0.531212 0.033004 0.028593 0.015125 0.000701 0.384366 0.006999 1.839828 2646.941743
0.532568 0.033154 0.028617 0.015183 0.000695 0.382778 0.007005 1.843097 2652.138177
0.533887 0.033402 0.028748 0.015176 0.000685 0.381088 0.007013 1.846323 2657.569420
0.535076 0.033628 0.028857 0.015252 0.000676 0.379490 0.007021 1.849641 2661.789016
0.536218 0.033843 0.029017 0.015277 0.000666 0.377950 0.007028 1.852972 2666.961397
0.537390 0.034074 0.029115 0.015312 0.000670 0.376405 0.007034 1.856288 2671.399869
0.538475 0.034250 0.029272 0.015407 0.000664 0.374890 0.007042 1.859679 2676.282934
0.539481 0.034484 0.029425 0.015467 0.000658 0.373437 0.007048 1.863067 2680.719199
0.540424 0.034765 0.029530 0.015538 0.000648 0.372040 0.007056 1.866448 2686.356702
0.541470 0.034981 0.029662 0.015606 0.000640 0.370577 0.007064 1.869848 2692.153127
0.542403 0.035232 0.029795 0.015680 0.000629 0.369186 0.007074 1.873276 2698.526595
0.543363 0.035421 0.029934 0.015787 0.000626 0.367791 0.007077 1.876709 2702.968733
0.544289 0.035713 0.030086 0.015839 0.000621 0.366372 0.007081 1.880143 2707.088421
0.545176 0.035918 0.030219 0.015917 0.000620 0.365066 0.007084 1.883639 2710.795962
0.545966 0.036178 0.030312 0.016004 0.000611 0.363836 0.007094 1.887131 2715.614246
0.546765 0.036323 0.030488 0.016108 0.000606 0.362610 0.007100 1.890720 2720.864694
0.547485 0.036567 0.030671 0.016154 0.000604 0.361415 0.007105 1.894293 2724.920008
0.548153 0.036790 0.030822 0.016263 0.000591 0.360270 0.007113 1.897895 2730.680346
0.548707 0.037019 0.031012 0.016325 0.000586 0.359233 0.007118 1.901551 2734.181119
0.549409 0.037208 0.031203 0.016363 0.000580 0.358113 0.007123 1.905192 2739.082219
0.550015 0.037401 0.031328 0.016437 0.000572 0.357118 0.007130 1.908822 2743.648176
0.550586 0.037602 0.031501 0.016535 0.000570 0.356071 0.007136 1.912496 2747.781673
0.551089 0.037808 0.031663 0.016629 0.000566 0.355104 0.007141 1.916185 2752.219742
0.551634 0.037990 0.031820 0.016736 0.000561 0.354113 0.007145 1.919903 2756.279778
0.552199 0.038139 0.031987 0.016800 0.000564 0.353161 0.007150 1.923606 2761.422537
0.552635 0.038424 0.032140 0.016879 0.000562 0.352205 0.007156 1.927311 2765.372500
0.553104 0.038581 0.032316 0.016976 0.000557 0.351305 0.007160 1.931073 2769.794121
0.553586 0.038699 0.032452 0.017077 0.000555 0.350466 0.007166 1.934866 2773.698664
0.553941 0.038904 0.032633 0.017147 0.000554 0.349651 0.007171 1.938629 2777.562557
0.554344 0.039049 0.032778 0.017276 0.000553 0.348827 0.007174 1.942455 2780.162731
0.554684 0.039196 0.032971 0.017347 0.000553 0.348071 0.007178 1.946276 2784.246846
0.555018 0.039312 0.033155 0.017427 0.000548 0.347358 0.007182 1.950139 2787.562056
0.555380 0.039441 0.033295 0.017495 0.000545 0.346657 0.007187 1.953955 2790.915508
0.555720 0.039611 0.033433 0.017594 0.000545 0.345908 0.007190 1.957779 2793.649470
0.556182 0.039695 0.033608 0.017677 0.000545 0.345101 0.007193 1.961672 2797.040244
0.556473 0.039842 0.033787 0.017756 0.000546 0.344398 0.007197 1.965574 2800.681289
0.556743 0.039879 0.033955 0.017809 0.000542 0.343870 0.007204 1.969545 2804.971999
0.556993 0.039913 0.034105 0.017947 0.000536 0.343296 0.007211 1.973514 2808.998564
0.557161 0.040060 0.034212 0.017993 0.000545 0.342814 0.007215 1.977427 2812.475018
0.557447 0.040072 0.034395 0.018106 0.000547 0.342214 0.007220 1.981427 2816.231605
0.557650 0.040197 0.034517 0.018167 0.000549 0.341693 0.007227 1.985368 2819.898459
0.557807 0.040358 0.034614 0.018243 0.000550 0.341196 0.007232 1.989304 2822.506678
0.558017 0.040426 0.034648 0.018304 0.000549 0.340821 0.007236 1.993230 2825.538423
0.558191 0.040520 0.034739 0.018335 0.000549 0.340424 0.007241 1.997180 2829.496260
0.558493 0.040561 0.034851 0.018392 0.000545 0.339912 0.007245 2.001136 2832.819473
0.558699 0.040618 0.034975 0.018439 0.000543 0.339479 0.007248 2.005102 2835.374018
0.558876 0.040665 0.035078 0.018496 0.000540 0.339094 0.007253 2.009100 2838.355694
0.559100 0.040697 0.035220 0.018518 0.000541 0.338668 0.007256 2.013098 2840.599577
0.559249 0.040770 0.035291 0.018585 0.000539 0.338306 0.007260 2.017106 2843.444987
0.559540 0.040824 0.035361 0.018654 0.000539 0.337817 0.007264 2.021077 2845.993413
0.559728 0.040811 0.035473 0.018709 0.000539 0.337475 0.007266 2.025107 2849.330465
0.559793 0.040899 0.035556 0.018782 0.000540 0.337160 0.007270 2.029138 2852.373018
0.559930 0.040949 0.035704 0.018818 0.000539 0.336784 0.007276 2.033171 2856.013831
0.560153 0.040965 0.035755 0.018842 0.000541 0.336462 0.007280 2.037172 2858.587715
0.560382 0.040957 0.035885 0.018897 0.000537 0.336058 0.007284 2.041218 2862.189991
0.560524 0.040967 0.035940 0.018938 0.000537 0.335807 0.007286 2.045224 2865.084062
0.560638 0.041010 0.036032 0.018980 0.000538 0.335511 0.007291 2.049290 2868.760624
0.560792 0.041056 0.036079 0.019012 0.000540 0.335225 0.007296 2.053307 2872.287963
0.560932 0.041057 0.036158 0.019004 0.000544 0.335005 0.007298 2.057327 2874.807413
0.561124 0.041034 0.036191 0.019062 0.000542 0.334744 0.007303 2.061346 2877.798255
0.561315 0.041026 0.036253 0.019048 0.000546 0.334505 0.007307 2.065356 2881.257375
0.561498 0.040984 0.036280 0.019063 0.000545 0.334318 0.007313 2.069364 2885.276311
0.561726 0.040941 0.036312 0.019102 0.000547 0.334058 0.007316 2.073379 2887.770527
0.561863 0.040896 0.036298 0.019142 0.000551 0.333930 0.007320 2.077401 2890.730815
0.562011 0.040917 0.036378 0.019137 0.000549 0.333683 0.007325 2.081440 2893.540809
0.562321 0.040864 0.036400 0.019139 0.000551 0.333396 0.007328 2.085429 2896.284996
0.562516 0.040873 0.036433 0.019147 0.000554 0.333145 0.007333 2.089448 2898.917726
0.562686 0.040825 0.036442 0.019221 0.000555 0.332934 0.007337 2.093469 2901.106292
0.562855 0.040795 0.036449 0.019247 0.000561 0.332751 0.007341 2.097462 2904.166258
0.563055 0.040777 0.036412 0.019241 0.000563 0.332606 0.007346 2.101433 2906.586966
0.563260 0.040737 0.036429 0.019248 0.000563 0.332414 0.007349 2.105442 2909.149482
0.563447 0.040725 0.036417 0.019224 0.000562 0.332271 0.007354 2.109429 2912.008672
0.563663 0.040684 0.036398 0.019215 0.000561 0.332120 0.007358 2.113412 2914.818376
0.563814 0.040630 0.036456 0.019211 0.000566 0.331963 0.007362 2.117418 2918.031368
0.564030 0.040553 0.036539 0.019262 0.000567 0.331684 0.007365 2.121446 2920.993349
0.564236 0.040546 0.036508 0.019293 0.000565 0.331483 0.007368 2.125426 2923.757587
0.564499 0.040514 0.036433 0.019310 0.000567 0.331305 0.007373 2.129391 2927.001135
0.564684 0.040487 0.036435 0.019298 0.000568 0.331151 0.007377 2.133339 2929.892031
0.564820 0.040473 0.036424 0.019302 0.000575 0.331026 0.007382 2.137304 2932.608711
0.565014 0.040434 0.036377 0.019264 0.000578 0.330949 0.007385 2.141235 2935.591081
0.565218 0.040452 0.036384 0.019253 0.000578 0.330726 0.007389 2.145175 2938.968847
0.565458 0.040372 0.036439 0.019258 0.000573 0.330506 0.007394 2.149156 2942.767085
0.565674 0.040371 0.036441 0.019216 0.000577 0.330323 0.007397 2.153078 2945.921779
0.565895 0.040272 0.036427 0.019212 0.000576 0.330218 0.007400 2.157058 2948.765878
0.566144 0.040211 0.036367 0.019196 0.000572 0.330105 0.007405 2.160984 2951.732937
0.566401 0.040127 0.036404 0.019205 0.000571 0.329883 0.007409 2.164953 2954.629276
0.566654 0.040118 0.036366 0.019176 0.000570 0.329700 0.007414 2.168851 2957.371395
0.566904 0.040033 0.036316 0.019176 0.000571 0.329580 0.007420 2.172776 2960.939238
0.567139 0.040022 0.036298 0.019140 0.000571 0.329405 0.007426 2.176703 2964.431726
0.567372 0.040024 0.036261 0.019123 0.000569 0.329219 0.007432 2.180602 2967.481406
0.567633 0.039920 0.036253 0.019119 0.000575 0.329065 0.007435 2.184558 2970.264983
0.567910 0.039807 0.036209 0.019131 0.000578 0.328923 0.007441 2.188494 2972.930851
0.568135 0.039789 0.036173 0.019080 0.000576 0.328802 0.007445 2.192370 2975.463423
0.568361 0.039724 0.036144 0.019037 0.000574 0.328710 0.007450 2.196279 2978.512802
0.568622 0.039736 0.036101 0.019042 0.000565 0.328477 0.007457 2.200136 2982.235218
0.568859 0.039719 0.036032 0.019006 0.000564 0.328356 0.007464 2.204015 2985.267409
0.569087 0.039738 0.036030 0.018970 0.000562 0.328144 0.007469 2.207895 2987.340507
0.569385 0.039700 0.036010 0.018932 0.000556 0.327945 0.007472 2.211794 2990.594557
0.569626 0.039652 0.035996 0.018927 0.000546 0.327775 0.007478 2.215688 2994.220169
0.569888 0.039574 0.035969 0.018935 0.000549 0.327604 0.007480 2.219580 2996.825093
0.570053 0.039613 0.035963 0.018905 0.000546 0.327436 0.007484 2.223446 2999.691132
0.570298 0.039579 0.035961 0.018924 0.000546 0.327202 0.007489 2.227353 3002.366242
0.570612 0.039523 0.035900 0.018930 0.000543 0.327002 0.007492 2.231219 3005.435882
0.570855 0.039459 0.035904 0.018925 0.000541 0.326821 0.007495 2.235111 3008.467015
0.571176 0.039404 0.035872 0.018904 0.000538 0.326608 0.007498 2.238974 3011.606888
0.571483 0.039355 0.035821 0.018894 0.000543 0.326403 0.007501 2.242838 3013.469683
0.571795 0.039266 0.035812 0.018848 0.000542 0.326233 0.007505 2.246731 3016.534779
0.572029 0.039263 0.035762 0.018818 0.000543 0.326076 0.007508 2.250590 3019.341919
0.572371 0.039188 0.035779 0.018790 0.000547 0.325813 0.007512 2.254426 3022.179129
0.572561 0.039189 0.035731 0.018756 0.000549 0.325698 0.007516 2.258264 3024.552441
0.572727 0.039236 0.035655 0.018717 0.000541 0.325604 0.007520 2.262082 3027.698441
0.572992 0.039182 0.035614 0.018692 0.000544 0.325453 0.007522 2.265921 3030.642459
0.573257 0.039145 0.035606 0.018711 0.000540 0.325213 0.007527 2.269787 3034.215112
0.573511 0.039081 0.035601 0.018726 0.000540 0.325008 0.007532 2.273653 3037.327207
0.573744 0.039063 0.035552 0.018743 0.000538 0.324822 0.007536 2.277504 3039.778845
0.573967 0.039083 0.035541 0.018701 0.000540 0.324627 0.007541 2.281299 3042.575069
0.574179 0.038993 0.035530 0.018717 0.000539 0.324497 0.007546 2.285189 3045.195820
0.574453 0.038978 0.035529 0.018763 0.000538 0.324190 0.007550 2.289006 3047.749093
0.574665 0.038936 0.035501 0.018721 0.000538 0.324084 0.007554 2.292832 3050.873593
0.574943 0.038913 0.035479 0.018707 0.000534 0.323865 0.007559 2.296668 3053.409090
0.575175 0.038861 0.035454 0.018696 0.000533 0.323717 0.007563 2.300486 3056.085205
0.575311 0.038947 0.035479 0.018659 0.000533 0.323502 0.007568 2.304270 3058.578293
0.575482 0.039056 0.035429 0.018620 0.000540 0.323301 0.007572 2.308021 3060.369493
0.575731 0.039006 0.035452 0.018600 0.000540 0.323094 0.007576 2.311859 3062.551394
0.575980 0.039021 0.035394 0.018561 0.000542 0.322923 0.007579 2.315655 3064.699692
0.576125 0.038990 0.035385 0.018567 0.000543 0.322809 0.007581 2.319496 3067.741287
0.576393 0.038984 0.035361 0.018534 0.000548 0.322594 0.007585 2.323299 3070.057351
0.576616 0.038939 0.035370 0.018510 0.000547 0.322430 0.007588 2.327150 3073.248054
0.576847 0.038932 0.035357 0.018512 0.000552 0.322208 0.007590 2.330971 3076.140973
0.577024 0.038980 0.035294 0.018519 0.000551 0.322035 0.007596 2.334772 3079.562254
0.577191 0.038994 0.035306 0.018532 0.000549 0.321829 0.007600 2.338624 3083.084133
0.577350 0.038997 0.035316 0.018552 0.000550 0.321631 0.007605 2.342476 3086.287868
0.577509 0.039033 0.035324 0.018506 0.000554 0.321465 0.007608 2.346287 3089.316590
0.577644 0.039024 0.035369 0.018512 0.000556 0.321282 0.007613 2.350146 3091.405917
0.577792 0.039003 0.035391 0.018510 0.000557 0.321127 0.007619 2.353986 3093.961137
0.578041 0.038996 0.035372 0.018509 0.000557 0.320905 0.007621 2.357800 3096.352252
0.578193 0.039064 0.035343 0.018468 0.000556 0.320751 0.007626 2.361581 3099.086809
0.578430 0.039070 0.035305 0.018470 0.000550 0.320545 0.007630 2.365383 3101.810166
0.578663 0.039027 0.035282 0.018457 0.000547 0.320389 0.007635 2.369211 3104.903665
0.578796 0.039028 0.035346 0.018456 0.000543 0.320192 0.007639 2.373093 3107.931764
0.578925 0.039000 0.035373 0.018495 0.000546 0.320019 0.007643 2.376962 3110.920921
0.579098 0.038991 0.035350 0.018512 0.000545 0.319858 0.007646 2.380788 3113.117060
0.579273 0.039054 0.035288 0.018501 0.000545 0.319691 0.007650 2.384575 3116.012255
0.579477 0.039046 0.035293 0.018502 0.000545 0.319483 0.007654 2.388396 3118.439658
0.579621 0.039058 0.035276 0.018483 0.000542 0.319358 0.007661 2.392199 3121.764939
0.579807 0.039044 0.035341 0.018496 0.000542 0.319105 0.007665 2.396055 3123.917900
0.579904 0.039069 0.035343 0.018480 0.000543 0.318991 0.007670 2.399905 3126.663998
0.579996 0.039127 0.035317 0.018492 0.000544 0.318849 0.007675 2.403743 3129.323193
0.580086 0.039196 0.035251 0.018485 0.000543 0.318761 0.007679 2.407514 3131.935738
0.580248 0.039226 0.035205 0.018473 0.000551 0.318614 0.007683 2.411309 3133.937411
0.580344 0.039235 0.035241 0.018455 0.000556 0.318482 0.007686 2.415159 3136.454655
0.580492 0.039211 0.035296 0.018467 0.000556 0.318287 0.007691 2.419044 3139.525155
0.580598 0.039255 0.035281 0.018480 0.000559 0.318131 0.007695 2.422868 3142.070936
0.580769 0.039217 0.035314 0.018446 0.000558 0.317997 0.007698 2.426728 3144.460337
0.580904 0.039264 0.035289 0.018447 0.000563 0.317831 0.007702 2.430574 3146.670968
0.581109 0.039252 0.035327 0.018433 0.000565 0.317607 0.007708 2.434410 3150.437283
0.581238 0.039295 0.035340 0.018443 0.000560 0.317412 0.007711 2.438243 3152.791152
0.581336 0.039370 0.035319 0.018403 0.000565 0.317290 0.007717 2.442049 3154.985705
0.581410 0.039402 0.035292 0.018373 0.000567 0.317235 0.007720 2.445864 3157.101351
0.581469 0.039427 0.035310 0.018376 0.000572 0.317123 0.007723 2.449701 3158.881714
0.581672 0.039367 0.035308 0.018369 0.000576 0.316981 0.007727 2.453553 3161.645544
0.581751 0.039400 0.035258 0.018389 0.000581 0.316892 0.007729 2.457396 3163.832773
0.581822 0.039450 0.035241 0.018402 0.000578 0.316776 0.007731 2.461246 3167.112337
0.581909 0.039443 0.035265 0.018395 0.000583 0.316672 0.007734 2.465108 3169.857601
0.582079 0.039486 0.035202 0.018362 0.000583 0.316549 0.007739 2.468907 3172.861342
0.582178 0.039510 0.035265 0.018316 0.000579 0.316409 0.007743 2.472740 3176.011273
0.582292 0.039534 0.035280 0.018317 0.000582 0.316248 0.007746 2.476594 3178.292439
0.582345 0.039528 0.035285 0.018313 0.000581 0.316198 0.007750 2.480430 3181.047088
0.582497 0.039516 0.035333 0.018320 0.000575 0.316006 0.007754 2.484259 3184.184178
0.582478 0.039497 0.035346 0.018376 0.000571 0.315973 0.007758 2.488168 3187.090925
0.582655 0.039508 0.035342 0.018349 0.000567 0.315816 0.007763 2.491990 3190.619441
0.582731 0.039483 0.035358 0.018408 0.000568 0.315688 0.007766 2.495888 3194.034434
0.582797 0.039471 0.035390 0.018396 0.000566 0.315610 0.007770 2.499765 3196.820953
0.582859 0.039500 0.035383 0.018368 0.000566 0.315547 0.007776 2.503595 3199.898312
0.583027 0.039499 0.035415 0.018343 0.000565 0.315371 0.007780 2.507408 3202.516404
0.583033 0.039531 0.035443 0.018334 0.000564 0.315312 0.007783 2.511257 3205.361040
0.583145 0.039446 0.035490 0.018338 0.000561 0.315233 0.007788 2.515149 3209.094354
0.583214 0.039496 0.035443 0.018359 0.000560 0.315135 0.007793 2.518950 3212.523708
0.583358 0.039418 0.035422 0.018403 0.000557 0.315046 0.007796 2.522830 3215.979085
0.583464 0.039441 0.035427 0.018408 0.000555 0.314906 0.007798 2.526678 3218.764082
0.583480 0.039416 0.035479 0.018424 0.000561 0.314839 0.007801 2.530569 3221.219486
0.583538 0.039441 0.035449 0.018435 0.000562 0.314768 0.007806 2.534419 3224.221115
0.583685 0.039419 0.035453 0.018440 0.000562 0.314629 0.007810 2.538287 3226.528520
0.583816 0.039420 0.035445 0.018423 0.000571 0.314511 0.007815 2.542140 3228.595724
0.583759 0.039473 0.035474 0.018443 0.000574 0.314459 0.007818 2.545995 3230.867420
0.583760 0.039476 0.035525 0.018446 0.000573 0.314398 0.007822 2.549896 3234.344007
0.583867 0.039409 0.035584 0.018494 0.000573 0.314249 0.007824 2.553831 3237.298088
0.583910 0.039484 0.035541 0.018497 0.000576 0.314164 0.007828 2.557632 3239.993744
0.583863 0.039488 0.035547 0.018521 0.000582 0.314169 0.007831 2.561518 3242.337376
0.583913 0.039504 0.035562 0.018504 0.000581 0.314099 0.007836 2.565363 3245.107010
0.584031 0.039497 0.035548 0.018513 0.000584 0.313988 0.007839 2.569226 3247.515063
0.584076 0.039508 0.035594 0.018502 0.000588 0.313889 0.007843 2.573093 3249.976084
0.584109 0.039548 0.035604 0.018471 0.000591 0.313829 0.007848 2.576948 3252.315255
0.584163 0.039540 0.035603 0.018475 0.000590 0.313777 0.007852 2.580809 3254.572909
0.584169 0.039566 0.035597 0.018464 0.000592 0.313758 0.007854 2.584659 3257.779405
0.584238 0.039572 0.035671 0.018457 0.000591 0.313612 0.007859 2.588568 3260.444525
0.584288 0.039557 0.035691 0.018504 0.000593 0.313502 0.007865 2.592453 3263.260067
0.584346 0.039553 0.035711 0.018502 0.000593 0.313425 0.007870 2.596327 3265.634991
0.584356 0.039577 0.035744 0.018537 0.000595 0.313317 0.007874 2.600224 3268.409278
0.584363 0.039554 0.035766 0.018546 0.000593 0.313300 0.007879 2.604146 3270.996439
0.584407 0.039565 0.035762 0.018524 0.000591 0.313268 0.007883 2.608005 3273.571132
0.584382 0.039647 0.035790 0.018537 0.000591 0.313167 0.007885 2.611887 3276.573643
0.584349 0.039667 0.035805 0.018552 0.000588 0.313149 0.007889 2.615797 3279.432140
0.584432 0.039651 0.035802 0.018495 0.000595 0.313130 0.007894 2.619661 3281.841756
0.584465 0.039690 0.035767 0.018482 0.000591 0.313107 0.007898 2.623542 3285.174292
0.584501 0.039701 0.035724 0.018472 0.000591 0.313108 0.007903 2.627418 3287.745343
0.584553 0.039682 0.035704 0.018502 0.000584 0.313068 0.007907 2.631296 3290.596291
0.584549 0.039654 0.035675 0.018509 0.000581 0.313121 0.007910 2.635177 3293.906720
0.584589 0.039657 0.035682 0.018496 0.000589 0.313075 0.007913 2.639025 3296.167090
0.584617 0.039724 0.035715 0.018481 0.000584 0.312959 0.007919 2.642895 3299.354066
0.584664 0.039676 0.035702 0.018480 0.000581 0.312974 0.007923 2.646774 3302.070711
0.584662 0.039708 0.035674 0.018500 0.000577 0.312950 0.007929 2.650617 3305.175011
0.584753 0.039629 0.035739 0.018548 0.000575 0.312824 0.007934 2.654537 3308.343768
0.584716 0.039702 0.035724 0.018591 0.000577 0.312752 0.007939 2.658410 3311.412567
0.584711 0.039691 0.035769 0.018617 0.000582 0.312689 0.007942 2.662320 3314.361378
0.584705 0.039744 0.035788 0.018586 0.000581 0.312652 0.007944 2.666180 3317.341033
0.584699 0.039688 0.035821 0.018592 0.000580 0.312671 0.007949 2.670104 3320.415550
0.584745 0.039660 0.035848 0.018611 0.000577 0.312603 0.007955 2.674006 3323.157643
0.584780 0.039623 0.035872 0.018627 0.000576 0.312562 0.007959 2.677929 3325.874653
0.584740 0.039661 0.035879 0.018628 0.000577 0.312551 0.007963 2.681833 3328.796325
0.584693 0.039646 0.035894 0.018632 0.000579 0.312588 0.007967 2.685758 3331.531190
0.584652 0.039603 0.035960 0.018678 0.000583 0.312555 0.007970 2.689718 3334.388430
0.584678 0.039588 0.035964 0.018644 0.000586 0.312565 0.007976 2.693596 3337.851270
0.584696 0.039628 0.035884 0.018646 0.000587 0.312578 0.007981 2.697446 3340.526739
0.584747 0.039608 0.035916 0.018654 0.000587 0.312504 0.007984 2.701339 3343.013839
0.584840 0.039581 0.035882 0.018651 0.000584 0.312474 0.007988 2.705207 3346.268808
0.584913 0.039516 0.035867 0.018640 0.000584 0.312488 0.007992 2.709085 3348.820972
0.584928 0.039514 0.035810 0.018680 0.000581 0.312490 0.007997 2.712971 3351.653949
0.585003 0.039495 0.035734 0.018684 0.000582 0.312501 0.008001 2.716807 3355.099394
0.585061 0.039485 0.035723 0.018667 0.000577 0.312481 0.008006 2.720687 3358.078542
0.585063 0.039461 0.035754 0.018682 0.000577 0.312453 0.008011 2.724600 3360.866166
0.585127 0.039488 0.035699 0.018679 0.000578 0.312414 0.008014 2.728422 3363.580128
0.585081 0.039549 0.035695 0.018654 0.000580 0.312423 0.008017 2.732278 3366.750911
0.585100 0.039603 0.035653 0.018637 0.000581 0.312405 0.008021 2.736135 3369.114107
0.585122 0.039644 0.035691 0.018653 0.000578 0.312288 0.008024 2.739991 3371.960671
0.585177 0.039664 0.035686 0.018642 0.000574 0.312229 0.008029 2.743843 3375.368042
0.585240 0.039725 0.035709 0.018614 0.000574 0.312103 0.008034 2.747677 3378.056609
0.585323 0.039679 0.035755 0.018604 0.000573 0.312029 0.008039 2.751568 3380.904900
0.585410 0.039636 0.035718 0.018645 0.000575 0.311972 0.008044 2.755445 3383.748318
0.585435 0.039689 0.035694 0.018633 0.000575 0.311928 0.008047 2.759304 3387.003850
0.585358 0.039701 0.035676 0.018669 0.000579 0.311965 0.008052 2.763202 3390.023931
0.585371 0.039652 0.035709 0.018671 0.000582 0.311960 0.008056 2.767153 3392.032491
0.585293 0.039679 0.035776 0.018659 0.000579 0.311952 0.008061 2.771024 3395.163850
0.585356 0.039660 0.035783 0.018635 0.000581 0.311922 0.008064 2.774904 3398.141412
0.585352 0.039707 0.035703 0.018639 0.000576 0.311955 0.008069 2.778727 3401.083217
0.585405 0.039673 0.035757 0.018676 0.000572 0.311844 0.008074 2.782637 3404.283095
0.585449 0.039630 0.035778 0.018654 0.000564 0.311846 0.008079 2.786549 3407.844116
0.585484 0.039576 0.035774 0.018660 0.000562 0.311861 0.008084 2.790451 3411.356266
0.585457 0.039569 0.035752 0.018679 0.000560 0.311895 0.008088 2.794311 3413.867895
0.585513 0.039550 0.035790 0.018711 0.000561 0.311783 0.008092 2.798203 3416.766076
0.585511 0.039570 0.035825 0.018642 0.000565 0.311790 0.008097 2.802061 3419.542539
0.585503 0.039576 0.035802 0.018635 0.000567 0.311817 0.008101 2.805915 3422.709436
0.585436 0.039575 0.035813 0.018627 0.000567 0.311879 0.008104 2.809832 3425.461404
0.585463 0.039513 0.035873 0.018625 0.000570 0.311848 0.008108 2.813794 3428.617694
0.585414 0.039495 0.035916 0.018649 0.000569 0.311841 0.008114 2.817692 3431.057253
0.585377 0.039555 0.035887 0.018602 0.000563 0.311899 0.008118 2.821532 3433.601294
0.585353 0.039627 0.035855 0.018579 0.000560 0.311904 0.008123 2.825375 3436.619833
0.585317 0.039618 0.035827 0.018608 0.000560 0.311944 0.008126 2.829268 3439.350277
0.585307 0.039658 0.035807 0.018572 0.000556 0.311968 0.008131 2.833129 3441.886682
0.585360 0.039671 0.035757 0.018594 0.000557 0.311925 0.008135 2.836997 3444.414506
0.585434 0.039656 0.035749 0.018609 0.000558 0.311854 0.008139 2.840904 3447.367865
0.585459 0.039684 0.035732 0.018590 0.000557 0.311835 0.008144 2.844764 3451.005144
0.585498 0.039626 0.035696 0.018578 0.000558 0.311894 0.008149 2.848662 3453.399566
0.585516 0.039615 0.035704 0.018585 0.000554 0.311872 0.008154 2.852572 3456.274531
0.585564 0.039652 0.035717 0.018572 0.000559 0.311780 0.008158 2.856440 3458.807821
0.585596 0.039592 0.035789 0.018612 0.000556 0.311693 0.008163 2.860389 3461.717362
0.585652 0.039592 0.035800 0.018571 0.000560 0.311659 0.008166 2.864243 3464.560778
0.585661 0.039577 0.035776 0.018591 0.000563 0.311662 0.008170 2.868135 3467.429336
0.585718 0.039597 0.035770 0.018601 0.000559 0.311579 0.008176 2.871981 3470.733376
0.585685 0.039565 0.035773 0.018623 0.000555 0.311618 0.008180 2.875871 3473.609137
0.585694 0.039583 0.035713 0.018628 0.000555 0.311642 0.008184 2.879724 3476.235396
0.585692 0.039593 0.035737 0.018619 0.000558 0.311614 0.008188 2.883602 3479.217365
0.585664 0.039619 0.035741 0.018598 0.000568 0.311620 0.008190 2.887452 3481.388436
0.585724 0.039519 0.035762 0.018611 0.000568 0.311619 0.008196 2.891369 3484.714309
0.585778 0.039486 0.035737 0.018640 0.000568 0.311589 0.008202 2.895233 3487.889793
0.585805 0.039489 0.035701 0.018646 0.000571 0.311581 0.008206 2.899067 3489.901602
0.585844 0.039515 0.035709 0.018667 0.000574 0.311481 0.008211 2.902924 3493.391306
0.585888 0.039560 0.035709 0.018649 0.000576 0.311401 0.008218 2.906775 3496.588073
0.585928 0.039476 0.035722 0.018658 0.000575 0.311418 0.008221 2.910694 3499.182660
0.585934 0.039483 0.035734 0.018627 0.000573 0.311424 0.008225 2.914559 3502.177819
0.586012 0.039482 0.035699 0.018638 0.000574 0.311366 0.008229 2.918428 3505.570505
0.586033 0.039510 0.035706 0.018631 0.000574 0.311313 0.008233 2.922274 3507.724507
0.586020 0.039591 0.035691 0.018622 0.000579 0.311262 0.008235 2.926112 3510.264331
0.585980 0.039625 0.035658 0.018624 0.000575 0.311299 0.008240 2.929988 3513.268525
0.585951 0.039703 0.035652 0.018594 0.000567 0.311286 0.008246 2.933810 3517.142358
0.585999 0.039696 0.035629 0.018609 0.000566 0.311251 0.008250 2.937680 3520.331274
0.585938 0.039770 0.035626 0.018586 0.000575 0.311253 0.008253 2.941519 3522.392223
0.586015 0.039688 0.035663 0.018597 0.000569 0.311209 0.008258 2.945433 3525.219893
0.586055 0.039612 0.035645 0.018605 0.000569 0.311254 0.008261 2.949345 3527.391796
0.586157 0.039585 0.035624 0.018624 0.000568 0.311176 0.008266 2.953179 3529.979064
0.586192 0.039588 0.035640 0.018622 0.000566 0.311121 0.008271 2.957058 3532.451706
0.586239 0.039564 0.035629 0.018594 0.000565 0.311132 0.008277 2.960934 3535.867449
0.586214 0.039556 0.035664 0.018596 0.000570 0.311120 0.008281 2.964826 3538.866496
0.586180 0.039561 0.035680 0.018603 0.000572 0.311120 0.008284 2.968735 3541.504553
0.586142 0.039591 0.035688 0.018624 0.000573 0.311096 0.008287 2.972620 3543.972081
0.586136 0.039540 0.035766 0.018588 0.000570 0.311107 0.008292 2.976523 3547.593138
0.586144 0.039559 0.035740 0.018574 0.000567 0.311120 0.008297 2.980384 3550.740050
0.586174 0.039570 0.035714 0.018574 0.000567 0.311100 0.008302 2.984231 3553.639921
0.586119 0.039663 0.035688 0.018532 0.000570 0.311121 0.008306 2.988053 3556.751608
0.586122 0.039697 0.035627 0.018547 0.000570 0.311123 0.008314 2.991891 3559.924390
0.586204 0.039648 0.035731 0.018534 0.000575 0.310991 0.008318 2.995811 3562.361545
0.586227 0.039662 0.035745 0.018527 0.000572 0.310947 0.008321 2.999699 3565.905628
0.586238 0.039649 0.035758 0.018537 0.000568 0.310925 0.008326 3.003575 3569.029473
0.586272 0.039640 0.035667 0.018600 0.000570 0.310923 0.008330 3.007435 3572.247223
0.586329 0.039613 0.035662 0.018625 0.000570 0.310866 0.008336 3.011341 3574.812720
0.586299 0.039567 0.035693 0.018611 0.000572 0.310917 0.008342 3.015241 3577.919478
0.586288 0.039523 0.035699 0.018612 0.000566 0.310964 0.008347 3.019162 3582.070802
0.586384 0.039495 0.035701 0.018597 0.000563 0.310909 0.008352 3.023000 3585.144528
0.586419 0.039448 0.035705 0.018568 0.000564 0.310941 0.008356 3.026896 3587.408383
0.586417 0.039416 0.035749 0.018583 0.000566 0.310910 0.008359 3.030804 3589.884020
0.586411 0.039477 0.035723 0.018538 0.000571 0.310916 0.008364 3.034630 3592.079065
0.586422 0.039449 0.035733 0.018537 0.000570 0.310922 0.008368 3.038526 3594.776559
0.586489 0.039504 0.035719 0.018523 0.000566 0.310825 0.008374 3.042342 3598.015143
0.586504 0.039453 0.035716 0.018529 0.000565 0.310854 0.008378 3.046234 3600.960391
0.586547 0.039489 0.035667 0.018560 0.000563 0.310793 0.008381 3.050090 3603.218774
0.586557 0.039529 0.035700 0.018543 0.000564 0.310721 0.008386 3.053955 3606.036712
0.586512 0.039551 0.035652 0.018581 0.000564 0.310751 0.008389 3.057824 3608.787041
0.586482 0.039550 0.035603 0.018609 0.000570 0.310794 0.008391 3.061660 3611.743487
0.586553 0.039534 0.035641 0.018577 0.000571 0.310727 0.008396 3.065505 3614.508541
0.586592 0.039521 0.035632 0.018565 0.000568 0.310720 0.008401 3.069394 3617.345729
0.586600 0.039470 0.035640 0.018584 0.000567 0.310733 0.008406 3.073305 3620.610890
0.586696 0.039403 0.035659 0.018578 0.000568 0.310687 0.008409 3.077186 3623.684853
0.586667 0.039494 0.035580 0.018555 0.000569 0.310722 0.008413 3.081010 3626.423452
0.586681 0.039461 0.035587 0.018562 0.000570 0.310722 0.008417 3.084897 3629.017472
0.586689 0.039418 0.035568 0.018620 0.000564 0.310718 0.008424 3.088808 3632.191167
0.586708 0.039375 0.035593 0.018615 0.000563 0.310717 0.008428 3.092689 3635.345761
0.586848 0.039377 0.035581 0.018629 0.000564 0.310568 0.008433 3.096513 3638.207952
0.586924 0.039398 0.035548 0.018632 0.000569 0.310493 0.008436 3.100329 3640.789653
0.586939 0.039416 0.035487 0.018627 0.000568 0.310521 0.008441 3.104168 3643.738060
0.587064 0.039361 0.035458 0.018626 0.000564 0.310481 0.008446 3.108029 3646.412131
0.587085 0.039358 0.035457 0.018620 0.000566 0.310465 0.008448 3.111900 3649.149869
0.587129 0.039328 0.035447 0.018612 0.000572 0.310461 0.008451 3.115733 3651.259290
0.587117 0.039317 0.035428 0.018615 0.000569 0.310499 0.008455 3.119614 3654.820007
0.587120 0.039373 0.035399 0.018569 0.000570 0.310509 0.008460 3.123417 3657.329815
0.587103 0.039378 0.035385 0.018562 0.000567 0.310539 0.008465 3.127265 3660.162716
0.587223 0.039382 0.035403 0.018534 0.000567 0.310423 0.008469 3.131106 3662.936802
0.587241 0.039403 0.035408 0.018569 0.000563 0.310341 0.008475 3.134959 3666.825639
0.587252 0.039358 0.035414 0.018592 0.000565 0.310340 0.008480 3.138865 3669.353816
0.587285 0.039411 0.035404 0.018609 0.000567 0.310240 0.008485 3.142708 3672.539029
0.587313 0.039423 0.035390 0.018611 0.000572 0.310204 0.008488 3.146518 3675.035510
0.587297 0.039444 0.035405 0.018583 0.000574 0.310205 0.008492 3.150371 3678.457524
0.587249 0.039487 0.035392 0.018592 0.000576 0.310208 0.008495 3.154216 3681.265334
0.587282 0.039445 0.035409 0.018548 0.000577 0.310242 0.008499 3.158106 3683.706876
0.587354 0.039409 0.035413 0.018590 0.000578 0.310152 0.008504 3.161957 3686.331653
0.587416 0.039378 0.035429 0.018580 0.000572 0.310117 0.008508 3.165826 3689.413274
0.587399 0.039392 0.035452 0.018574 0.000573 0.310097 0.008513 3.169678 3691.731995
0.587393 0.039349 0.035466 0.018590 0.000575 0.310110 0.008517 3.173563 3694.191719
0.587422 0.039297 0.035491 0.018622 0.000583 0.310066 0.008519 3.177445 3696.326298
0.587410 0.039362 0.035480 0.018562 0.000578 0.310085 0.008524 3.181251 3698.735581
0.587429 0.039448 0.035421 0.018510 0.000583 0.310082 0.008527 3.185037 3701.416189
0.587434 0.039460 0.035439 0.018509 0.000581 0.310044 0.008534 3.188885 3704.152993
0.587474 0.039414 0.035494 0.018551 0.000579 0.309949 0.008538 3.192789 3706.839812
0.587464 0.039382 0.035529 0.018543 0.000577 0.309962 0.008543 3.196695 3709.336424
0.587519 0.039332 0.035604 0.018521 0.000576 0.309900 0.008548 3.200564 3712.440387
0.587576 0.039336 0.035602 0.018524 0.000571 0.309835 0.008556 3.204441 3716.369639
0.587503 0.039322 0.035585 0.018533 0.000573 0.309924 0.008560 3.208293 3719.432338
0.587589 0.039294 0.035564 0.018540 0.000579 0.309869 0.008565 3.212138 3722.041667
0.587618 0.039252 0.035566 0.018521 0.000577 0.309897 0.008569 3.216003 3724.643031
0.587591 0.039289 0.035550 0.018521 0.000580 0.309897 0.008573 3.219845 3727.839144
0.587594 0.039305 0.035563 0.018523 0.000581 0.309855 0.008578 3.223694 3730.480969
0.587623 0.039236 0.035613 0.018526 0.000581 0.309840 0.008582 3.227579 3733.428639
0.587658 0.039297 0.035547 0.018531 0.000573 0.309807 0.008587 3.231373 3737.414244
0.587672 0.039284 0.035533 0.018564 0.000574 0.309781 0.008592 3.235253 3740.119793
0.587704 0.039288 0.035515 0.018580 0.000578 0.309740 0.008595 3.239075 3742.506450
0.587733 0.039208 0.035531 0.018599 0.000575 0.309752 0.008600 3.242982 3745.245083
0.587692 0.039234 0.035576 0.018609 0.000576 0.309709 0.008604 3.246877 3748.391858
0.587639 0.039296 0.035609 0.018575 0.000578 0.309696 0.008608 3.250743 3750.873243
0.587632 0.039323 0.035633 0.018517 0.000578 0.309704 0.008612 3.254571 3753.644490
0.587581 0.039322 0.035604 0.018516 0.000582 0.309779 0.008617 3.258452 3756.100370
0.587563 0.039371 0.035560 0.018506 0.000584 0.309795 0.008622 3.262281 3759.243223
0.587524 0.039389 0.035629 0.018463 0.000588 0.309781 0.008626 3.266187 3761.993826
0.587506 0.039388 0.035647 0.018472 0.000591 0.309764 0.008630 3.270076 3764.228563
0.587470 0.039495 0.035584 0.018491 0.000592 0.309734 0.008634 3.273886 3766.510118
0.587476 0.039503 0.035621 0.018486 0.000590 0.309684 0.008639 3.277772 3770.090398
0.587476 0.039528 0.035615 0.018498 0.000589 0.309647 0.008646 3.281642 3773.364074
0.587559 0.039469 0.035625 0.018500 0.000585 0.309612 0.008650 3.285533 3776.398614
0.587493 0.039543 0.035608 0.018519 0.000592 0.309592 0.008653 3.289380 3778.840345
0.587516 0.039566 0.035601 0.018520 0.000590 0.309550 0.008657 3.293224 3781.929582
0.587485 0.039504 0.035633 0.018537 0.000590 0.309591 0.008660 3.297160 3784.798606
0.587455 0.039503 0.035656 0.018552 0.000588 0.309581 0.008665 3.301048 3787.434382
0.587437 0.039489 0.035705 0.018505 0.000588 0.309608 0.008668 3.304938 3790.761009
0.587502 0.039489 0.035720 0.018487 0.000586 0.309544 0.008672 3.308782 3793.438300
0.587481 0.039488 0.035658 0.018519 0.000586 0.309590 0.008677 3.312679 3795.856546
0.587471 0.039484 0.035603 0.018534 0.000581 0.309647 0.008681 3.316547 3798.468282
0.587428 0.039508 0.035637 0.018558 0.000580 0.309604 0.008685 3.320420 3801.441133
0.587359 0.039555 0.035623 0.018567 0.000582 0.309625 0.008688 3.324303 3803.972289
0.587316 0.039504 0.035594 0.018565 0.000585 0.309744 0.008692 3.328211 3806.668094
0.587296 0.039517 0.035639 0.018547 0.000587 0.309719 0.008695 3.332076 3809.563982
0.587298 0.039490 0.035618 0.018572 0.000584 0.309736 0.008701 3.335986 3812.475192
0.587296 0.039434 0.035683 0.018603 0.000579 0.309698 0.008708 3.339903 3816.511338
0.587327 0.039470 0.035706 0.018567 0.000578 0.309639 0.008713 3.343739 3820.085486
0.587324 0.039504 0.035722 0.018544 0.000583 0.309604 0.008719 3.347597 3822.382445
0.587332 0.039513 0.035700 0.018547 0.000585 0.309601 0.008722 3.351456 3824.988116
0.587269 0.039541 0.035712 0.018575 0.000585 0.309592 0.008727 3.355368 3827.439283
0.587372 0.039486 0.035661 0.018576 0.000587 0.309587 0.008731 3.359248 3829.946286
0.587455 0.039479 0.035643 0.018529 0.000587 0.309571 0.008736 3.363101 3833.096770
0.587351 0.039553 0.035649 0.018483 0.000587 0.309636 0.008740 3.366935 3836.502403
0.587426 0.039487 0.035675 0.018480 0.000584 0.309605 0.008743 3.370817 3839.016762
0.587428 0.039458 0.035674 0.018525 0.000582 0.309585 0.008748 3.374686 3842.255404
0.587405 0.039490 0.035661 0.018509 0.000584 0.309599 0.008753 3.378517 3845.116381
0.587378 0.039500 0.035688 0.018476 0.000586 0.309616 0.008756 3.382408 3847.718229
0.587371 0.039460 0.035734 0.018465 0.000588 0.309623 0.008759 3.386316 3850.399166
0.587374 0.039482 0.035713 0.018455 0.000586 0.309628 0.008763 3.390182 3853.670639
0.587333 0.039453 0.035732 0.018484 0.000587 0.309642 0.008768 3.394100 3856.873219
0.587387 0.039438 0.035657 0.018503 0.000585 0.309657 0.008773 3.397942 3859.436300
0.587401 0.039492 0.035631 0.018480 0.000584 0.309635 0.008778 3.401755 3862.365226
0.587432 0.039411 0.035618 0.018545 0.000585 0.309627 0.008782 3.405654 3864.687574
0.587455 0.039362 0.035595 0.018526 0.000579 0.309696 0.008787 3.409544 3867.739808
0.587514 0.039319 0.035639 0.018551 0.000578 0.309608 0.008791 3.413448 3870.449898
0.587478 0.039277 0.035630 0.018562 0.000580 0.309678 0.008795 3.417307 3873.159798
0.587502 0.039250 0.035636 0.018580 0.000578 0.309655 0.008799 3.421181 3876.180548
0.587536 0.039234 0.035634 0.018628 0.000575 0.309589 0.008803 3.425053 3879.332525
0.587686 0.039238 0.035564 0.018575 0.000579 0.309551 0.008806 3.428828 3882.235191
0.587633 0.039278 0.035549 0.018579 0.000581 0.309571 0.008810 3.432663 3884.897386
0.587648 0.039332 0.035449 0.018576 0.000575 0.309607 0.008814 3.436492 3888.631334
0.587710 0.039265 0.035465 0.018588 0.000574 0.309578 0.008819 3.440375 3891.822639
0.587708 0.039300 0.035507 0.018565 0.000583 0.309517 0.008821 3.444241 3894.164038
0.587701 0.039327 0.035489 0.018561 0.000587 0.309507 0.008827 3.448087 3897.312944
0.587733 0.039331 0.035537 0.018563 0.000590 0.309415 0.008831 3.451967 3899.701125
0.587711 0.039299 0.035470 0.018598 0.000589 0.309498 0.008835 3.455830 3902.812200
0.587759 0.039270 0.035474 0.018582 0.000585 0.309489 0.008840 3.459706 3905.353734
0.587860 0.039262 0.035408 0.018595 0.000584 0.309445 0.008846 3.463509 3908.016867
0.587854 0.039261 0.035449 0.018556 0.000580 0.309448 0.008853 3.467376 3912.363267
0.587845 0.039258 0.035425 0.018560 0.000577 0.309479 0.008857 3.471200 3914.707261
0.587828 0.039257 0.035408 0.018592 0.000578 0.309476 0.008861 3.475048 3917.904803
0.587860 0.039305 0.035348 0.018589 0.000574 0.309459 0.008865 3.478861 3920.389043
0.587822 0.039318 0.035392 0.018566 0.000577 0.309458 0.008868 3.482707 3923.363919
0.587701 0.039395 0.035394 0.018563 0.000576 0.309497 0.008873 3.486561 3926.237364
0.587670 0.039419 0.035419 0.018562 0.000584 0.309470 0.008877 3.490416 3928.636184
0.587652 0.039428 0.035382 0.018548 0.000578 0.309530 0.008881 3.494284 3931.912910
0.587713 0.039416 0.035383 0.018521 0.000579 0.309501 0.008886 3.498130 3935.187716
0.587681 0.039465 0.035363 0.018508 0.000579 0.309514 0.008890 3.502009 3937.423809
0.587712 0.039449 0.035339 0.018507 0.000576 0.309520 0.008896 3.505848 3940.628226
0.587768 0.039406 0.035369 0.018501 0.000574 0.309481 0.008901 3.509725 3943.318160
0.587729 0.039411 0.035384 0.018473 0.000577 0.309521 0.008904 3.513594 3946.004644
0.587743 0.039436 0.035453 0.018473 0.000574 0.309412 0.008909 3.517490 3949.494775
0.587757 0.039401 0.035514 0.018477 0.000569 0.309368 0.008915 3.521359 3952.726812
0.587722 0.039458 0.035468 0.018434 0.000568 0.309429 0.008920 3.525203 3956.909559
0.587686 0.039447 0.035506 0.018484 0.000565 0.309387 0.008925 3.529129 3959.553067
0.587657 0.039407 0.035501 0.018489 0.000566 0.309453 0.008928 3.533032 3962.138198
0.587655 0.039418 0.035510 0.018513 0.000568 0.309404 0.008932 3.536896 3965.334836
0.587616 0.039436 0.035506 0.018510 0.000570 0.309426 0.008936 3.540732 3967.317666
0.587575 0.039431 0.035554 0.018540 0.000574 0.309387 0.008940 3.544622 3970.383557
0.587615 0.039418 0.035576 0.018571 0.000573 0.309302 0.008946 3.548521 3973.256143
0.587618 0.039391 0.035587 0.018550 0.000571 0.309334 0.008950 3.552382 3976.293931
0.587660 0.039363 0.035598 0.018545 0.000566 0.309312 0.008955 3.556235 3979.280871
0.587660 0.039296 0.035613 0.018567 0.000568 0.309336 0.008959 3.560138 3981.975260
0.587626 0.039394 0.035549 0.018541 0.000570 0.309357 0.008963 3.563934 3984.289444
0.587627 0.039493 0.035514 0.018487 0.000569 0.309343 0.008967 3.567720 3987.074860
0.587601 0.039525 0.035550 0.018484 0.000568 0.309302 0.008970 3.571576 3990.267113
0.587457 0.039627 0.035474 0.018498 0.000563 0.309408 0.008972 3.575383 3993.510138
0.587385 0.039606 0.035542 0.018548 0.000566 0.309378 0.008975 3.579337 3996.211378
0.587396 0.039624 0.035564 0.018539 0.000565 0.309332 0.008979 3.583183 3998.910874
0.587395 0.039642 0.035496 0.018523 0.000568 0.309391 0.008985 3.587032 4002.007646
0.587377 0.039664 0.035591 0.018557 0.000568 0.309255 0.008988 3.590946 4004.991113
0.587418 0.039685 0.035601 0.018521 0.000569 0.309214 0.008992 3.594792 4007.497343
0.587373 0.039697 0.035633 0.018528 0.000567 0.309205 0.008996 3.598692 4010.770277
0.587375 0.039665 0.035737 0.018514 0.000568 0.309138 0.009002 3.602597 4013.836899
0.587361 0.039585 0.035752 0.018548 0.000568 0.309179 0.009006 3.606517 4016.062465
0.587412 0.039496 0.035740 0.018580 0.000572 0.309188 0.009010 3.610423 4019.172152
0.587403 0.039535 0.035690 0.018528 0.000579 0.309249 0.009016 3.614263 4021.447955
0.587403 0.039483 0.035660 0.018538 0.000576 0.309318 0.009022 3.618151 4024.200874
0.587372 0.039495 0.035674 0.018490 0.000575 0.309366 0.009028 3.621989 4027.402537
0.587366 0.039512 0.035679 0.018474 0.000577 0.309360 0.009032 3.625843 4030.392190
0.587397 0.039507 0.035716 0.018445 0.000578 0.309320 0.009036 3.629704 4033.241425
0.587373 0.039506 0.035753 0.018453 0.000576 0.309298 0.009041 3.633578 4036.157955
0.587294 0.039560 0.035724 0.018473 0.000574 0.309331 0.009045 3.637420 4039.186588
0.587276 0.039539 0.035705 0.018493 0.000575 0.309362 0.009050 3.641292 4042.184129
0.587236 0.039554 0.035744 0.018495 0.000573 0.309344 0.009054 3.645201 4045.431812
0.587208 0.039597 0.035717 0.018513 0.000571 0.309336 0.009057 3.649023 4047.917331
0.587164 0.039539 0.035755 0.018518 0.000570 0.309391 0.009063 3.652940 4050.989849
0.587146 0.039555 0.035727 0.018536 0.000567 0.309401 0.009068 3.656783 4053.976116
0.587225 0.039539 0.035726 0.018509 0.000566 0.309363 0.009073 3.660648 4056.938482
0.587231 0.039581 0.035730 0.018509 0.000563 0.309308 0.009078 3.664475 4059.704687
0.587272 0.039512 0.035715 0.018524 0.000567 0.309327 0.009081 3.668363 4062.353573
0.587282 0.039517 0.035745 0.018498 0.000569 0.309302 0.009087 3.672223 4065.607089
0.587221 0.039560 0.035737 0.018507 0.000572 0.309313 0.009089 3.676070 4068.012530
0.587225 0.039542 0.035774 0.018514 0.000574 0.309277 0.009093 3.679948 4071.352902
0.587188 0.039570 0.035787 0.018502 0.000576 0.309277 0.009100 3.683823 4073.765625
0.587209 0.039483 0.035767 0.018542 0.000572 0.309322 0.009105 3.687734 4076.848670
0.587222 0.039475 0.035730 0.018558 0.000576 0.309332 0.009107 3.691587 4079.325797
0.587205 0.039505 0.035681 0.018577 0.000570 0.309350 0.009112 3.695458 4082.552501
0.587156 0.039484 0.035665 0.018612 0.000570 0.309397 0.009116 3.699365 4085.153558
0.587138 0.039520 0.035650 0.018615 0.000571 0.309386 0.009120 3.703223 4088.163687
0.587154 0.039482 0.035655 0.018627 0.000565 0.309393 0.009125 3.707090 4091.567701
0.587131 0.039578 0.035603 0.018623 0.000562 0.309374 0.009130 3.710899 4095.086262
0.587084 0.039619 0.035603 0.018611 0.000561 0.309389 0.009133 3.714764 4098.124393
0.587074 0.039568 0.035563 0.018651 0.000556 0.309451 0.009138 3.718674 4101.494281
0.586992 0.039614 0.035532 0.018608 0.000560 0.309551 0.009143 3.722503 4104.682497
0.586976 0.039608 0.035563 0.018584 0.000563 0.309561 0.009147 3.726350 4107.535043
0.586996 0.039584 0.035565 0.018607 0.000566 0.309533 0.009149 3.730228 4109.839267
0.586945 0.039612 0.035605 0.018658 0.000566 0.309459 0.009153 3.734116 4113.757113
0.586877 0.039680 0.035622 0.018637 0.000569 0.309458 0.009157 3.737972 4116.113041
0.586867 0.039630 0.035622 0.018655 0.000570 0.309494 0.009161 3.741882 4119.300307
0.586894 0.039603 0.035608 0.018665 0.000570 0.309491 0.009169 3.745751 4122.101922
0.586906 0.039572 0.035607 0.018668 0.000575 0.309498 0.009174 3.749636 4124.587927
0.586962 0.039545 0.035589 0.018662 0.000571 0.309492 0.009178 3.753514 4127.373296
0.586975 0.039534 0.035622 0.018639 0.000573 0.309475 0.009183 3.757383 4130.196225
0.586937 0.039556 0.035579 0.018630 0.000572 0.309541 0.009186 3.761249 4133.491189
0.586977 0.039522 0.035635 0.018608 0.000575 0.309493 0.009190 3.765144 4136.486416
0.586903 0.039600 0.035584 0.018615 0.000573 0.309531 0.009195 3.769005 4139.768870
0.586927 0.039590 0.035597 0.018631 0.000569 0.309488 0.009199 3.772897 4142.686766
0.586878 0.039562 0.035638 0.018633 0.000568 0.309518 0.009204 3.776786 4145.801834
0.586874 0.039607 0.035618 0.018605 0.000571 0.309517 0.009208 3.780624 4148.301529
0.586793 0.039665 0.035634 0.018613 0.000570 0.309513 0.009212 3.784499 4150.772735
0.586782 0.039681 0.035637 0.018605 0.000565 0.309513 0.009218 3.788378 4154.450761
0.586743 0.039744 0.035573 0.018610 0.000564 0.309543 0.009223 3.792221 4157.744110
0.586764 0.039666 0.035648 0.018593 0.000566 0.309535 0.009228 3.796149 4160.539674
0.586831 0.039620 0.035602 0.018582 0.000570 0.309563 0.009232 3.800012 4162.547437
0.586811 0.039635 0.035563 0.018571 0.000573 0.309612 0.009235 3.803872 4165.275972
0.586878 0.039568 0.035554 0.018531 0.000566 0.309665 0.009238 3.807736 4167.798134
0.586868 0.039521 0.035615 0.018597 0.000571 0.309585 0.009243 3.811685 4171.135172
0.586871 0.039503 0.035710 0.018600 0.000567 0.309500 0.009249 3.815593 4174.043340
0.586823 0.039524 0.035689 0.018617 0.000566 0.309526 0.009254 3.819454 4176.503592
0.586762 0.039549 0.035662 0.018627 0.000567 0.309575 0.009257 3.823294 4179.137033
0.586737 0.039536 0.035694 0.018607 0.000567 0.309598 0.009261 3.827156 4182.003110
0.586737 0.039545 0.035682 0.018648 0.000562 0.309561 0.009265 3.831027 4185.123143
0.586712 0.039522 0.035674 0.018638 0.000552 0.309630 0.009271 3.834912 4188.563393
0.586793 0.039510 0.035655 0.018596 0.000552 0.309619 0.009275 3.838745 4192.155524
0.586795 0.039540 0.035643 0.018607 0.000553 0.309582 0.009280 3.842592 4194.868100
0.586856 0.039487 0.035656 0.018596 0.000553 0.309565 0.009286 3.846480 4197.178964
0.586897 0.039387 0.035663 0.018644 0.000559 0.309561 0.009289 3.850413 4199.826238
0.586931 0.039364 0.035641 0.018625 0.000564 0.309583 0.009292 3.854282 4202.653424
0.586946 0.039406 0.035623 0.018620 0.000568 0.309542 0.009295 3.858122 4205.371625
0.586962 0.039395 0.035576 0.018598 0.000562 0.309605 0.009302 3.861974 4208.889820
0.586995 0.039374 0.035562 0.018598 0.000563 0.309600 0.009308 3.865841 4211.637134
0.587116 0.039341 0.035558 0.018578 0.000565 0.309529 0.009313 3.869700 4215.191483
0.587070 0.039378 0.035595 0.018573 0.000563 0.309506 0.009316 3.873557 4217.934833
0.587038 0.039393 0.035574 0.018557 0.000566 0.309552 0.009320 3.877414 4220.498854
0.587059 0.039440 0.035572 0.018544 0.000571 0.309490 0.009324 3.881237 4222.604132
0.587098 0.039442 0.035611 0.018513 0.000573 0.309436 0.009327 3.885094 4225.511640
0.587180 0.039482 0.035598 0.018460 0.000571 0.309374 0.009334 3.888883 4228.524079
0.587189 0.039457 0.035586 0.018480 0.000569 0.309382 0.009337 3.892780 4231.069412
0.587144 0.039545 0.035524 0.018472 0.000568 0.309407 0.009340 3.896595 4233.530884
0.587119 0.039561 0.035561 0.018468 0.000566 0.309380 0.009346 3.900471 4236.844774
0.587131 0.039530 0.035621 0.018472 0.000566 0.309330 0.009350 3.904369 4239.539473
0.587084 0.039579 0.035694 0.018395 0.000560 0.309334 0.009354 3.908240 4242.390695
0.587064 0.039610 0.035749 0.018355 0.000560 0.309304 0.009358 3.912113 4244.733014
0.587020 0.039627 0.035745 0.018380 0.000560 0.309306 0.009362 3.915987 4247.208103
0.586963 0.039626 0.035726 0.018389 0.000559 0.309371 0.009367 3.919858 4250.638222
0.586985 0.039578 0.035752 0.018362 0.000560 0.309389 0.009373 3.923717 4253.461988
0.586997 0.039586 0.035739 0.018355 0.000563 0.309385 0.009375 3.927567 4255.903768
0.587024 0.039551 0.035774 0.018369 0.000560 0.309344 0.009378 3.931438 4259.057474
0.587002 0.039583 0.035690 0.018440 0.000560 0.309344 0.009381 3.935327 4261.596877
0.586950 0.039524 0.035772 0.018489 0.000563 0.309316 0.009385 3.939281 4264.009081
0.586925 0.039490 0.035767 0.018474 0.000564 0.309391 0.009389 3.943194 4266.426412
0.587003 0.039449 0.035780 0.018446 0.000562 0.309368 0.009393 3.947074 4269.672357
0.587008 0.039472 0.035755 0.018453 0.000563 0.309355 0.009396 3.950947 4272.616013
0.586884 0.039499 0.035806 0.018492 0.000559 0.309358 0.009401 3.954868 4275.806298
0.586816 0.039600 0.035790 0.018441 0.000557 0.309390 0.009406 3.958657 4278.358639
0.586792 0.039542 0.035814 0.018467 0.000564 0.309412 0.009410 3.962585 4280.844966
0.586733 0.039588 0.035766 0.018457 0.000557 0.309486 0.009414 3.966427 4283.856894
0.586718 0.039602 0.035710 0.018459 0.000552 0.309542 0.009417 3.970279 4286.405911
0.586711 0.039630 0.035681 0.018489 0.000549 0.309520 0.009420 3.974139 4289.136728
0.586720 0.039620 0.035729 0.018489 0.000552 0.309464 0.009426 3.978033 4291.870814
0.586660 0.039688 0.035727 0.018479 0.000552 0.309464 0.009430 3.981903 4294.793020
0.586672 0.039713 0.035674 0.018498 0.000552 0.309456 0.009435 3.985764 4297.744040
0.586684 0.039733 0.035646 0.018519 0.000552 0.309426 0.009440 3.989612 4300.706859
0.586597 0.039780 0.035654 0.018524 0.000558 0.309443 0.009443 3.993489 4303.705967
0.586553 0.039737 0.035722 0.018557 0.000561 0.309422 0.009448 3.997445 4306.729629
0.586505 0.039757 0.035689 0.018568 0.000562 0.309468 0.009451 4.001312 4308.595690
0.586499 0.039704 0.035723 0.018584 0.000562 0.309474 0.009455 4.005217 4311.172347
0.586572 0.039691 0.035754 0.018563 0.000559 0.309403 0.009459 4.009064 4313.457021
0.586611 0.039702 0.035721 0.018533 0.000557 0.309412 0.009463 4.012939 4316.680129
0.586567 0.039753 0.035662 0.018543 0.000561 0.309449 0.009466 4.016799 4318.849635
0.586509 0.039746 0.035674 0.018548 0.000562 0.309490 0.009470 4.020692 4321.411311
0.586494 0.039800 0.035595 0.018543 0.000563 0.309529 0.009477 4.024509 4324.072422
0.586455 0.039816 0.035568 0.018560 0.000567 0.309555 0.009479 4.028370 4326.609065
0.586476 0.039778 0.035555 0.018580 0.000567 0.309560 0.009484 4.032253 4329.579279
0.586436 0.039792 0.035608 0.018594 0.000569 0.309513 0.009488 4.036159 4332.454074
0.586379 0.039740 0.035715 0.018539 0.000576 0.309560 0.009491 4.040090 4334.448227
0.586297 0.039683 0.035729 0.018570 0.000578 0.309648 0.009495 4.044034 4337.761273
0.586321 0.039663 0.035684 0.018574 0.000575 0.309681 0.009503 4.047930 4341.062460
0.586260 0.039681 0.035650 0.018564 0.000576 0.309764 0.009505 4.051773 4344.462044
0.586313 0.039593 0.035619 0.018587 0.000575 0.309803 0.009511 4.055655 4347.017469
0.586302 0.039584 0.035624 0.018593 0.000577 0.309807 0.009513 4.059535 4350.133641
0.586307 0.039620 0.035607 0.018575 0.000573 0.309799 0.009519 4.063370 4353.638199
0.586369 0.039532 0.035647 0.018602 0.000574 0.309751 0.009525 4.067289 4356.934671
0.586417 0.039460 0.035620 0.018590 0.000574 0.309810 0.009529 4.071161 4359.458429
0.586468 0.039435 0.035554 0.018571 0.000574 0.309863 0.009535 4.074998 4362.984043
0.586472 0.039452 0.035528 0.018563 0.000575 0.309870 0.009540 4.078847 4365.501324
0.586532 0.039387 0.035562 0.018548 0.000575 0.309851 0.009544 4.082732 4368.132993
0.586545 0.039375 0.035612 0.018501 0.000578 0.309841 0.009548 4.086593 4371.042081
0.586543 0.039396 0.035667 0.018476 0.000584 0.309781 0.009553 4.090425 4374.156895
0.586643 0.039405 0.035632 0.018459 0.000585 0.309718 0.009559 4.094239 4376.773057
0.586674 0.039346 0.035590 0.018510 0.000578 0.309738 0.009564 4.098141 4380.050436
0.586676 0.039348 0.035628 0.018460 0.000575 0.309742 0.009571 4.102016 4382.993819
0.586701 0.039380 0.035672 0.018440 0.000576 0.309657 0.009574 4.105860 4385.937179
0.586635 0.039398 0.035678 0.018471 0.000570 0.309672 0.009577 4.109727 4388.971325
0.586645 0.039359 0.035646 0.018493 0.000565 0.309711 0.009581 4.113595 4391.690617
0.586626 0.039416 0.035657 0.018473 0.000565 0.309677 0.009585 4.117443 4394.168440
0.586651 0.039390 0.035668 0.018490 0.000564 0.309647 0.009590 4.121325 4397.311318
0.586685 0.039394 0.035616 0.018493 0.000561 0.309657 0.009595 4.125168 4399.922708
0.586647 0.039370 0.035662 0.018503 0.000562 0.309657 0.009599 4.129055 4402.717279
0.586628 0.039364 0.035672 0.018503 0.000563 0.309667 0.009603 4.132921 4405.528160
0.586570 0.039428 0.035654 0.018487 0.000558 0.309698 0.009606 4.136769 4408.031013
0.586589 0.039396 0.035699 0.018475 0.000560 0.309672 0.009609 4.140656 4410.665308
0.586557 0.039450 0.035688 0.018479 0.000562 0.309652 0.009612 4.144482 4413.303092
0.586511 0.039498 0.035728 0.018471 0.000556 0.309621 0.009615 4.148346 4416.943378
0.586471 0.039583 0.035743 0.018479 0.000560 0.309546 0.009619 4.152181 4420.026548
0.586428 0.039672 0.035730 0.018470 0.000566 0.309512 0.009622 4.156022 4422.234830
0.586399 0.039693 0.035727 0.018500 0.000572 0.309483 0.009626 4.159904 4424.215792
0.586398 0.039727 0.035707 0.018534 0.000575 0.309431 0.009629 4.163754 4426.768309
0.586359 0.039742 0.035690 0.018537 0.000571 0.309467 0.009634 4.167640 4428.931049
0.586272 0.039726 0.035693 0.018569 0.000571 0.309529 0.009640 4.171566 4432.400228
0.586211 0.039704 0.035731 0.018620 0.000568 0.309521 0.009645 4.175513 4435.821901
0.586217 0.039748 0.035699 0.018580 0.000568 0.309537 0.009651 4.179372 4438.818381
0.586244 0.039726 0.035683 0.018538 0.000568 0.309587 0.009654 4.183245 4440.990109
0.586232 0.039706 0.035668 0.018548 0.000566 0.309624 0.009656 4.187138 4444.135725
0.586236 0.039739 0.035681 0.018541 0.000565 0.309577 0.009661 4.191003 4447.084319
0.586231 0.039698 0.035708 0.018514 0.000571 0.309614 0.009664 4.194907 4449.258001
0.586242 0.039643 0.035669 0.018555 0.000573 0.309650 0.009668 4.198820 4451.249839
0.586221 0.039688 0.035639 0.018553 0.000576 0.309653 0.009671 4.202699 4453.940187
0.586318 0.039658 0.035605 0.018580 0.000575 0.309590 0.009675 4.206545 4456.212840
0.586285 0.039652 0.035643 0.018532 0.000571 0.309638 0.009679 4.210434 4458.825008
0.586258 0.039621 0.035654 0.018540 0.000572 0.309673 0.009683 4.214319 4461.256536
0.586259 0.039614 0.035620 0.018571 0.000571 0.309677 0.009688 4.218186 4464.968052
0.586258 0.039572 0.035623 0.018621 0.000570 0.309662 0.009693 4.222087 4468.011800
0.586284 0.039541 0.035671 0.018608 0.000561 0.309636 0.009699 4.225972 4471.151301
0.586282 0.039575 0.035719 0.018573 0.000556 0.309593 0.009703 4.229824 4474.481743
0.586360 0.039555 0.035632 0.018559 0.000559 0.309628 0.009707 4.233681 4477.426447
0.586305 0.039572 0.035642 0.018548 0.000562 0.309663 0.009710 4.237578 4480.210554
0.586327 0.039611 0.035616 0.018530 0.000563 0.309640 0.009714 4.241403 4483.015551
0.586353 0.039578 0.035684 0.018527 0.000563 0.309577 0.009718 4.245299 4486.347578
0.586358 0.039578 0.035679 0.018506 0.000562 0.309597 0.009721 4.249174 4488.698857
0.586342 0.039572 0.035653 0.018517 0.000568 0.309622 0.009726 4.253045 4491.455492
0.586346 0.039554 0.035656 0.018478 0.000569 0.309667 0.009730 4.256935 4494.063134
0.586359 0.039543 0.035610 0.018492 0.000573 0.309691 0.009733 4.260783 4496.323538
0.586316 0.039624 0.035622 0.018492 0.000577 0.309633 0.009737 4.264620 4499.354504
0.586301 0.039665 0.035596 0.018506 0.000578 0.309613 0.009740 4.268464 4502.297318
0.586302 0.039650 0.035632 0.018523 0.000586 0.309564 0.009743 4.272367 4504.594615
0.586325 0.039582 0.035675 0.018595 0.000583 0.309495 0.009747 4.276290 4507.412462
0.586317 0.039625 0.035640 0.018610 0.000583 0.309475 0.009750 4.280172 4509.859548
0.586311 0.039523 0.035655 0.018652 0.000579 0.309524 0.009755 4.284125 4513.576729
0.586352 0.039555 0.035705 0.018646 0.000575 0.309407 0.009760 4.287977 4516.312380
0.586332 0.039550 0.035735 0.018702 0.000578 0.309340 0.009764 4.291856 4519.325174
0.586282 0.039562 0.035701 0.018699 0.000578 0.309410 0.009768 4.295708 4522.109723
0.586232 0.039559 0.035724 0.018712 0.000576 0.309426 0.009772 4.299604 4524.923846
0.586318 0.039547 0.035656 0.018720 0.000580 0.309402 0.009777 4.303435 4527.292813
0.586285 0.039584 0.035654 0.018731 0.000580 0.309384 0.009782 4.307299 4529.974862
0.586266 0.039632 0.035652 0.018745 0.000581 0.309337 0.009787 4.311169 4532.626587
0.586222 0.039632 0.035672 0.018743 0.000584 0.309358 0.009790 4.315097 4535.368875
0.586206 0.039674 0.035643 0.018727 0.000581 0.309373 0.009796 4.318960 4539.077347
0.586254 0.039599 0.035675 0.018717 0.000583 0.309369 0.009802 4.322862 4542.241813
0.586218 0.039523 0.035684 0.018733 0.000585 0.309452 0.009805 4.326783 4545.027037
0.586221 0.039536 0.035681 0.018734 0.000582 0.309436 0.009810 4.330640 4548.122378
0.586222 0.039552 0.035687 0.018745 0.000585 0.309393 0.009815 4.334509 4550.569712
0.586206 0.039473 0.035737 0.018756 0.000582 0.309426 0.009820 4.338435 4553.307482
0.586217 0.039440 0.035725 0.018767 0.000580 0.309448 0.009824 4.342315 4556.256728
0.586226 0.039422 0.035709 0.018733 0.000576 0.309506 0.009828 4.346183 4559.469543
0.586263 0.039403 0.035661 0.018781 0.000580 0.309480 0.009832 4.350075 4561.806785
0.586291 0.039393 0.035685 0.018748 0.000584 0.309464 0.009836 4.353945 4564.833057
0.586224 0.039405 0.035653 0.018727 0.000580 0.309570 0.009841 4.357823 4567.833516
0.586213 0.039407 0.035651 0.018701 0.000578 0.309606 0.009845 4.361658 4570.726761
0.586248 0.039407 0.035636 0.018739 0.000582 0.309537 0.009850 4.365523 4573.324469
0.586255 0.039392 0.035609 0.018704 0.000586 0.309601 0.009853 4.369384 4575.963388
0.586302 0.039372 0.035579 0.018657 0.000584 0.309647 0.009859 4.373205 4579.033591
0.586319 0.039392 0.035598 0.018586 0.000581 0.309660 0.009864 4.377038 4581.855623
0.586322 0.039441 0.035637 0.018549 0.000577 0.309605 0.009869 4.380844 4585.071765
0.586306 0.039497 0.035625 0.018546 0.000582 0.309572 0.009872 4.384692 4587.217539
