0.363623 0.062502 0.055155 0.031625 0.002015 0.479411 0.005669 1.564757 1982.628679
0.364887 0.061162 0.056428 0.030140 0.002016 0.479666 0.005700 1.570837 1992.395670
0.367783 0.058411 0.057369 0.028809 0.002009 0.479892 0.005727 1.576663 2003.922516
0.371565 0.055028 0.058106 0.027543 0.002000 0.480007 0.005751 1.582253 2014.028996
0.375932 0.051380 0.058523 0.026311 0.002002 0.480078 0.005774 1.587513 2022.633801
0.380735 0.047775 0.058636 0.025070 0.001992 0.479992 0.005801 1.592359 2032.252065
0.385814 0.044200 0.058332 0.023863 0.001978 0.479985 0.005827 1.596875 2042.817456
0.391036 0.040845 0.057720 0.022751 0.001964 0.479834 0.005850 1.600993 2053.296621
0.396467 0.037601 0.057011 0.021628 0.001936 0.479484 0.005873 1.604849 2062.641438
0.401922 0.034571 0.056094 0.020564 0.001909 0.479045 0.005896 1.608381 2072.890317
0.407494 0.031768 0.054956 0.019520 0.001890 0.478457 0.005915 1.611594 2082.544142
0.413177 0.029109 0.053721 0.018539 0.001863 0.477648 0.005943 1.614593 2092.871192
0.418836 0.026659 0.052364 0.017573 0.001831 0.476770 0.005967 1.617328 2102.533457
0.424469 0.024407 0.050874 0.016629 0.001812 0.475824 0.005985 1.619825 2111.130320
0.430131 0.022306 0.049418 0.015749 0.001781 0.474611 0.006004 1.622133 2121.583806
0.435870 0.020424 0.047824 0.014898 0.001757 0.473203 0.006024 1.624193 2129.597738
0.441666 0.018641 0.046126 0.014096 0.001721 0.471699 0.006050 1.626117 2139.761556
0.447414 0.017037 0.044421 0.013328 0.001684 0.470041 0.006075 1.627849 2150.711831
0.453121 0.015575 0.042683 0.012617 0.001654 0.468254 0.006095 1.629429 2159.339411
0.458849 0.014224 0.041027 0.011916 0.001624 0.466242 0.006118 1.630881 2168.443755
0.464567 0.012995 0.039252 0.011274 0.001591 0.464178 0.006143 1.632204 2177.293129
0.470284 0.011872 0.037518 0.010653 0.001559 0.461950 0.006164 1.633399 2186.379417
0.475979 0.010838 0.035900 0.010054 0.001521 0.459525 0.006183 1.634507 2195.793965
0.481656 0.009912 0.034306 0.009481 0.001495 0.456948 0.006201 1.635493 2203.993499
0.487361 0.009053 0.032739 0.008953 0.001467 0.454208 0.006219 1.636408 2211.890361
0.492953 0.008257 0.031179 0.008436 0.001437 0.451500 0.006238 1.637257 2220.588843
0.498565 0.007511 0.029684 0.007956 0.001408 0.448619 0.006258 1.638050 2229.538761
0.504095 0.006859 0.028204 0.007484 0.001376 0.445707 0.006275 1.638746 2239.012289
0.509612 0.006250 0.026841 0.007049 0.001340 0.442613 0.006295 1.639388 2247.895934
0.515036 0.005684 0.025481 0.006628 0.001318 0.439546 0.006307 1.639986 2253.949253
0.520461 0.005185 0.024169 0.006224 0.001283 0.436353 0.006324 1.640511 2262.509903
0.525918 0.004721 0.022897 0.005877 0.001250 0.432996 0.006340 1.641007 2270.712288
0.531332 0.004300 0.021687 0.005514 0.001216 0.429593 0.006358 1.641452 2279.733339
0.536616 0.003925 0.020532 0.005191 0.001182 0.426179 0.006375 1.641851 2288.697642
0.541922 0.003590 0.019420 0.004868 0.001150 0.422656 0.006392 1.642208 2297.434888
0.547181 0.003280 0.018358 0.004582 0.001118 0.419077 0.006404 1.642542 2304.739842
0.552381 0.002986 0.017345 0.004299 0.001086 0.415484 0.006419 1.642853 2313.283280
0.557528 0.002730 0.016384 0.004033 0.001058 0.411834 0.006432 1.643127 2320.402988
0.562646 0.002486 0.015480 0.003771 0.001026 0.408146 0.006446 1.643388 2327.759283
0.567732 0.002276 0.014603 0.003537 0.001000 0.404395 0.006458 1.643612 2334.284480
0.572793 0.002080 0.013798 0.003313 0.000973 0.400573 0.006470 1.643819 2341.977955
0.577795 0.001893 0.012995 0.003103 0.000947 0.396782 0.006486 1.644016 2349.377080
0.582734 0.001727 0.012257 0.002912 0.000908 0.392957 0.006504 1.644194 2358.377477
0.587549 0.001579 0.011517 0.002737 0.000876 0.389224 0.006518 1.644352 2367.122207
0.592350 0.001437 0.010869 0.002572 0.000849 0.385394 0.006529 1.644504 2374.393386
0.597113 0.001308 0.010212 0.002400 0.000823 0.381604 0.006541 1.644642 2381.564720
0.601909 0.001199 0.009601 0.002246 0.000799 0.377696 0.006551 1.644759 2388.511108
0.606589 0.001094 0.009057 0.002115 0.000772 0.373810 0.006564 1.644873 2396.228377
0.611269 0.000992 0.008526 0.001987 0.000748 0.369905 0.006574 1.644982 2403.337230
0.615857 0.000907 0.008028 0.001858 0.000723 0.366044 0.006583 1.645078 2409.863074
0.620408 0.000821 0.007547 0.001742 0.000703 0.362189 0.006589 1.645170 2416.569177
0.624900 0.000753 0.007097 0.001631 0.000681 0.358340 0.006597 1.645246 2422.979012
0.629312 0.000692 0.006662 0.001535 0.000659 0.354536 0.006606 1.645316 2429.519217
0.633712 0.000632 0.006256 0.001435 0.000639 0.350712 0.006614 1.645382 2434.594509
0.638061 0.000582 0.005879 0.001335 0.000617 0.346903 0.006623 1.645437 2440.550906
0.642358 0.000536 0.005521 0.001251 0.000595 0.343106 0.006633 1.645489 2445.999563
0.646681 0.000491 0.005180 0.001165 0.000575 0.339269 0.006640 1.645538 2452.221802
0.650890 0.000442 0.004859 0.001102 0.000554 0.335506 0.006648 1.645592 2458.151236
0.655046 0.000404 0.004559 0.001033 0.000531 0.331771 0.006656 1.645635 2465.443566
0.659178 0.000374 0.004279 0.000970 0.000514 0.328024 0.006661 1.645670 2470.776572
0.663219 0.000340 0.004026 0.000908 0.000496 0.324344 0.006668 1.645707 2476.403843
0.667211 0.000313 0.003769 0.000851 0.000481 0.320702 0.006675 1.645739 2481.311462
0.671204 0.000286 0.003529 0.000795 0.000465 0.317041 0.006681 1.645770 2486.828638
0.675104 0.000265 0.003294 0.000740 0.000453 0.313460 0.006685 1.645794 2490.554932
0.678973 0.000245 0.003087 0.000690 0.000439 0.309876 0.006692 1.645818 2495.494416
0.682833 0.000223 0.002890 0.000646 0.000424 0.306287 0.006698 1.645843 2500.400702
0.686610 0.000205 0.002711 0.000604 0.000407 0.302758 0.006704 1.645864 2505.957812
0.690386 0.000186 0.002534 0.000564 0.000391 0.299227 0.006711 1.645885 2511.053345
0.694157 0.000172 0.002376 0.000530 0.000380 0.295669 0.006717 1.645902 2515.286723
0.697855 0.000161 0.002218 0.000493 0.000364 0.292186 0.006723 1.645914 2520.153852
0.701455 0.000150 0.002077 0.000461 0.000351 0.288778 0.006728 1.645928 2524.531619
0.705037 0.000141 0.001948 0.000426 0.000339 0.285376 0.006734 1.645941 2528.981432
0.708583 0.000127 0.001828 0.000397 0.000326 0.282001 0.006739 1.645958 2533.350308
0.712049 0.000117 0.001715 0.000375 0.000316 0.278685 0.006743 1.645971 2536.445714
0.715505 0.000105 0.001613 0.000347 0.000306 0.275376 0.006748 1.645985 2539.608894
0.718907 0.000096 0.001509 0.000322 0.000294 0.272118 0.006754 1.645994 2543.740902
0.722269 0.000089 0.001408 0.000299 0.000281 0.268894 0.006759 1.646002 2548.752561
0.725609 0.000082 0.001325 0.000280 0.000271 0.265670 0.006763 1.646011 2551.943811
0.728926 0.000075 0.001230 0.000262 0.000259 0.262481 0.006767 1.646018 2555.321428
0.732172 0.000071 0.001153 0.000242 0.000250 0.259342 0.006771 1.646025 2558.542750
0.735414 0.000066 0.001075 0.000226 0.000242 0.256201 0.006776 1.646031 2561.373976
0.738635 0.000062 0.001008 0.000213 0.000233 0.253070 0.006779 1.646037 2565.021639
0.741774 0.000058 0.000947 0.000201 0.000224 0.250014 0.006782 1.646042 2568.602557
0.744896 0.000052 0.000884 0.000188 0.000217 0.246979 0.006785 1.646049 2571.485873
0.747975 0.000048 0.000831 0.000178 0.000210 0.243971 0.006788 1.646054 2573.931878
0.750983 0.000046 0.000775 0.000165 0.000204 0.241038 0.006789 1.646057 2576.096563
0.753977 0.000042 0.000722 0.000156 0.000198 0.238113 0.006792 1.646063 2578.393958
0.756905 0.000040 0.000674 0.000145 0.000190 0.235252 0.006794 1.646066 2581.684747
0.759870 0.000037 0.000630 0.000136 0.000184 0.232347 0.006796 1.646070 2583.965502
0.762777 0.000034 0.000591 0.000127 0.000178 0.229496 0.006797 1.646075 2586.066479
0.765641 0.000028 0.000559 0.000119 0.000170 0.226685 0.006799 1.646080 2589.359967
0.768478 0.000027 0.000516 0.000110 0.000164 0.223904 0.006801 1.646082 2591.814977
0.771285 0.000025 0.000484 0.000105 0.000156 0.221141 0.006804 1.646084 2595.207910
0.774058 0.000024 0.000449 0.000097 0.000151 0.218415 0.006806 1.646086 2597.107241
0.776771 0.000023 0.000421 0.000091 0.000146 0.215741 0.006808 1.646088 2599.002103
0.779458 0.000021 0.000394 0.000085 0.000141 0.213092 0.006810 1.646090 2601.272971
0.782088 0.000020 0.000370 0.000080 0.000137 0.210492 0.006812 1.646092 2603.288466
0.784713 0.000017 0.000349 0.000073 0.000132 0.207901 0.006814 1.646095 2605.744171
0.787255 0.000016 0.000323 0.000066 0.000128 0.205395 0.006817 1.646096 2607.425496
0.789805 0.000015 0.000299 0.000062 0.000123 0.202877 0.006818 1.646098 2609.733681
0.792319 0.000013 0.000284 0.000059 0.000119 0.200385 0.006820 1.646100 2611.402442
0.794769 0.000013 0.000266 0.000053 0.000114 0.197962 0.006822 1.646100 2613.699808
0.797183 0.000013 0.000250 0.000046 0.000111 0.195575 0.006823 1.646102 2614.975296
0.799553 0.000012 0.000233 0.000042 0.000107 0.193228 0.006825 1.646102 2616.608813
0.801885 0.000012 0.000216 0.000040 0.000104 0.190917 0.006827 1.646102 2617.895547
0.804100 0.000011 0.000199 0.000036 0.000100 0.188725 0.006828 1.646103 2619.542660
0.806360 0.000011 0.000185 0.000033 0.000097 0.186483 0.006831 1.646104 2621.092192
0.808541 0.000008 0.000176 0.000031 0.000093 0.184318 0.006832 1.646107 2622.762567
0.810663 0.000009 0.000164 0.000029 0.000088 0.182213 0.006834 1.646107 2624.608926
0.812821 0.000008 0.000153 0.000026 0.000085 0.180070 0.006836 1.646108 2626.166905
0.814852 0.000008 0.000143 0.000024 0.000080 0.178054 0.006838 1.646108 2628.497892
0.816836 0.000007 0.000135 0.000023 0.000078 0.176081 0.006839 1.646109 2629.729105
0.818776 0.000006 0.000129 0.000021 0.000075 0.174152 0.006841 1.646110 2631.258755
0.820665 0.000006 0.000121 0.000019 0.000073 0.172273 0.006842 1.646110 2632.743423
0.822494 0.000006 0.000113 0.000018 0.000070 0.170455 0.006843 1.646111 2634.008388
0.824306 0.000005 0.000108 0.000017 0.000067 0.168652 0.006844 1.646112 2635.452506
0.826039 0.000005 0.000100 0.000016 0.000063 0.166930 0.006847 1.646112 2637.556956
0.827730 0.000004 0.000092 0.000015 0.000061 0.165250 0.006848 1.646113 2638.677097
0.829361 0.000003 0.000088 0.000014 0.000059 0.163626 0.006849 1.646114 2639.594750
0.830923 0.000003 0.000082 0.000013 0.000056 0.162072 0.006850 1.646114 2641.263245
0.832442 0.000003 0.000078 0.000012 0.000052 0.160562 0.006851 1.646114 2643.100169
0.833879 0.000003 0.000072 0.000010 0.000050 0.159133 0.006852 1.646114 2644.164948
0.835283 0.000003 0.000069 0.000010 0.000049 0.157734 0.006852 1.646115 2644.705739
0.836647 0.000003 0.000064 0.000009 0.000047 0.156377 0.006852 1.646115 2646.011365
0.837983 0.000003 0.000058 0.000008 0.000045 0.155049 0.006853 1.646115 2646.859995
0.839264 0.000003 0.000055 0.000008 0.000044 0.153772 0.006854 1.646115 2647.446838
0.840492 0.000003 0.000050 0.000007 0.000043 0.152551 0.006854 1.646115 2648.196464
0.841683 0.000002 0.000048 0.000007 0.000041 0.151365 0.006855 1.646116 2649.070877
0.842801 0.000002 0.000046 0.000006 0.000039 0.150251 0.006855 1.646116 2649.732321
0.843871 0.000001 0.000044 0.000006 0.000038 0.149184 0.006855 1.646117 2650.345608
0.844927 0.000000 0.000041 0.000005 0.000036 0.148134 0.006855 1.646117 2651.100330
0.845925 0.000001 0.000037 0.000005 0.000036 0.147140 0.006856 1.646117 2651.392682
0.846865 0.000000 0.000035 0.000004 0.000035 0.146204 0.006856 1.646118 2651.971462
0.847723 0.000000 0.000032 0.000004 0.000034 0.145350 0.006857 1.646118 2652.535511
0.848587 0.000000 0.000030 0.000003 0.000032 0.144490 0.006858 1.646118 2653.584140
0.849351 0.000000 0.000028 0.000003 0.000030 0.143728 0.006859 1.646118 2654.646096
0.850069 0.000001 0.000026 0.000002 0.000029 0.143013 0.006860 1.646118 2655.147783
0.850763 0.000001 0.000025 0.000002 0.000027 0.142321 0.006861 1.646118 2656.526938
0.851424 0.000001 0.000022 0.000002 0.000026 0.141663 0.006861 1.646118 2657.134529
0.852045 0.000001 0.000021 0.000002 0.000025 0.141046 0.006861 1.646118 2657.938172
0.852620 0.000000 0.000019 0.000002 0.000024 0.140473 0.006861 1.646118 2658.633710
0.853186 0.000000 0.000018 0.000002 0.000023 0.139909 0.006862 1.646118 2658.974911
0.853714 0.000000 0.000017 0.000002 0.000023 0.139382 0.006862 1.646118 2659.166453
0.854212 0.000000 0.000016 0.000002 0.000022 0.138886 0.006862 1.646118 2659.675623
0.854686 0.000000 0.000014 0.000002 0.000022 0.138413 0.006862 1.646118 2660.152645
0.855151 0.000000 0.000013 0.000002 0.000021 0.137949 0.006863 1.646118 2660.463470
0.855586 0.000000 0.000012 0.000002 0.000020 0.137517 0.006863 1.646118 2661.352434
0.856013 0.000000 0.000012 0.000002 0.000020 0.137090 0.006863 1.646118 2661.352434
0.856408 0.000000 0.000010 0.000002 0.000020 0.136696 0.006863 1.646118 2661.507275
0.856779 0.000000 0.000009 0.000002 0.000019 0.136326 0.006864 1.646118 2661.826372
0.857122 0.000000 0.000008 0.000002 0.000018 0.135986 0.006865 1.646118 2662.803263
0.857465 0.000000 0.000007 0.000002 0.000017 0.135644 0.006865 1.646118 2662.980346
0.857769 0.000000 0.000006 0.000001 0.000017 0.135341 0.006865 1.646118 2663.271603
0.858077 0.000000 0.000005 0.000001 0.000017 0.135034 0.006865 1.646118 2663.528288
0.858362 0.000000 0.000005 0.000001 0.000016 0.134751 0.006865 1.646118 2663.859460
0.858604 0.000000 0.000005 0.000001 0.000015 0.134509 0.006865 1.646118 2664.157311
0.858848 0.000000 0.000005 0.000001 0.000015 0.134266 0.006866 1.646118 2664.492953
0.859083 0.000000 0.000004 0.000001 0.000014 0.134032 0.006866 1.646118 2664.541588
0.859290 0.000000 0.000004 0.000001 0.000014 0.133825 0.006866 1.646118 2664.597306
0.859495 0.000000 0.000004 0.000000 0.000014 0.133620 0.006866 1.646118 2664.807131
0.859692 0.000000 0.000004 0.000000 0.000013 0.133424 0.006867 1.646118 2665.338622
0.859871 0.000000 0.000003 0.000000 0.000012 0.133246 0.006867 1.646118 2665.695476
0.860046 0.000000 0.000003 0.000000 0.000012 0.133071 0.006867 1.646118 2665.853915
0.860229 0.000000 0.000003 0.000000 0.000012 0.132888 0.006867 1.646118 2666.009278
0.860392 0.000000 0.000003 0.000000 0.000012 0.132726 0.006867 1.646118 2666.242778
0.860540 0.000000 0.000002 0.000000 0.000010 0.132578 0.006868 1.646118 2666.996883
0.860675 0.000000 0.000002 0.000000 0.000010 0.132444 0.006869 1.646118 2667.308871
0.860802 0.000000 0.000002 0.000000 0.000009 0.132317 0.006869 1.646118 2667.474327
0.860925 0.000000 0.000002 0.000000 0.000009 0.132194 0.006869 1.646118 2667.656981
0.861041 0.000000 0.000001 0.000000 0.000009 0.132079 0.006869 1.646118 2667.751715
0.861148 0.000000 0.000001 0.000000 0.000008 0.131972 0.006870 1.646118 2667.950105
0.861243 0.000000 0.000001 0.000000 0.000008 0.131877 0.006870 1.646118 2668.176164
0.861342 0.000000 0.000001 0.000000 0.000008 0.131778 0.006870 1.646118 2668.176164
0.861446 0.000000 0.000001 0.000000 0.000008 0.131674 0.006870 1.646118 2668.176164
0.861534 0.000000 0.000001 0.000000 0.000008 0.131586 0.006870 1.646119 2668.517430
0.861628 0.000000 0.000001 0.000000 0.000008 0.131492 0.006870 1.646119 2668.517430
0.861708 0.000000 0.000001 0.000000 0.000007 0.131412 0.006870 1.646119 2668.966196
0.861783 0.000000 0.000001 0.000000 0.000007 0.131338 0.006870 1.646119 2668.966196
0.861858 0.000000 0.000001 0.000000 0.000006 0.131264 0.006870 1.646119 2669.421522
0.861929 0.000000 0.000001 0.000000 0.000006 0.131193 0.006870 1.646119 2669.650244
0.861995 0.000000 0.000001 0.000000 0.000006 0.131128 0.006870 1.646119 2669.650244
0.862058 0.000000 0.000001 0.000000 0.000006 0.131064 0.006871 1.646119 2669.731939
0.862116 0.000000 0.000001 0.000000 0.000005 0.131007 0.006871 1.646119 2670.302431
0.862169 0.000000 0.000001 0.000000 0.000005 0.130954 0.006871 1.646119 2670.302431
0.862222 0.000000 0.000001 0.000000 0.000005 0.130901 0.006871 1.646119 2670.302431
0.862278 0.000000 0.000001 0.000000 0.000005 0.130844 0.006871 1.646119 2670.302431
0.862325 0.000000 0.000001 0.000000 0.000005 0.130798 0.006871 1.646119 2670.485219
0.862370 0.000000 0.000001 0.000000 0.000005 0.130753 0.006871 1.646119 2670.485219
0.862423 0.000000 0.000001 0.000000 0.000005 0.130700 0.006871 1.646119 2670.485219
0.862468 0.000000 0.000001 0.000000 0.000005 0.130655 0.006871 1.646119 2670.575174
0.862508 0.000000 0.000001 0.000000 0.000004 0.130615 0.006871 1.646119 2670.801828
0.862552 0.000000 0.000001 0.000000 0.000004 0.130571 0.006872 1.646119 2670.810990
0.862593 0.000000 0.000001 0.000000 0.000004 0.130530 0.006872 1.646119 2670.810990
0.862632 0.000000 0.000001 0.000000 0.000004 0.130491 0.006872 1.646119 2671.029726
0.862669 0.000000 0.000001 0.000000 0.000004 0.130454 0.006872 1.646119 2671.029726
0.862703 0.000000 0.000001 0.000000 0.000004 0.130420 0.006872 1.646119 2671.029726
0.862731 0.000000 0.000001 0.000000 0.000004 0.130392 0.006872 1.646119 2671.241263
0.862765 0.000000 0.000001 0.000000 0.000003 0.130359 0.006872 1.646119 2671.450117
0.862789 0.000000 0.000000 0.000000 0.000003 0.130335 0.006872 1.646119 2671.450117
0.862814 0.000000 0.000000 0.000000 0.000003 0.130310 0.006872 1.646119 2671.450117
0.862840 0.000000 0.000000 0.000000 0.000003 0.130284 0.006872 1.646119 2671.450795
0.862860 0.000000 0.000000 0.000000 0.000003 0.130265 0.006872 1.646119 2671.450795
0.862879 0.000000 0.000000 0.000000 0.000002 0.130246 0.006872 1.646119 2671.456718
0.862896 0.000000 0.000000 0.000000 0.000002 0.130229 0.006872 1.646119 2671.456718
0.862916 0.000000 0.000000 0.000000 0.000002 0.130209 0.006872 1.646119 2671.456718
0.862936 0.000000 0.000000 0.000000 0.000002 0.130190 0.006872 1.646119 2671.456718
0.862955 0.000000 0.000000 0.000000 0.000002 0.130171 0.006872 1.646119 2671.630513
0.862966 0.000000 0.000000 0.000000 0.000002 0.130160 0.006872 1.646119 2671.906071
0.862979 0.000000 0.000000 0.000000 0.000002 0.130147 0.006872 1.646119 2671.906071
0.862992 0.000000 0.000000 0.000000 0.000002 0.130134 0.006872 1.646119 2671.906071
0.863002 0.000000 0.000000 0.000000 0.000002 0.130124 0.006872 1.646119 2671.906071
0.863014 0.000000 0.000000 0.000000 0.000002 0.130112 0.006872 1.646119 2671.906071
0.863024 0.000000 0.000000 0.000000 0.000001 0.130102 0.006872 1.646119 2672.133855
0.863032 0.000000 0.000000 0.000000 0.000001 0.130094 0.006872 1.646119 2672.133855
0.863041 0.000000 0.000000 0.000000 0.000001 0.130086 0.006872 1.646119 2672.133855
0.863049 0.000000 0.000000 0.000000 0.000001 0.130078 0.006872 1.646119 2672.133855
0.863055 0.000000 0.000000 0.000000 0.000001 0.130071 0.006872 1.646119 2672.133855
0.863062 0.000000 0.000000 0.000000 0.000001 0.130065 0.006872 1.646119 2672.133855
0.863068 0.000000 0.000000 0.000000 0.000001 0.130058 0.006872 1.646119 2672.133855
0.863074 0.000000 0.000000 0.000000 0.000001 0.130052 0.006873 1.646119 2672.329691
0.863079 0.000000 0.000000 0.000000 0.000001 0.130047 0.006873 1.646119 2672.329691
0.863086 0.000000 0.000000 0.000000 0.000001 0.130041 0.006873 1.646119 2672.329691
0.863091 0.000000 0.000000 0.000000 0.000001 0.130035 0.006873 1.646119 2672.329691
0.863097 0.000000 0.000000 0.000000 0.000001 0.130030 0.006873 1.646119 2672.329691
0.863101 0.000000 0.000000 0.000000 0.000001 0.130025 0.006873 1.646119 2672.329691
0.863109 0.000000 0.000000 0.000000 0.000001 0.130017 0.006873 1.646119 2672.329691
0.863113 0.000000 0.000000 0.000000 0.000001 0.130013 0.006873 1.646119 2672.329691
0.863119 0.000000 0.000000 0.000000 0.000001 0.130007 0.006873 1.646119 2672.329691
0.863123 0.000000 0.000000 0.000000 0.000001 0.130004 0.006873 1.646119 2672.329691
0.863126 0.000000 0.000000 0.000000 0.000001 0.130001 0.006873 1.646119 2672.329691
0.863132 0.000000 0.000000 0.000000 0.000001 0.129995 0.006873 1.646119 2672.329691
0.863136 0.000000 0.000000 0.000000 0.000000 0.129991 0.006873 1.646119 2672.500298
0.863137 0.000000 0.000000 0.000000 0.000000 0.129989 0.006873 1.646119 2672.500298
0.863140 0.000000 0.000000 0.000000 0.000000 0.129987 0.006873 1.646119 2672.500298
0.863142 0.000000 0.000000 0.000000 0.000000 0.129985 0.006873 1.646119 2672.500298
0.863145 0.000000 0.000000 0.000000 0.000000 0.129982 0.006873 1.646119 2672.500298
0.863147 0.000000 0.000000 0.000000 0.000000 0.129980 0.006873 1.646119 2672.500298
0.863149 0.000000 0.000000 0.000000 0.000000 0.129978 0.006873 1.646119 2672.547424
0.863150 0.000000 0.000000 0.000000 0.000000 0.129977 0.006873 1.646119 2672.547424
0.863151 0.000000 0.000000 0.000000 0.000000 0.129976 0.006873 1.646119 2672.547424
0.863151 0.000000 0.000000 0.000000 0.000000 0.129975 0.006873 1.646119 2672.547424
0.863153 0.000000 0.000000 0.000000 0.000000 0.129974 0.006873 1.646119 2672.547424
0.863155 0.000000 0.000000 0.000000 0.000000 0.129972 0.006873 1.646119 2672.547424
0.863157 0.000000 0.000000 0.000000 0.000000 0.129970 0.006873 1.646119 2672.791810
0.863157 0.000000 0.000000 0.000000 0.000000 0.129970 0.006873 1.646119 2672.791810
0.863157 0.000000 0.000000 0.000000 0.000000 0.129970 0.006873 1.646119 2672.791810
0.863157 0.000000 0.000000 0.000000 0.000000 0.129970 0.006873 1.646119 2672.791810
0.863157 0.000000 0.000000 0.000000 0.000000 0.129970 0.006873 1.646119 2672.791810
0.863157 0.000000 0.000000 0.000000 0.000000 0.129970 0.006873 1.646119 2672.791810
0.863157 0.000000 0.000000 0.000000 0.000000 0.129970 0.006873 1.646119 2672.791810
0.863157 0.000000 0.000000 0.000000 0.000000 0.129970 0.006873 1.646119 2672.791810
0.863157 0.000000 0.000000 0.000000 0.000000 0.129970 0.006873 1.646119 2672.791810
0.863157 0.000000 0.000000 0.000000 0.000000 0.129970 0.006873 1.646119 2672.791810
0.863157 0.000000 0.000000 0.000000 0.000000 0.129970 0.006873 1.646119 2672.791810
0.863157 0.000000 0.000000 0.000000 0.000000 0.129970 0.006873 1.646119 2672.791810
0.863157 0.000000 0.000000 0.000000 0.000000 0.129970 0.006873 1.646119 2672.791810
0.863157 0.000000 0.000000 0.000000 0.000000 0.129970 0.006873 1.646119 2672.791810
0.863157 0.000000 0.000000 0.000000 0.000000 0.129970 0.006873 1.646119 2672.791810
0.863157 0.000000 0.000000 0.000000 0.000000 0.129970 0.006873 1.646119 2672.791810
0.863157 0.000000 0.000000 0.000000 0.000000 0.129970 0.006873 1.646119 2672.791810
0.863157 0.000000 0.000000 0.000000 0.000000 0.129970 0.006873 1.646119 2672.791810
0.863157 0.000000 0.000000 0.000000 0.000000 0.129970 0.006873 1.646119 2672.791810
0.863157 0.000000 0.000000 0.000000 0.000000 0.129970 0.006873 1.646119 2672.791810
0.863157 0.000000 0.000000 0.000000 0.000000 0.129970 0.006873 1.646119 2672.791810
0.863157 0.000000 0.000000 0.000000 0.000000 0.129970 0.006873 1.646119 2672.791810
0.863157 0.000000 0.000000 0.000000 0.000000 0.129970 0.006873 1.646119 2672.791810
0.863157 0.000000 0.000000 0.000000 0.000000 0.129970 0.006873 1.646119 2672.791810
0.863157 0.000000 0.000000 0.000000 0.000000 0.129970 0.006873 1.646119 2672.791810
0.863157 0.000000 0.000000 0.000000 0.000000 0.129970 0.006873 1.646119 2672.791810
0.863157 0.000000 0.000000 0.000000 0.000000 0.129970 0.006873 1.646119 2672.791810
0.863157 0.000000 0.000000 0.000000 0.000000 0.129970 0.006873 1.646119 2672.791810
0.863157 0.000000 0.000000 0.000000 0.000000 0.129970 0.006873 1.646119 2672.791810
0.863157 0.000000 0.000000 0.000000 0.000000 0.129970 0.006873 1.646119 2672.791810
0.863157 0.000000 0.000000 0.000000 0.000000 0.129970 0.006873 1.646119 2672.791810
0.863157 0.000000 0.000000 0.000000 0.000000 0.129970 0.006873 1.646119 2672.791810
0.863157 0.000000 0.000000 0.000000 0.000000 0.129970 0.006873 1.646119 2672.791810
0.863157 0.000000 0.000000 0.000000 0.000000 0.129970 0.006873 1.646119 2672.791810
0.863157 0.000000 0.000000 0.000000 0.000000 0.129970 0.006873 1.646119 2672.791810
0.863157 0.000000 0.000000 0.000000 0.000000 0.129970 0.006873 1.646119 2672.791810
0.863157 0.000000 0.000000 0.000000 0.000000 0.129970 0.006873 1.646119 2672.791810
0.863157 0.000000 0.000000 0.000000 0.000000 0.129970 0.006873 1.646119 2672.791810
0.863157 0.000000 0.000000 0.000000 0.000000 0.129970 0.006873 1.646119 2672.791810
0.863157 0.000000 0.000000 0.000000 0.000000 0.129970 0.006873 1.646119 2672.791810
0.863157 0.000000 0.000000 0.000000 0.000000 0.129970 0.006873 1.646119 2672.791810
0.863157 0.000000 0.000000 0.000000 0.000000 0.129970 0.006873 1.646119 2672.791810
0.863157 0.000000 0.000000 0.000000 0.000000 0.129970 0.006873 1.646119 2672.791810
0.863157 0.000000 0.000000 0.000000 0.000000 0.129970 0.006873 1.646119 2672.791810
0.863157 0.000000 0.000000 0.000000 0.000000 0.129970 0.006873 1.646119 2672.791810
0.863157 0.000000 0.000000 0.000000 0.000000 0.129970 0.006873 1.646119 2672.791810
0.863157 0.000000 0.000000 0.000000 0.000000 0.129970 0.006873 1.646119 2672.791810
0.863157 0.000000 0.000000 0.000000 0.000000 0.129970 0.006873 1.646119 2672.791810
0.863157 0.000000 0.000000 0.000000 0.000000 0.129970 0.006873 1.646119 2672.791810
0.863157 0.000000 0.000000 0.000000 0.000000 0.129970 0.006873 1.646119 2672.791810
0.863157 0.000000 0.000000 0.000000 0.000000 0.129970 0.006873 1.646119 2672.791810
0.863157 0.000000 0.000000 0.000000 0.000000 0.129970 0.006873 1.646119 2672.791810
0.863157 0.000000 0.000000 0.000000 0.000000 0.129970 0.006873 1.646119 2672.791810
0.863157 0.000000 0.000000 0.000000 0.000000 0.129970 0.006873 1.646119 2672.791810
0.863157 0.000000 0.000000 0.000000 0.000000 0.129970 0.006873 1.646119 2672.791810
0.863157 0.000000 0.000000 0.000000 0.000000 0.129970 0.006873 1.646119 2672.791810
0.863157 0.000000 0.000000 0.000000 0.000000 0.129970 0.006873 1.646119 2672.791810
0.863157 0.000000 0.000000 0.000000 0.000000 0.129970 0.006873 1.646119 2672.791810
0.863157 0.000000 0.000000 0.000000 0.000000 0.129970 0.006873 1.646119 2672.791810
0.863157 0.000000 0.000000 0.000000 0.000000 0.129970 0.006873 1.646119 2672.791810
0.863157 0.000000 0.000000 0.000000 0.000000 0.129970 0.006873 1.646119 2672.791810
0.863157 0.000000 0.000000 0.000000 0.000000 0.129970 0.006873 1.646119 2672.791810
0.863157 0.000000 0.000000 0.000000 0.000000 0.129970 0.006873 1.646119 2672.791810
0.863157 0.000000 0.000000 0.000000 0.000000 0.129970 0.006873 1.646119 2672.791810
0.863157 0.000000 0.000000 0.000000 0.000000 0.129970 0.006873 1.646119 2672.791810
0.863157 0.000000 0.000000 0.000000 0.000000 0.129970 0.006873 1.646119 2672.791810
0.863157 0.000000 0.000000 0.000000 0.000000 0.129970 0.006873 1.646119 2672.791810
0.863157 0.000000 0.000000 0.000000 0.000000 0.129970 0.006873 1.646119 2672.791810
0.863157 0.000000 0.000000 0.000000 0.000000 0.129970 0.006873 1.646119 2672.791810
0.863157 0.000000 0.000000 0.000000 0.000000 0.129970 0.006873 1.646119 2672.791810
0.863157 0.000000 0.000000 0.000000 0.000000 0.129970 0.006873 1.646119 2672.791810
0.863157 0.000000 0.000000 0.000000 0.000000 0.129970 0.006873 1.646119 2672.791810
0.863157 0.000000 0.000000 0.000000 0.000000 0.129970 0.006873 1.646119 2672.791810
0.863157 0.000000 0.000000 0.000000 0.000000 0.129970 0.006873 1.646119 2672.791810
0.863157 0.000000 0.000000 0.000000 0.000000 0.129970 0.006873 1.646119 2672.791810
0.863157 0.000000 0.000000 0.000000 0.000000 0.129970 0.006873 1.646119 2672.791810
0.863157 0.000000 0.000000 0.000000 0.000000 0.129970 0.006873 1.646119 2672.791810
0.863157 0.000000 0.000000 0.000000 0.000000 0.129970 0.006873 1.646119 2672.791810
0.863157 0.000000 0.000000 0.000000 0.000000 0.129970 0.006873 1.646119 2672.791810
0.863157 0.000000 0.000000 0.000000 0.000000 0.129970 0.006873 1.646119 2672.791810
0.863157 0.000000 0.000000 0.000000 0.000000 0.129970 0.006873 1.646119 2672.791810
0.863157 0.000000 0.000000 0.000000 0.000000 0.129970 0.006873 1.646119 2672.791810
0.863157 0.000000 0.000000 0.000000 0.000000 0.129970 0.006873 1.646119 2672.791810
0.863157 0.000000 0.000000 0.000000 0.000000 0.129970 0.006873 1.646119 2672.791810
0.863157 0.000000 0.000000 0.000000 0.000000 0.129970 0.006873 1.646119 2672.791810
0.863157 0.000000 0.000000 0.000000 0.000000 0.129970 0.006873 1.646119 2672.791810
0.863157 0.000000 0.000000 0.000000 0.000000 0.129970 0.006873 1.646119 2672.791810
0.863157 0.000000 0.000000 0.000000 0.000000 0.129970 0.006873 1.646119 2672.791810
0.863157 0.000000 0.000000 0.000000 0.000000 0.129970 0.006873 1.646119 2672.791810
0.863157 0.000000 0.000000 0.000000 0.000000 0.129970 0.006873 1.646119 2672.791810
0.863157 0.000000 0.000000 0.000000 0.000000 0.129970 0.006873 1.646119 2672.791810
0.863157 0.000000 0.000000 0.000000 0.000000 0.129970 0.006873 1.646119 2672.791810
0.863157 0.000000 0.000000 0.000000 0.000000 0.129970 0.006873 1.646119 2672.791810
0.863157 0.000000 0.000000 0.000000 0.000000 0.129970 0.006873 1.646119 2672.791810
0.863157 0.000000 0.000000 0.000000 0.000000 0.129970 0.006873 1.646119 2672.791810
0.863157 0.000000 0.000000 0.000000 0.000000 0.129970 0.006873 1.646119 2672.791810
0.863157 0.000000 0.000000 0.000000 0.000000 0.129970 0.006873 1.646119 2672.791810
0.863157 0.000000 0.000000 0.000000 0.000000 0.129970 0.006873 1.646119 2672.791810
0.863157 0.000000 0.000000 0.000000 0.000000 0.129970 0.006873 1.646119 2672.791810
0.863157 0.000000 0.000000 0.000000 0.000000 0.129970 0.006873 1.646119 2672.791810
0.863157 0.000000 0.000000 0.000000 0.000000 0.129970 0.006873 1.646119 2672.791810
0.863157 0.000000 0.000000 0.000000 0.000000 0.129970 0.006873 1.646119 2672.791810
0.863157 0.000000 0.000000 0.000000 0.000000 0.129970 0.006873 1.646119 2672.791810
0.863157 0.000000 0.000000 0.000000 0.000000 0.129970 0.006873 1.646119 2672.791810
0.863157 0.000000 0.000000 0.000000 0.000000 0.129970 0.006873 1.646119 2672.791810
0.863157 0.000000 0.000000 0.000000 0.000000 0.129970 0.006873 1.646119 2672.791810
0.863157 0.000000 0.000000 0.000000 0.000000 0.129970 0.006873 1.646119 2672.791810
0.863157 0.000000 0.000000 0.000000 0.000000 0.129970 0.006873 1.646119 2672.791810
0.863157 0.000000 0.000000 0.000000 0.000000 0.129970 0.006873 1.646119 2672.791810
0.863157 0.000000 0.000000 0.000000 0.000000 0.129970 0.006873 1.646119 2672.791810
0.863157 0.000000 0.000000 0.000000 0.000000 0.129970 0.006873 1.646119 2672.791810
0.863157 0.000000 0.000000 0.000000 0.000000 0.129970 0.006873 1.646119 2672.791810
0.863157 0.000000 0.000000 0.000000 0.000000 0.129970 0.006873 1.646119 2672.791810
0.863157 0.000000 0.000000 0.000000 0.000000 0.129970 0.006873 1.646119 2672.791810
0.863157 0.000000 0.000000 0.000000 0.000000 0.129970 0.006873 1.646119 2672.791810
0.863157 0.000000 0.000000 0.000000 0.000000 0.129970 0.006873 1.646119 2672.791810
0.863157 0.000000 0.000000 0.000000 0.000000 0.129970 0.006873 1.646119 2672.791810
0.863157 0.000000 0.000000 0.000000 0.000000 0.129970 0.006873 1.646119 2672.791810
0.863157 0.000000 0.000000 0.000000 0.000000 0.129970 0.006873 1.646119 2672.791810
0.863157 0.000000 0.000000 0.000000 0.000000 0.129970 0.006873 1.646119 2672.791810
0.863157 0.000000 0.000000 0.000000 0.000000 0.129970 0.006873 1.646119 2672.791810
0.863157 0.000000 0.000000 0.000000 0.000000 0.129970 0.006873 1.646119 2672.791810
0.863157 0.000000 0.000000 0.000000 0.000000 0.129970 0.006873 1.646119 2672.791810
0.863157 0.000000 0.000000 0.000000 0.000000 0.129970 0.006873 1.646119 2672.791810
0.863157 0.000000 0.000000 0.000000 0.000000 0.129970 0.006873 1.646119 2672.791810
0.863157 0.000000 0.000000 0.000000 0.000000 0.129970 0.006873 1.646119 2672.791810
0.863157 0.000000 0.000000 0.000000 0.000000 0.129970 0.006873 1.646119 2672.791810
0.863157 0.000000 0.000000 0.000000 0.000000 0.129970 0.006873 1.646119 2672.791810
0.863157 0.000000 0.000000 0.000000 0.000000 0.129970 0.006873 1.646119 2672.791810
0.863157 0.000000 0.000000 0.000000 0.000000 0.129970 0.006873 1.646119 2672.791810
0.863157 0.000000 0.000000 0.000000 0.000000 0.129970 0.006873 1.646119 2672.791810
0.863157 0.000000 0.000000 0.000000 0.000000 0.129970 0.006873 1.646119 2672.791810
0.863157 0.000000 0.000000 0.000000 0.000000 0.129970 0.006873 1.646119 2672.791810
0.863157 0.000000 0.000000 0.000000 0.000000 0.129970 0.006873 1.646119 2672.791810
0.863157 0.000000 0.000000 0.000000 0.000000 0.129970 0.006873 1.646119 2672.791810
0.863157 0.000000 0.000000 0.000000 0.000000 0.129970 0.006873 1.646119 2672.791810
0.863157 0.000000 0.000000 0.000000 0.000000 0.129970 0.006873 1.646119 2672.791810
0.863157 0.000000 0.000000 0.000000 0.000000 0.129970 0.006873 1.646119 2672.791810
0.863157 0.000000 0.000000 0.000000 0.000000 0.129970 0.006873 1.646119 2672.791810
0.863157 0.000000 0.000000 0.000000 0.000000 0.129970 0.006873 1.646119 2672.791810
0.863157 0.000000 0.000000 0.000000 0.000000 0.129970 0.006873 1.646119 2672.791810
0.863157 0.000000 0.000000 0.000000 0.000000 0.129970 0.006873 1.646119 2672.791810
0.863157 0.000000 0.000000 0.000000 0.000000 0.129970 0.006873 1.646119 2672.791810
0.863157 0.000000 0.000000 0.000000 0.000000 0.129970 0.006873 1.646119 2672.791810
0.863157 0.000000 0.000000 0.000000 0.000000 0.129970 0.006873 1.646119 2672.791810
0.863157 0.000000 0.000000 0.000000 0.000000 0.129970 0.006873 1.646119 2672.791810
0.863157 0.000000 0.000000 0.000000 0.000000 0.129970 0.006873 1.646119 2672.791810
0.863157 0.000000 0.000000 0.000000 0.000000 0.129970 0.006873 1.646119 2672.791810
0.863157 0.000000 0.000000 0.000000 0.000000 0.129970 0.006873 1.646119 2672.791810
0.863157 0.000000 0.000000 0.000000 0.000000 0.129970 0.006873 1.646119 2672.791810
0.863157 0.000000 0.000000 0.000000 0.000000 0.129970 0.006873 1.646119 2672.791810
0.863157 0.000000 0.000000 0.000000 0.000000 0.129970 0.006873 1.646119 2672.791810
0.863157 0.000000 0.000000 0.000000 0.000000 0.129970 0.006873 1.646119 2672.791810
0.863157 0.000000 0.000000 0.000000 0.000000 0.129970 0.006873 1.646119 2672.791810
0.863157 0.000000 0.000000 0.000000 0.000000 0.129970 0.006873 1.646119 2672.791810
0.863157 0.000000 0.000000 0.000000 0.000000 0.129970 0.006873 1.646119 2672.791810
0.863157 0.000000 0.000000 0.000000 0.000000 0.129970 0.006873 1.646119 2672.791810
0.863157 0.000000 0.000000 0.000000 0.000000 0.129970 0.006873 1.646119 2672.791810
0.863157 0.000000 0.000000 0.000000 0.000000 0.129970 0.006873 1.646119 2672.791810
0.863157 0.000000 0.000000 0.000000 0.000000 0.129970 0.006873 1.646119 2672.791810
0.863157 0.000000 0.000000 0.000000 0.000000 0.129970 0.006873 1.646119 2672.791810
0.863157 0.000000 0.000000 0.000000 0.000000 0.129970 0.006873 1.646119 2672.791810
0.863157 0.000000 0.000000 0.000000 0.000000 0.129970 0.006873 1.646119 2672.791810
0.863157 0.000000 0.000000 0.000000 0.000000 0.129970 0.006873 1.646119 2672.791810
0.863157 0.000000 0.000000 0.000000 0.000000 0.129970 0.006873 1.646119 2672.791810
0.863157 0.000000 0.000000 0.000000 0.000000 0.129970 0.006873 1.646119 2672.791810
0.863157 0.000000 0.000000 0.000000 0.000000 0.129970 0.006873 1.646119 2672.791810
0.863157 0.000000 0.000000 0.000000 0.000000 0.129970 0.006873 1.646119 2672.791810
0.863157 0.000000 0.000000 0.000000 0.000000 0.129970 0.006873 1.646119 2672.791810
0.863157 0.000000 0.000000 0.000000 0.000000 0.129970 0.006873 1.646119 2672.791810
0.863157 0.000000 0.000000 0.000000 0.000000 0.129970 0.006873 1.646119 2672.791810
0.863157 0.000000 0.000000 0.000000 0.000000 0.129970 0.006873 1.646119 2672.791810
0.863157 0.000000 0.000000 0.000000 0.000000 0.129970 0.006873 1.646119 2672.791810
0.863157 0.000000 0.000000 0.000000 0.000000 0.129970 0.006873 1.646119 2672.791810
0.863157 0.000000 0.000000 0.000000 0.000000 0.129970 0.006873 1.646119 2672.791810
0.863157 0.000000 0.000000 0.000000 0.000000 0.129970 0.006873 1.646119 2672.791810
0.863157 0.000000 0.000000 0.000000 0.000000 0.129970 0.006873 1.646119 2672.791810
0.863157 0.000000 0.000000 0.000000 0.000000 0.129970 0.006873 1.646119 2672.791810
0.863157 0.000000 0.000000 0.000000 0.000000 0.129970 0.006873 1.646119 2672.791810
0.863157 0.000000 0.000000 0.000000 0.000000 0.129970 0.006873 1.646119 2672.791810
0.863157 0.000000 0.000000 0.000000 0.000000 0.129970 0.006873 1.646119 2672.791810
0.863157 0.000000 0.000000 0.000000 0.000000 0.129970 0.006873 1.646119 2672.791810
0.863157 0.000000 0.000000 0.000000 0.000000 0.129970 0.006873 1.646119 2672.791810
0.863157 0.000000 0.000000 0.000000 0.000000 0.129970 0.006873 1.646119 2672.791810
0.863157 0.000000 0.000000 0.000000 0.000000 0.129970 0.006873 1.646119 2672.791810
0.863157 0.000000 0.000000 0.000000 0.000000 0.129970 0.006873 1.646119 2672.791810
0.863157 0.000000 0.000000 0.000000 0.000000 0.129970 0.006873 1.646119 2672.791810
0.863157 0.000000 0.000000 0.000000 0.000000 0.129970 0.006873 1.646119 2672.791810
0.863157 0.000000 0.000000 0.000000 0.000000 0.129970 0.006873 1.646119 2672.791810
0.863157 0.000000 0.000000 0.000000 0.000000 0.129970 0.006873 1.646119 2672.791810
0.863157 0.000000 0.000000 0.000000 0.000000 0.129970 0.006873 1.646119 2672.791810
0.863157 0.000000 0.000000 0.000000 0.000000 0.129970 0.006873 1.646119 2672.791810
0.863157 0.000000 0.000000 0.000000 0.000000 0.129970 0.006873 1.646119 2672.791810
0.863157 0.000000 0.000000 0.000000 0.000000 0.129970 0.006873 1.646119 2672.791810
0.863157 0.000000 0.000000 0.000000 0.000000 0.129970 0.006873 1.646119 2672.791810
0.863157 0.000000 0.000000 0.000000 0.000000 0.129970 0.006873 1.646119 2672.791810
0.863157 0.000000 0.000000 0.000000 0.000000 0.129970 0.006873 1.646119 2672.791810
0.863157 0.000000 0.000000 0.000000 0.000000 0.129970 0.006873 1.646119 2672.791810
0.863157 0.000000 0.000000 0.000000 0.000000 0.129970 0.006873 1.646119 2672.791810
0.863157 0.000000 0.000000 0.000000 0.000000 0.129970 0.006873 1.646119 2672.791810
0.863157 0.000000 0.000000 0.000000 0.000000 0.129970 0.006873 1.646119 2672.791810
0.863157 0.000000 0.000000 0.000000 0.000000 0.129970 0.006873 1.646119 2672.791810
0.863157 0.000000 0.000000 0.000000 0.000000 0.129970 0.006873 1.646119 2672.791810
0.863157 0.000000 0.000000 0.000000 0.000000 0.129970 0.006873 1.646119 2672.791810
0.863157 0.000000 0.000000 0.000000 0.000000 0.129970 0.006873 1.646119 2672.791810
0.863157 0.000000 0.000000 0.000000 0.000000 0.129970 0.006873 1.646119 2672.791810
0.863157 0.000000 0.000000 0.000000 0.000000 0.129970 0.006873 1.646119 2672.791810
0.863157 0.000000 0.000000 0.000000 0.000000 0.129970 0.006873 1.646119 2672.791810
0.863157 0.000000 0.000000 0.000000 0.000000 0.129970 0.006873 1.646119 2672.791810
0.863157 0.000000 0.000000 0.000000 0.000000 0.129970 0.006873 1.646119 2672.791810
0.863157 0.000000 0.000000 0.000000 0.000000 0.129970 0.006873 1.646119 2672.791810
0.863157 0.000000 0.000000 0.000000 0.000000 0.129970 0.006873 1.646119 2672.791810
0.863157 0.000000 0.000000 0.000000 0.000000 0.129970 0.006873 1.646119 2672.791810
0.863157 0.000000 0.000000 0.000000 0.000000 0.129970 0.006873 1.646119 2672.791810
0.863157 0.000000 0.000000 0.000000 0.000000 0.129970 0.006873 1.646119 2672.791810
0.863157 0.000000 0.000000 0.000000 0.000000 0.129970 0.006873 1.646119 2672.791810
0.863157 0.000000 0.000000 0.000000 0.000000 0.129970 0.006873 1.646119 2672.791810
0.863157 0.000000 0.000000 0.000000 0.000000 0.129970 0.006873 1.646119 2672.791810
0.863157 0.000000 0.000000 0.000000 0.000000 0.129970 0.006873 1.646119 2672.791810
0.863157 0.000000 0.000000 0.000000 0.000000 0.129970 0.006873 1.646119 2672.791810
0.863157 0.000000 0.000000 0.000000 0.000000 0.129970 0.006873 1.646119 2672.791810
0.863157 0.000000 0.000000 0.000000 0.000000 0.129970 0.006873 1.646119 2672.791810
0.863157 0.000000 0.000000 0.000000 0.000000 0.129970 0.006873 1.646119 2672.791810
0.863157 0.000000 0.000000 0.000000 0.000000 0.129970 0.006873 1.646119 2672.791810
0.863157 0.000000 0.000000 0.000000 0.000000 0.129970 0.006873 1.646119 2672.791810
0.863157 0.000000 0.000000 0.000000 0.000000 0.129970 0.006873 1.646119 2672.791810
0.863157 0.000000 0.000000 0.000000 0.000000 0.129970 0.006873 1.646119 2672.791810
0.863157 0.000000 0.000000 0.000000 0.000000 0.129970 0.006873 1.646119 2672.791810
0.863157 0.000000 0.000000 0.000000 0.000000 0.129970 0.006873 1.646119 2672.791810
0.863157 0.000000 0.000000 0.000000 0.000000 0.129970 0.006873 1.646119 2672.791810
0.863157 0.000000 0.000000 0.000000 0.000000 0.129970 0.006873 1.646119 2672.791810
0.863157 0.000000 0.000000 0.000000 0.000000 0.129970 0.006873 1.646119 2672.791810
0.863157 0.000000 0.000000 0.000000 0.000000 0.129970 0.006873 1.646119 2672.791810
0.863157 0.000000 0.000000 0.000000 0.000000 0.129970 0.006873 1.646119 2672.791810
0.863157 0.000000 0.000000 0.000000 0.000000 0.129970 0.006873 1.646119 2672.791810
0.863157 0.000000 0.000000 0.000000 0.000000 0.129970 0.006873 1.646119 2672.791810
0.863157 0.000000 0.000000 0.000000 0.000000 0.129970 0.006873 1.646119 2672.791810
0.863157 0.000000 0.000000 0.000000 0.000000 0.129970 0.006873 1.646119 2672.791810
0.863157 0.000000 0.000000 0.000000 0.000000 0.129970 0.006873 1.646119 2672.791810
0.863157 0.000000 0.000000 0.000000 0.000000 0.129970 0.006873 1.646119 2672.791810
0.863157 0.000000 0.000000 0.000000 0.000000 0.129970 0.006873 1.646119 2672.791810
0.863157 0.000000 0.000000 0.000000 0.000000 0.129970 0.006873 1.646119 2672.791810
0.863157 0.000000 0.000000 0.000000 0.000000 0.129970 0.006873 1.646119 2672.791810
0.863157 0.000000 0.000000 0.000000 0.000000 0.129970 0.006873 1.646119 2672.791810
0.863157 0.000000 0.000000 0.000000 0.000000 0.129970 0.006873 1.646119 2672.791810
0.863157 0.000000 0.000000 0.000000 0.000000 0.129970 0.006873 1.646119 2672.791810
0.863157 0.000000 0.000000 0.000000 0.000000 0.129970 0.006873 1.646119 2672.791810
0.863157 0.000000 0.000000 0.000000 0.000000 0.129970 0.006873 1.646119 2672.791810
0.863157 0.000000 0.000000 0.000000 0.000000 0.129970 0.006873 1.646119 2672.791810
0.863157 0.000000 0.000000 0.000000 0.000000 0.129970 0.006873 1.646119 2672.791810
0.863157 0.000000 0.000000 0.000000 0.000000 0.129970 0.006873 1.646119 2672.791810
0.863157 0.000000 0.000000 0.000000 0.000000 0.129970 0.006873 1.646119 2672.791810
0.863157 0.000000 0.000000 0.000000 0.000000 0.129970 0.006873 1.646119 2672.791810
0.863157 0.000000 0.000000 0.000000 0.000000 0.129970 0.006873 1.646119 2672.791810
0.863157 0.000000 0.000000 0.000000 0.000000 0.129970 0.006873 1.646119 2672.791810
0.863157 0.000000 0.000000 0.000000 0.000000 0.129970 0.006873 1.646119 2672.791810
0.863157 0.000000 0.000000 0.000000 0.000000 0.129970 0.006873 1.646119 2672.791810
0.863157 0.000000 0.000000 0.000000 0.000000 0.129970 0.006873 1.646119 2672.791810
0.863157 0.000000 0.000000 0.000000 0.000000 0.129970 0.006873 1.646119 2672.791810
0.863157 0.000000 0.000000 0.000000 0.000000 0.129970 0.006873 1.646119 2672.791810
0.863157 0.000000 0.000000 0.000000 0.000000 0.129970 0.006873 1.646119 2672.791810
0.863157 0.000000 0.000000 0.000000 0.000000 0.129970 0.006873 1.646119 2672.791810
0.863157 0.000000 0.000000 0.000000 0.000000 0.129970 0.006873 1.646119 2672.791810
0.863157 0.000000 0.000000 0.000000 0.000000 0.129970 0.006873 1.646119 2672.791810
0.863157 0.000000 0.000000 0.000000 0.000000 0.129970 0.006873 1.646119 2672.791810
0.863157 0.000000 0.000000 0.000000 0.000000 0.129970 0.006873 1.646119 2672.791810
0.863157 0.000000 0.000000 0.000000 0.000000 0.129970 0.006873 1.646119 2672.791810
0.863157 0.000000 0.000000 0.000000 0.000000 0.129970 0.006873 1.646119 2672.791810
0.863157 0.000000 0.000000 0.000000 0.000000 0.129970 0.006873 1.646119 2672.791810
0.863157 0.000000 0.000000 0.000000 0.000000 0.129970 0.006873 1.646119 2672.791810
0.863157 0.000000 0.000000 0.000000 0.000000 0.129970 0.006873 1.646119 2672.791810
0.863157 0.000000 0.000000 0.000000 0.000000 0.129970 0.006873 1.646119 2672.791810
0.863157 0.000000 0.000000 0.000000 0.000000 0.129970 0.006873 1.646119 2672.791810
0.863157 0.000000 0.000000 0.000000 0.000000 0.129970 0.006873 1.646119 2672.791810
0.863157 0.000000 0.000000 0.000000 0.000000 0.129970 0.006873 1.646119 2672.791810
0.863157 0.000000 0.000000 0.000000 0.000000 0.129970 0.006873 1.646119 2672.791810
0.863157 0.000000 0.000000 0.000000 0.000000 0.129970 0.006873 1.646119 2672.791810
0.863157 0.000000 0.000000 0.000000 0.000000 0.129970 0.006873 1.646119 2672.791810
0.863157 0.000000 0.000000 0.000000 0.000000 0.129970 0.006873 1.646119 2672.791810
0.863157 0.000000 0.000000 0.000000 0.000000 0.129970 0.006873 1.646119 2672.791810
0.863157 0.000000 0.000000 0.000000 0.000000 0.129970 0.006873 1.646119 2672.791810
0.863157 0.000000 0.000000 0.000000 0.000000 0.129970 0.006873 1.646119 2672.791810
0.863157 0.000000 0.000000 0.000000 0.000000 0.129970 0.006873 1.646119 2672.791810
0.863157 0.000000 0.000000 0.000000 0.000000 0.129970 0.006873 1.646119 2672.791810
0.863157 0.000000 0.000000 0.000000 0.000000 0.129970 0.006873 1.646119 2672.791810
0.863157 0.000000 0.000000 0.000000 0.000000 0.129970 0.006873 1.646119 2672.791810
0.863157 0.000000 0.000000 0.000000 0.000000 0.129970 0.006873 1.646119 2672.791810
0.863157 0.000000 0.000000 0.000000 0.000000 0.129970 0.006873 1.646119 2672.791810
0.863157 0.000000 0.000000 0.000000 0.000000 0.129970 0.006873 1.646119 2672.791810
0.863157 0.000000 0.000000 0.000000 0.000000 0.129970 0.006873 1.646119 2672.791810
0.863157 0.000000 0.000000 0.000000 0.000000 0.129970 0.006873 1.646119 2672.791810
0.863157 0.000000 0.000000 0.000000 0.000000 0.129970 0.006873 1.646119 2672.791810
0.863157 0.000000 0.000000 0.000000 0.000000 0.129970 0.006873 1.646119 2672.791810
0.863157 0.000000 0.000000 0.000000 0.000000 0.129970 0.006873 1.646119 2672.791810
0.863157 0.000000 0.000000 0.000000 0.000000 0.129970 0.006873 1.646119 2672.791810
0.863157 0.000000 0.000000 0.000000 0.000000 0.129970 0.006873 1.646119 2672.791810
0.863157 0.000000 0.000000 0.000000 0.000000 0.129970 0.006873 1.646119 2672.791810
0.863157 0.000000 0.000000 0.000000 0.000000 0.129970 0.006873 1.646119 2672.791810
0.863157 0.000000 0.000000 0.000000 0.000000 0.129970 0.006873 1.646119 2672.791810
0.863157 0.000000 0.000000 0.000000 0.000000 0.129970 0.006873 1.646119 2672.791810
0.863157 0.000000 0.000000 0.000000 0.000000 0.129970 0.006873 1.646119 2672.791810
0.863157 0.000000 0.000000 0.000000 0.000000 0.129970 0.006873 1.646119 2672.791810
0.863157 0.000000 0.000000 0.000000 0.000000 0.129970 0.006873 1.646119 2672.791810
0.863157 0.000000 0.000000 0.000000 0.000000 0.129970 0.006873 1.646119 2672.791810
0.863157 0.000000 0.000000 0.000000 0.000000 0.129970 0.006873 1.646119 2672.791810
0.863157 0.000000 0.000000 0.000000 0.000000 0.129970 0.006873 1.646119 2672.791810
0.863157 0.000000 0.000000 0.000000 0.000000 0.129970 0.006873 1.646119 2672.791810
0.863157 0.000000 0.000000 0.000000 0.000000 0.129970 0.006873 1.646119 2672.791810
0.863157 0.000000 0.000000 0.000000 0.000000 0.129970 0.006873 1.646119 2672.791810
0.863157 0.000000 0.000000 0.000000 0.000000 0.129970 0.006873 1.646119 2672.791810
0.863157 0.000000 0.000000 0.000000 0.000000 0.129970 0.006873 1.646119 2672.791810
0.863157 0.000000 0.000000 0.000000 0.000000 0.129970 0.006873 1.646119 2672.791810
0.863157 0.000000 0.000000 0.000000 0.000000 0.129970 0.006873 1.646119 2672.791810
0.863157 0.000000 0.000000 0.000000 0.000000 0.129970 0.006873 1.646119 2672.791810
0.863157 0.000000 0.000000 0.000000 0.000000 0.129970 0.006873 1.646119 2672.791810
0.863157 0.000000 0.000000 0.000000 0.000000 0.129970 0.006873 1.646119 2672.791810
0.863157 0.000000 0.000000 0.000000 0.000000 0.129970 0.006873 1.646119 2672.791810
0.863157 0.000000 0.000000 0.000000 0.000000 0.129970 0.006873 1.646119 2672.791810
0.863157 0.000000 0.000000 0.000000 0.000000 0.129970 0.006873 1.646119 2672.791810
0.863157 0.000000 0.000000 0.000000 0.000000 0.129970 0.006873 1.646119 2672.791810
0.863157 0.000000 0.000000 0.000000 0.000000 0.129970 0.006873 1.646119 2672.791810
0.863157 0.000000 0.000000 0.000000 0.000000 0.129970 0.006873 1.646119 2672.791810
0.863157 0.000000 0.000000 0.000000 0.000000 0.129970 0.006873 1.646119 2672.791810
0.863157 0.000000 0.000000 0.000000 0.000000 0.129970 0.006873 1.646119 2672.791810
0.863157 0.000000 0.000000 0.000000 0.000000 0.129970 0.006873 1.646119 2672.791810
0.863157 0.000000 0.000000 0.000000 0.000000 0.129970 0.006873 1.646119 2672.791810
0.863157 0.000000 0.000000 0.000000 0.000000 0.129970 0.006873 1.646119 2672.791810
0.863157 0.000000 0.000000 0.000000 0.000000 0.129970 0.006873 1.646119 2672.791810
0.863157 0.000000 0.000000 0.000000 0.000000 0.129970 0.006873 1.646119 2672.791810
0.863157 0.000000 0.000000 0.000000 0.000000 0.129970 0.006873 1.646119 2672.791810
0.863157 0.000000 0.000000 0.000000 0.000000 0.129970 0.006873 1.646119 2672.791810
0.863157 0.000000 0.000000 0.000000 0.000000 0.129970 0.006873 1.646119 2672.791810
0.863157 0.000000 0.000000 0.000000 0.000000 0.129970 0.006873 1.646119 2672.791810
0.863157 0.000000 0.000000 0.000000 0.000000 0.129970 0.006873 1.646119 2672.791810
0.863157 0.000000 0.000000 0.000000 0.000000 0.129970 0.006873 1.646119 2672.791810
0.863157 0.000000 0.000000 0.000000 0.000000 0.129970 0.006873 1.646119 2672.791810
0.863157 0.000000 0.000000 0.000000 0.000000 0.129970 0.006873 1.646119 2672.791810
0.863157 0.000000 0.000000 0.000000 0.000000 0.129970 0.006873 1.646119 2672.791810
0.863157 0.000000 0.000000 0.000000 0.000000 0.129970 0.006873 1.646119 2672.791810
0.863157 0.000000 0.000000 0.000000 0.000000 0.129970 0.006873 1.646119 2672.791810
0.863157 0.000000 0.000000 0.000000 0.000000 0.129970 0.006873 1.646119 2672.791810
0.863157 0.000000 0.000000 0.000000 0.000000 0.129970 0.006873 1.646119 2672.791810
0.863157 0.000000 0.000000 0.000000 0.000000 0.129970 0.006873 1.646119 2672.791810
0.863157 0.000000 0.000000 0.000000 0.000000 0.129970 0.006873 1.646119 2672.791810
0.863157 0.000000 0.000000 0.000000 0.000000 0.129970 0.006873 1.646119 2672.791810
0.863157 0.000000 0.000000 0.000000 0.000000 0.129970 0.006873 1.646119 2672.791810
0.863157 0.000000 0.000000 0.000000 0.000000 0.129970 0.006873 1.646119 2672.791810
0.863157 0.000000 0.000000 0.000000 0.000000 0.129970 0.006873 1.646119 2672.791810
0.863157 0.000000 0.000000 0.000000 0.000000 0.129970 0.006873 1.646119 2672.791810
0.863157 0.000000 0.000000 0.000000 0.000000 0.129970 0.006873 1.646119 2672.791810
0.863157 0.000000 0.000000 0.000000 0.000000 0.129970 0.006873 1.646119 2672.791810
0.863157 0.000000 0.000000 0.000000 0.000000 0.129970 0.006873 1.646119 2672.791810
0.863157 0.000000 0.000000 0.000000 0.000000 0.129970 0.006873 1.646119 2672.791810
0.863157 0.000000 0.000000 0.000000 0.000000 0.129970 0.006873 1.646119 2672.791810
0.863157 0.000000 0.000000 0.000000 0.000000 0.129970 0.006873 1.646119 2672.791810
0.863157 0.000000 0.000000 0.000000 0.000000 0.129970 0.006873 1.646119 2672.791810
0.863157 0.000000 0.000000 0.000000 0.000000 0.129970 0.006873 1.646119 2672.791810
0.863157 0.000000 0.000000 0.000000 0.000000 0.129970 0.006873 1.646119 2672.791810
0.863157 0.000000 0.000000 0.000000 0.000000 0.129970 0.006873 1.646119 2672.791810
0.863157 0.000000 0.000000 0.000000 0.000000 0.129970 0.006873 1.646119 2672.791810
0.863157 0.000000 0.000000 0.000000 0.000000 0.129970 0.006873 1.646119 2672.791810
0.863157 0.000000 0.000000 0.000000 0.000000 0.129970 0.006873 1.646119 2672.791810
0.863157 0.000000 0.000000 0.000000 0.000000 0.129970 0.006873 1.646119 2672.791810
0.863157 0.000000 0.000000 0.000000 0.000000 0.129970 0.006873 1.646119 2672.791810
0.863157 0.000000 0.000000 0.000000 0.000000 0.129970 0.006873 1.646119 2672.791810
0.863157 0.000000 0.000000 0.000000 0.000000 0.129970 0.006873 1.646119 2672.791810
0.863157 0.000000 0.000000 0.000000 0.000000 0.129970 0.006873 1.646119 2672.791810
0.863157 0.000000 0.000000 0.000000 0.000000 0.129970 0.006873 1.646119 2672.791810
0.863157 0.000000 0.000000 0.000000 0.000000 0.129970 0.006873 1.646119 2672.791810
0.863157 0.000000 0.000000 0.000000 0.000000 0.129970 0.006873 1.646119 2672.791810
0.863157 0.000000 0.000000 0.000000 0.000000 0.129970 0.006873 1.646119 2672.791810
0.863157 0.000000 0.000000 0.000000 0.000000 0.129970 0.006873 1.646119 2672.791810
0.863157 0.000000 0.000000 0.000000 0.000000 0.129970 0.006873 1.646119 2672.791810
0.863157 0.000000 0.000000 0.000000 0.000000 0.129970 0.006873 1.646119 2672.791810
0.863157 0.000000 0.000000 0.000000 0.000000 0.129970 0.006873 1.646119 2672.791810
0.863157 0.000000 0.000000 0.000000 0.000000 0.129970 0.006873 1.646119 2672.791810
0.863157 0.000000 0.000000 0.000000 0.000000 0.129970 0.006873 1.646119 2672.791810
0.863157 0.000000 0.000000 0.000000 0.000000 0.129970 0.006873 1.646119 2672.791810
0.863157 0.000000 0.000000 0.000000 0.000000 0.129970 0.006873 1.646119 2672.791810
0.863157 0.000000 0.000000 0.000000 0.000000 0.129970 0.006873 1.646119 2672.791810
0.863157 0.000000 0.000000 0.000000 0.000000 0.129970 0.006873 1.646119 2672.791810
0.863157 0.000000 0.000000 0.000000 0.000000 0.129970 0.006873 1.646119 2672.791810
0.863157 0.000000 0.000000 0.000000 0.000000 0.129970 0.006873 1.646119 2672.791810
0.863157 0.000000 0.000000 0.000000 0.000000 0.129970 0.006873 1.646119 2672.791810
0.863157 0.000000 0.000000 0.000000 0.000000 0.129970 0.006873 1.646119 2672.791810
0.863157 0.000000 0.000000 0.000000 0.000000 0.129970 0.006873 1.646119 2672.791810
0.863157 0.000000 0.000000 0.000000 0.000000 0.129970 0.006873 1.646119 2672.791810
0.863157 0.000000 0.000000 0.000000 0.000000 0.129970 0.006873 1.646119 2672.791810
0.863157 0.000000 0.000000 0.000000 0.000000 0.129970 0.006873 1.646119 2672.791810
0.863157 0.000000 0.000000 0.000000 0.000000 0.129970 0.006873 1.646119 2672.791810
0.863157 0.000000 0.000000 0.000000 0.000000 0.129970 0.006873 1.646119 2672.791810
0.863157 0.000000 0.000000 0.000000 0.000000 0.129970 0.006873 1.646119 2672.791810
0.863157 0.000000 0.000000 0.000000 0.000000 0.129970 0.006873 1.646119 2672.791810
0.863157 0.000000 0.000000 0.000000 0.000000 0.129970 0.006873 1.646119 2672.791810
0.863157 0.000000 0.000000 0.000000 0.000000 0.129970 0.006873 1.646119 2672.791810
0.863157 0.000000 0.000000 0.000000 0.000000 0.129970 0.006873 1.646119 2672.791810
0.863157 0.000000 0.000000 0.000000 0.000000 0.129970 0.006873 1.646119 2672.791810
0.863157 0.000000 0.000000 0.000000 0.000000 0.129970 0.006873 1.646119 2672.791810
0.863157 0.000000 0.000000 0.000000 0.000000 0.129970 0.006873 1.646119 2672.791810
0.863157 0.000000 0.000000 0.000000 0.000000 0.129970 0.006873 1.646119 2672.791810
0.863157 0.000000 0.000000 0.000000 0.000000 0.129970 0.006873 1.646119 2672.791810
0.863157 0.000000 0.000000 0.000000 0.000000 0.129970 0.006873 1.646119 2672.791810
0.863157 0.000000 0.000000 0.000000 0.000000 0.129970 0.006873 1.646119 2672.791810
0.863157 0.000000 0.000000 0.000000 0.000000 0.129970 0.006873 1.646119 2672.791810
0.863157 0.000000 0.000000 0.000000 0.000000 0.129970 0.006873 1.646119 2672.791810
0.863157 0.000000 0.000000 0.000000 0.000000 0.129970 0.006873 1.646119 2672.791810
0.863157 0.000000 0.000000 0.000000 0.000000 0.129970 0.006873 1.646119 2672.791810
0.863157 0.000000 0.000000 0.000000 0.000000 0.129970 0.006873 1.646119 2672.791810
0.863157 0.000000 0.000000 0.000000 0.000000 0.129970 0.006873 1.646119 2672.791810
0.863157 0.000000 0.000000 0.000000 0.000000 0.129970 0.006873 1.646119 2672.791810
0.863157 0.000000 0.000000 0.000000 0.000000 0.129970 0.006873 1.646119 2672.791810
0.863157 0.000000 0.000000 0.000000 0.000000 0.129970 0.006873 1.646119 2672.791810
0.863157 0.000000 0.000000 0.000000 0.000000 0.129970 0.006873 1.646119 2672.791810
0.863157 0.000000 0.000000 0.000000 0.000000 0.129970 0.006873 1.646119 2672.791810
0.863157 0.000000 0.000000 0.000000 0.000000 0.129970 0.006873 1.646119 2672.791810
0.863157 0.000000 0.000000 0.000000 0.000000 0.129970 0.006873 1.646119 2672.791810
0.863157 0.000000 0.000000 0.000000 0.000000 0.129970 0.006873 1.646119 2672.791810
0.863157 0.000000 0.000000 0.000000 0.000000 0.129970 0.006873 1.646119 2672.791810
0.863157 0.000000 0.000000 0.000000 0.000000 0.129970 0.006873 1.646119 2672.791810
0.863157 0.000000 0.000000 0.000000 0.000000 0.129970 0.006873 1.646119 2672.791810
0.863157 0.000000 0.000000 0.000000 0.000000 0.129970 0.006873 1.646119 2672.791810
0.863157 0.000000 0.000000 0.000000 0.000000 0.129970 0.006873 1.646119 2672.791810
0.863157 0.000000 0.000000 0.000000 0.000000 0.129970 0.006873 1.646119 2672.791810
0.863157 0.000000 0.000000 0.000000 0.000000 0.129970 0.006873 1.646119 2672.791810
0.863157 0.000000 0.000000 0.000000 0.000000 0.129970 0.006873 1.646119 2672.791810
0.863157 0.000000 0.000000 0.000000 0.000000 0.129970 0.006873 1.646119 2672.791810
0.863157 0.000000 0.000000 0.000000 0.000000 0.129970 0.006873 1.646119 2672.791810
0.863157 0.000000 0.000000 0.000000 0.000000 0.129970 0.006873 1.646119 2672.791810
0.863157 0.000000 0.000000 0.000000 0.000000 0.129970 0.006873 1.646119 2672.791810
0.863157 0.000000 0.000000 0.000000 0.000000 0.129970 0.006873 1.646119 2672.791810
0.863157 0.000000 0.000000 0.000000 0.000000 0.129970 0.006873 1.646119 2672.791810
0.863157 0.000000 0.000000 0.000000 0.000000 0.129970 0.006873 1.646119 2672.791810
0.863157 0.000000 0.000000 0.000000 0.000000 0.129970 0.006873 1.646119 2672.791810
0.863157 0.000000 0.000000 0.000000 0.000000 0.129970 0.006873 1.646119 2672.791810
0.863157 0.000000 0.000000 0.000000 0.000000 0.129970 0.006873 1.646119 2672.791810
0.863157 0.000000 0.000000 0.000000 0.000000 0.129970 0.006873 1.646119 2672.791810
0.863157 0.000000 0.000000 0.000000 0.000000 0.129970 0.006873 1.646119 2672.791810
0.863157 0.000000 0.000000 0.000000 0.000000 0.129970 0.006873 1.646119 2672.791810
0.863157 0.000000 0.000000 0.000000 0.000000 0.129970 0.006873 1.646119 2672.791810
0.863157 0.000000 0.000000 0.000000 0.000000 0.129970 0.006873 1.646119 2672.791810
0.863157 0.000000 0.000000 0.000000 0.000000 0.129970 0.006873 1.646119 2672.791810
0.863157 0.000000 0.000000 0.000000 0.000000 0.129970 0.006873 1.646119 2672.791810
0.863157 0.000000 0.000000 0.000000 0.000000 0.129970 0.006873 1.646119 2672.791810
0.863157 0.000000 0.000000 0.000000 0.000000 0.129970 0.006873 1.646119 2672.791810
0.863157 0.000000 0.000000 0.000000 0.000000 0.129970 0.006873 1.646119 2672.791810
0.863157 0.000000 0.000000 0.000000 0.000000 0.129970 0.006873 1.646119 2672.791810
0.863157 0.000000 0.000000 0.000000 0.000000 0.129970 0.006873 1.646119 2672.791810
0.863157 0.000000 0.000000 0.000000 0.000000 0.129970 0.006873 1.646119 2672.791810
0.863157 0.000000 0.000000 0.000000 0.000000 0.129970 0.006873 1.646119 2672.791810
0.863157 0.000000 0.000000 0.000000 0.000000 0.129970 0.006873 1.646119 2672.791810
0.863157 0.000000 0.000000 0.000000 0.000000 0.129970 0.006873 1.646119 2672.791810
0.863157 0.000000 0.000000 0.000000 0.000000 0.129970 0.006873 1.646119 2672.791810
0.863157 0.000000 0.000000 0.000000 0.000000 0.129970 0.006873 1.646119 2672.791810
0.863157 0.000000 0.000000 0.000000 0.000000 0.129970 0.006873 1.646119 2672.791810
0.863157 0.000000 0.000000 0.000000 0.000000 0.129970 0.006873 1.646119 2672.791810
0.863157 0.000000 0.000000 0.000000 0.000000 0.129970 0.006873 1.646119 2672.791810
0.863157 0.000000 0.000000 0.000000 0.000000 0.129970 0.006873 1.646119 2672.791810
0.863157 0.000000 0.000000 0.000000 0.000000 0.129970 0.006873 1.646119 2672.791810
0.863157 0.000000 0.000000 0.000000 0.000000 0.129970 0.006873 1.646119 2672.791810
0.863157 0.000000 0.000000 0.000000 0.000000 0.129970 0.006873 1.646119 2672.791810
0.863157 0.000000 0.000000 0.000000 0.000000 0.129970 0.006873 1.646119 2672.791810
0.863157 0.000000 0.000000 0.000000 0.000000 0.129970 0.006873 1.646119 2672.791810
0.863157 0.000000 0.000000 0.000000 0.000000 0.129970 0.006873 1.646119 2672.791810
0.863157 0.000000 0.000000 0.000000 0.000000 0.129970 0.006873 1.646119 2672.791810
0.863157 0.000000 0.000000 0.000000 0.000000 0.129970 0.006873 1.646119 2672.791810
0.863157 0.000000 0.000000 0.000000 0.000000 0.129970 0.006873 1.646119 2672.791810
0.863157 0.000000 0.000000 0.000000 0.000000 0.129970 0.006873 1.646119 2672.791810
0.863157 0.000000 0.000000 0.000000 0.000000 0.129970 0.006873 1.646119 2672.791810
0.863157 0.000000 0.000000 0.000000 0.000000 0.129970 0.006873 1.646119 2672.791810
0.863157 0.000000 0.000000 0.000000 0.000000 0.129970 0.006873 1.646119 2672.791810
0.863157 0.000000 0.000000 0.000000 0.000000 0.129970 0.006873 1.646119 2672.791810
0.863157 0.000000 0.000000 0.000000 0.000000 0.129970 0.006873 1.646119 2672.791810
0.863157 0.000000 0.000000 0.000000 0.000000 0.129970 0.006873 1.646119 2672.791810
0.863157 0.000000 0.000000 0.000000 0.000000 0.129970 0.006873 1.646119 2672.791810
0.863157 0.000000 0.000000 0.000000 0.000000 0.129970 0.006873 1.646119 2672.791810
0.863157 0.000000 0.000000 0.000000 0.000000 0.129970 0.006873 1.646119 2672.791810
0.863157 0.000000 0.000000 0.000000 0.000000 0.129970 0.006873 1.646119 2672.791810
0.863157 0.000000 0.000000 0.000000 0.000000 0.129970 0.006873 1.646119 2672.791810
0.863157 0.000000 0.000000 0.000000 0.000000 0.129970 0.006873 1.646119 2672.791810
0.863157 0.000000 0.000000 0.000000 0.000000 0.129970 0.006873 1.646119 2672.791810
0.863157 0.000000 0.000000 0.000000 0.000000 0.129970 0.006873 1.646119 2672.791810
0.863157 0.000000 0.000000 0.000000 0.000000 0.129970 0.006873 1.646119 2672.791810
0.863157 0.000000 0.000000 0.000000 0.000000 0.129970 0.006873 1.646119 2672.791810
0.863157 0.000000 0.000000 0.000000 0.000000 0.129970 0.006873 1.646119 2672.791810
0.863157 0.000000 0.000000 0.000000 0.000000 0.129970 0.006873 1.646119 2672.791810
0.863157 0.000000 0.000000 0.000000 0.000000 0.129970 0.006873 1.646119 2672.791810
0.863157 0.000000 0.000000 0.000000 0.000000 0.129970 0.006873 1.646119 2672.791810
