0.364377 0.062564 0.054915 0.031334 0.001972 0.479082 0.005756 1.561436 1967.133730
0.365573 0.061269 0.056155 0.030102 0.001978 0.479143 0.005780 1.567528 1976.078463
0.368363 0.058511 0.057044 0.028947 0.001971 0.479360 0.005804 1.573423 1986.274835
0.372115 0.055170 0.057565 0.027815 0.001964 0.479542 0.005830 1.578971 1996.248232
0.376453 0.051621 0.057780 0.026686 0.001957 0.479652 0.005851 1.584177 2005.874995
0.381226 0.048036 0.057684 0.025619 0.001941 0.479614 0.005879 1.589018 2016.384190
0.386205 0.044559 0.057288 0.024583 0.001930 0.479529 0.005906 1.593513 2025.576725
0.391348 0.041181 0.056692 0.023495 0.001923 0.479428 0.005934 1.597717 2035.609448
0.396683 0.037997 0.055858 0.022499 0.001907 0.479095 0.005960 1.601550 2045.131552
0.402118 0.034974 0.054842 0.021524 0.001886 0.478670 0.005984 1.605116 2055.959817
0.407609 0.032178 0.053637 0.020574 0.001870 0.478125 0.006007 1.608386 2066.027422
0.413129 0.029591 0.052348 0.019655 0.001851 0.477396 0.006030 1.611382 2074.706988
0.418728 0.027165 0.050973 0.018719 0.001819 0.476541 0.006055 1.614145 2085.165337
0.424431 0.024931 0.049555 0.017853 0.001799 0.475356 0.006076 1.616679 2095.820138
0.430044 0.022852 0.047966 0.017008 0.001772 0.474261 0.006096 1.619021 2106.089441
0.435763 0.020908 0.046329 0.016214 0.001741 0.472927 0.006118 1.621200 2116.349874
0.441513 0.019107 0.044747 0.015423 0.001715 0.471352 0.006141 1.623205 2124.207732
0.447258 0.017485 0.043172 0.014682 0.001686 0.469554 0.006164 1.625011 2134.745690
0.452918 0.015976 0.041546 0.013936 0.001653 0.467789 0.006182 1.626676 2145.273314
0.458627 0.014627 0.039883 0.013253 0.001624 0.465786 0.006201 1.628170 2153.698776
0.464233 0.013355 0.038218 0.012567 0.001592 0.463815 0.006220 1.629574 2163.187511
0.469916 0.012196 0.036637 0.011920 0.001560 0.461531 0.006240 1.630854 2173.648804
0.475527 0.011149 0.035000 0.011280 0.001522 0.459261 0.006261 1.632006 2182.966228
0.481150 0.010182 0.033463 0.010658 0.001487 0.456780 0.006279 1.633080 2192.281983
0.486803 0.009314 0.031917 0.010086 0.001448 0.454134 0.006299 1.634031 2201.616376
0.492463 0.008540 0.030398 0.009560 0.001415 0.451309 0.006315 1.634888 2210.256512
0.498054 0.007799 0.028952 0.009034 0.001388 0.448440 0.006332 1.635710 2218.899680
0.503580 0.007135 0.027579 0.008522 0.001352 0.445480 0.006352 1.636453 2228.235776
0.509051 0.006529 0.026211 0.008034 0.001319 0.442487 0.006371 1.637129 2237.312649
0.514544 0.005985 0.024894 0.007596 0.001294 0.439301 0.006386 1.637743 2245.276264
0.519982 0.005477 0.023632 0.007164 0.001273 0.436070 0.006402 1.638311 2253.114794
0.525360 0.005026 0.022358 0.006790 0.001235 0.432813 0.006418 1.638822 2261.953859
0.530655 0.004633 0.021195 0.006406 0.001206 0.429468 0.006436 1.639271 2270.724460
0.535900 0.004241 0.020085 0.006047 0.001173 0.426102 0.006452 1.639709 2279.167762
0.541172 0.003890 0.019033 0.005704 0.001138 0.422593 0.006470 1.640109 2287.884883
0.546426 0.003565 0.018030 0.005380 0.001099 0.419015 0.006485 1.640482 2297.802130
0.551638 0.003271 0.017041 0.005073 0.001071 0.415408 0.006498 1.640816 2305.852127
0.556756 0.003009 0.016082 0.004787 0.001040 0.411816 0.006510 1.641117 2313.692806
0.561807 0.002768 0.015159 0.004514 0.001013 0.408216 0.006522 1.641400 2320.808411
0.566851 0.002546 0.014308 0.004262 0.000984 0.404519 0.006531 1.641657 2327.968065
0.571861 0.002341 0.013474 0.004017 0.000956 0.400807 0.006544 1.641896 2336.029542
0.576787 0.002160 0.012688 0.003781 0.000920 0.397103 0.006560 1.642100 2344.679572
0.581716 0.001975 0.011945 0.003574 0.000892 0.393328 0.006570 1.642313 2351.645515
0.586539 0.001823 0.011265 0.003360 0.000865 0.389568 0.006581 1.642497 2358.274528
0.591364 0.001686 0.010619 0.003157 0.000836 0.385744 0.006594 1.642661 2365.671615
0.596147 0.001543 0.010007 0.002989 0.000809 0.381900 0.006605 1.642826 2373.205372
0.600831 0.001414 0.009424 0.002817 0.000781 0.378118 0.006616 1.642978 2380.169902
0.605485 0.001306 0.008873 0.002642 0.000759 0.374312 0.006624 1.643108 2386.370644
0.610135 0.001202 0.008344 0.002490 0.000731 0.370462 0.006636 1.643234 2394.207081
0.614788 0.001106 0.007868 0.002343 0.000707 0.366542 0.006646 1.643351 2400.818444
0.619307 0.001010 0.007426 0.002194 0.000689 0.362718 0.006655 1.643467 2406.815096
0.623785 0.000929 0.007002 0.002049 0.000669 0.358904 0.006662 1.643565 2412.824548
0.628257 0.000866 0.006572 0.001927 0.000648 0.355060 0.006671 1.643648 2418.973604
0.632657 0.000803 0.006172 0.001814 0.000623 0.351252 0.006679 1.643724 2426.346940
0.637009 0.000745 0.005806 0.001703 0.000604 0.347447 0.006686 1.643803 2432.758252
0.641242 0.000690 0.005471 0.001601 0.000586 0.343714 0.006696 1.643874 2437.892715
0.645488 0.000638 0.005146 0.001509 0.000567 0.339949 0.006704 1.643939 2444.067442
0.649673 0.000593 0.004847 0.001414 0.000548 0.336213 0.006712 1.644000 2448.856862
0.653838 0.000551 0.004556 0.001332 0.000527 0.332476 0.006720 1.644056 2454.311946
0.658027 0.000514 0.004277 0.001255 0.000508 0.328693 0.006726 1.644105 2460.244230
0.662104 0.000482 0.004024 0.001172 0.000489 0.324997 0.006733 1.644147 2466.652966
0.666119 0.000446 0.003778 0.001103 0.000473 0.321342 0.006739 1.644192 2471.158586
0.670095 0.000418 0.003555 0.001044 0.000453 0.317690 0.006746 1.644233 2476.793685
0.674036 0.000392 0.003341 0.000981 0.000434 0.314063 0.006753 1.644269 2482.660375
0.677935 0.000362 0.003133 0.000919 0.000419 0.310472 0.006760 1.644313 2487.555756
0.681801 0.000334 0.002945 0.000857 0.000405 0.306893 0.006766 1.644349 2491.727975
0.685597 0.000314 0.002762 0.000805 0.000393 0.303359 0.006771 1.644380 2495.908340
0.689322 0.000290 0.002599 0.000762 0.000378 0.299872 0.006778 1.644414 2500.764974
0.693039 0.000272 0.002442 0.000715 0.000366 0.296383 0.006783 1.644440 2504.931176
0.696723 0.000252 0.002299 0.000675 0.000351 0.292912 0.006789 1.644467 2510.397985
0.700394 0.000237 0.002164 0.000628 0.000335 0.289450 0.006793 1.644489 2515.619854
0.703988 0.000225 0.002037 0.000587 0.000327 0.286039 0.006797 1.644511 2518.199074
0.707512 0.000209 0.001903 0.000555 0.000318 0.282702 0.006801 1.644535 2522.087622
0.711098 0.000192 0.001800 0.000524 0.000306 0.279275 0.006805 1.644559 2525.545165
0.714531 0.000182 0.001690 0.000489 0.000296 0.276002 0.006811 1.644576 2529.162251
0.717929 0.000168 0.001588 0.000457 0.000286 0.272755 0.006817 1.644596 2532.405452
0.721332 0.000159 0.001493 0.000426 0.000276 0.269494 0.006820 1.644611 2536.552366
0.724659 0.000148 0.001398 0.000402 0.000266 0.266301 0.006826 1.644626 2540.317463
0.727968 0.000139 0.001315 0.000380 0.000256 0.263115 0.006829 1.644640 2543.420462
0.731249 0.000134 0.001233 0.000355 0.000249 0.259947 0.006832 1.644650 2545.794203
0.734473 0.000125 0.001161 0.000332 0.000241 0.256833 0.006836 1.644664 2548.964076
0.737657 0.000118 0.001094 0.000314 0.000228 0.253749 0.006841 1.644676 2553.676815
0.740807 0.000113 0.001028 0.000292 0.000220 0.250697 0.006843 1.644685 2556.760864
0.743866 0.000105 0.000962 0.000275 0.000209 0.247733 0.006849 1.644697 2560.799142
0.746981 0.000100 0.000901 0.000261 0.000204 0.244702 0.006852 1.644708 2562.750619
0.750059 0.000092 0.000851 0.000239 0.000198 0.241708 0.006855 1.644719 2565.574438
0.753035 0.000088 0.000797 0.000227 0.000190 0.238806 0.006858 1.644727 2568.562826
0.756008 0.000082 0.000746 0.000213 0.000182 0.235908 0.006862 1.644736 2571.465336
0.758967 0.000077 0.000699 0.000199 0.000178 0.233017 0.006864 1.644744 2573.026886
0.761879 0.000073 0.000652 0.000186 0.000171 0.230173 0.006867 1.644752 2575.676259
0.764763 0.000067 0.000608 0.000175 0.000166 0.227352 0.006869 1.644761 2577.580265
0.767582 0.000064 0.000575 0.000159 0.000161 0.224589 0.006871 1.644767 2580.263017
0.770358 0.000062 0.000539 0.000146 0.000155 0.221866 0.006874 1.644771 2582.626193
0.773134 0.000057 0.000503 0.000136 0.000149 0.219144 0.006877 1.644778 2584.737641
0.775835 0.000052 0.000469 0.000128 0.000142 0.216494 0.006880 1.644784 2587.554727
0.778521 0.000049 0.000443 0.000120 0.000135 0.213849 0.006883 1.644789 2590.205626
0.781158 0.000045 0.000415 0.000112 0.000131 0.211255 0.006885 1.644797 2591.857855
0.783743 0.000042 0.000388 0.000105 0.000127 0.208710 0.006886 1.644801 2593.695561
0.786327 0.000040 0.000359 0.000100 0.000122 0.206165 0.006887 1.644803 2596.108518
0.788901 0.000038 0.000337 0.000095 0.000116 0.203623 0.006890 1.644807 2598.072058
0.791373 0.000037 0.000314 0.000090 0.000110 0.201183 0.006893 1.644810 2600.568130
0.793866 0.000033 0.000291 0.000085 0.000109 0.198723 0.006893 1.644815 2601.646853
0.796300 0.000031 0.000276 0.000077 0.000104 0.196316 0.006896 1.644819 2603.640536
0.798699 0.000030 0.000255 0.000073 0.000102 0.193945 0.006897 1.644821 2604.312087
0.801098 0.000027 0.000242 0.000070 0.000097 0.191566 0.006899 1.644825 2606.151292
0.803417 0.000025 0.000228 0.000065 0.000093 0.189271 0.006901 1.644828 2608.210849
0.805741 0.000025 0.000213 0.000061 0.000089 0.186968 0.006903 1.644830 2609.887520
0.807973 0.000024 0.000204 0.000057 0.000086 0.184752 0.006904 1.644833 2611.457559
0.810169 0.000022 0.000193 0.000053 0.000083 0.182574 0.006906 1.644836 2613.333290
0.812325 0.000022 0.000183 0.000049 0.000078 0.180435 0.006908 1.644837 2615.663719
0.814422 0.000022 0.000168 0.000048 0.000075 0.178358 0.006908 1.644840 2616.849869
0.816465 0.000019 0.000157 0.000044 0.000071 0.176334 0.006910 1.644843 2618.483730
0.818443 0.000018 0.000147 0.000042 0.000069 0.174369 0.006911 1.644844 2619.666563
0.820404 0.000018 0.000141 0.000040 0.000065 0.172419 0.006912 1.644845 2621.270695
0.822307 0.000017 0.000132 0.000038 0.000063 0.170529 0.006913 1.644848 2622.583432
0.824166 0.000017 0.000125 0.000035 0.000060 0.168682 0.006914 1.644849 2623.908938
0.825959 0.000016 0.000117 0.000033 0.000057 0.166903 0.006916 1.644850 2625.794995
0.827681 0.000015 0.000109 0.000031 0.000054 0.165194 0.006917 1.644852 2626.817400
0.829326 0.000013 0.000102 0.000030 0.000051 0.163559 0.006918 1.644854 2628.244816
0.830930 0.000013 0.000096 0.000028 0.000050 0.161964 0.006919 1.644855 2628.996922
0.832474 0.000011 0.000090 0.000028 0.000048 0.160429 0.006920 1.644857 2630.141914
0.833961 0.000010 0.000085 0.000027 0.000047 0.158949 0.006921 1.644858 2630.848819
0.835410 0.000010 0.000080 0.000026 0.000043 0.157509 0.006923 1.644860 2632.799836
0.836798 0.000010 0.000075 0.000024 0.000041 0.156128 0.006924 1.644860 2633.592859
0.838161 0.000009 0.000070 0.000023 0.000040 0.154772 0.006925 1.644861 2634.257873
0.839433 0.000009 0.000068 0.000022 0.000039 0.153503 0.006926 1.644863 2634.906527
0.840668 0.000009 0.000065 0.000021 0.000037 0.152274 0.006927 1.644864 2635.976782
0.841872 0.000008 0.000061 0.000020 0.000035 0.151076 0.006928 1.644865 2636.770091
0.843027 0.000008 0.000056 0.000019 0.000034 0.149927 0.006928 1.644865 2637.312874
0.844160 0.000009 0.000054 0.000018 0.000033 0.148798 0.006928 1.644866 2637.694275
0.845231 0.000008 0.000051 0.000017 0.000032 0.147732 0.006929 1.644867 2638.214798
0.846266 0.000007 0.000047 0.000016 0.000031 0.146703 0.006929 1.644868 2638.508878
0.847271 0.000007 0.000043 0.000016 0.000031 0.145703 0.006929 1.644869 2638.772266
0.848225 0.000006 0.000040 0.000016 0.000030 0.144754 0.006929 1.644870 2639.329839
0.849133 0.000006 0.000037 0.000015 0.000029 0.143851 0.006930 1.644870 2639.714881
0.850001 0.000006 0.000035 0.000013 0.000028 0.142986 0.006931 1.644871 2640.434691
0.850811 0.000006 0.000034 0.000013 0.000028 0.142178 0.006931 1.644871 2640.746189
0.851625 0.000006 0.000033 0.000012 0.000027 0.141366 0.006931 1.644871 2641.298925
0.852407 0.000006 0.000032 0.000011 0.000025 0.140587 0.006932 1.644872 2642.292987
0.853165 0.000005 0.000031 0.000010 0.000024 0.139832 0.006933 1.644872 2643.338421
0.853874 0.000005 0.000029 0.000010 0.000023 0.139127 0.006934 1.644873 2643.907775
0.854507 0.000005 0.000027 0.000009 0.000022 0.138496 0.006934 1.644873 2644.579957
0.855128 0.000005 0.000026 0.000009 0.000020 0.137878 0.006935 1.644873 2645.350604
0.855715 0.000005 0.000024 0.000008 0.000020 0.137293 0.006935 1.644874 2645.571917
0.856244 0.000004 0.000022 0.000008 0.000019 0.136768 0.006935 1.644874 2646.121991
0.856760 0.000004 0.000020 0.000007 0.000019 0.136255 0.006936 1.644875 2646.393287
0.857231 0.000004 0.000019 0.000007 0.000018 0.135786 0.006936 1.644875 2646.920468
0.857693 0.000003 0.000019 0.000006 0.000017 0.135326 0.006936 1.644876 2647.408432
0.858160 0.000002 0.000017 0.000006 0.000017 0.134862 0.006936 1.644877 2647.709692
0.858579 0.000002 0.000016 0.000006 0.000016 0.134445 0.006937 1.644877 2648.316728
0.858963 0.000002 0.000014 0.000006 0.000015 0.134063 0.006937 1.644877 2648.538747
0.859338 0.000003 0.000013 0.000005 0.000015 0.133690 0.006938 1.644877 2648.942747
0.859682 0.000003 0.000011 0.000004 0.000014 0.133349 0.006938 1.644877 2649.488167
0.859992 0.000003 0.000011 0.000004 0.000013 0.133039 0.006939 1.644877 2649.908046
0.860290 0.000002 0.000011 0.000004 0.000013 0.132742 0.006939 1.644878 2650.116493
0.860576 0.000002 0.000009 0.000003 0.000013 0.132458 0.006939 1.644878 2650.134284
0.860853 0.000002 0.000008 0.000003 0.000011 0.132183 0.006940 1.644878 2650.934292
0.861097 0.000002 0.000008 0.000003 0.000011 0.131939 0.006940 1.644878 2650.934292
0.861334 0.000002 0.000007 0.000002 0.000011 0.131704 0.006940 1.644879 2651.113272
0.861557 0.000002 0.000007 0.000002 0.000011 0.131482 0.006940 1.644879 2651.248751
0.861772 0.000002 0.000007 0.000002 0.000010 0.131267 0.006941 1.644879 2651.413646
0.861988 0.000001 0.000007 0.000002 0.000010 0.131052 0.006941 1.644879 2651.574152
0.862189 0.000001 0.000007 0.000002 0.000009 0.130851 0.006941 1.644879 2652.013775
0.862370 0.000001 0.000006 0.000002 0.000008 0.130671 0.006942 1.644879 2652.754505
0.862533 0.000001 0.000006 0.000002 0.000008 0.130509 0.006942 1.644879 2652.968721
0.862690 0.000002 0.000005 0.000002 0.000008 0.130352 0.006942 1.644879 2653.048804
0.862841 0.000001 0.000005 0.000002 0.000008 0.130201 0.006942 1.644879 2653.208835
0.862990 0.000001 0.000005 0.000002 0.000007 0.130053 0.006942 1.644879 2653.465249
0.863126 0.000001 0.000005 0.000002 0.000007 0.129917 0.006942 1.644880 2653.581222
0.863254 0.000001 0.000005 0.000002 0.000007 0.129790 0.006942 1.644880 2653.581222
0.863381 0.000001 0.000005 0.000001 0.000007 0.129663 0.006942 1.644880 2653.585482
0.863502 0.000001 0.000005 0.000001 0.000006 0.129542 0.006943 1.644880 2653.820864
0.863607 0.000001 0.000004 0.000001 0.000006 0.129438 0.006943 1.644880 2653.820864
0.863708 0.000001 0.000004 0.000000 0.000006 0.129338 0.006943 1.644880 2654.046482
0.863808 0.000001 0.000003 0.000000 0.000006 0.129239 0.006943 1.644880 2654.046482
0.863898 0.000001 0.000003 0.000000 0.000006 0.129149 0.006943 1.644880 2654.278787
0.863983 0.000001 0.000002 0.000000 0.000006 0.129065 0.006943 1.644880 2654.278787
0.864069 0.000000 0.000002 0.000001 0.000006 0.128979 0.006943 1.644880 2654.434984
0.864144 0.000001 0.000002 0.000000 0.000006 0.128904 0.006943 1.644880 2654.434984
0.864214 0.000000 0.000002 0.000000 0.000006 0.128834 0.006943 1.644881 2654.434984
0.864283 0.000000 0.000002 0.000000 0.000006 0.128766 0.006943 1.644881 2654.434984
0.864354 0.000000 0.000002 0.000000 0.000006 0.128694 0.006943 1.644881 2654.434984
0.864429 0.000000 0.000002 0.000000 0.000006 0.128619 0.006943 1.644881 2654.434984
0.864498 0.000001 0.000002 0.000000 0.000006 0.128550 0.006943 1.644881 2654.644727
0.864574 0.000001 0.000002 0.000000 0.000006 0.128475 0.006943 1.644881 2654.644727
0.864634 0.000001 0.000002 0.000000 0.000005 0.128415 0.006943 1.644881 2654.848688
0.864698 0.000001 0.000002 0.000000 0.000005 0.128351 0.006943 1.644881 2654.848688
0.864758 0.000001 0.000002 0.000000 0.000005 0.128291 0.006943 1.644881 2654.848688
0.864819 0.000001 0.000002 0.000000 0.000005 0.128230 0.006944 1.644881 2654.907629
0.864870 0.000001 0.000002 0.000000 0.000004 0.128180 0.006944 1.644881 2655.250989
0.864915 0.000001 0.000002 0.000000 0.000004 0.128134 0.006944 1.644881 2655.250989
0.864964 0.000001 0.000002 0.000000 0.000004 0.128085 0.006944 1.644881 2655.250989
0.865003 0.000001 0.000002 0.000000 0.000004 0.128046 0.006944 1.644881 2655.250989
0.865048 0.000001 0.000002 0.000000 0.000004 0.128001 0.006944 1.644881 2655.458647
0.865087 0.000001 0.000002 0.000000 0.000004 0.127962 0.006944 1.644881 2655.699485
0.865133 0.000001 0.000002 0.000000 0.000004 0.127916 0.006944 1.644881 2655.699485
0.865165 0.000001 0.000002 0.000000 0.000004 0.127884 0.006945 1.644881 2655.774015
0.865204 0.000001 0.000002 0.000000 0.000003 0.127845 0.006945 1.644882 2655.984241
0.865239 0.000001 0.000002 0.000000 0.000003 0.127811 0.006945 1.644882 2656.022168
0.865267 0.000001 0.000001 0.000000 0.000003 0.127783 0.006945 1.644882 2656.022168
0.865295 0.000001 0.000001 0.000000 0.000003 0.127755 0.006945 1.644882 2656.022168
0.865321 0.000001 0.000001 0.000000 0.000003 0.127729 0.006945 1.644882 2656.022168
0.865350 0.000001 0.000001 0.000000 0.000003 0.127700 0.006945 1.644882 2656.022168
0.865376 0.000001 0.000001 0.000000 0.000003 0.127674 0.006945 1.644882 2656.061537
0.865402 0.000001 0.000001 0.000000 0.000003 0.127648 0.006945 1.644882 2656.061537
0.865427 0.000001 0.000001 0.000000 0.000003 0.127623 0.006945 1.644882 2656.061537
0.865447 0.000001 0.000001 0.000000 0.000003 0.127603 0.006945 1.644882 2656.282918
0.865469 0.000001 0.000001 0.000000 0.000003 0.127582 0.006945 1.644882 2656.282918
0.865489 0.000001 0.000001 0.000000 0.000003 0.127562 0.006945 1.644882 2656.282918
0.865509 0.000001 0.000001 0.000000 0.000003 0.127542 0.006945 1.644882 2656.282918
0.865527 0.000001 0.000000 0.000000 0.000002 0.127524 0.006945 1.644882 2656.460106
0.865541 0.000000 0.000001 0.000000 0.000002 0.127511 0.006945 1.644883 2656.460106
0.865557 0.000000 0.000001 0.000000 0.000002 0.127494 0.006945 1.644883 2656.460106
0.865571 0.000000 0.000001 0.000000 0.000002 0.127481 0.006945 1.644883 2656.460106
0.865584 0.000000 0.000001 0.000000 0.000002 0.127468 0.006945 1.644883 2656.460106
0.865602 0.000000 0.000001 0.000000 0.000002 0.127450 0.006945 1.644883 2656.460106
0.865616 0.000000 0.000001 0.000000 0.000002 0.127436 0.006945 1.644883 2656.460106
0.865631 0.000000 0.000001 0.000000 0.000002 0.127421 0.006945 1.644883 2656.460106
0.865643 0.000000 0.000001 0.000000 0.000002 0.127409 0.006945 1.644883 2656.460106
0.865654 0.000000 0.000001 0.000000 0.000002 0.127398 0.006945 1.644883 2656.558130
0.865668 0.000000 0.000001 0.000000 0.000002 0.127384 0.006945 1.644883 2656.558130
0.865680 0.000000 0.000001 0.000000 0.000002 0.127372 0.006945 1.644883 2656.558130
0.865693 0.000000 0.000001 0.000000 0.000002 0.127359 0.006945 1.644883 2656.558130
0.865702 0.000000 0.000001 0.000000 0.000002 0.127349 0.006945 1.644883 2656.558130
0.865712 0.000000 0.000001 0.000000 0.000002 0.127340 0.006945 1.644883 2656.558130
0.865721 0.000001 0.000001 0.000000 0.000002 0.127330 0.006945 1.644883 2656.558130
0.865731 0.000001 0.000001 0.000000 0.000002 0.127321 0.006945 1.644883 2656.558130
0.865744 0.000001 0.000001 0.000000 0.000002 0.127308 0.006945 1.644883 2656.558130
0.865753 0.000001 0.000001 0.000000 0.000002 0.127299 0.006945 1.644883 2656.558130
0.865763 0.000000 0.000001 0.000000 0.000002 0.127288 0.006945 1.644883 2656.558130
0.865773 0.000001 0.000001 0.000000 0.000002 0.127278 0.006945 1.644883 2656.558130
0.865780 0.000001 0.000001 0.000000 0.000002 0.127271 0.006945 1.644883 2656.812202
0.865789 0.000001 0.000001 0.000000 0.000002 0.127263 0.006945 1.644883 2656.812202
0.865798 0.000000 0.000001 0.000000 0.000002 0.127253 0.006945 1.644883 2656.812202
0.865806 0.000000 0.000001 0.000000 0.000002 0.127245 0.006945 1.644883 2656.812202
0.865812 0.000001 0.000001 0.000000 0.000001 0.127240 0.006945 1.644883 2656.879641
0.865819 0.000001 0.000001 0.000000 0.000001 0.127232 0.006945 1.644884 2656.879641
0.865823 0.000001 0.000001 0.000000 0.000001 0.127229 0.006945 1.644884 2656.879641
0.865831 0.000001 0.000001 0.000000 0.000001 0.127221 0.006945 1.644884 2656.879641
0.865839 0.000001 0.000001 0.000000 0.000001 0.127213 0.006945 1.644884 2656.879641
0.865848 0.000000 0.000001 0.000000 0.000001 0.127204 0.006946 1.644884 2656.936187
0.865853 0.000000 0.000001 0.000000 0.000001 0.127200 0.006946 1.644884 2656.936187
0.865857 0.000000 0.000001 0.000000 0.000001 0.127195 0.006946 1.644884 2656.936187
0.865862 0.000000 0.000001 0.000000 0.000001 0.127191 0.006946 1.644884 2656.936187
0.865867 0.000000 0.000001 0.000000 0.000001 0.127185 0.006946 1.644884 2656.936187
0.865873 0.000001 0.000000 0.000000 0.000001 0.127179 0.006946 1.644884 2656.936187
0.865878 0.000001 0.000000 0.000000 0.000001 0.127174 0.006946 1.644884 2656.936187
0.865883 0.000001 0.000000 0.000000 0.000001 0.127169 0.006946 1.644884 2656.936187
0.865888 0.000001 0.000000 0.000000 0.000001 0.127165 0.006946 1.644884 2656.936187
0.865895 0.000001 0.000000 0.000000 0.000001 0.127158 0.006946 1.644884 2656.936187
0.865900 0.000000 0.000001 0.000000 0.000001 0.127153 0.006946 1.644884 2656.936187
0.865905 0.000000 0.000001 0.000000 0.000001 0.127147 0.006946 1.644884 2656.936187
0.865908 0.000000 0.000001 0.000000 0.000001 0.127144 0.006946 1.644884 2656.936187
0.865912 0.000000 0.000001 0.000000 0.000001 0.127141 0.006946 1.644884 2656.936187
0.865918 0.000000 0.000001 0.000000 0.000001 0.127134 0.006946 1.644884 2656.936187
0.865921 0.000000 0.000001 0.000000 0.000001 0.127132 0.006946 1.644884 2656.936187
0.865926 0.000000 0.000000 0.000000 0.000001 0.127127 0.006946 1.644884 2656.936187
0.865929 0.000000 0.000000 0.000000 0.000001 0.127124 0.006946 1.644884 2656.936187
0.865933 0.000000 0.000000 0.000000 0.000001 0.127120 0.006946 1.644884 2657.227128
0.865937 0.000000 0.000000 0.000000 0.000001 0.127116 0.006946 1.644884 2657.227128
0.865938 0.000000 0.000000 0.000000 0.000001 0.127114 0.006946 1.644884 2657.227128
0.865940 0.000000 0.000000 0.000000 0.000001 0.127112 0.006946 1.644884 2657.227128
0.865944 0.000000 0.000000 0.000000 0.000001 0.127109 0.006946 1.644884 2657.227128
0.865945 0.000000 0.000000 0.000000 0.000001 0.127107 0.006946 1.644885 2657.227128
0.865948 0.000000 0.000000 0.000000 0.000001 0.127105 0.006946 1.644885 2657.227128
0.865951 0.000000 0.000000 0.000000 0.000001 0.127102 0.006946 1.644885 2657.227128
0.865955 0.000000 0.000000 0.000000 0.000001 0.127098 0.006946 1.644885 2657.227128
0.865958 0.000000 0.000000 0.000000 0.000000 0.127095 0.006946 1.644885 2657.519243
0.865960 0.000000 0.000000 0.000000 0.000000 0.127093 0.006946 1.644885 2657.519243
0.865964 0.000000 0.000000 0.000000 0.000000 0.127090 0.006946 1.644885 2657.519243
0.865966 0.000000 0.000001 0.000000 0.000000 0.127087 0.006946 1.644885 2657.519243
0.865968 0.000000 0.000001 0.000000 0.000000 0.127085 0.006946 1.644885 2657.519243
0.865970 0.000000 0.000000 0.000000 0.000000 0.127084 0.006946 1.644885 2657.519243
0.865973 0.000000 0.000000 0.000000 0.000000 0.127080 0.006946 1.644885 2657.519243
0.865975 0.000000 0.000000 0.000000 0.000000 0.127078 0.006946 1.644885 2657.519243
0.865977 0.000000 0.000000 0.000000 0.000000 0.127076 0.006946 1.644885 2657.857830
0.865979 0.000000 0.000000 0.000000 0.000000 0.127075 0.006946 1.644885 2657.857830
0.865980 0.000000 0.000000 0.000000 0.000000 0.127074 0.006946 1.644885 2657.857830
0.865981 0.000000 0.000000 0.000000 0.000000 0.127072 0.006946 1.644885 2657.857830
0.865982 0.000000 0.000000 0.000000 0.000000 0.127071 0.006946 1.644885 2658.021022
0.865983 0.000000 0.000000 0.000000 0.000000 0.127071 0.006946 1.644885 2658.021022
0.865984 0.000000 0.000000 0.000000 0.000000 0.127070 0.006946 1.644885 2658.021022
0.865984 0.000000 0.000000 0.000000 0.000000 0.127070 0.006946 1.644885 2658.021022
0.865985 0.000000 0.000000 0.000000 0.000000 0.127069 0.006946 1.644885 2658.021022
0.865985 0.000000 0.000000 0.000000 0.000000 0.127068 0.006946 1.644885 2658.021022
0.865987 0.000000 0.000000 0.000000 0.000000 0.127067 0.006946 1.644885 2658.021022
0.865988 0.000000 0.000000 0.000000 0.000000 0.127065 0.006946 1.644885 2658.021022
0.865989 0.000000 0.000000 0.000000 0.000000 0.127065 0.006946 1.644885 2658.021022
0.865990 0.000000 0.000000 0.000000 0.000000 0.127064 0.006946 1.644885 2658.021022
0.865990 0.000000 0.000000 0.000000 0.000000 0.127064 0.006946 1.644885 2658.021022
0.865991 0.000000 0.000000 0.000000 0.000000 0.127063 0.006946 1.644885 2658.021022
0.865992 0.000000 0.000000 0.000000 0.000000 0.127062 0.006946 1.644885 2658.021022
0.865993 0.000000 0.000000 0.000000 0.000000 0.127061 0.006946 1.644885 2658.021022
0.865993 0.000000 0.000000 0.000000 0.000000 0.127060 0.006946 1.644885 2658.021022
0.865993 0.000000 0.000000 0.000000 0.000000 0.127060 0.006946 1.644885 2658.021022
0.865994 0.000000 0.000000 0.000000 0.000000 0.127059 0.006946 1.644885 2658.021022
0.865994 0.000000 0.000000 0.000000 0.000000 0.127059 0.006946 1.644885 2658.021022
0.865995 0.000000 0.000000 0.000000 0.000000 0.127058 0.006946 1.644885 2658.021022
0.865996 0.000000 0.000000 0.000000 0.000000 0.127058 0.006946 1.644885 2658.021022
0.865996 0.000000 0.000000 0.000000 0.000000 0.127057 0.006946 1.644885 2658.021022
0.865997 0.000000 0.000000 0.000000 0.000000 0.127057 0.006946 1.644885 2658.021022
0.865998 0.000000 0.000000 0.000000 0.000000 0.127056 0.006946 1.644885 2658.021022
0.865998 0.000000 0.000000 0.000000 0.000000 0.127055 0.006946 1.644885 2658.021022
0.865999 0.000000 0.000000 0.000000 0.000000 0.127055 0.006946 1.644886 2658.021022
0.865999 0.000000 0.000000 0.000000 0.000000 0.127054 0.006946 1.644886 2658.021022
0.866000 0.000000 0.000000 0.000000 0.000000 0.127054 0.006946 1.644886 2658.021022
0.866000 0.000000 0.000001 0.000000 0.000000 0.127053 0.006946 1.644886 2658.021022
0.866001 0.000000 0.000001 0.000000 0.000000 0.127053 0.006946 1.644886 2658.021022
0.866001 0.000000 0.000000 0.000000 0.000000 0.127053 0.006946 1.644886 2658.021022
0.866001 0.000000 0.000000 0.000000 0.000000 0.127053 0.006946 1.644886 2658.021022
0.866001 0.000000 0.000000 0.000000 0.000000 0.127053 0.006946 1.644886 2658.021022
0.866002 0.000000 0.000000 0.000000 0.000000 0.127052 0.006946 1.644886 2658.021022
0.866003 0.000000 0.000000 0.000000 0.000000 0.127051 0.006946 1.644886 2658.021022
0.866003 0.000000 0.000000 0.000000 0.000000 0.127051 0.006946 1.644886 2658.021022
0.866004 0.000000 0.000000 0.000000 0.000000 0.127050 0.006946 1.644886 2658.021022
0.866004 0.000000 0.000000 0.000000 0.000000 0.127050 0.006946 1.644886 2658.021022
0.866005 0.000000 0.000000 0.000000 0.000000 0.127049 0.006946 1.644886 2658.021022
0.866005 0.000000 0.000000 0.000000 0.000000 0.127049 0.006946 1.644886 2658.021022
0.866006 0.000000 0.000000 0.000000 0.000000 0.127048 0.006946 1.644886 2658.021022
0.866006 0.000000 0.000000 0.000000 0.000000 0.127048 0.006946 1.644886 2658.021022
0.866006 0.000000 0.000000 0.000000 0.000000 0.127048 0.006946 1.644886 2658.021022
0.866007 0.000000 0.000000 0.000000 0.000000 0.127047 0.006946 1.644886 2658.021022
0.866008 0.000000 0.000000 0.000000 0.000000 0.127046 0.006946 1.644886 2658.021022
0.866008 0.000000 0.000000 0.000000 0.000000 0.127046 0.006946 1.644886 2658.021022
0.866009 0.000000 0.000000 0.000000 0.000000 0.127045 0.006946 1.644886 2658.021022
0.866010 0.000000 0.000000 0.000000 0.000000 0.127044 0.006946 1.644886 2658.021022
0.866010 0.000000 0.000000 0.000000 0.000000 0.127044 0.006946 1.644886 2658.021022
0.866010 0.000000 0.000000 0.000000 0.000000 0.127044 0.006946 1.644886 2658.021022
0.866010 0.000000 0.000000 0.000000 0.000000 0.127044 0.006946 1.644886 2658.021022
0.866011 0.000000 0.000000 0.000000 0.000000 0.127043 0.006946 1.644886 2658.021022
0.866011 0.000000 0.000000 0.000000 0.000000 0.127043 0.006946 1.644886 2658.021022
0.866011 0.000000 0.000000 0.000000 0.000000 0.127043 0.006946 1.644886 2658.021022
0.866012 0.000000 0.000000 0.000000 0.000000 0.127042 0.006946 1.644886 2658.021022
0.866013 0.000000 0.000000 0.000000 0.000000 0.127041 0.006946 1.644886 2658.021022
0.866013 0.000000 0.000000 0.000000 0.000000 0.127041 0.006946 1.644886 2658.021022
0.866014 0.000000 0.000000 0.000000 0.000000 0.127040 0.006946 1.644886 2658.021022
0.866014 0.000000 0.000000 0.000000 0.000000 0.127040 0.006946 1.644886 2658.021022
0.866015 0.000000 0.000000 0.000000 0.000000 0.127039 0.006946 1.644886 2658.021022
0.866015 0.000000 0.000000 0.000000 0.000000 0.127039 0.006946 1.644886 2658.021022
0.866015 0.000000 0.000000 0.000000 0.000000 0.127039 0.006946 1.644886 2658.021022
0.866015 0.000000 0.000000 0.000000 0.000000 0.127039 0.006946 1.644886 2658.021022
0.866015 0.000000 0.000000 0.000000 0.000000 0.127039 0.006946 1.644886 2658.021022
0.866015 0.000000 0.000000 0.000000 0.000000 0.127039 0.006946 1.644886 2658.021022
0.866015 0.000000 0.000000 0.000000 0.000000 0.127039 0.006946 1.644886 2658.021022
0.866015 0.000000 0.000000 0.000000 0.000000 0.127039 0.006946 1.644886 2658.021022
0.866015 0.000000 0.000000 0.000000 0.000000 0.127039 0.006946 1.644886 2658.021022
0.866015 0.000000 0.000000 0.000000 0.000000 0.127039 0.006946 1.644886 2658.021022
0.866015 0.000000 0.000000 0.000000 0.000000 0.127039 0.006946 1.644886 2658.021022
0.866015 0.000000 0.000000 0.000000 0.000000 0.127039 0.006946 1.644886 2658.021022
0.866015 0.000000 0.000000 0.000000 0.000000 0.127039 0.006946 1.644886 2658.021022
0.866015 0.000000 0.000000 0.000000 0.000000 0.127039 0.006946 1.644886 2658.021022
0.866015 0.000000 0.000000 0.000000 0.000000 0.127039 0.006946 1.644886 2658.021022
0.866015 0.000000 0.000000 0.000000 0.000000 0.127039 0.006946 1.644886 2658.021022
0.866015 0.000000 0.000000 0.000000 0.000000 0.127039 0.006946 1.644886 2658.021022
0.866015 0.000000 0.000000 0.000000 0.000000 0.127039 0.006946 1.644886 2658.021022
0.866015 0.000000 0.000000 0.000000 0.000000 0.127039 0.006946 1.644886 2658.021022
0.866015 0.000000 0.000000 0.000000 0.000000 0.127039 0.006946 1.644886 2658.021022
0.866015 0.000000 0.000000 0.000000 0.000000 0.127039 0.006946 1.644886 2658.021022
0.866015 0.000000 0.000000 0.000000 0.000000 0.127039 0.006946 1.644886 2658.021022
0.866015 0.000000 0.000000 0.000000 0.000000 0.127039 0.006946 1.644886 2658.021022
0.866015 0.000000 0.000000 0.000000 0.000000 0.127039 0.006946 1.644886 2658.021022
0.866015 0.000000 0.000000 0.000000 0.000000 0.127039 0.006946 1.644886 2658.021022
0.866015 0.000000 0.000000 0.000000 0.000000 0.127039 0.006946 1.644886 2658.021022
0.866015 0.000000 0.000000 0.000000 0.000000 0.127039 0.006946 1.644886 2658.021022
0.866015 0.000000 0.000000 0.000000 0.000000 0.127039 0.006946 1.644886 2658.021022
0.866015 0.000000 0.000000 0.000000 0.000000 0.127039 0.006946 1.644886 2658.021022
0.866015 0.000000 0.000000 0.000000 0.000000 0.127039 0.006946 1.644886 2658.021022
0.866015 0.000000 0.000000 0.000000 0.000000 0.127039 0.006946 1.644886 2658.021022
0.866015 0.000000 0.000000 0.000000 0.000000 0.127039 0.006946 1.644886 2658.021022
0.866015 0.000000 0.000000 0.000000 0.000000 0.127039 0.006946 1.644886 2658.021022
0.866015 0.000000 0.000000 0.000000 0.000000 0.127039 0.006946 1.644886 2658.021022
0.866015 0.000000 0.000000 0.000000 0.000000 0.127039 0.006946 1.644886 2658.021022
0.866015 0.000000 0.000000 0.000000 0.000000 0.127039 0.006946 1.644886 2658.021022
0.866015 0.000000 0.000000 0.000000 0.000000 0.127039 0.006946 1.644886 2658.021022
0.866015 0.000000 0.000000 0.000000 0.000000 0.127039 0.006946 1.644886 2658.021022
0.866015 0.000000 0.000000 0.000000 0.000000 0.127039 0.006946 1.644886 2658.021022
0.866015 0.000000 0.000000 0.000000 0.000000 0.127039 0.006946 1.644886 2658.021022
0.866015 0.000000 0.000000 0.000000 0.000000 0.127039 0.006946 1.644886 2658.021022
0.866015 0.000000 0.000000 0.000000 0.000000 0.127039 0.006946 1.644886 2658.021022
0.866015 0.000000 0.000000 0.000000 0.000000 0.127039 0.006946 1.644886 2658.021022
0.866015 0.000000 0.000000 0.000000 0.000000 0.127039 0.006946 1.644886 2658.021022
0.866015 0.000000 0.000000 0.000000 0.000000 0.127039 0.006946 1.644886 2658.021022
0.866015 0.000000 0.000000 0.000000 0.000000 0.127039 0.006946 1.644886 2658.021022
0.866015 0.000000 0.000000 0.000000 0.000000 0.127039 0.006946 1.644886 2658.021022
0.866015 0.000000 0.000000 0.000000 0.000000 0.127039 0.006946 1.644886 2658.021022
0.866015 0.000000 0.000000 0.000000 0.000000 0.127039 0.006946 1.644886 2658.021022
0.866015 0.000000 0.000000 0.000000 0.000000 0.127039 0.006946 1.644886 2658.021022
0.866015 0.000000 0.000000 0.000000 0.000000 0.127039 0.006946 1.644886 2658.021022
0.866015 0.000000 0.000000 0.000000 0.000000 0.127039 0.006946 1.644886 2658.021022
0.866015 0.000000 0.000000 0.000000 0.000000 0.127039 0.006946 1.644886 2658.021022
0.866015 0.000000 0.000000 0.000000 0.000000 0.127039 0.006946 1.644886 2658.021022
0.866015 0.000000 0.000000 0.000000 0.000000 0.127039 0.006946 1.644886 2658.021022
0.866015 0.000000 0.000000 0.000000 0.000000 0.127039 0.006946 1.644886 2658.021022
0.866015 0.000000 0.000000 0.000000 0.000000 0.127039 0.006946 1.644886 2658.021022
0.866015 0.000000 0.000000 0.000000 0.000000 0.127039 0.006946 1.644886 2658.021022
0.866015 0.000000 0.000000 0.000000 0.000000 0.127039 0.006946 1.644886 2658.021022
0.866015 0.000000 0.000000 0.000000 0.000000 0.127039 0.006946 1.644886 2658.021022
0.866015 0.000000 0.000000 0.000000 0.000000 0.127039 0.006946 1.644886 2658.021022
0.866015 0.000000 0.000000 0.000000 0.000000 0.127039 0.006946 1.644886 2658.021022
0.866015 0.000000 0.000000 0.000000 0.000000 0.127039 0.006946 1.644886 2658.021022
0.866015 0.000000 0.000000 0.000000 0.000000 0.127039 0.006946 1.644886 2658.021022
0.866015 0.000000 0.000000 0.000000 0.000000 0.127039 0.006946 1.644886 2658.021022
0.866015 0.000000 0.000000 0.000000 0.000000 0.127039 0.006946 1.644886 2658.021022
0.866015 0.000000 0.000000 0.000000 0.000000 0.127039 0.006946 1.644886 2658.021022
0.866015 0.000000 0.000000 0.000000 0.000000 0.127039 0.006946 1.644886 2658.021022
0.866015 0.000000 0.000000 0.000000 0.000000 0.127039 0.006946 1.644886 2658.021022
0.866015 0.000000 0.000000 0.000000 0.000000 0.127039 0.006946 1.644886 2658.021022
0.866015 0.000000 0.000000 0.000000 0.000000 0.127039 0.006946 1.644886 2658.021022
0.866015 0.000000 0.000000 0.000000 0.000000 0.127039 0.006946 1.644886 2658.021022
0.866015 0.000000 0.000000 0.000000 0.000000 0.127039 0.006946 1.644886 2658.021022
0.866015 0.000000 0.000000 0.000000 0.000000 0.127039 0.006946 1.644886 2658.021022
0.866015 0.000000 0.000000 0.000000 0.000000 0.127039 0.006946 1.644886 2658.021022
0.866015 0.000000 0.000000 0.000000 0.000000 0.127039 0.006946 1.644886 2658.021022
0.866015 0.000000 0.000000 0.000000 0.000000 0.127039 0.006946 1.644886 2658.021022
0.866015 0.000000 0.000000 0.000000 0.000000 0.127039 0.006946 1.644886 2658.021022
0.866015 0.000000 0.000000 0.000000 0.000000 0.127039 0.006946 1.644886 2658.021022
0.866015 0.000000 0.000000 0.000000 0.000000 0.127039 0.006946 1.644886 2658.021022
0.866015 0.000000 0.000000 0.000000 0.000000 0.127039 0.006946 1.644886 2658.021022
0.866015 0.000000 0.000000 0.000000 0.000000 0.127039 0.006946 1.644886 2658.021022
0.866015 0.000000 0.000000 0.000000 0.000000 0.127039 0.006946 1.644886 2658.021022
0.866015 0.000000 0.000000 0.000000 0.000000 0.127039 0.006946 1.644886 2658.021022
0.866015 0.000000 0.000000 0.000000 0.000000 0.127039 0.006946 1.644886 2658.021022
0.866015 0.000000 0.000000 0.000000 0.000000 0.127039 0.006946 1.644886 2658.021022
0.866015 0.000000 0.000000 0.000000 0.000000 0.127039 0.006946 1.644886 2658.021022
0.866015 0.000000 0.000000 0.000000 0.000000 0.127039 0.006946 1.644886 2658.021022
0.866015 0.000000 0.000000 0.000000 0.000000 0.127039 0.006946 1.644886 2658.021022
0.866015 0.000000 0.000000 0.000000 0.000000 0.127039 0.006946 1.644886 2658.021022
0.866015 0.000000 0.000000 0.000000 0.000000 0.127039 0.006946 1.644886 2658.021022
0.866015 0.000000 0.000000 0.000000 0.000000 0.127039 0.006946 1.644886 2658.021022
0.866015 0.000000 0.000000 0.000000 0.000000 0.127039 0.006946 1.644886 2658.021022
0.866015 0.000000 0.000000 0.000000 0.000000 0.127039 0.006946 1.644886 2658.021022
0.866015 0.000000 0.000000 0.000000 0.000000 0.127039 0.006946 1.644886 2658.021022
0.866015 0.000000 0.000000 0.000000 0.000000 0.127039 0.006946 1.644886 2658.021022
0.866015 0.000000 0.000000 0.000000 0.000000 0.127039 0.006946 1.644886 2658.021022
0.866015 0.000000 0.000000 0.000000 0.000000 0.127039 0.006946 1.644886 2658.021022
0.866015 0.000000 0.000000 0.000000 0.000000 0.127039 0.006946 1.644886 2658.021022
0.866015 0.000000 0.000000 0.000000 0.000000 0.127039 0.006946 1.644886 2658.021022
0.866015 0.000000 0.000000 0.000000 0.000000 0.127039 0.006946 1.644886 2658.021022
0.866015 0.000000 0.000000 0.000000 0.000000 0.127039 0.006946 1.644886 2658.021022
0.866015 0.000000 0.000000 0.000000 0.000000 0.127039 0.006946 1.644886 2658.021022
0.866015 0.000000 0.000000 0.000000 0.000000 0.127039 0.006946 1.644886 2658.021022
0.866015 0.000000 0.000000 0.000000 0.000000 0.127039 0.006946 1.644886 2658.021022
0.866015 0.000000 0.000000 0.000000 0.000000 0.127039 0.006946 1.644886 2658.021022
0.866015 0.000000 0.000000 0.000000 0.000000 0.127039 0.006946 1.644886 2658.021022
0.866015 0.000000 0.000000 0.000000 0.000000 0.127039 0.006946 1.644886 2658.021022
0.866015 0.000000 0.000000 0.000000 0.000000 0.127039 0.006946 1.644886 2658.021022
0.866015 0.000000 0.000000 0.000000 0.000000 0.127039 0.006946 1.644886 2658.021022
0.866015 0.000000 0.000000 0.000000 0.000000 0.127039 0.006946 1.644886 2658.021022
0.866015 0.000000 0.000000 0.000000 0.000000 0.127039 0.006946 1.644886 2658.021022
0.866015 0.000000 0.000000 0.000000 0.000000 0.127039 0.006946 1.644886 2658.021022
0.866015 0.000000 0.000000 0.000000 0.000000 0.127039 0.006946 1.644886 2658.021022
0.866015 0.000000 0.000000 0.000000 0.000000 0.127039 0.006946 1.644886 2658.021022
0.866015 0.000000 0.000000 0.000000 0.000000 0.127039 0.006946 1.644886 2658.021022
0.866015 0.000000 0.000000 0.000000 0.000000 0.127039 0.006946 1.644886 2658.021022
0.866015 0.000000 0.000000 0.000000 0.000000 0.127039 0.006946 1.644886 2658.021022
0.866015 0.000000 0.000000 0.000000 0.000000 0.127039 0.006946 1.644886 2658.021022
0.866015 0.000000 0.000000 0.000000 0.000000 0.127039 0.006946 1.644886 2658.021022
0.866015 0.000000 0.000000 0.000000 0.000000 0.127039 0.006946 1.644886 2658.021022
0.866015 0.000000 0.000000 0.000000 0.000000 0.127039 0.006946 1.644886 2658.021022
0.866015 0.000000 0.000000 0.000000 0.000000 0.127039 0.006946 1.644886 2658.021022
0.866015 0.000000 0.000000 0.000000 0.000000 0.127039 0.006946 1.644886 2658.021022
0.866015 0.000000 0.000000 0.000000 0.000000 0.127039 0.006946 1.644886 2658.021022
0.866015 0.000000 0.000000 0.000000 0.000000 0.127039 0.006946 1.644886 2658.021022
0.866015 0.000000 0.000000 0.000000 0.000000 0.127039 0.006946 1.644886 2658.021022
0.866015 0.000000 0.000000 0.000000 0.000000 0.127039 0.006946 1.644886 2658.021022
0.866015 0.000000 0.000000 0.000000 0.000000 0.127039 0.006946 1.644886 2658.021022
0.866015 0.000000 0.000000 0.000000 0.000000 0.127039 0.006946 1.644886 2658.021022
0.866015 0.000000 0.000000 0.000000 0.000000 0.127039 0.006946 1.644886 2658.021022
0.866015 0.000000 0.000000 0.000000 0.000000 0.127039 0.006946 1.644886 2658.021022
0.866015 0.000000 0.000000 0.000000 0.000000 0.127039 0.006946 1.644886 2658.021022
0.866015 0.000000 0.000000 0.000000 0.000000 0.127039 0.006946 1.644886 2658.021022
0.866015 0.000000 0.000000 0.000000 0.000000 0.127039 0.006946 1.644886 2658.021022
0.866015 0.000000 0.000000 0.000000 0.000000 0.127039 0.006946 1.644886 2658.021022
0.866015 0.000000 0.000000 0.000000 0.000000 0.127039 0.006946 1.644886 2658.021022
0.866015 0.000000 0.000000 0.000000 0.000000 0.127039 0.006946 1.644886 2658.021022
0.866015 0.000000 0.000000 0.000000 0.000000 0.127039 0.006946 1.644886 2658.021022
0.866015 0.000000 0.000000 0.000000 0.000000 0.127039 0.006946 1.644886 2658.021022
0.866015 0.000000 0.000000 0.000000 0.000000 0.127039 0.006946 1.644886 2658.021022
0.866015 0.000000 0.000000 0.000000 0.000000 0.127039 0.006946 1.644886 2658.021022
0.866015 0.000000 0.000000 0.000000 0.000000 0.127039 0.006946 1.644886 2658.021022
0.866015 0.000000 0.000000 0.000000 0.000000 0.127039 0.006946 1.644886 2658.021022
0.866015 0.000000 0.000000 0.000000 0.000000 0.127039 0.006946 1.644886 2658.021022
0.866015 0.000000 0.000000 0.000000 0.000000 0.127039 0.006946 1.644886 2658.021022
0.866015 0.000000 0.000000 0.000000 0.000000 0.127039 0.006946 1.644886 2658.021022
0.866015 0.000000 0.000000 0.000000 0.000000 0.127039 0.006946 1.644886 2658.021022
0.866015 0.000000 0.000000 0.000000 0.000000 0.127039 0.006946 1.644886 2658.021022
0.866015 0.000000 0.000000 0.000000 0.000000 0.127039 0.006946 1.644886 2658.021022
0.866015 0.000000 0.000000 0.000000 0.000000 0.127039 0.006946 1.644886 2658.021022
0.866015 0.000000 0.000000 0.000000 0.000000 0.127039 0.006946 1.644886 2658.021022
0.866015 0.000000 0.000000 0.000000 0.000000 0.127039 0.006946 1.644886 2658.021022
0.866015 0.000000 0.000000 0.000000 0.000000 0.127039 0.006946 1.644886 2658.021022
0.866015 0.000000 0.000000 0.000000 0.000000 0.127039 0.006946 1.644886 2658.021022
0.866015 0.000000 0.000000 0.000000 0.000000 0.127039 0.006946 1.644886 2658.021022
0.866015 0.000000 0.000000 0.000000 0.000000 0.127039 0.006946 1.644886 2658.021022
0.866015 0.000000 0.000000 0.000000 0.000000 0.127039 0.006946 1.644886 2658.021022
0.866015 0.000000 0.000000 0.000000 0.000000 0.127039 0.006946 1.644886 2658.021022
0.866015 0.000000 0.000000 0.000000 0.000000 0.127039 0.006946 1.644886 2658.021022
0.866015 0.000000 0.000000 0.000000 0.000000 0.127039 0.006946 1.644886 2658.021022
0.866015 0.000000 0.000000 0.000000 0.000000 0.127039 0.006946 1.644886 2658.021022
0.866015 0.000000 0.000000 0.000000 0.000000 0.127039 0.006946 1.644886 2658.021022
0.866015 0.000000 0.000000 0.000000 0.000000 0.127039 0.006946 1.644886 2658.021022
0.866015 0.000000 0.000000 0.000000 0.000000 0.127039 0.006946 1.644886 2658.021022
0.866015 0.000000 0.000000 0.000000 0.000000 0.127039 0.006946 1.644886 2658.021022
0.866015 0.000000 0.000000 0.000000 0.000000 0.127039 0.006946 1.644886 2658.021022
0.866015 0.000000 0.000000 0.000000 0.000000 0.127039 0.006946 1.644886 2658.021022
0.866015 0.000000 0.000000 0.000000 0.000000 0.127039 0.006946 1.644886 2658.021022
0.866015 0.000000 0.000000 0.000000 0.000000 0.127039 0.006946 1.644886 2658.021022
0.866015 0.000000 0.000000 0.000000 0.000000 0.127039 0.006946 1.644886 2658.021022
0.866015 0.000000 0.000000 0.000000 0.000000 0.127039 0.006946 1.644886 2658.021022
0.866015 0.000000 0.000000 0.000000 0.000000 0.127039 0.006946 1.644886 2658.021022
0.866015 0.000000 0.000000 0.000000 0.000000 0.127039 0.006946 1.644886 2658.021022
0.866015 0.000000 0.000000 0.000000 0.000000 0.127039 0.006946 1.644886 2658.021022
0.866015 0.000000 0.000000 0.000000 0.000000 0.127039 0.006946 1.644886 2658.021022
0.866015 0.000000 0.000000 0.000000 0.000000 0.127039 0.006946 1.644886 2658.021022
0.866015 0.000000 0.000000 0.000000 0.000000 0.127039 0.006946 1.644886 2658.021022
0.866015 0.000000 0.000000 0.000000 0.000000 0.127039 0.006946 1.644886 2658.021022
0.866015 0.000000 0.000000 0.000000 0.000000 0.127039 0.006946 1.644886 2658.021022
0.866015 0.000000 0.000000 0.000000 0.000000 0.127039 0.006946 1.644886 2658.021022
0.866015 0.000000 0.000000 0.000000 0.000000 0.127039 0.006946 1.644886 2658.021022
0.866015 0.000000 0.000000 0.000000 0.000000 0.127039 0.006946 1.644886 2658.021022
0.866015 0.000000 0.000000 0.000000 0.000000 0.127039 0.006946 1.644886 2658.021022
0.866015 0.000000 0.000000 0.000000 0.000000 0.127039 0.006946 1.644886 2658.021022
0.866015 0.000000 0.000000 0.000000 0.000000 0.127039 0.006946 1.644886 2658.021022
0.866015 0.000000 0.000000 0.000000 0.000000 0.127039 0.006946 1.644886 2658.021022
0.866015 0.000000 0.000000 0.000000 0.000000 0.127039 0.006946 1.644886 2658.021022
0.866015 0.000000 0.000000 0.000000 0.000000 0.127039 0.006946 1.644886 2658.021022
0.866015 0.000000 0.000000 0.000000 0.000000 0.127039 0.006946 1.644886 2658.021022
0.866015 0.000000 0.000000 0.000000 0.000000 0.127039 0.006946 1.644886 2658.021022
0.866015 0.000000 0.000000 0.000000 0.000000 0.127039 0.006946 1.644886 2658.021022
0.866015 0.000000 0.000000 0.000000 0.000000 0.127039 0.006946 1.644886 2658.021022
0.866015 0.000000 0.000000 0.000000 0.000000 0.127039 0.006946 1.644886 2658.021022
0.866015 0.000000 0.000000 0.000000 0.000000 0.127039 0.006946 1.644886 2658.021022
0.866015 0.000000 0.000000 0.000000 0.000000 0.127039 0.006946 1.644886 2658.021022
0.866015 0.000000 0.000000 0.000000 0.000000 0.127039 0.006946 1.644886 2658.021022
0.866015 0.000000 0.000000 0.000000 0.000000 0.127039 0.006946 1.644886 2658.021022
0.866015 0.000000 0.000000 0.000000 0.000000 0.127039 0.006946 1.644886 2658.021022
0.866015 0.000000 0.000000 0.000000 0.000000 0.127039 0.006946 1.644886 2658.021022
0.866015 0.000000 0.000000 0.000000 0.000000 0.127039 0.006946 1.644886 2658.021022
0.866015 0.000000 0.000000 0.000000 0.000000 0.127039 0.006946 1.644886 2658.021022
0.866015 0.000000 0.000000 0.000000 0.000000 0.127039 0.006946 1.644886 2658.021022
0.866015 0.000000 0.000000 0.000000 0.000000 0.127039 0.006946 1.644886 2658.021022
0.866015 0.000000 0.000000 0.000000 0.000000 0.127039 0.006946 1.644886 2658.021022
0.866015 0.000000 0.000000 0.000000 0.000000 0.127039 0.006946 1.644886 2658.021022
0.866015 0.000000 0.000000 0.000000 0.000000 0.127039 0.006946 1.644886 2658.021022
0.866015 0.000000 0.000000 0.000000 0.000000 0.127039 0.006946 1.644886 2658.021022
0.866015 0.000000 0.000000 0.000000 0.000000 0.127039 0.006946 1.644886 2658.021022
0.866015 0.000000 0.000000 0.000000 0.000000 0.127039 0.006946 1.644886 2658.021022
0.866015 0.000000 0.000000 0.000000 0.000000 0.127039 0.006946 1.644886 2658.021022
0.866015 0.000000 0.000000 0.000000 0.000000 0.127039 0.006946 1.644886 2658.021022
0.866015 0.000000 0.000000 0.000000 0.000000 0.127039 0.006946 1.644886 2658.021022
0.866015 0.000000 0.000000 0.000000 0.000000 0.127039 0.006946 1.644886 2658.021022
0.866015 0.000000 0.000000 0.000000 0.000000 0.127039 0.006946 1.644886 2658.021022
0.866015 0.000000 0.000000 0.000000 0.000000 0.127039 0.006946 1.644886 2658.021022
0.866015 0.000000 0.000000 0.000000 0.000000 0.127039 0.006946 1.644886 2658.021022
0.866015 0.000000 0.000000 0.000000 0.000000 0.127039 0.006946 1.644886 2658.021022
0.866015 0.000000 0.000000 0.000000 0.000000 0.127039 0.006946 1.644886 2658.021022
0.866015 0.000000 0.000000 0.000000 0.000000 0.127039 0.006946 1.644886 2658.021022
0.866015 0.000000 0.000000 0.000000 0.000000 0.127039 0.006946 1.644886 2658.021022
0.866015 0.000000 0.000000 0.000000 0.000000 0.127039 0.006946 1.644886 2658.021022
0.866015 0.000000 0.000000 0.000000 0.000000 0.127039 0.006946 1.644886 2658.021022
0.866015 0.000000 0.000000 0.000000 0.000000 0.127039 0.006946 1.644886 2658.021022
0.866015 0.000000 0.000000 0.000000 0.000000 0.127039 0.006946 1.644886 2658.021022
0.866015 0.000000 0.000000 0.000000 0.000000 0.127039 0.006946 1.644886 2658.021022
0.866015 0.000000 0.000000 0.000000 0.000000 0.127039 0.006946 1.644886 2658.021022
0.866015 0.000000 0.000000 0.000000 0.000000 0.127039 0.006946 1.644886 2658.021022
0.866015 0.000000 0.000000 0.000000 0.000000 0.127039 0.006946 1.644886 2658.021022
0.866015 0.000000 0.000000 0.000000 0.000000 0.127039 0.006946 1.644886 2658.021022
0.866015 0.000000 0.000000 0.000000 0.000000 0.127039 0.006946 1.644886 2658.021022
0.866015 0.000000 0.000000 0.000000 0.000000 0.127039 0.006946 1.644886 2658.021022
0.866015 0.000000 0.000000 0.000000 0.000000 0.127039 0.006946 1.644886 2658.021022
0.866015 0.000000 0.000000 0.000000 0.000000 0.127039 0.006946 1.644886 2658.021022
0.866015 0.000000 0.000000 0.000000 0.000000 0.127039 0.006946 1.644886 2658.021022
0.866015 0.000000 0.000000 0.000000 0.000000 0.127039 0.006946 1.644886 2658.021022
0.866015 0.000000 0.000000 0.000000 0.000000 0.127039 0.006946 1.644886 2658.021022
0.866015 0.000000 0.000000 0.000000 0.000000 0.127039 0.006946 1.644886 2658.021022
0.866015 0.000000 0.000000 0.000000 0.000000 0.127039 0.006946 1.644886 2658.021022
0.866015 0.000000 0.000000 0.000000 0.000000 0.127039 0.006946 1.644886 2658.021022
0.866015 0.000000 0.000000 0.000000 0.000000 0.127039 0.006946 1.644886 2658.021022
0.866015 0.000000 0.000000 0.000000 0.000000 0.127039 0.006946 1.644886 2658.021022
0.866015 0.000000 0.000000 0.000000 0.000000 0.127039 0.006946 1.644886 2658.021022
0.866015 0.000000 0.000000 0.000000 0.000000 0.127039 0.006946 1.644886 2658.021022
0.866015 0.000000 0.000000 0.000000 0.000000 0.127039 0.006946 1.644886 2658.021022
0.866015 0.000000 0.000000 0.000000 0.000000 0.127039 0.006946 1.644886 2658.021022
0.866015 0.000000 0.000000 0.000000 0.000000 0.127039 0.006946 1.644886 2658.021022
0.866015 0.000000 0.000000 0.000000 0.000000 0.127039 0.006946 1.644886 2658.021022
0.866015 0.000000 0.000000 0.000000 0.000000 0.127039 0.006946 1.644886 2658.021022
0.866015 0.000000 0.000000 0.000000 0.000000 0.127039 0.006946 1.644886 2658.021022
0.866015 0.000000 0.000000 0.000000 0.000000 0.127039 0.006946 1.644886 2658.021022
0.866015 0.000000 0.000000 0.000000 0.000000 0.127039 0.006946 1.644886 2658.021022
0.866015 0.000000 0.000000 0.000000 0.000000 0.127039 0.006946 1.644886 2658.021022
0.866015 0.000000 0.000000 0.000000 0.000000 0.127039 0.006946 1.644886 2658.021022
0.866015 0.000000 0.000000 0.000000 0.000000 0.127039 0.006946 1.644886 2658.021022
0.866015 0.000000 0.000000 0.000000 0.000000 0.127039 0.006946 1.644886 2658.021022
0.866015 0.000000 0.000000 0.000000 0.000000 0.127039 0.006946 1.644886 2658.021022
0.866015 0.000000 0.000000 0.000000 0.000000 0.127039 0.006946 1.644886 2658.021022
0.866015 0.000000 0.000000 0.000000 0.000000 0.127039 0.006946 1.644886 2658.021022
0.866015 0.000000 0.000000 0.000000 0.000000 0.127039 0.006946 1.644886 2658.021022
0.866015 0.000000 0.000000 0.000000 0.000000 0.127039 0.006946 1.644886 2658.021022
0.866015 0.000000 0.000000 0.000000 0.000000 0.127039 0.006946 1.644886 2658.021022
0.866015 0.000000 0.000000 0.000000 0.000000 0.127039 0.006946 1.644886 2658.021022
0.866015 0.000000 0.000000 0.000000 0.000000 0.127039 0.006946 1.644886 2658.021022
0.866015 0.000000 0.000000 0.000000 0.000000 0.127039 0.006946 1.644886 2658.021022
0.866015 0.000000 0.000000 0.000000 0.000000 0.127039 0.006946 1.644886 2658.021022
0.866015 0.000000 0.000000 0.000000 0.000000 0.127039 0.006946 1.644886 2658.021022
0.866015 0.000000 0.000000 0.000000 0.000000 0.127039 0.006946 1.644886 2658.021022
0.866015 0.000000 0.000000 0.000000 0.000000 0.127039 0.006946 1.644886 2658.021022
0.866015 0.000000 0.000000 0.000000 0.000000 0.127039 0.006946 1.644886 2658.021022
0.866015 0.000000 0.000000 0.000000 0.000000 0.127039 0.006946 1.644886 2658.021022
0.866015 0.000000 0.000000 0.000000 0.000000 0.127039 0.006946 1.644886 2658.021022
0.866015 0.000000 0.000000 0.000000 0.000000 0.127039 0.006946 1.644886 2658.021022
0.866015 0.000000 0.000000 0.000000 0.000000 0.127039 0.006946 1.644886 2658.021022
0.866015 0.000000 0.000000 0.000000 0.000000 0.127039 0.006946 1.644886 2658.021022
0.866015 0.000000 0.000000 0.000000 0.000000 0.127039 0.006946 1.644886 2658.021022
0.866015 0.000000 0.000000 0.000000 0.000000 0.127039 0.006946 1.644886 2658.021022
0.866015 0.000000 0.000000 0.000000 0.000000 0.127039 0.006946 1.644886 2658.021022
0.866015 0.000000 0.000000 0.000000 0.000000 0.127039 0.006946 1.644886 2658.021022
0.866015 0.000000 0.000000 0.000000 0.000000 0.127039 0.006946 1.644886 2658.021022
0.866015 0.000000 0.000000 0.000000 0.000000 0.127039 0.006946 1.644886 2658.021022
0.866015 0.000000 0.000000 0.000000 0.000000 0.127039 0.006946 1.644886 2658.021022
0.866015 0.000000 0.000000 0.000000 0.000000 0.127039 0.006946 1.644886 2658.021022
0.866015 0.000000 0.000000 0.000000 0.000000 0.127039 0.006946 1.644886 2658.021022
0.866015 0.000000 0.000000 0.000000 0.000000 0.127039 0.006946 1.644886 2658.021022
0.866015 0.000000 0.000000 0.000000 0.000000 0.127039 0.006946 1.644886 2658.021022
0.866015 0.000000 0.000000 0.000000 0.000000 0.127039 0.006946 1.644886 2658.021022
0.866015 0.000000 0.000000 0.000000 0.000000 0.127039 0.006946 1.644886 2658.021022
0.866015 0.000000 0.000000 0.000000 0.000000 0.127039 0.006946 1.644886 2658.021022
0.866015 0.000000 0.000000 0.000000 0.000000 0.127039 0.006946 1.644886 2658.021022
0.866015 0.000000 0.000000 0.000000 0.000000 0.127039 0.006946 1.644886 2658.021022
0.866015 0.000000 0.000000 0.000000 0.000000 0.127039 0.006946 1.644886 2658.021022
0.866015 0.000000 0.000000 0.000000 0.000000 0.127039 0.006946 1.644886 2658.021022
0.866015 0.000000 0.000000 0.000000 0.000000 0.127039 0.006946 1.644886 2658.021022
0.866015 0.000000 0.000000 0.000000 0.000000 0.127039 0.006946 1.644886 2658.021022
0.866015 0.000000 0.000000 0.000000 0.000000 0.127039 0.006946 1.644886 2658.021022
0.866015 0.000000 0.000000 0.000000 0.000000 0.127039 0.006946 1.644886 2658.021022
0.866015 0.000000 0.000000 0.000000 0.000000 0.127039 0.006946 1.644886 2658.021022
0.866015 0.000000 0.000000 0.000000 0.000000 0.127039 0.006946 1.644886 2658.021022
0.866015 0.000000 0.000000 0.000000 0.000000 0.127039 0.006946 1.644886 2658.021022
0.866015 0.000000 0.000000 0.000000 0.000000 0.127039 0.006946 1.644886 2658.021022
0.866015 0.000000 0.000000 0.000000 0.000000 0.127039 0.006946 1.644886 2658.021022
0.866015 0.000000 0.000000 0.000000 0.000000 0.127039 0.006946 1.644886 2658.021022
0.866015 0.000000 0.000000 0.000000 0.000000 0.127039 0.006946 1.644886 2658.021022
0.866015 0.000000 0.000000 0.000000 0.000000 0.127039 0.006946 1.644886 2658.021022
0.866015 0.000000 0.000000 0.000000 0.000000 0.127039 0.006946 1.644886 2658.021022
0.866015 0.000000 0.000000 0.000000 0.000000 0.127039 0.006946 1.644886 2658.021022
0.866015 0.000000 0.000000 0.000000 0.000000 0.127039 0.006946 1.644886 2658.021022
0.866015 0.000000 0.000000 0.000000 0.000000 0.127039 0.006946 1.644886 2658.021022
0.866015 0.000000 0.000000 0.000000 0.000000 0.127039 0.006946 1.644886 2658.021022
0.866015 0.000000 0.000000 0.000000 0.000000 0.127039 0.006946 1.644886 2658.021022
0.866015 0.000000 0.000000 0.000000 0.000000 0.127039 0.006946 1.644886 2658.021022
0.866015 0.000000 0.000000 0.000000 0.000000 0.127039 0.006946 1.644886 2658.021022
0.866015 0.000000 0.000000 0.000000 0.000000 0.127039 0.006946 1.644886 2658.021022
0.866015 0.000000 0.000000 0.000000 0.000000 0.127039 0.006946 1.644886 2658.021022
0.866015 0.000000 0.000000 0.000000 0.000000 0.127039 0.006946 1.644886 2658.021022
0.866015 0.000000 0.000000 0.000000 0.000000 0.127039 0.006946 1.644886 2658.021022
0.866015 0.000000 0.000000 0.000000 0.000000 0.127039 0.006946 1.644886 2658.021022
0.866015 0.000000 0.000000 0.000000 0.000000 0.127039 0.006946 1.644886 2658.021022
0.866015 0.000000 0.000000 0.000000 0.000000 0.127039 0.006946 1.644886 2658.021022
0.866015 0.000000 0.000000 0.000000 0.000000 0.127039 0.006946 1.644886 2658.021022
0.866015 0.000000 0.000000 0.000000 0.000000 0.127039 0.006946 1.644886 2658.021022
0.866015 0.000000 0.000000 0.000000 0.000000 0.127039 0.006946 1.644886 2658.021022
0.866015 0.000000 0.000000 0.000000 0.000000 0.127039 0.006946 1.644886 2658.021022
0.866015 0.000000 0.000000 0.000000 0.000000 0.127039 0.006946 1.644886 2658.021022
0.866015 0.000000 0.000000 0.000000 0.000000 0.127039 0.006946 1.644886 2658.021022
0.866015 0.000000 0.000000 0.000000 0.000000 0.127039 0.006946 1.644886 2658.021022
0.866015 0.000000 0.000000 0.000000 0.000000 0.127039 0.006946 1.644886 2658.021022
0.866015 0.000000 0.000000 0.000000 0.000000 0.127039 0.006946 1.644886 2658.021022
0.866015 0.000000 0.000000 0.000000 0.000000 0.127039 0.006946 1.644886 2658.021022
0.866015 0.000000 0.000000 0.000000 0.000000 0.127039 0.006946 1.644886 2658.021022
0.866015 0.000000 0.000000 0.000000 0.000000 0.127039 0.006946 1.644886 2658.021022
0.866015 0.000000 0.000000 0.000000 0.000000 0.127039 0.006946 1.644886 2658.021022
0.866015 0.000000 0.000000 0.000000 0.000000 0.127039 0.006946 1.644886 2658.021022
0.866015 0.000000 0.000000 0.000000 0.000000 0.127039 0.006946 1.644886 2658.021022
0.866015 0.000000 0.000000 0.000000 0.000000 0.127039 0.006946 1.644886 2658.021022
0.866015 0.000000 0.000000 0.000000 0.000000 0.127039 0.006946 1.644886 2658.021022
0.866015 0.000000 0.000000 0.000000 0.000000 0.127039 0.006946 1.644886 2658.021022
0.866015 0.000000 0.000000 0.000000 0.000000 0.127039 0.006946 1.644886 2658.021022
0.866015 0.000000 0.000000 0.000000 0.000000 0.127039 0.006946 1.644886 2658.021022
0.866015 0.000000 0.000000 0.000000 0.000000 0.127039 0.006946 1.644886 2658.021022
0.866015 0.000000 0.000000 0.000000 0.000000 0.127039 0.006946 1.644886 2658.021022
0.866015 0.000000 0.000000 0.000000 0.000000 0.127039 0.006946 1.644886 2658.021022
0.866015 0.000000 0.000000 0.000000 0.000000 0.127039 0.006946 1.644886 2658.021022
0.866015 0.000000 0.000000 0.000000 0.000000 0.127039 0.006946 1.644886 2658.021022
0.866015 0.000000 0.000000 0.000000 0.000000 0.127039 0.006946 1.644886 2658.021022
0.866015 0.000000 0.000000 0.000000 0.000000 0.127039 0.006946 1.644886 2658.021022
0.866015 0.000000 0.000000 0.000000 0.000000 0.127039 0.006946 1.644886 2658.021022
0.866015 0.000000 0.000000 0.000000 0.000000 0.127039 0.006946 1.644886 2658.021022
0.866015 0.000000 0.000000 0.000000 0.000000 0.127039 0.006946 1.644886 2658.021022
0.866015 0.000000 0.000000 0.000000 0.000000 0.127039 0.006946 1.644886 2658.021022
0.866015 0.000000 0.000000 0.000000 0.000000 0.127039 0.006946 1.644886 2658.021022
0.866015 0.000000 0.000000 0.000000 0.000000 0.127039 0.006946 1.644886 2658.021022
0.866015 0.000000 0.000000 0.000000 0.000000 0.127039 0.006946 1.644886 2658.021022
0.866015 0.000000 0.000000 0.000000 0.000000 0.127039 0.006946 1.644886 2658.021022
0.866015 0.000000 0.000000 0.000000 0.000000 0.127039 0.006946 1.644886 2658.021022
0.866015 0.000000 0.000000 0.000000 0.000000 0.127039 0.006946 1.644886 2658.021022
0.866015 0.000000 0.000000 0.000000 0.000000 0.127039 0.006946 1.644886 2658.021022
0.866015 0.000000 0.000000 0.000000 0.000000 0.127039 0.006946 1.644886 2658.021022
0.866015 0.000000 0.000000 0.000000 0.000000 0.127039 0.006946 1.644886 2658.021022
0.866015 0.000000 0.000000 0.000000 0.000000 0.127039 0.006946 1.644886 2658.021022
0.866015 0.000000 0.000000 0.000000 0.000000 0.127039 0.006946 1.644886 2658.021022
0.866015 0.000000 0.000000 0.000000 0.000000 0.127039 0.006946 1.644886 2658.021022
0.866015 0.000000 0.000000 0.000000 0.000000 0.127039 0.006946 1.644886 2658.021022
0.866015 0.000000 0.000000 0.000000 0.000000 0.127039 0.006946 1.644886 2658.021022
0.866015 0.000000 0.000000 0.000000 0.000000 0.127039 0.006946 1.644886 2658.021022
0.866015 0.000000 0.000000 0.000000 0.000000 0.127039 0.006946 1.644886 2658.021022
0.866015 0.000000 0.000000 0.000000 0.000000 0.127039 0.006946 1.644886 2658.021022
0.866015 0.000000 0.000000 0.000000 0.000000 0.127039 0.006946 1.644886 2658.021022
0.866015 0.000000 0.000000 0.000000 0.000000 0.127039 0.006946 1.644886 2658.021022
0.866015 0.000000 0.000000 0.000000 0.000000 0.127039 0.006946 1.644886 2658.021022
0.866015 0.000000 0.000000 0.000000 0.000000 0.127039 0.006946 1.644886 2658.021022
0.866015 0.000000 0.000000 0.000000 0.000000 0.127039 0.006946 1.644886 2658.021022
0.866015 0.000000 0.000000 0.000000 0.000000 0.127039 0.006946 1.644886 2658.021022
0.866015 0.000000 0.000000 0.000000 0.000000 0.127039 0.006946 1.644886 2658.021022
0.866015 0.000000 0.000000 0.000000 0.000000 0.127039 0.006946 1.644886 2658.021022
0.866015 0.000000 0.000000 0.000000 0.000000 0.127039 0.006946 1.644886 2658.021022
0.866015 0.000000 0.000000 0.000000 0.000000 0.127039 0.006946 1.644886 2658.021022
0.866015 0.000000 0.000000 0.000000 0.000000 0.127039 0.006946 1.644886 2658.021022
0.866015 0.000000 0.000000 0.000000 0.000000 0.127039 0.006946 1.644886 2658.021022
0.866015 0.000000 0.000000 0.000000 0.000000 0.127039 0.006946 1.644886 2658.021022
0.866015 0.000000 0.000000 0.000000 0.000000 0.127039 0.006946 1.644886 2658.021022
0.866015 0.000000 0.000000 0.000000 0.000000 0.127039 0.006946 1.644886 2658.021022
0.866015 0.000000 0.000000 0.000000 0.000000 0.127039 0.006946 1.644886 2658.021022
0.866015 0.000000 0.000000 0.000000 0.000000 0.127039 0.006946 1.644886 2658.021022
0.866015 0.000000 0.000000 0.000000 0.000000 0.127039 0.006946 1.644886 2658.021022
0.866015 0.000000 0.000000 0.000000 0.000000 0.127039 0.006946 1.644886 2658.021022
0.866015 0.000000 0.000000 0.000000 0.000000 0.127039 0.006946 1.644886 2658.021022
0.866015 0.000000 0.000000 0.000000 0.000000 0.127039 0.006946 1.644886 2658.021022
0.866015 0.000000 0.000000 0.000000 0.000000 0.127039 0.006946 1.644886 2658.021022
0.866015 0.000000 0.000000 0.000000 0.000000 0.127039 0.006946 1.644886 2658.021022
0.866015 0.000000 0.000000 0.000000 0.000000 0.127039 0.006946 1.644886 2658.021022
0.866015 0.000000 0.000000 0.000000 0.000000 0.127039 0.006946 1.644886 2658.021022
