0.368801 0.061204 0.054133 0.030850 0.001906 0.477640 0.005465 1.570314 1916.334407
0.369912 0.060116 0.054850 0.029959 0.001902 0.477770 0.005492 1.576270 1926.626837
0.372421 0.057777 0.055422 0.029184 0.001907 0.477777 0.005513 1.582089 1934.273471
0.375748 0.054885 0.055771 0.028344 0.001905 0.477811 0.005536 1.587642 1943.171117
0.379432 0.051976 0.055787 0.027492 0.001906 0.477843 0.005564 1.592802 1952.546435
0.383503 0.048882 0.055660 0.026701 0.001902 0.477766 0.005584 1.597746 1962.164659
0.387885 0.045822 0.055356 0.025863 0.001881 0.477583 0.005611 1.602427 1972.365811
0.392353 0.042895 0.054774 0.025071 0.001873 0.477400 0.005633 1.606827 1981.546720
0.396937 0.040131 0.053965 0.024304 0.001862 0.477144 0.005657 1.610924 1989.590897
0.401728 0.037537 0.053004 0.023548 0.001840 0.476665 0.005679 1.614728 1999.176621
0.406563 0.035122 0.051976 0.022760 0.001827 0.476050 0.005702 1.618255 2007.879812
0.411517 0.032796 0.050814 0.021936 0.001804 0.475409 0.005725 1.621624 2018.959120
0.416511 0.030619 0.049649 0.021205 0.001776 0.474493 0.005747 1.624784 2029.961101
0.421474 0.028643 0.048345 0.020466 0.001753 0.473546 0.005772 1.627699 2038.942723
0.426543 0.026792 0.046969 0.019712 0.001723 0.472461 0.005799 1.630427 2049.082015
0.431569 0.025099 0.045597 0.018932 0.001688 0.471290 0.005823 1.632957 2059.431702
0.436664 0.023533 0.044160 0.018173 0.001667 0.469959 0.005844 1.635317 2068.677265
0.441726 0.022072 0.042722 0.017443 0.001644 0.468527 0.005864 1.637538 2078.212567
0.446847 0.020726 0.041323 0.016759 0.001612 0.466846 0.005886 1.639630 2087.926275
0.452023 0.019471 0.039944 0.016092 0.001581 0.464980 0.005909 1.641595 2095.709315
0.457107 0.018311 0.038487 0.015414 0.001553 0.463200 0.005928 1.643438 2104.755063
0.462254 0.017225 0.037096 0.014769 0.001528 0.461180 0.005947 1.645175 2114.725252
0.467417 0.016226 0.035697 0.014139 0.001500 0.459054 0.005966 1.646826 2124.153099
0.472531 0.015337 0.034276 0.013539 0.001468 0.456864 0.005985 1.648350 2132.496496
0.477556 0.014493 0.032930 0.012983 0.001430 0.454603 0.006006 1.649831 2143.071643
0.482670 0.013700 0.031606 0.012437 0.001389 0.452173 0.006026 1.651177 2153.547592
0.487637 0.012990 0.030309 0.011925 0.001352 0.449740 0.006047 1.652460 2163.106817
0.492606 0.012308 0.029133 0.011422 0.001322 0.447146 0.006064 1.653705 2171.149288
0.497642 0.011648 0.027963 0.010975 0.001283 0.444403 0.006086 1.654908 2181.212539
0.502648 0.011062 0.026822 0.010518 0.001256 0.441594 0.006101 1.656035 2189.598702
0.507644 0.010525 0.025730 0.010062 0.001229 0.438696 0.006113 1.657099 2197.666584
0.512650 0.010045 0.024649 0.009626 0.001195 0.435706 0.006129 1.658090 2207.047610
0.517578 0.009560 0.023598 0.009229 0.001154 0.432734 0.006148 1.659066 2216.815887
0.522428 0.009139 0.022598 0.008842 0.001126 0.429706 0.006161 1.659976 2224.203108
0.527307 0.008742 0.021627 0.008470 0.001098 0.426583 0.006172 1.660860 2231.777422
0.532199 0.008370 0.020720 0.008143 0.001074 0.423309 0.006185 1.661702 2238.389803
0.537021 0.008029 0.019838 0.007817 0.001055 0.420043 0.006198 1.662508 2245.072043
0.541832 0.007711 0.019022 0.007479 0.001027 0.416720 0.006210 1.663279 2253.236773
0.546583 0.007415 0.018195 0.007166 0.001004 0.413415 0.006222 1.664012 2259.642460
0.551290 0.007142 0.017439 0.006856 0.000975 0.410066 0.006232 1.664734 2267.340057
0.556023 0.006869 0.016700 0.006570 0.000945 0.406646 0.006246 1.665420 2276.122260
0.560672 0.006638 0.015994 0.006306 0.000919 0.403212 0.006259 1.666071 2283.000613
0.565250 0.006391 0.015319 0.006049 0.000888 0.399829 0.006273 1.666715 2290.504522
0.569820 0.006183 0.014671 0.005807 0.000862 0.396372 0.006285 1.667334 2298.497237
0.574307 0.005995 0.014085 0.005566 0.000838 0.392911 0.006298 1.667928 2305.050598
0.578842 0.005823 0.013515 0.005348 0.000816 0.389348 0.006308 1.668505 2310.800063
0.583269 0.005652 0.012959 0.005138 0.000798 0.385867 0.006316 1.669072 2316.105230
0.587688 0.005482 0.012436 0.004952 0.000774 0.382340 0.006327 1.669620 2322.892794
0.592101 0.005320 0.011933 0.004777 0.000755 0.378782 0.006333 1.670163 2328.612465
0.596411 0.005190 0.011457 0.004609 0.000728 0.375260 0.006345 1.670675 2335.750606
0.600746 0.005033 0.011039 0.004452 0.000711 0.371667 0.006351 1.671184 2341.260925
0.604997 0.004899 0.010596 0.004299 0.000692 0.368157 0.006361 1.671678 2346.641449
0.609259 0.004791 0.010146 0.004144 0.000668 0.364624 0.006368 1.672149 2352.809147
0.613427 0.004676 0.009752 0.003992 0.000643 0.361130 0.006381 1.672614 2359.948100
0.617604 0.004560 0.009372 0.003851 0.000620 0.357604 0.006389 1.673079 2366.342157
0.621720 0.004452 0.009031 0.003718 0.000596 0.354086 0.006396 1.673516 2372.503299
0.625794 0.004365 0.008696 0.003586 0.000583 0.350575 0.006402 1.673937 2377.107685
0.629810 0.004262 0.008379 0.003448 0.000565 0.347124 0.006412 1.674375 2383.384000
0.633754 0.004201 0.008055 0.003324 0.000549 0.343699 0.006418 1.674777 2388.541571
0.637689 0.004106 0.007776 0.003224 0.000532 0.340249 0.006424 1.675188 2393.634130
0.641660 0.004029 0.007512 0.003121 0.000516 0.336731 0.006431 1.675588 2398.403164
0.645593 0.003956 0.007285 0.003006 0.000498 0.333225 0.006437 1.675980 2404.402855
0.649398 0.003868 0.007036 0.002919 0.000484 0.329854 0.006442 1.676388 2409.321172
0.653224 0.003794 0.006809 0.002838 0.000470 0.326415 0.006450 1.676769 2413.839937
0.656988 0.003739 0.006579 0.002753 0.000453 0.323032 0.006456 1.677136 2418.546427
0.660658 0.003690 0.006358 0.002649 0.000440 0.319744 0.006461 1.677496 2423.403063
0.664326 0.003640 0.006154 0.002586 0.000425 0.316403 0.006465 1.677851 2428.085562
0.667939 0.003583 0.005980 0.002512 0.000411 0.313104 0.006471 1.678212 2432.568776
0.671553 0.003523 0.005801 0.002441 0.000400 0.309807 0.006475 1.678567 2435.955920
0.675141 0.003468 0.005647 0.002379 0.000388 0.306497 0.006479 1.678918 2439.829653
0.678594 0.003424 0.005487 0.002304 0.000378 0.303329 0.006484 1.679249 2443.549392
0.682067 0.003375 0.005345 0.002247 0.000363 0.300113 0.006489 1.679586 2448.226928
0.685461 0.003353 0.005222 0.002180 0.000353 0.296938 0.006493 1.679908 2452.313771
0.688889 0.003312 0.005102 0.002124 0.000344 0.293732 0.006496 1.680239 2455.882792
0.692281 0.003263 0.004958 0.002072 0.000335 0.290591 0.006500 1.680561 2459.193564
0.695626 0.003211 0.004835 0.002036 0.000325 0.287463 0.006504 1.680882 2462.454141
0.698944 0.003165 0.004714 0.001976 0.000312 0.284378 0.006510 1.681195 2466.458635
0.702193 0.003128 0.004586 0.001936 0.000301 0.281341 0.006515 1.681495 2469.785169
0.705404 0.003115 0.004467 0.001888 0.000292 0.278315 0.006519 1.681793 2473.721241
0.708528 0.003109 0.004375 0.001834 0.000285 0.275346 0.006523 1.682085 2476.350174
0.711631 0.003095 0.004279 0.001789 0.000276 0.272400 0.006528 1.682379 2480.180787
0.714764 0.003081 0.004194 0.001756 0.000266 0.269407 0.006533 1.682676 2483.856809
0.717810 0.003047 0.004115 0.001710 0.000256 0.266525 0.006536 1.682972 2487.485990
0.720893 0.003026 0.004011 0.001672 0.000249 0.263611 0.006538 1.683259 2490.816744
0.723874 0.002994 0.003937 0.001643 0.000242 0.260769 0.006541 1.683560 2492.947400
0.726884 0.002945 0.003864 0.001607 0.000237 0.257919 0.006543 1.683847 2494.837220
0.729863 0.002927 0.003786 0.001581 0.000226 0.255070 0.006546 1.684133 2498.399368
0.732730 0.002917 0.003726 0.001556 0.000221 0.252303 0.006548 1.684428 2500.372850
0.735616 0.002888 0.003656 0.001538 0.000213 0.249536 0.006552 1.684722 2503.605795
0.738421 0.002875 0.003618 0.001524 0.000204 0.246801 0.006558 1.685011 2506.862122
0.741198 0.002858 0.003570 0.001496 0.000196 0.244122 0.006561 1.685294 2509.969054
0.743966 0.002843 0.003497 0.001488 0.000190 0.241452 0.006563 1.685575 2512.452075
0.746656 0.002814 0.003452 0.001472 0.000186 0.238856 0.006565 1.685860 2514.494838
0.749440 0.002789 0.003406 0.001451 0.000180 0.236167 0.006567 1.686142 2516.946342
0.752138 0.002757 0.003360 0.001423 0.000173 0.233578 0.006570 1.686422 2519.143466
0.754743 0.002748 0.003298 0.001412 0.000168 0.231059 0.006572 1.686689 2521.304439
0.757359 0.002735 0.003256 0.001400 0.000161 0.228515 0.006575 1.686955 2524.132683
0.759944 0.002732 0.003215 0.001374 0.000159 0.225999 0.006576 1.687225 2525.294807
0.762469 0.002724 0.003175 0.001367 0.000151 0.223535 0.006579 1.687490 2528.340202
0.764976 0.002722 0.003127 0.001342 0.000148 0.221105 0.006580 1.687750 2530.265474
0.767510 0.002705 0.003087 0.001330 0.000145 0.218641 0.006582 1.688022 2531.744606
0.769972 0.002705 0.003045 0.001318 0.000140 0.216236 0.006584 1.688281 2533.956474
0.772397 0.002701 0.003009 0.001303 0.000136 0.213869 0.006585 1.688547 2535.468465
0.774810 0.002696 0.002984 0.001279 0.000133 0.211511 0.006587 1.688808 2536.932631
0.777170 0.002681 0.002965 0.001272 0.000128 0.209196 0.006588 1.689074 2538.903036
0.779463 0.002661 0.002963 0.001275 0.000125 0.206924 0.006589 1.689356 2540.460198
0.781785 0.002655 0.002934 0.001270 0.000122 0.204644 0.006590 1.689623 2542.118316
0.784029 0.002670 0.002899 0.001258 0.000118 0.202435 0.006591 1.689872 2543.983831
0.786305 0.002674 0.002863 0.001256 0.000114 0.200195 0.006593 1.690118 2546.160088
0.788527 0.002677 0.002814 0.001254 0.000110 0.198025 0.006594 1.690362 2548.236447
0.790697 0.002685 0.002781 0.001231 0.000106 0.195905 0.006595 1.690612 2549.607775
0.792886 0.002677 0.002753 0.001206 0.000102 0.193781 0.006596 1.690870 2551.850400
0.795011 0.002673 0.002752 0.001201 0.000099 0.191668 0.006597 1.691136 2552.985995
0.797097 0.002663 0.002763 0.001191 0.000097 0.189591 0.006598 1.691412 2554.033547
0.799235 0.002665 0.002744 0.001193 0.000096 0.187468 0.006599 1.691673 2555.124430
0.801296 0.002651 0.002737 0.001199 0.000092 0.185423 0.006601 1.691942 2556.952932
0.803297 0.002649 0.002729 0.001202 0.000090 0.183431 0.006602 1.692208 2558.398476
0.805248 0.002679 0.002707 0.001192 0.000087 0.181484 0.006604 1.692455 2560.392906
0.807233 0.002681 0.002694 0.001194 0.000085 0.179508 0.006605 1.692722 2561.723705
0.809253 0.002664 0.002683 0.001196 0.000082 0.177515 0.006607 1.692992 2563.380995
0.811259 0.002649 0.002674 0.001197 0.000081 0.175534 0.006607 1.693260 2564.550644
0.813197 0.002658 0.002651 0.001197 0.000078 0.173611 0.006608 1.693515 2565.770562
0.815118 0.002664 0.002654 0.001193 0.000077 0.171685 0.006609 1.693783 2566.521130
0.816977 0.002660 0.002658 0.001190 0.000075 0.169830 0.006609 1.694055 2567.667389
0.818841 0.002652 0.002649 0.001191 0.000071 0.167986 0.006612 1.694320 2570.527452
0.820665 0.002644 0.002647 0.001181 0.000068 0.166182 0.006613 1.694588 2571.609279
0.822432 0.002660 0.002619 0.001171 0.000067 0.164437 0.006613 1.694836 2572.141956
0.824221 0.002657 0.002617 0.001165 0.000065 0.162661 0.006613 1.695103 2572.636832
0.825998 0.002665 0.002606 0.001168 0.000065 0.160884 0.006614 1.695365 2572.979752
0.827717 0.002658 0.002614 0.001173 0.000063 0.159160 0.006615 1.695628 2573.716268
0.829420 0.002660 0.002601 0.001180 0.000062 0.157461 0.006616 1.695895 2574.723307
0.831109 0.002675 0.002596 0.001169 0.000060 0.155774 0.006617 1.696152 2576.089875
0.832775 0.002689 0.002596 0.001158 0.000058 0.154107 0.006618 1.696411 2578.010830
0.834429 0.002725 0.002592 0.001164 0.000056 0.152415 0.006619 1.696668 2578.712470
0.836059 0.002731 0.002601 0.001162 0.000056 0.150772 0.006619 1.696942 2579.412260
0.837661 0.002734 0.002604 0.001164 0.000053 0.149164 0.006620 1.697211 2580.758887
0.839226 0.002751 0.002608 0.001163 0.000053 0.147579 0.006620 1.697478 2580.986290
0.840779 0.002765 0.002618 0.001157 0.000051 0.146009 0.006621 1.697748 2581.385009
0.842342 0.002765 0.002633 0.001158 0.000051 0.144429 0.006621 1.698035 2581.732320
0.843855 0.002799 0.002626 0.001168 0.000051 0.142878 0.006622 1.698301 2582.241380
0.845369 0.002833 0.002616 0.001169 0.000051 0.141339 0.006623 1.698569 2583.333140
0.846854 0.002835 0.002636 0.001182 0.000051 0.139819 0.006623 1.698852 2583.732500
0.848290 0.002835 0.002649 0.001188 0.000051 0.138364 0.006623 1.699138 2584.536709
0.849754 0.002853 0.002662 0.001189 0.000050 0.136868 0.006624 1.699418 2584.926979
0.851129 0.002876 0.002657 0.001188 0.000050 0.135475 0.006624 1.699694 2585.245663
0.852532 0.002903 0.002657 0.001183 0.000049 0.134051 0.006625 1.699964 2585.741300
0.853907 0.002927 0.002657 0.001183 0.000048 0.132653 0.006626 1.700247 2586.255301
0.855292 0.002924 0.002671 0.001182 0.000046 0.131259 0.006626 1.700541 2586.727604
0.856609 0.002934 0.002669 0.001188 0.000045 0.129928 0.006626 1.700830 2587.244175
0.857919 0.002951 0.002681 0.001192 0.000046 0.128583 0.006627 1.701119 2587.579452
0.859208 0.002969 0.002700 0.001200 0.000046 0.127249 0.006627 1.701412 2588.061503
0.860506 0.002980 0.002703 0.001201 0.000045 0.125937 0.006628 1.701703 2588.986617
0.861774 0.002974 0.002709 0.001210 0.000045 0.124660 0.006628 1.702006 2589.042241
0.862994 0.002989 0.002728 0.001229 0.000044 0.123387 0.006629 1.702309 2589.464450
0.864162 0.003010 0.002743 0.001239 0.000043 0.122175 0.006629 1.702611 2590.288426
0.865389 0.003015 0.002747 0.001247 0.000044 0.120929 0.006630 1.702913 2590.662679
0.866616 0.003000 0.002757 0.001256 0.000044 0.119697 0.006630 1.703218 2591.151408
0.867772 0.003035 0.002756 0.001253 0.000044 0.118509 0.006631 1.703507 2592.000237
0.868953 0.003045 0.002767 0.001259 0.000042 0.117300 0.006632 1.703817 2592.668348
0.870117 0.003063 0.002780 0.001259 0.000042 0.116107 0.006633 1.704117 2593.162431
0.871228 0.003077 0.002796 0.001275 0.000043 0.114949 0.006633 1.704420 2593.478573
0.872308 0.003110 0.002799 0.001285 0.000043 0.113822 0.006634 1.704719 2593.897680
0.873373 0.003126 0.002810 0.001288 0.000042 0.112728 0.006634 1.705020 2594.493549
0.874412 0.003159 0.002816 0.001290 0.000040 0.111648 0.006635 1.705323 2595.073229
0.875477 0.003184 0.002828 0.001283 0.000039 0.110554 0.006635 1.705626 2595.454818
0.876488 0.003209 0.002863 0.001287 0.000040 0.109478 0.006635 1.705948 2595.851708
0.877519 0.003240 0.002864 0.001290 0.000040 0.108411 0.006636 1.706266 2596.540648
0.878522 0.003248 0.002892 0.001294 0.000040 0.107367 0.006636 1.706595 2596.713491
0.879482 0.003263 0.002916 0.001313 0.000040 0.106350 0.006636 1.706925 2597.204875
0.880455 0.003283 0.002928 0.001311 0.000039 0.105347 0.006636 1.707245 2597.508544
0.881424 0.003293 0.002934 0.001317 0.000039 0.104357 0.006637 1.707572 2597.766313
0.882356 0.003309 0.002966 0.001313 0.000040 0.103380 0.006637 1.707896 2598.390526
0.883289 0.003328 0.002981 0.001313 0.000038 0.102412 0.006638 1.708223 2598.836504
0.884215 0.003362 0.002997 0.001321 0.000038 0.101429 0.006638 1.708554 2598.963317
0.885101 0.003393 0.003018 0.001320 0.000039 0.100490 0.006639 1.708879 2599.132276
0.885992 0.003419 0.003040 0.001329 0.000040 0.099542 0.006639 1.709215 2599.483763
0.886877 0.003435 0.003051 0.001334 0.000040 0.098623 0.006639 1.709556 2599.663318
0.887722 0.003469 0.003066 0.001338 0.000038 0.097726 0.006640 1.709892 2600.155676
0.888612 0.003466 0.003089 0.001348 0.000037 0.096808 0.006640 1.710256 2600.540844
0.889419 0.003499 0.003109 0.001352 0.000038 0.095943 0.006640 1.710599 2601.055585
0.890216 0.003537 0.003119 0.001351 0.000039 0.095098 0.006640 1.710941 2601.481881
0.891019 0.003560 0.003133 0.001368 0.000038 0.094241 0.006641 1.711297 2601.731735
0.891850 0.003568 0.003156 0.001378 0.000036 0.093371 0.006641 1.711647 2601.945238
0.892602 0.003603 0.003188 0.001387 0.000036 0.092543 0.006641 1.712010 2602.180957
0.893360 0.003646 0.003206 0.001398 0.000036 0.091713 0.006641 1.712362 2602.315096
0.894078 0.003661 0.003243 0.001406 0.000034 0.090936 0.006642 1.712737 2602.662858
0.894815 0.003706 0.003251 0.001424 0.000034 0.090128 0.006642 1.713089 2602.847669
0.895526 0.003742 0.003265 0.001432 0.000035 0.089358 0.006642 1.713453 2602.933703
0.896224 0.003778 0.003289 0.001453 0.000034 0.088580 0.006642 1.713820 2603.223551
0.896923 0.003812 0.003305 0.001470 0.000034 0.087814 0.006643 1.714185 2603.437749
0.897608 0.003861 0.003332 0.001479 0.000034 0.087043 0.006643 1.714557 2603.905727
0.898306 0.003893 0.003351 0.001490 0.000035 0.086280 0.006644 1.714933 2604.196915
0.898987 0.003891 0.003407 0.001514 0.000034 0.085523 0.006645 1.715334 2604.602957
0.899615 0.003918 0.003435 0.001527 0.000036 0.084824 0.006645 1.715725 2604.650743
0.900267 0.003965 0.003466 0.001534 0.000036 0.084088 0.006645 1.716099 2604.946511
0.900892 0.003998 0.003484 0.001543 0.000037 0.083401 0.006645 1.716489 2605.122761
0.901469 0.004051 0.003498 0.001554 0.000036 0.082746 0.006645 1.716871 2605.247422
0.902072 0.004082 0.003532 0.001554 0.000036 0.082078 0.006645 1.717271 2605.694237
0.902627 0.004120 0.003571 0.001550 0.000036 0.081451 0.006646 1.717676 2606.002619
0.903210 0.004154 0.003603 0.001564 0.000036 0.080786 0.006646 1.718079 2606.304792
0.903763 0.004198 0.003618 0.001582 0.000037 0.080155 0.006646 1.718493 2606.429057
0.904283 0.004234 0.003647 0.001596 0.000037 0.079558 0.006646 1.718911 2606.558335
0.904800 0.004265 0.003670 0.001607 0.000036 0.078976 0.006646 1.719321 2606.930495
0.905301 0.004301 0.003715 0.001625 0.000036 0.078375 0.006646 1.719748 2607.083736
0.905817 0.004341 0.003765 0.001640 0.000034 0.077756 0.006646 1.720183 2607.442152
0.906345 0.004387 0.003772 0.001651 0.000035 0.077163 0.006647 1.720596 2607.617006
0.906816 0.004419 0.003795 0.001665 0.000035 0.076622 0.006647 1.721018 2607.773098
0.907306 0.004456 0.003827 0.001674 0.000035 0.076055 0.006647 1.721444 2608.031896
0.907739 0.004498 0.003865 0.001683 0.000034 0.075533 0.006648 1.721880 2608.203393
0.908211 0.004509 0.003913 0.001694 0.000037 0.074988 0.006648 1.722333 2608.251421
0.908632 0.004544 0.003944 0.001708 0.000036 0.074487 0.006648 1.722767 2608.526106
0.909034 0.004601 0.003964 0.001715 0.000037 0.074001 0.006648 1.723208 2608.786212
0.909452 0.004626 0.004000 0.001715 0.000039 0.073520 0.006648 1.723670 2608.818307
0.909854 0.004669 0.004029 0.001739 0.000038 0.073022 0.006649 1.724133 2608.960230
0.910271 0.004701 0.004058 0.001748 0.000038 0.072534 0.006649 1.724593 2609.159077
0.910674 0.004748 0.004060 0.001768 0.000039 0.072061 0.006650 1.725034 2609.280824
0.911037 0.004798 0.004068 0.001787 0.000041 0.071620 0.006650 1.725489 2609.368140
0.911410 0.004835 0.004096 0.001804 0.000040 0.071166 0.006650 1.725955 2609.471465
0.911776 0.004868 0.004131 0.001814 0.000038 0.070722 0.006650 1.726431 2609.724590
0.912093 0.004904 0.004171 0.001822 0.000038 0.070321 0.006651 1.726906 2609.970337
0.912410 0.004962 0.004231 0.001837 0.000037 0.069871 0.006651 1.727399 2610.110787
0.912707 0.005000 0.004262 0.001843 0.000038 0.069498 0.006651 1.727884 2610.207149
0.913047 0.005052 0.004285 0.001859 0.000038 0.069068 0.006651 1.728356 2610.387359
0.913327 0.005106 0.004310 0.001877 0.000037 0.068692 0.006651 1.728855 2610.766413
0.913606 0.005141 0.004361 0.001885 0.000038 0.068319 0.006652 1.729367 2610.869850
0.913866 0.005174 0.004397 0.001911 0.000037 0.067962 0.006652 1.729876 2611.118750
0.914174 0.005204 0.004419 0.001922 0.000037 0.067591 0.006652 1.730370 2611.314904
0.914464 0.005234 0.004466 0.001944 0.000037 0.067203 0.006652 1.730894 2611.411603
0.914729 0.005268 0.004523 0.001966 0.000038 0.066825 0.006652 1.731420 2611.433088
0.914991 0.005291 0.004557 0.001980 0.000038 0.066490 0.006652 1.731934 2611.571036
0.915233 0.005337 0.004590 0.001989 0.000038 0.066161 0.006652 1.732444 2611.661793
0.915482 0.005399 0.004612 0.002005 0.000039 0.065810 0.006652 1.732955 2611.786762
0.915706 0.005455 0.004659 0.002029 0.000039 0.065460 0.006652 1.733484 2612.014318
0.915915 0.005514 0.004666 0.002050 0.000040 0.065165 0.006652 1.734006 2612.086218
0.916094 0.005567 0.004702 0.002067 0.000040 0.064877 0.006652 1.734546 2612.231631
0.916334 0.005583 0.004769 0.002081 0.000039 0.064542 0.006652 1.735099 2612.634154
0.916549 0.005598 0.004807 0.002110 0.000039 0.064243 0.006653 1.735669 2612.780836
0.916746 0.005641 0.004854 0.002117 0.000039 0.063950 0.006653 1.736211 2612.949782
0.916943 0.005670 0.004882 0.002144 0.000040 0.063667 0.006654 1.736777 2613.399588
0.917105 0.005714 0.004938 0.002158 0.000041 0.063390 0.006654 1.737343 2613.511097
0.917297 0.005730 0.004980 0.002175 0.000041 0.063123 0.006655 1.737909 2613.803931
0.917438 0.005752 0.005026 0.002200 0.000042 0.062887 0.006655 1.738486 2614.098762
0.917595 0.005780 0.005056 0.002215 0.000043 0.062656 0.006655 1.739061 2614.186510
0.917726 0.005833 0.005089 0.002240 0.000043 0.062414 0.006655 1.739624 2614.577692
0.917869 0.005856 0.005140 0.002246 0.000043 0.062191 0.006655 1.740214 2614.766436
0.917974 0.005925 0.005154 0.002255 0.000043 0.061994 0.006655 1.740781 2615.026227
0.918118 0.005943 0.005210 0.002281 0.000044 0.061748 0.006656 1.741376 2615.176049
0.918259 0.005987 0.005218 0.002295 0.000045 0.061540 0.006656 1.741948 2615.279366
0.918362 0.006064 0.005245 0.002297 0.000045 0.061331 0.006657 1.742521 2615.444259
0.918471 0.006081 0.005269 0.002318 0.000046 0.061158 0.006657 1.743125 2615.542806
0.918594 0.006119 0.005316 0.002321 0.000047 0.060946 0.006657 1.743724 2615.785832
0.918705 0.006141 0.005359 0.002347 0.000047 0.060744 0.006657 1.744330 2616.034568
0.918777 0.006156 0.005400 0.002369 0.000048 0.060593 0.006657 1.744953 2616.210598
0.918871 0.006206 0.005441 0.002382 0.000047 0.060394 0.006658 1.745551 2616.427923
0.918947 0.006241 0.005463 0.002401 0.000047 0.060243 0.006658 1.746159 2616.702766
0.919046 0.006274 0.005480 0.002395 0.000047 0.060099 0.006658 1.746746 2616.916114
0.919114 0.006319 0.005513 0.002404 0.000047 0.059944 0.006658 1.747356 2617.032288
0.919206 0.006344 0.005553 0.002416 0.000047 0.059777 0.006658 1.747968 2617.295989
0.919299 0.006375 0.005608 0.002426 0.000046 0.059587 0.006659 1.748580 2617.786719
0.919362 0.006404 0.005626 0.002454 0.000046 0.059450 0.006659 1.749206 2617.929073
0.919451 0.006402 0.005679 0.002472 0.000047 0.059289 0.006659 1.749856 2618.166713
0.919523 0.006432 0.005696 0.002479 0.000048 0.059162 0.006659 1.750471 2618.247941
0.919555 0.006486 0.005722 0.002494 0.000050 0.059033 0.006660 1.751101 2618.300836
0.919604 0.006508 0.005762 0.002511 0.000052 0.058903 0.006660 1.751746 2618.561724
0.919637 0.006538 0.005790 0.002531 0.000052 0.058792 0.006660 1.752393 2618.768371
0.919661 0.006597 0.005839 0.002534 0.000053 0.058657 0.006660 1.753045 2618.838361
0.919695 0.006639 0.005853 0.002547 0.000052 0.058553 0.006661 1.753683 2619.135161
0.919736 0.006667 0.005885 0.002558 0.000052 0.058440 0.006662 1.754320 2619.585638
0.919765 0.006678 0.005925 0.002570 0.000054 0.058345 0.006662 1.754981 2619.807836
0.919780 0.006718 0.005958 0.002592 0.000053 0.058237 0.006663 1.755638 2620.053972
0.919793 0.006750 0.006013 0.002607 0.000054 0.058121 0.006663 1.756308 2620.228906
0.919804 0.006791 0.006054 0.002630 0.000054 0.058005 0.006663 1.756977 2620.345581
0.919819 0.006818 0.006079 0.002634 0.000055 0.057932 0.006663 1.757645 2620.523667
0.919776 0.006875 0.006095 0.002661 0.000056 0.057873 0.006663 1.758313 2620.885071
0.919765 0.006913 0.006139 0.002649 0.000054 0.057818 0.006663 1.758979 2621.173189
0.919762 0.006935 0.006169 0.002663 0.000056 0.057752 0.006663 1.759664 2621.396425
0.919775 0.006955 0.006191 0.002684 0.000057 0.057675 0.006663 1.760332 2621.675890
0.919733 0.006994 0.006236 0.002699 0.000058 0.057617 0.006663 1.761008 2621.741521
0.919714 0.007048 0.006263 0.002688 0.000058 0.057566 0.006663 1.761669 2622.082823
0.919662 0.007121 0.006305 0.002705 0.000058 0.057484 0.006664 1.762346 2622.189838
0.919650 0.007149 0.006362 0.002715 0.000058 0.057402 0.006664 1.763031 2622.596442
0.919592 0.007181 0.006404 0.002735 0.000056 0.057367 0.006665 1.763732 2622.917413
0.919579 0.007213 0.006447 0.002749 0.000056 0.057290 0.006666 1.764434 2623.339939
0.919543 0.007231 0.006491 0.002765 0.000058 0.057247 0.006666 1.765130 2623.573207
0.919482 0.007253 0.006511 0.002773 0.000060 0.057255 0.006666 1.765839 2623.655560
0.919432 0.007272 0.006546 0.002802 0.000060 0.057222 0.006666 1.766556 2623.891906
0.919385 0.007292 0.006588 0.002819 0.000060 0.057189 0.006667 1.767272 2624.099031
0.919368 0.007327 0.006608 0.002833 0.000063 0.057134 0.006667 1.767961 2624.216959
0.919324 0.007371 0.006605 0.002843 0.000065 0.057125 0.006667 1.768656 2624.384600
0.919280 0.007413 0.006636 0.002855 0.000066 0.057083 0.006667 1.769366 2624.619173
0.919174 0.007458 0.006658 0.002879 0.000067 0.057096 0.006667 1.770102 2624.696070
0.919120 0.007459 0.006708 0.002915 0.000066 0.057064 0.006668 1.770861 2624.996784
0.919028 0.007500 0.006753 0.002926 0.000065 0.057058 0.006668 1.771595 2625.336274
0.918939 0.007528 0.006779 0.002943 0.000067 0.057076 0.006668 1.772328 2625.603854
0.918905 0.007529 0.006815 0.002960 0.000069 0.057054 0.006668 1.773075 2625.958953
0.918819 0.007572 0.006831 0.002968 0.000069 0.057072 0.006669 1.773812 2626.127553
0.918757 0.007567 0.006847 0.002998 0.000068 0.057093 0.006669 1.774552 2626.332832
0.918678 0.007606 0.006850 0.002997 0.000069 0.057129 0.006669 1.775278 2626.473278
0.918617 0.007646 0.006890 0.002988 0.000069 0.057120 0.006669 1.776004 2626.764900
0.918531 0.007679 0.006924 0.003006 0.000069 0.057121 0.006670 1.776752 2627.003184
0.918470 0.007660 0.006959 0.003022 0.000069 0.057149 0.006671 1.777513 2627.345091
0.918369 0.007696 0.006965 0.003015 0.000067 0.057217 0.006671 1.778254 2627.895857
0.918293 0.007690 0.007021 0.003021 0.000068 0.057236 0.006671 1.779028 2628.127490
0.918200 0.007688 0.007068 0.003029 0.000067 0.057276 0.006672 1.779806 2628.477903
0.918127 0.007707 0.007099 0.003026 0.000066 0.057302 0.006673 1.780551 2628.748153
0.918052 0.007707 0.007130 0.003036 0.000066 0.057336 0.006673 1.781313 2628.940983
0.917942 0.007721 0.007161 0.003054 0.000066 0.057382 0.006673 1.782088 2629.261169
0.917871 0.007770 0.007152 0.003064 0.000067 0.057403 0.006674 1.782820 2629.514667
0.917794 0.007784 0.007173 0.003049 0.000068 0.057458 0.006674 1.783578 2629.763422
0.917682 0.007825 0.007186 0.003062 0.000067 0.057503 0.006674 1.784339 2630.148903
0.917610 0.007856 0.007194 0.003073 0.000066 0.057526 0.006675 1.785098 2630.466148
0.917560 0.007859 0.007212 0.003103 0.000066 0.057526 0.006675 1.785851 2630.802725
0.917468 0.007909 0.007213 0.003106 0.000066 0.057563 0.006675 1.786611 2631.094466
0.917364 0.007919 0.007217 0.003133 0.000067 0.057625 0.006675 1.787391 2631.773384
0.917283 0.007956 0.007217 0.003152 0.000065 0.057652 0.006675 1.788160 2631.980056
0.917161 0.007976 0.007196 0.003180 0.000067 0.057743 0.006676 1.788936 2632.206115
0.917060 0.008015 0.007201 0.003171 0.000068 0.057809 0.006677 1.789689 2632.445554
0.916960 0.008021 0.007238 0.003161 0.000069 0.057874 0.006677 1.790464 2632.823220
0.916846 0.008021 0.007265 0.003159 0.000067 0.057963 0.006678 1.791266 2633.266795
0.916744 0.008044 0.007294 0.003149 0.000067 0.058025 0.006678 1.792030 2633.676282
0.916642 0.008037 0.007322 0.003172 0.000067 0.058083 0.006678 1.792821 2634.042755
0.916535 0.008064 0.007355 0.003176 0.000069 0.058122 0.006678 1.793595 2634.181685
0.916456 0.008051 0.007387 0.003195 0.000068 0.058164 0.006679 1.794402 2634.564234
0.916338 0.008082 0.007393 0.003195 0.000066 0.058247 0.006679 1.795187 2634.884553
0.916246 0.008068 0.007410 0.003216 0.000067 0.058313 0.006680 1.795983 2635.204486
0.916161 0.008064 0.007444 0.003219 0.000066 0.058364 0.006681 1.796772 2635.442464
0.916048 0.008089 0.007443 0.003223 0.000068 0.058447 0.006682 1.797553 2635.515070
0.915937 0.008105 0.007462 0.003246 0.000069 0.058498 0.006682 1.798344 2635.710378
0.915833 0.008112 0.007480 0.003252 0.000070 0.058570 0.006682 1.799140 2635.939873
0.915759 0.008096 0.007504 0.003254 0.000072 0.058632 0.006682 1.799943 2636.238676
0.915634 0.008087 0.007545 0.003280 0.000073 0.058699 0.006682 1.800767 2636.533375
0.915562 0.008081 0.007572 0.003287 0.000072 0.058742 0.006683 1.801559 2636.789849
0.915474 0.008088 0.007595 0.003287 0.000073 0.058800 0.006683 1.802360 2636.980687
0.915406 0.008053 0.007627 0.003275 0.000073 0.058883 0.006683 1.803167 2637.475912
0.915337 0.008056 0.007644 0.003287 0.000071 0.058921 0.006685 1.803956 2638.054858
0.915202 0.008086 0.007643 0.003304 0.000068 0.059011 0.006686 1.804751 2638.888363
0.915132 0.008050 0.007678 0.003321 0.000068 0.059063 0.006687 1.805552 2639.236393
0.915034 0.008111 0.007671 0.003314 0.000069 0.059114 0.006687 1.806318 2639.740694
0.914951 0.008101 0.007661 0.003315 0.000068 0.059216 0.006688 1.807115 2640.276612
0.914867 0.008113 0.007679 0.003326 0.000069 0.059258 0.006688 1.807933 2640.476736
0.914807 0.008084 0.007696 0.003344 0.000070 0.059311 0.006688 1.808751 2640.729894
0.914721 0.008097 0.007708 0.003334 0.000071 0.059381 0.006688 1.809533 2641.110394
0.914646 0.008085 0.007738 0.003339 0.000071 0.059432 0.006689 1.810333 2641.279436
0.914578 0.008074 0.007764 0.003335 0.000073 0.059486 0.006689 1.811125 2641.342860
0.914481 0.008101 0.007745 0.003331 0.000075 0.059577 0.006689 1.811901 2641.747842
0.914406 0.008098 0.007718 0.003331 0.000076 0.059680 0.006690 1.812691 2642.104773
0.914312 0.008085 0.007725 0.003347 0.000075 0.059766 0.006691 1.813499 2642.710535
0.914235 0.008093 0.007726 0.003358 0.000076 0.059820 0.006691 1.814296 2643.006026
0.914113 0.008115 0.007725 0.003358 0.000076 0.059922 0.006692 1.815089 2643.241095
0.914041 0.008112 0.007737 0.003337 0.000077 0.060004 0.006692 1.815882 2643.557676
0.913952 0.008113 0.007725 0.003339 0.000077 0.060102 0.006692 1.816672 2643.864321
0.913862 0.008134 0.007722 0.003322 0.000077 0.060191 0.006693 1.817452 2644.473049
0.913827 0.008123 0.007735 0.003321 0.000078 0.060223 0.006693 1.818242 2644.751162
0.913769 0.008132 0.007725 0.003306 0.000080 0.060295 0.006693 1.819030 2644.890943
0.913736 0.008072 0.007759 0.003304 0.000081 0.060354 0.006694 1.819846 2645.155402
0.913670 0.008102 0.007730 0.003299 0.000080 0.060425 0.006694 1.820607 2645.797952
0.913597 0.008118 0.007707 0.003290 0.000081 0.060513 0.006695 1.821389 2646.069304
0.913550 0.008106 0.007708 0.003288 0.000080 0.060574 0.006695 1.822180 2646.580610
0.913498 0.008087 0.007726 0.003299 0.000081 0.060615 0.006695 1.822980 2646.938814
0.913431 0.008096 0.007714 0.003293 0.000082 0.060688 0.006695 1.823752 2647.333111
0.913347 0.008117 0.007726 0.003286 0.000084 0.060745 0.006695 1.824545 2647.461178
0.913291 0.008148 0.007702 0.003293 0.000085 0.060786 0.006695 1.825315 2647.974956
0.913224 0.008173 0.007703 0.003289 0.000086 0.060829 0.006696 1.826096 2648.138241
0.913171 0.008184 0.007730 0.003287 0.000086 0.060847 0.006696 1.826895 2648.364784
0.913130 0.008190 0.007723 0.003287 0.000087 0.060886 0.006696 1.827699 2648.897354
0.913084 0.008179 0.007742 0.003284 0.000085 0.060928 0.006698 1.828507 2649.438827
0.913030 0.008175 0.007743 0.003290 0.000086 0.060977 0.006698 1.829300 2649.721177
0.912986 0.008140 0.007757 0.003302 0.000085 0.061031 0.006698 1.830113 2649.912677
0.912920 0.008092 0.007769 0.003307 0.000085 0.061128 0.006699 1.830932 2650.278631
0.912861 0.008110 0.007762 0.003305 0.000082 0.061181 0.006699 1.831708 2650.757361
0.912800 0.008103 0.007753 0.003333 0.000084 0.061228 0.006699 1.832503 2651.171226
0.912758 0.008107 0.007740 0.003349 0.000084 0.061262 0.006700 1.833291 2651.525780
0.912734 0.008064 0.007781 0.003346 0.000086 0.061290 0.006700 1.834117 2651.798811
0.912636 0.008072 0.007786 0.003348 0.000087 0.061370 0.006700 1.834921 2652.066210
0.912595 0.008083 0.007775 0.003355 0.000086 0.061406 0.006700 1.835709 2652.535511
0.912579 0.008064 0.007773 0.003351 0.000085 0.061447 0.006701 1.836499 2653.130664
0.912516 0.008091 0.007780 0.003338 0.000086 0.061488 0.006701 1.837276 2653.364772
0.912463 0.008098 0.007800 0.003351 0.000086 0.061500 0.006701 1.838082 2653.651008
0.912423 0.008053 0.007829 0.003355 0.000088 0.061551 0.006702 1.838905 2653.763682
0.912377 0.008075 0.007789 0.003349 0.000089 0.061618 0.006702 1.839672 2654.026988
0.912346 0.008077 0.007778 0.003324 0.000088 0.061684 0.006703 1.840454 2654.445591
0.912299 0.008085 0.007760 0.003323 0.000090 0.061740 0.006703 1.841247 2654.791278
0.912284 0.008057 0.007763 0.003321 0.000089 0.061784 0.006703 1.842041 2655.441557
0.912245 0.008031 0.007759 0.003327 0.000088 0.061845 0.006704 1.842854 2655.727097
0.912262 0.008012 0.007764 0.003327 0.000089 0.061843 0.006704 1.843637 2656.217353
0.912260 0.007990 0.007752 0.003327 0.000091 0.061875 0.006705 1.844430 2656.572395
0.912206 0.007999 0.007759 0.003311 0.000090 0.061928 0.006706 1.845208 2656.872217
0.912209 0.007968 0.007755 0.003330 0.000091 0.061940 0.006706 1.846004 2657.196373
0.912209 0.007975 0.007731 0.003310 0.000090 0.061978 0.006707 1.846761 2657.581870
0.912188 0.007968 0.007728 0.003302 0.000091 0.062014 0.006708 1.847537 2658.146954
0.912158 0.007983 0.007735 0.003294 0.000088 0.062033 0.006709 1.848332 2658.748727
0.912144 0.007987 0.007714 0.003298 0.000088 0.062060 0.006710 1.849103 2659.168701
0.912108 0.007975 0.007720 0.003294 0.000088 0.062106 0.006710 1.849894 2659.582900
0.912075 0.007948 0.007716 0.003288 0.000088 0.062175 0.006710 1.850685 2659.934539
0.912060 0.007931 0.007719 0.003300 0.000085 0.062194 0.006710 1.851475 2660.494544
0.912040 0.007948 0.007658 0.003309 0.000086 0.062249 0.006711 1.852237 2660.827311
0.912025 0.007942 0.007647 0.003298 0.000086 0.062290 0.006711 1.853013 2661.219573
0.912014 0.007955 0.007630 0.003292 0.000087 0.062311 0.006712 1.853759 2661.794092
0.912000 0.007941 0.007631 0.003298 0.000086 0.062333 0.006713 1.854539 2662.247363
0.911980 0.007910 0.007614 0.003314 0.000086 0.062383 0.006713 1.855323 2662.394255
0.911936 0.007937 0.007617 0.003310 0.000086 0.062401 0.006713 1.856080 2662.583412
0.911924 0.007929 0.007612 0.003320 0.000086 0.062414 0.006714 1.856843 2662.969557
0.911920 0.007921 0.007608 0.003318 0.000086 0.062432 0.006714 1.857623 2663.324919
0.911909 0.007939 0.007605 0.003313 0.000086 0.062433 0.006715 1.858379 2663.661198
0.911898 0.007943 0.007608 0.003301 0.000085 0.062448 0.006716 1.859159 2664.364975
0.911892 0.007884 0.007621 0.003319 0.000084 0.062484 0.006716 1.859966 2664.754603
0.911882 0.007875 0.007619 0.003335 0.000086 0.062487 0.006716 1.860744 2664.989789
0.911906 0.007830 0.007596 0.003346 0.000085 0.062520 0.006717 1.861508 2665.356625
0.911915 0.007824 0.007551 0.003339 0.000084 0.062569 0.006717 1.862250 2665.999292
0.911933 0.007788 0.007584 0.003316 0.000085 0.062576 0.006718 1.863021 2666.385168
0.911913 0.007819 0.007564 0.003308 0.000085 0.062592 0.006719 1.863767 2666.733879
0.911920 0.007817 0.007561 0.003301 0.000083 0.062598 0.006719 1.864533 2667.035311
0.911958 0.007793 0.007538 0.003307 0.000083 0.062602 0.006719 1.865290 2667.436797
0.911974 0.007792 0.007536 0.003299 0.000082 0.062598 0.006719 1.866045 2667.737908
0.911964 0.007809 0.007534 0.003295 0.000082 0.062597 0.006720 1.866799 2668.096423
0.911984 0.007782 0.007538 0.003279 0.000080 0.062618 0.006720 1.867560 2668.526526
0.911961 0.007772 0.007537 0.003268 0.000082 0.062659 0.006721 1.868333 2668.916927
0.911964 0.007752 0.007548 0.003276 0.000081 0.062658 0.006721 1.869105 2669.515959
0.911980 0.007738 0.007525 0.003275 0.000079 0.062682 0.006721 1.869852 2669.902286
0.912012 0.007724 0.007524 0.003273 0.000080 0.062665 0.006722 1.870619 2670.090242
0.912018 0.007672 0.007510 0.003299 0.000080 0.062700 0.006722 1.871398 2670.343468
0.912052 0.007644 0.007506 0.003301 0.000080 0.062694 0.006722 1.872147 2670.927520
0.912131 0.007623 0.007459 0.003289 0.000081 0.062695 0.006722 1.872869 2671.518662
0.912157 0.007616 0.007437 0.003287 0.000082 0.062697 0.006722 1.873616 2671.786923
0.912185 0.007626 0.007426 0.003264 0.000082 0.062695 0.006723 1.874351 2672.301231
0.912234 0.007590 0.007416 0.003257 0.000082 0.062698 0.006723 1.875109 2672.438044
0.912262 0.007594 0.007409 0.003255 0.000081 0.062676 0.006724 1.875843 2672.861919
0.912280 0.007588 0.007408 0.003241 0.000081 0.062679 0.006724 1.876576 2673.196448
0.912288 0.007581 0.007414 0.003227 0.000078 0.062686 0.006725 1.877332 2673.989431
0.912340 0.007567 0.007385 0.003224 0.000077 0.062680 0.006726 1.878064 2674.658372
0.912378 0.007522 0.007390 0.003226 0.000079 0.062679 0.006726 1.878827 2674.894474
0.912419 0.007500 0.007363 0.003224 0.000078 0.062689 0.006727 1.879564 2675.393027
0.912442 0.007473 0.007377 0.003220 0.000079 0.062683 0.006727 1.880309 2675.778346
0.912482 0.007441 0.007384 0.003208 0.000077 0.062679 0.006728 1.881054 2676.365959
0.912521 0.007432 0.007358 0.003208 0.000077 0.062674 0.006729 1.881784 2676.763112
0.912577 0.007385 0.007347 0.003202 0.000078 0.062681 0.006729 1.882518 2677.105766
0.912608 0.007395 0.007329 0.003206 0.000077 0.062654 0.006730 1.883236 2677.353484
0.912678 0.007403 0.007298 0.003191 0.000080 0.062620 0.006730 1.883943 2677.761023
0.912711 0.007413 0.007267 0.003176 0.000080 0.062623 0.006731 1.884658 2678.161020
0.912769 0.007417 0.007221 0.003172 0.000081 0.062610 0.006731 1.885371 2678.502115
0.912789 0.007421 0.007220 0.003169 0.000080 0.062589 0.006731 1.886103 2678.931902
0.912834 0.007408 0.007201 0.003179 0.000080 0.062566 0.006732 1.886833 2679.322366
0.912871 0.007404 0.007199 0.003182 0.000081 0.062531 0.006732 1.887564 2679.692096
0.912902 0.007418 0.007169 0.003162 0.000082 0.062535 0.006732 1.888267 2680.138056
0.912961 0.007390 0.007195 0.003141 0.000082 0.062499 0.006733 1.889002 2680.448880
0.913000 0.007381 0.007206 0.003134 0.000082 0.062464 0.006733 1.889731 2680.686161
0.913020 0.007360 0.007231 0.003124 0.000081 0.062451 0.006734 1.890459 2681.439667
0.913089 0.007318 0.007221 0.003126 0.000078 0.062434 0.006734 1.891195 2682.353557
0.913114 0.007299 0.007215 0.003107 0.000078 0.062453 0.006735 1.891927 2682.760120
0.913179 0.007281 0.007184 0.003084 0.000078 0.062458 0.006735 1.892633 2683.120597
0.913262 0.007252 0.007173 0.003076 0.000080 0.062422 0.006735 1.893332 2683.488220
0.913323 0.007262 0.007165 0.003073 0.000077 0.062363 0.006736 1.894034 2683.930006
0.913376 0.007266 0.007156 0.003063 0.000076 0.062326 0.006736 1.894727 2684.541057
0.913420 0.007281 0.007117 0.003056 0.000077 0.062314 0.006736 1.895416 2685.214551
0.913485 0.007258 0.007131 0.003061 0.000076 0.062254 0.006736 1.896134 2685.591128
0.913506 0.007250 0.007117 0.003045 0.000076 0.062269 0.006736 1.896844 2685.900961
0.913520 0.007251 0.007087 0.003035 0.000077 0.062293 0.006737 1.897559 2686.242192
0.913568 0.007240 0.007085 0.003045 0.000075 0.062250 0.006737 1.898279 2686.884241
0.913620 0.007220 0.007070 0.003028 0.000075 0.062249 0.006738 1.898992 2687.384887
0.913693 0.007219 0.007035 0.003010 0.000075 0.062230 0.006738 1.899678 2687.838702
0.913777 0.007206 0.007025 0.003015 0.000077 0.062162 0.006739 1.900370 2688.056702
0.913831 0.007219 0.007002 0.003023 0.000077 0.062109 0.006739 1.901064 2688.432210
0.913920 0.007178 0.007013 0.003021 0.000078 0.062050 0.006740 1.901779 2688.670215
0.913975 0.007174 0.007002 0.003024 0.000076 0.062009 0.006741 1.902468 2689.015881
0.914020 0.007180 0.006987 0.003014 0.000077 0.061981 0.006741 1.903157 2689.247503
0.914073 0.007189 0.006965 0.003020 0.000076 0.061934 0.006742 1.903856 2689.734608
0.914130 0.007182 0.006970 0.003016 0.000076 0.061884 0.006742 1.904562 2689.964398
0.914202 0.007157 0.006971 0.003010 0.000077 0.061841 0.006743 1.905271 2690.251263
0.914261 0.007165 0.006965 0.003005 0.000076 0.061784 0.006744 1.905969 2690.676270
0.914314 0.007160 0.006954 0.003000 0.000076 0.061751 0.006744 1.906674 2690.971628
0.914394 0.007176 0.006930 0.002975 0.000077 0.061703 0.006744 1.907339 2691.591728
0.914422 0.007175 0.006913 0.002990 0.000075 0.061680 0.006745 1.908028 2692.266056
0.914474 0.007156 0.006904 0.002989 0.000074 0.061657 0.006745 1.908730 2692.721141
0.914541 0.007137 0.006889 0.002990 0.000075 0.061623 0.006745 1.909434 2692.916237
0.914582 0.007139 0.006861 0.003005 0.000075 0.061593 0.006745 1.910131 2693.370484
0.914638 0.007140 0.006847 0.003014 0.000073 0.061543 0.006746 1.910828 2693.983791
0.914697 0.007141 0.006853 0.003012 0.000074 0.061476 0.006746 1.911522 2694.663462
0.914752 0.007129 0.006837 0.003026 0.000071 0.061439 0.006746 1.912227 2695.120237
0.914819 0.007106 0.006832 0.003023 0.000070 0.061403 0.006746 1.912925 2695.351200
0.914833 0.007110 0.006842 0.003014 0.000070 0.061385 0.006746 1.913619 2695.667585
0.914846 0.007122 0.006815 0.003016 0.000072 0.061382 0.006746 1.914327 2695.756084
0.914892 0.007125 0.006834 0.003006 0.000073 0.061323 0.006746 1.915030 2696.081911
0.914932 0.007113 0.006811 0.003000 0.000075 0.061322 0.006747 1.915720 2696.425762
0.914985 0.007100 0.006818 0.002980 0.000075 0.061294 0.006747 1.916409 2696.749753
0.915024 0.007112 0.006808 0.002968 0.000075 0.061267 0.006747 1.917095 2697.062080
0.915091 0.007099 0.006831 0.002960 0.000074 0.061198 0.006747 1.917803 2697.369174
0.915167 0.007073 0.006830 0.002948 0.000073 0.061162 0.006748 1.918492 2698.079380
0.915242 0.007055 0.006816 0.002924 0.000073 0.061142 0.006748 1.919167 2698.362988
0.915287 0.007087 0.006797 0.002907 0.000072 0.061101 0.006749 1.919833 2698.897335
0.915334 0.007094 0.006813 0.002892 0.000072 0.061045 0.006750 1.920522 2699.197156
0.915344 0.007099 0.006793 0.002875 0.000075 0.061064 0.006750 1.921211 2699.824779
0.915396 0.007078 0.006783 0.002874 0.000073 0.061045 0.006750 1.921903 2700.398339
0.915449 0.007072 0.006791 0.002872 0.000072 0.060993 0.006751 1.922587 2700.769560
0.915500 0.007061 0.006776 0.002870 0.000073 0.060969 0.006751 1.923287 2700.941319
0.915531 0.007056 0.006771 0.002876 0.000072 0.060942 0.006752 1.923987 2701.235472
0.915570 0.007045 0.006772 0.002872 0.000073 0.060917 0.006752 1.924685 2701.731084
0.915597 0.007030 0.006776 0.002884 0.000070 0.060890 0.006753 1.925397 2702.396746
0.915672 0.007004 0.006785 0.002888 0.000069 0.060830 0.006753 1.926086 2703.132185
0.915722 0.007004 0.006760 0.002883 0.000070 0.060808 0.006753 1.926764 2703.493940
0.915764 0.007022 0.006753 0.002886 0.000071 0.060750 0.006753 1.927453 2703.641749
0.915795 0.007047 0.006762 0.002878 0.000071 0.060693 0.006754 1.928146 2704.195318
0.915864 0.007012 0.006785 0.002879 0.000069 0.060638 0.006754 1.928857 2704.484021
0.915905 0.006999 0.006771 0.002898 0.000068 0.060604 0.006755 1.929546 2704.793556
0.915932 0.006970 0.006784 0.002903 0.000067 0.060588 0.006756 1.930248 2705.061786
0.915965 0.006961 0.006785 0.002910 0.000067 0.060555 0.006756 1.930948 2705.525442
0.915986 0.006985 0.006778 0.002919 0.000067 0.060508 0.006757 1.931630 2705.901912
0.916024 0.006993 0.006774 0.002926 0.000067 0.060459 0.006758 1.932308 2706.126728
0.916086 0.006976 0.006764 0.002923 0.000066 0.060428 0.006758 1.932987 2706.675818
0.916159 0.006953 0.006763 0.002921 0.000066 0.060379 0.006759 1.933672 2707.040646
0.916216 0.006957 0.006754 0.002912 0.000066 0.060335 0.006759 1.934349 2707.377418
0.916265 0.006978 0.006734 0.002913 0.000066 0.060285 0.006759 1.935032 2707.576628
0.916302 0.007002 0.006741 0.002898 0.000067 0.060231 0.006760 1.935700 2707.744802
0.916353 0.006994 0.006724 0.002916 0.000068 0.060185 0.006760 1.936391 2708.064987
0.916389 0.007017 0.006712 0.002927 0.000067 0.060127 0.006760 1.937072 2708.258130
0.916430 0.007027 0.006707 0.002922 0.000069 0.060084 0.006761 1.937754 2708.593597
0.916471 0.007022 0.006721 0.002919 0.000068 0.060037 0.006761 1.938436 2708.820664
0.916504 0.007012 0.006757 0.002911 0.000068 0.059986 0.006762 1.939138 2709.257208
0.916562 0.006997 0.006749 0.002904 0.000067 0.059959 0.006762 1.939832 2709.704395
0.916563 0.007000 0.006742 0.002912 0.000065 0.059956 0.006763 1.940525 2710.352861
0.916586 0.007012 0.006742 0.002903 0.000064 0.059930 0.006763 1.941203 2710.585079
0.916623 0.007015 0.006715 0.002921 0.000064 0.059898 0.006763 1.941893 2710.952083
0.916629 0.007044 0.006715 0.002912 0.000063 0.059873 0.006764 1.942565 2711.337417
0.916630 0.007038 0.006730 0.002914 0.000062 0.059862 0.006765 1.943273 2711.711543
0.916665 0.007046 0.006749 0.002894 0.000062 0.059818 0.006766 1.943961 2712.234813
0.916672 0.007045 0.006741 0.002906 0.000064 0.059807 0.006767 1.944651 2712.578189
0.916693 0.007049 0.006745 0.002908 0.000066 0.059774 0.006767 1.945345 2712.710990
0.916721 0.007065 0.006728 0.002909 0.000064 0.059746 0.006767 1.946029 2713.206510
0.916750 0.007080 0.006743 0.002915 0.000063 0.059683 0.006768 1.946713 2713.614714
0.916799 0.007080 0.006749 0.002911 0.000063 0.059630 0.006768 1.947404 2713.854699
0.916825 0.007071 0.006759 0.002901 0.000065 0.059610 0.006769 1.948096 2713.951060
0.916838 0.007084 0.006740 0.002901 0.000065 0.059604 0.006769 1.948788 2714.156568
0.916888 0.007072 0.006754 0.002901 0.000064 0.059551 0.006769 1.949480 2714.550852
0.916917 0.007070 0.006750 0.002892 0.000065 0.059538 0.006769 1.950156 2714.775711
0.916938 0.007078 0.006751 0.002903 0.000064 0.059496 0.006769 1.950840 2714.964030
0.916964 0.007101 0.006736 0.002898 0.000065 0.059466 0.006770 1.951517 2715.283167
0.916975 0.007071 0.006785 0.002904 0.000067 0.059429 0.006770 1.952242 2715.409431
0.916988 0.007097 0.006766 0.002911 0.000067 0.059399 0.006770 1.952915 2715.774641
0.916975 0.007080 0.006797 0.002929 0.000066 0.059383 0.006771 1.953644 2716.204005
0.916970 0.007067 0.006813 0.002933 0.000066 0.059381 0.006771 1.954365 2716.682101
0.916985 0.007089 0.006805 0.002927 0.000065 0.059357 0.006771 1.955042 2716.896228
0.916982 0.007115 0.006794 0.002918 0.000067 0.059352 0.006771 1.955733 2716.924741
0.916958 0.007108 0.006808 0.002939 0.000067 0.059348 0.006772 1.956465 2717.321584
0.917005 0.007117 0.006781 0.002940 0.000068 0.059317 0.006772 1.957143 2717.637580
0.916985 0.007128 0.006788 0.002935 0.000068 0.059325 0.006772 1.957844 2718.034351
0.917020 0.007111 0.006784 0.002941 0.000067 0.059304 0.006772 1.958539 2718.499760
0.917044 0.007128 0.006775 0.002929 0.000069 0.059282 0.006772 1.959217 2718.711296
0.917049 0.007162 0.006781 0.002909 0.000070 0.059256 0.006772 1.959892 2718.981618
0.917033 0.007149 0.006780 0.002938 0.000071 0.059257 0.006772 1.960608 2719.097630
0.917010 0.007157 0.006794 0.002935 0.000071 0.059260 0.006773 1.961316 2719.679433
0.916999 0.007159 0.006801 0.002922 0.000072 0.059274 0.006773 1.962024 2720.052938
0.917016 0.007130 0.006828 0.002938 0.000072 0.059243 0.006774 1.962740 2720.468545
0.917026 0.007146 0.006824 0.002945 0.000072 0.059212 0.006774 1.963440 2720.870653
0.917025 0.007148 0.006802 0.002943 0.000072 0.059235 0.006775 1.964136 2721.234181
0.917038 0.007169 0.006775 0.002947 0.000073 0.059223 0.006775 1.964811 2721.509837
0.917032 0.007161 0.006786 0.002956 0.000074 0.059215 0.006776 1.965537 2721.815544
0.917052 0.007166 0.006771 0.002951 0.000072 0.059212 0.006776 1.966216 2722.207454
0.917077 0.007169 0.006782 0.002948 0.000072 0.059176 0.006777 1.966906 2722.542116
0.917097 0.007183 0.006765 0.002951 0.000071 0.059155 0.006777 1.967581 2723.167888
0.917078 0.007169 0.006792 0.002973 0.000070 0.059142 0.006777 1.968303 2723.552696
0.917089 0.007159 0.006791 0.002975 0.000070 0.059140 0.006777 1.969004 2723.935575
0.917072 0.007174 0.006800 0.002976 0.000070 0.059130 0.006778 1.969708 2724.244581
0.917047 0.007159 0.006813 0.002972 0.000070 0.059162 0.006778 1.970418 2724.644923
0.917052 0.007157 0.006828 0.002983 0.000068 0.059134 0.006778 1.971127 2725.066451
0.917050 0.007140 0.006838 0.002968 0.000070 0.059156 0.006778 1.971843 2725.195726
0.917062 0.007123 0.006842 0.002957 0.000068 0.059168 0.006779 1.972557 2725.717093
0.917092 0.007101 0.006865 0.002947 0.000068 0.059148 0.006779 1.973268 2726.243622
0.917095 0.007109 0.006844 0.002943 0.000069 0.059160 0.006780 1.973961 2726.506447
0.917097 0.007162 0.006844 0.002923 0.000068 0.059126 0.006780 1.974646 2727.019353
0.917114 0.007164 0.006833 0.002933 0.000067 0.059109 0.006781 1.975345 2727.255292
0.917125 0.007191 0.006821 0.002931 0.000066 0.059085 0.006781 1.976032 2727.662875
0.917165 0.007173 0.006831 0.002912 0.000067 0.059069 0.006782 1.976736 2727.902820
0.917181 0.007160 0.006835 0.002908 0.000066 0.059067 0.006783 1.977445 2728.390211
0.917200 0.007169 0.006812 0.002904 0.000067 0.059065 0.006784 1.978131 2728.757318
0.917212 0.007190 0.006813 0.002910 0.000067 0.059023 0.006784 1.978816 2729.182711
0.917214 0.007168 0.006829 0.002907 0.000068 0.059028 0.006784 1.979530 2729.371598
0.917216 0.007169 0.006805 0.002910 0.000068 0.059048 0.006785 1.980234 2729.652951
0.917241 0.007185 0.006792 0.002922 0.000067 0.059007 0.006786 1.980921 2730.019825
0.917253 0.007184 0.006788 0.002929 0.000066 0.058994 0.006787 1.981617 2730.473301
0.917258 0.007173 0.006786 0.002933 0.000066 0.058999 0.006787 1.982329 2730.719221
0.917254 0.007162 0.006806 0.002933 0.000065 0.058992 0.006787 1.983023 2730.801971
0.917233 0.007162 0.006791 0.002948 0.000066 0.059012 0.006788 1.983728 2731.143106
0.917228 0.007171 0.006782 0.002934 0.000064 0.059033 0.006789 1.984425 2731.672992
0.917251 0.007150 0.006800 0.002923 0.000063 0.059024 0.006789 1.985135 2731.915425
0.917262 0.007141 0.006793 0.002924 0.000063 0.059027 0.006790 1.985832 2732.265745
0.917282 0.007136 0.006797 0.002930 0.000064 0.059001 0.006790 1.986541 2732.560440
0.917293 0.007134 0.006807 0.002940 0.000064 0.058971 0.006790 1.987237 2732.887685
0.917335 0.007135 0.006806 0.002927 0.000067 0.058940 0.006791 1.987924 2733.075635
0.917343 0.007134 0.006809 0.002913 0.000067 0.058944 0.006791 1.988628 2733.431656
0.917397 0.007084 0.006830 0.002909 0.000067 0.058922 0.006791 1.989343 2733.694496
0.917427 0.007079 0.006795 0.002915 0.000067 0.058925 0.006791 1.990033 2734.139282
0.917438 0.007064 0.006820 0.002930 0.000069 0.058888 0.006791 1.990753 2734.207443
0.917446 0.007063 0.006845 0.002923 0.000070 0.058861 0.006792 1.991466 2734.518603
0.917452 0.007036 0.006880 0.002935 0.000070 0.058835 0.006792 1.992191 2734.632060
0.917495 0.007027 0.006852 0.002957 0.000070 0.058806 0.006793 1.992879 2734.930242
0.917500 0.007035 0.006837 0.002943 0.000072 0.058820 0.006793 1.993567 2735.290881
0.917488 0.007047 0.006874 0.002955 0.000071 0.058771 0.006794 1.994286 2735.754042
0.917483 0.007080 0.006887 0.002961 0.000071 0.058724 0.006795 1.994987 2736.134188
0.917504 0.007079 0.006895 0.002968 0.000069 0.058688 0.006796 1.995696 2736.725063
0.917507 0.007088 0.006891 0.002969 0.000069 0.058681 0.006796 1.996395 2737.028890
0.917500 0.007105 0.006891 0.002961 0.000069 0.058677 0.006797 1.997098 2737.455476
0.917510 0.007140 0.006890 0.002950 0.000068 0.058643 0.006797 1.997784 2737.947173
0.917511 0.007181 0.006888 0.002945 0.000067 0.058611 0.006797 1.998458 2738.421755
0.917540 0.007160 0.006887 0.002950 0.000067 0.058598 0.006797 1.999158 2738.894410
0.917544 0.007164 0.006891 0.002956 0.000068 0.058578 0.006798 1.999854 2739.353571
0.917538 0.007133 0.006925 0.002961 0.000067 0.058576 0.006799 2.000592 2739.683016
0.917559 0.007144 0.006925 0.002955 0.000067 0.058552 0.006799 2.001291 2739.962549
0.917540 0.007148 0.006929 0.002946 0.000067 0.058571 0.006800 2.002003 2740.341690
0.917517 0.007136 0.006921 0.002952 0.000067 0.058608 0.006800 2.002718 2740.471607
0.917518 0.007148 0.006941 0.002961 0.000065 0.058566 0.006801 2.003414 2740.838945
0.917547 0.007147 0.006923 0.002955 0.000064 0.058563 0.006801 2.004103 2741.541894
0.917576 0.007133 0.006934 0.002951 0.000064 0.058540 0.006802 2.004802 2742.192088
0.917606 0.007124 0.006932 0.002953 0.000063 0.058520 0.006802 2.005504 2742.890557
0.917621 0.007138 0.006927 0.002947 0.000062 0.058501 0.006803 2.006192 2743.325663
0.917601 0.007172 0.006923 0.002945 0.000061 0.058495 0.006803 2.006877 2743.791598
0.917590 0.007161 0.006930 0.002939 0.000063 0.058514 0.006803 2.007587 2744.031306
0.917592 0.007148 0.006933 0.002939 0.000063 0.058521 0.006803 2.008302 2744.463278
0.917594 0.007125 0.006949 0.002943 0.000064 0.058522 0.006803 2.009032 2744.785754
0.917609 0.007140 0.006916 0.002944 0.000063 0.058524 0.006803 2.009710 2745.109722
0.917649 0.007135 0.006887 0.002931 0.000062 0.058531 0.006804 2.010391 2745.372608
0.917644 0.007155 0.006882 0.002930 0.000062 0.058522 0.006804 2.011083 2745.741279
0.917666 0.007150 0.006879 0.002931 0.000063 0.058506 0.006805 2.011778 2746.016748
0.917710 0.007125 0.006877 0.002925 0.000062 0.058496 0.006805 2.012491 2746.427579
0.917726 0.007093 0.006879 0.002924 0.000062 0.058511 0.006806 2.013204 2746.716219
0.917748 0.007104 0.006878 0.002907 0.000062 0.058495 0.006806 2.013884 2746.905617
0.917751 0.007120 0.006886 0.002900 0.000062 0.058474 0.006807 2.014562 2747.358888
0.917762 0.007119 0.006875 0.002908 0.000063 0.058467 0.006807 2.015263 2747.869360
0.917797 0.007104 0.006860 0.002917 0.000061 0.058456 0.006807 2.015958 2748.122519
0.917795 0.007091 0.006867 0.002912 0.000062 0.058466 0.006807 2.016664 2748.381683
0.917822 0.007065 0.006881 0.002910 0.000065 0.058450 0.006808 2.017385 2748.489171
0.917822 0.007072 0.006878 0.002916 0.000065 0.058440 0.006808 2.018090 2748.670858
0.917821 0.007090 0.006876 0.002906 0.000066 0.058434 0.006808 2.018770 2748.735042
0.917830 0.007059 0.006882 0.002912 0.000065 0.058445 0.006808 2.019477 2748.925180
0.917836 0.007069 0.006870 0.002897 0.000064 0.058455 0.006809 2.020151 2749.311105
0.917817 0.007116 0.006858 0.002902 0.000065 0.058434 0.006809 2.020836 2749.631515
0.917819 0.007090 0.006869 0.002937 0.000066 0.058411 0.006809 2.021552 2750.004488
0.917829 0.007099 0.006855 0.002943 0.000066 0.058398 0.006810 2.022232 2750.309669
0.917842 0.007102 0.006858 0.002941 0.000066 0.058381 0.006811 2.022920 2750.627982
0.917843 0.007108 0.006861 0.002944 0.000065 0.058368 0.006811 2.023613 2751.164770
0.917815 0.007140 0.006863 0.002951 0.000065 0.058353 0.006812 2.024314 2751.509034
0.917819 0.007141 0.006859 0.002951 0.000066 0.058352 0.006812 2.025014 2751.588727
0.917811 0.007137 0.006880 0.002966 0.000065 0.058329 0.006812 2.025730 2752.237533
0.917821 0.007121 0.006849 0.002962 0.000067 0.058367 0.006813 2.026432 2752.554508
0.917827 0.007137 0.006852 0.002966 0.000069 0.058335 0.006814 2.027127 2752.978955
0.917811 0.007144 0.006856 0.002972 0.000069 0.058333 0.006814 2.027832 2753.309785
0.917826 0.007134 0.006859 0.002986 0.000068 0.058312 0.006814 2.028530 2753.609526
0.917780 0.007173 0.006848 0.002980 0.000068 0.058336 0.006815 2.029218 2753.807587
0.917748 0.007176 0.006867 0.002983 0.000067 0.058345 0.006815 2.029911 2754.231219
0.917715 0.007199 0.006859 0.002979 0.000067 0.058365 0.006815 2.030612 2754.467209
0.917714 0.007206 0.006842 0.002999 0.000065 0.058359 0.006817 2.031305 2754.784357
0.917723 0.007206 0.006838 0.002997 0.000065 0.058354 0.006817 2.032012 2754.921073
0.917712 0.007192 0.006868 0.002993 0.000064 0.058352 0.006818 2.032729 2755.425241
0.917676 0.007207 0.006878 0.003007 0.000064 0.058350 0.006818 2.033450 2755.736503
0.917651 0.007207 0.006890 0.003004 0.000064 0.058365 0.006819 2.034164 2756.128649
0.917639 0.007248 0.006880 0.002998 0.000064 0.058352 0.006819 2.034854 2756.269571
0.917601 0.007284 0.006882 0.003000 0.000062 0.058351 0.006820 2.035555 2756.695689
0.917569 0.007292 0.006902 0.003014 0.000064 0.058340 0.006820 2.036279 2756.783907
0.917518 0.007337 0.006903 0.003002 0.000063 0.058355 0.006821 2.036980 2757.073103
0.917539 0.007350 0.006893 0.002997 0.000064 0.058336 0.006821 2.037672 2757.074135
0.917492 0.007349 0.006910 0.002998 0.000063 0.058367 0.006821 2.038405 2757.541672
0.917519 0.007316 0.006921 0.003003 0.000063 0.058357 0.006821 2.039126 2757.708316
0.917497 0.007307 0.006907 0.002992 0.000061 0.058415 0.006822 2.039844 2758.111022
0.917462 0.007321 0.006954 0.002977 0.000061 0.058404 0.006822 2.040573 2758.262434
0.917446 0.007313 0.006970 0.002992 0.000061 0.058396 0.006822 2.041297 2758.611262
0.917441 0.007320 0.006951 0.002984 0.000059 0.058422 0.006822 2.041983 2759.019236
0.917474 0.007303 0.006934 0.002993 0.000058 0.058415 0.006823 2.042692 2759.306880
0.917450 0.007343 0.006911 0.002993 0.000061 0.058419 0.006823 2.043382 2759.376740
0.917425 0.007353 0.006939 0.002986 0.000063 0.058410 0.006823 2.044092 2759.594084
0.917406 0.007352 0.006975 0.002973 0.000065 0.058405 0.006824 2.044821 2760.212224
0.917353 0.007368 0.006978 0.002983 0.000065 0.058428 0.006825 2.045553 2760.667820
0.917367 0.007359 0.006998 0.002988 0.000067 0.058395 0.006825 2.046273 2760.990470
0.917346 0.007352 0.007028 0.003001 0.000068 0.058380 0.006826 2.047005 2761.210982
0.917310 0.007381 0.006992 0.003008 0.000067 0.058417 0.006826 2.047709 2761.679910
0.917305 0.007377 0.007037 0.003007 0.000066 0.058382 0.006826 2.048448 2761.861101
0.917286 0.007354 0.007021 0.003013 0.000067 0.058433 0.006826 2.049168 2762.234600
0.917285 0.007367 0.007014 0.003008 0.000067 0.058432 0.006827 2.049878 2762.576662
0.917291 0.007374 0.007005 0.003012 0.000067 0.058424 0.006827 2.050583 2762.861511
0.917274 0.007350 0.007014 0.003032 0.000067 0.058435 0.006828 2.051330 2763.222195
0.917278 0.007377 0.006988 0.003042 0.000068 0.058420 0.006828 2.052026 2763.451356
0.917249 0.007375 0.007011 0.003025 0.000068 0.058443 0.006828 2.052750 2763.742118
0.917227 0.007370 0.007018 0.003027 0.000069 0.058459 0.006829 2.053479 2764.134464
0.917199 0.007369 0.007009 0.003034 0.000071 0.058489 0.006829 2.054198 2764.585550
0.917155 0.007399 0.007011 0.003020 0.000073 0.058514 0.006829 2.054915 2764.827337
0.917137 0.007394 0.007003 0.003019 0.000075 0.058543 0.006829 2.055635 2765.056965
0.917135 0.007378 0.007026 0.003029 0.000074 0.058527 0.006830 2.056359 2765.574088
0.917103 0.007374 0.007032 0.003032 0.000074 0.058555 0.006830 2.057097 2765.925714
0.917084 0.007371 0.007041 0.003034 0.000076 0.058563 0.006830 2.057814 2766.158148
0.917062 0.007360 0.007058 0.003017 0.000076 0.058596 0.006831 2.058538 2766.471699
0.917056 0.007345 0.007040 0.003029 0.000074 0.058624 0.006831 2.059257 2767.017397
0.917038 0.007338 0.007041 0.003036 0.000073 0.058644 0.006832 2.059980 2767.329354
0.917034 0.007343 0.007035 0.003037 0.000075 0.058645 0.006832 2.060692 2767.612314
0.917032 0.007332 0.007035 0.003037 0.000076 0.058657 0.006832 2.061416 2767.719342
0.917047 0.007329 0.007032 0.003034 0.000076 0.058650 0.006832 2.062129 2768.350815
0.917020 0.007333 0.007019 0.003033 0.000077 0.058685 0.006832 2.062849 2768.542973
0.917026 0.007300 0.007033 0.003042 0.000076 0.058690 0.006833 2.063584 2768.837392
0.917032 0.007294 0.007028 0.003040 0.000078 0.058695 0.006833 2.064298 2769.091144
0.917010 0.007323 0.007025 0.003044 0.000076 0.058689 0.006833 2.065003 2769.604506
0.917012 0.007296 0.007049 0.003055 0.000075 0.058680 0.006834 2.065746 2769.956821
0.917034 0.007279 0.007027 0.003068 0.000075 0.058682 0.006835 2.066468 2770.432050
0.917013 0.007296 0.007017 0.003087 0.000077 0.058676 0.006835 2.067192 2770.556154
0.916973 0.007308 0.007026 0.003086 0.000077 0.058694 0.006835 2.067907 2770.897205
0.916964 0.007319 0.007001 0.003091 0.000076 0.058714 0.006835 2.068614 2771.191107
0.916985 0.007297 0.006990 0.003088 0.000078 0.058728 0.006835 2.069322 2771.523247
0.916953 0.007319 0.006974 0.003080 0.000079 0.058759 0.006836 2.070037 2771.846369
0.916946 0.007300 0.006996 0.003098 0.000076 0.058747 0.006836 2.070775 2772.296024
0.916974 0.007275 0.007000 0.003085 0.000078 0.058752 0.006837 2.071486 2772.558074
0.916972 0.007293 0.006997 0.003066 0.000076 0.058757 0.006838 2.072183 2772.966661
0.916955 0.007288 0.006987 0.003075 0.000075 0.058782 0.006839 2.072906 2773.375042
0.916925 0.007287 0.006985 0.003068 0.000075 0.058821 0.006839 2.073634 2773.687787
0.916921 0.007267 0.006950 0.003081 0.000075 0.058866 0.006839 2.074359 2774.003880
0.916932 0.007281 0.006946 0.003080 0.000076 0.058846 0.006840 2.075057 2774.257933
0.916928 0.007248 0.006934 0.003082 0.000076 0.058893 0.006840 2.075772 2774.596029
0.916914 0.007286 0.006903 0.003054 0.000077 0.058926 0.006840 2.076451 2775.066421
0.916919 0.007260 0.006915 0.003069 0.000076 0.058921 0.006841 2.077175 2775.371606
0.916928 0.007271 0.006927 0.003076 0.000076 0.058881 0.006841 2.077883 2775.812595
0.916914 0.007247 0.006940 0.003084 0.000076 0.058898 0.006842 2.078628 2776.350800
0.916935 0.007257 0.006922 0.003086 0.000077 0.058882 0.006842 2.079328 2776.743071
0.916951 0.007224 0.006946 0.003068 0.000078 0.058892 0.006842 2.080060 2777.020924
0.916969 0.007239 0.006938 0.003063 0.000079 0.058870 0.006842 2.080740 2777.199006
0.916982 0.007225 0.006929 0.003058 0.000078 0.058887 0.006842 2.081448 2777.708348
0.916982 0.007194 0.006955 0.003057 0.000079 0.058890 0.006843 2.082179 2777.965314
0.917001 0.007167 0.006938 0.003056 0.000079 0.058916 0.006843 2.082887 2778.321486
0.916982 0.007182 0.006944 0.003054 0.000081 0.058913 0.006844 2.083599 2778.508457
0.916995 0.007170 0.006937 0.003037 0.000080 0.058935 0.006844 2.084298 2778.848156
0.916989 0.007187 0.006936 0.003025 0.000080 0.058940 0.006844 2.084998 2779.047055
0.917033 0.007181 0.006921 0.003009 0.000078 0.058934 0.006844 2.085693 2779.357882
0.917053 0.007166 0.006918 0.003018 0.000077 0.058921 0.006845 2.086397 2779.819252
0.917100 0.007118 0.006956 0.003004 0.000076 0.058900 0.006846 2.087126 2780.388580
0.917131 0.007130 0.006914 0.002992 0.000077 0.058910 0.006846 2.087796 2780.798050
0.917118 0.007130 0.006910 0.002994 0.000074 0.058928 0.006846 2.088496 2781.497990
0.917122 0.007127 0.006910 0.002980 0.000074 0.058940 0.006846 2.089202 2781.907048
