0.370800 0.060894 0.053932 0.030833 0.001882 0.476216 0.005444 1.563260 1928.292918
0.371388 0.060339 0.054167 0.030449 0.001887 0.476300 0.005469 1.569157 1938.569228
0.372649 0.059122 0.054435 0.030075 0.001880 0.476347 0.005493 1.575031 1948.443348
0.374354 0.057689 0.054578 0.029681 0.001875 0.476308 0.005514 1.580750 1957.832952
0.376322 0.056100 0.054572 0.029310 0.001876 0.476283 0.005538 1.586350 1967.719035
0.378347 0.054618 0.054451 0.028872 0.001875 0.476277 0.005560 1.591773 1976.349302
0.380579 0.053064 0.054195 0.028438 0.001872 0.476266 0.005586 1.597046 1986.247832
0.382929 0.051562 0.053804 0.028028 0.001860 0.476205 0.005612 1.602163 1995.769695
0.385471 0.050135 0.053380 0.027617 0.001846 0.475917 0.005633 1.607126 2006.167103
0.387946 0.048748 0.052916 0.027211 0.001834 0.475686 0.005658 1.611969 2015.422518
0.390415 0.047466 0.052431 0.026732 0.001822 0.475455 0.005680 1.616682 2024.310773
0.393013 0.046216 0.051856 0.026279 0.001812 0.475122 0.005702 1.621270 2034.065205
0.395634 0.045104 0.051199 0.025838 0.001800 0.474697 0.005729 1.625683 2043.347835
0.398232 0.044040 0.050581 0.025422 0.001788 0.474189 0.005750 1.630090 2052.412755
0.400820 0.043106 0.049848 0.024999 0.001772 0.473680 0.005775 1.634342 2062.334960
0.403419 0.042226 0.049105 0.024629 0.001755 0.473071 0.005796 1.638528 2070.168482
0.406074 0.041420 0.048384 0.024193 0.001741 0.472374 0.005813 1.642625 2079.294279
0.408749 0.040600 0.047699 0.023810 0.001719 0.471581 0.005842 1.646676 2087.990515
0.411416 0.039921 0.046924 0.023363 0.001706 0.470807 0.005862 1.650571 2096.640075
0.414013 0.039306 0.046182 0.022951 0.001694 0.469969 0.005884 1.654449 2105.906547
0.416702 0.038692 0.045457 0.022593 0.001685 0.468964 0.005907 1.658263 2114.780094
0.419401 0.038108 0.044706 0.022223 0.001653 0.467978 0.005930 1.662036 2124.831517
0.421981 0.037561 0.044052 0.021896 0.001636 0.466924 0.005950 1.665777 2133.959897
0.424657 0.037100 0.043381 0.021562 0.001620 0.465709 0.005972 1.669429 2143.055383
0.427281 0.036705 0.042746 0.021274 0.001592 0.464411 0.005991 1.673031 2152.028578
0.429834 0.036328 0.042132 0.020993 0.001565 0.463137 0.006011 1.676641 2161.698109
0.432432 0.035932 0.041453 0.020741 0.001551 0.461863 0.006028 1.680226 2168.560706
0.435030 0.035635 0.040809 0.020492 0.001531 0.460454 0.006049 1.683729 2178.185917
0.437579 0.035345 0.040196 0.020249 0.001507 0.459055 0.006069 1.687239 2187.544444
0.440044 0.035103 0.039693 0.019971 0.001484 0.457617 0.006087 1.690731 2197.450484
0.442479 0.034961 0.039211 0.019687 0.001472 0.456086 0.006105 1.694166 2205.930605
0.444955 0.034810 0.038645 0.019496 0.001446 0.454527 0.006120 1.697572 2214.354420
0.447452 0.034680 0.038194 0.019264 0.001429 0.452844 0.006136 1.700974 2222.750206
0.449873 0.034489 0.037678 0.019096 0.001411 0.451299 0.006155 1.704387 2230.675945
0.452248 0.034437 0.037212 0.018896 0.001385 0.449651 0.006171 1.707722 2239.665885
0.454529 0.034419 0.036757 0.018737 0.001358 0.448011 0.006189 1.711040 2248.090328
0.456774 0.034290 0.036380 0.018581 0.001337 0.446429 0.006209 1.714439 2257.040565
0.459166 0.034212 0.035931 0.018413 0.001314 0.444739 0.006225 1.717778 2266.487292
0.461450 0.034090 0.035624 0.018313 0.001302 0.442978 0.006243 1.721181 2273.415011
0.463603 0.034093 0.035257 0.018177 0.001284 0.441331 0.006256 1.724509 2280.928237
0.465759 0.034099 0.034875 0.018027 0.001272 0.439698 0.006270 1.727839 2288.599997
0.467873 0.034145 0.034577 0.017918 0.001253 0.437947 0.006287 1.731122 2297.119589
0.470003 0.034107 0.034345 0.017828 0.001232 0.436183 0.006302 1.734505 2305.133664
0.472049 0.034160 0.034077 0.017720 0.001224 0.434455 0.006316 1.737853 2312.161869
0.474119 0.034185 0.033801 0.017613 0.001209 0.432744 0.006328 1.741186 2320.669399
0.476073 0.034257 0.033586 0.017520 0.001198 0.431023 0.006343 1.744518 2327.350755
0.478070 0.034309 0.033377 0.017430 0.001192 0.429269 0.006355 1.747855 2334.097050
0.480015 0.034394 0.033263 0.017348 0.001172 0.427439 0.006368 1.751233 2341.031463
0.481933 0.034431 0.033103 0.017292 0.001158 0.425703 0.006381 1.754622 2348.763190
0.483811 0.034550 0.032927 0.017245 0.001143 0.423931 0.006394 1.757979 2355.548439
0.485661 0.034675 0.032825 0.017176 0.001126 0.422130 0.006407 1.761362 2362.309805
0.487464 0.034732 0.032719 0.017134 0.001116 0.420416 0.006419 1.764801 2367.907910
0.489238 0.034837 0.032591 0.017066 0.001093 0.418742 0.006434 1.768204 2376.234908
0.490929 0.035041 0.032474 0.017001 0.001076 0.417034 0.006445 1.771574 2383.401531
0.492559 0.035145 0.032418 0.016983 0.001060 0.415378 0.006457 1.775026 2390.117378
0.494220 0.035296 0.032302 0.016986 0.001046 0.413682 0.006468 1.778453 2397.642333
0.495812 0.035439 0.032259 0.016993 0.001031 0.411983 0.006482 1.781905 2405.118874
0.497376 0.035520 0.032255 0.016972 0.001020 0.410363 0.006494 1.785418 2411.816224
0.498874 0.035625 0.032270 0.016948 0.001006 0.408771 0.006506 1.788928 2418.313655
0.500303 0.035790 0.032267 0.016927 0.000989 0.407206 0.006517 1.792449 2424.656963
0.501745 0.035939 0.032249 0.016961 0.000975 0.405605 0.006527 1.795966 2431.524742
0.503155 0.036065 0.032312 0.016995 0.000963 0.403970 0.006540 1.799548 2438.245288
0.504512 0.036229 0.032328 0.016985 0.000962 0.402433 0.006551 1.803091 2444.267964
0.505760 0.036442 0.032263 0.017005 0.000953 0.401014 0.006563 1.806620 2451.541032
0.507048 0.036577 0.032314 0.017047 0.000944 0.399496 0.006573 1.810209 2457.641273
0.508250 0.036750 0.032381 0.017040 0.000930 0.398067 0.006582 1.813781 2463.991073
0.509447 0.036938 0.032348 0.017106 0.000926 0.396645 0.006590 1.817384 2469.834518
0.510580 0.037141 0.032410 0.017107 0.000915 0.395248 0.006599 1.820991 2476.976203
0.511673 0.037357 0.032495 0.017153 0.000906 0.393806 0.006610 1.824600 2482.722969
0.512759 0.037494 0.032598 0.017209 0.000898 0.392422 0.006621 1.828286 2489.806628
0.513874 0.037624 0.032665 0.017276 0.000890 0.391042 0.006630 1.831968 2495.808518
0.514849 0.037770 0.032780 0.017346 0.000887 0.389729 0.006639 1.835701 2500.649490
0.515878 0.037963 0.032879 0.017424 0.000875 0.388332 0.006649 1.839396 2506.354416
0.516808 0.038071 0.032990 0.017500 0.000866 0.387106 0.006659 1.843179 2513.041733
0.517764 0.038238 0.033088 0.017537 0.000862 0.385841 0.006670 1.846912 2517.869914
0.518720 0.038365 0.033161 0.017560 0.000852 0.384661 0.006681 1.850641 2522.892479
0.519593 0.038551 0.033263 0.017654 0.000849 0.383400 0.006690 1.854445 2529.743261
0.520436 0.038673 0.033383 0.017705 0.000838 0.382264 0.006701 1.858274 2536.210775
0.521322 0.038843 0.033407 0.017701 0.000833 0.381186 0.006709 1.861991 2541.709630
0.522132 0.038979 0.033524 0.017732 0.000825 0.380092 0.006716 1.865797 2547.473789
0.522983 0.039094 0.033638 0.017731 0.000820 0.379009 0.006726 1.869609 2553.469963
0.523772 0.039202 0.033739 0.017818 0.000818 0.377917 0.006735 1.873454 2557.690200
0.524447 0.039327 0.033838 0.017896 0.000815 0.376933 0.006743 1.877317 2562.422161
0.525146 0.039458 0.033978 0.017954 0.000811 0.375900 0.006753 1.881218 2567.643719
0.525792 0.039657 0.034052 0.018009 0.000811 0.374917 0.006761 1.885051 2571.825171
0.526491 0.039796 0.034118 0.018051 0.000812 0.373960 0.006772 1.888907 2577.345808
0.527118 0.039948 0.034249 0.018097 0.000816 0.372993 0.006779 1.892784 2582.222187
0.527639 0.040133 0.034316 0.018186 0.000811 0.372126 0.006789 1.896696 2587.192695
0.528222 0.040275 0.034412 0.018202 0.000806 0.371287 0.006797 1.900610 2592.037559
0.528830 0.040455 0.034553 0.018255 0.000803 0.370298 0.006804 1.904506 2597.201879
0.529455 0.040519 0.034685 0.018300 0.000799 0.369430 0.006812 1.908491 2601.797289
0.530099 0.040590 0.034816 0.018338 0.000800 0.368540 0.006818 1.912445 2605.488894
0.530604 0.040697 0.034931 0.018433 0.000788 0.367719 0.006829 1.916414 2611.254033
0.531109 0.040802 0.035019 0.018484 0.000789 0.366960 0.006837 1.920373 2615.665080
0.531579 0.040917 0.035105 0.018549 0.000786 0.366219 0.006844 1.924351 2620.413433
0.532008 0.041068 0.035230 0.018589 0.000785 0.365466 0.006854 1.928320 2624.675966
0.532395 0.041111 0.035341 0.018667 0.000782 0.364841 0.006864 1.932387 2630.835029
0.532811 0.041213 0.035389 0.018702 0.000772 0.364240 0.006872 1.936396 2636.921951
0.533238 0.041270 0.035481 0.018812 0.000771 0.363546 0.006882 1.940463 2641.666846
0.533680 0.041346 0.035570 0.018852 0.000772 0.362892 0.006888 1.944514 2646.025703
0.534123 0.041411 0.035639 0.018896 0.000770 0.362267 0.006895 1.948557 2650.179224
0.534552 0.041491 0.035732 0.018948 0.000772 0.361603 0.006902 1.952622 2654.395151
0.534933 0.041596 0.035795 0.018986 0.000784 0.360998 0.006908 1.956665 2658.481553
0.535374 0.041639 0.035882 0.019084 0.000786 0.360319 0.006916 1.960749 2663.777541
0.535734 0.041649 0.035971 0.019172 0.000786 0.359764 0.006924 1.964852 2668.006176
0.536108 0.041737 0.036046 0.019270 0.000789 0.359119 0.006932 1.968929 2672.494110
0.536574 0.041687 0.036131 0.019368 0.000793 0.358507 0.006940 1.973057 2676.533882
0.536957 0.041747 0.036212 0.019364 0.000794 0.357978 0.006948 1.977125 2681.948250
0.537311 0.041719 0.036281 0.019462 0.000793 0.357477 0.006957 1.981294 2687.106930
0.537662 0.041695 0.036395 0.019517 0.000791 0.356975 0.006965 1.985429 2691.989435
0.537960 0.041803 0.036479 0.019509 0.000793 0.356483 0.006973 1.989514 2697.044045
0.538258 0.041856 0.036543 0.019524 0.000792 0.356046 0.006980 1.993587 2700.783469
0.538529 0.041865 0.036658 0.019557 0.000787 0.355616 0.006988 1.997714 2706.408012
0.538887 0.041857 0.036691 0.019629 0.000790 0.355153 0.006993 2.001827 2710.272629
0.539212 0.041861 0.036705 0.019644 0.000790 0.354790 0.006999 2.005930 2713.600689
0.539506 0.041886 0.036772 0.019644 0.000792 0.354393 0.007008 2.010022 2717.357896
0.539887 0.041827 0.036824 0.019687 0.000795 0.353966 0.007014 2.014142 2721.658291
0.540169 0.041871 0.036886 0.019674 0.000795 0.353585 0.007021 2.018242 2726.390670
0.540512 0.041892 0.036916 0.019693 0.000796 0.353164 0.007027 2.022339 2729.912486
0.540789 0.041846 0.036959 0.019754 0.000800 0.352818 0.007035 2.026481 2734.076151
0.541075 0.041845 0.037063 0.019750 0.000794 0.352429 0.007044 2.030619 2738.476490
0.541358 0.041852 0.037092 0.019756 0.000794 0.352097 0.007053 2.034728 2743.200083
0.541660 0.041865 0.037120 0.019776 0.000794 0.351725 0.007060 2.038809 2747.568540
0.541934 0.041841 0.037166 0.019776 0.000792 0.351423 0.007069 2.042929 2751.747202
0.542305 0.041749 0.037203 0.019781 0.000787 0.351096 0.007078 2.047055 2755.647175
0.542606 0.041802 0.037205 0.019823 0.000784 0.350693 0.007087 2.051147 2761.030184
0.542914 0.041804 0.037208 0.019836 0.000778 0.350364 0.007096 2.055219 2765.344350
0.543194 0.041814 0.037202 0.019823 0.000780 0.350082 0.007105 2.059290 2769.820845
0.543451 0.041850 0.037234 0.019808 0.000782 0.349764 0.007112 2.063394 2774.115930
0.543732 0.041854 0.037240 0.019828 0.000788 0.349438 0.007119 2.067513 2777.763536
0.544070 0.041815 0.037273 0.019816 0.000787 0.349111 0.007128 2.071617 2782.062580
0.544355 0.041724 0.037272 0.019855 0.000799 0.348864 0.007132 2.075768 2785.045975
0.544622 0.041734 0.037287 0.019879 0.000803 0.348538 0.007139 2.079849 2789.384366
0.544964 0.041588 0.037325 0.019925 0.000805 0.348247 0.007146 2.083991 2792.802706
0.545248 0.041591 0.037316 0.019889 0.000808 0.347996 0.007153 2.088036 2796.367138
0.545519 0.041599 0.037343 0.019855 0.000812 0.347710 0.007161 2.092105 2800.672283
0.545754 0.041651 0.037303 0.019853 0.000810 0.347462 0.007168 2.096174 2805.199566
0.546003 0.041649 0.037335 0.019810 0.000809 0.347220 0.007174 2.100259 2809.346543
0.546259 0.041659 0.037373 0.019793 0.000812 0.346919 0.007185 2.104341 2814.486171
0.546491 0.041659 0.037319 0.019827 0.000813 0.346698 0.007194 2.108460 2818.754103
0.546763 0.041663 0.037293 0.019824 0.000806 0.346448 0.007203 2.112528 2822.742059
0.547039 0.041589 0.037342 0.019838 0.000803 0.346177 0.007212 2.116658 2827.738439
0.547254 0.041581 0.037327 0.019844 0.000805 0.345969 0.007220 2.120756 2831.416622
0.547607 0.041552 0.037275 0.019812 0.000805 0.345722 0.007227 2.124801 2835.627955
0.547920 0.041462 0.037317 0.019803 0.000807 0.345455 0.007235 2.128886 2839.927063
0.548242 0.041431 0.037343 0.019790 0.000802 0.345149 0.007244 2.132926 2845.126851
0.548488 0.041381 0.037382 0.019795 0.000803 0.344900 0.007251 2.137040 2849.456907
0.548730 0.041385 0.037366 0.019801 0.000804 0.344655 0.007258 2.141117 2854.239911
0.549019 0.041337 0.037390 0.019799 0.000806 0.344384 0.007265 2.145202 2858.503090
0.549353 0.041320 0.037306 0.019803 0.000804 0.344144 0.007271 2.149215 2862.063772
0.549606 0.041336 0.037239 0.019742 0.000803 0.343994 0.007280 2.153255 2866.943312
0.549932 0.041277 0.037239 0.019712 0.000801 0.343753 0.007287 2.157278 2871.443819
0.550110 0.041306 0.037211 0.019705 0.000799 0.343572 0.007297 2.161325 2875.134255
0.550365 0.041292 0.037222 0.019672 0.000804 0.343340 0.007304 2.165370 2879.247505
0.550665 0.041232 0.037169 0.019635 0.000801 0.343187 0.007313 2.169397 2883.285732
0.550995 0.041155 0.037192 0.019650 0.000797 0.342890 0.007322 2.173460 2887.281126
0.551275 0.041159 0.037153 0.019606 0.000802 0.342675 0.007330 2.177481 2890.934093
0.551553 0.041186 0.037116 0.019541 0.000803 0.342464 0.007337 2.181487 2894.547052
0.551846 0.041150 0.037107 0.019537 0.000798 0.342218 0.007344 2.185553 2898.885236
0.552112 0.041119 0.037111 0.019520 0.000799 0.341985 0.007355 2.189598 2903.103946
0.552304 0.041196 0.037154 0.019480 0.000798 0.341704 0.007365 2.193610 2907.655835
0.552536 0.041162 0.037181 0.019470 0.000797 0.341482 0.007373 2.197640 2911.938118
0.552694 0.041227 0.037160 0.019496 0.000802 0.341241 0.007381 2.201658 2915.280810
0.552953 0.041204 0.037189 0.019504 0.000800 0.340958 0.007391 2.205694 2919.293261
0.553194 0.041161 0.037209 0.019510 0.000802 0.340725 0.007400 2.209781 2922.632572
0.553492 0.041218 0.037150 0.019459 0.000802 0.340469 0.007409 2.213755 2926.799085
0.553659 0.041288 0.037108 0.019455 0.000798 0.340275 0.007417 2.217766 2931.623122
0.553900 0.041225 0.037117 0.019454 0.000809 0.340073 0.007423 2.221819 2935.410487
0.554207 0.041228 0.037116 0.019479 0.000807 0.339733 0.007430 2.225833 2940.365260
0.554450 0.041176 0.037095 0.019522 0.000807 0.339511 0.007439 2.229893 2944.430070
0.554621 0.041131 0.037070 0.019539 0.000809 0.339386 0.007444 2.233980 2948.335416
0.554882 0.041082 0.037044 0.019486 0.000813 0.339243 0.007452 2.238003 2952.619959
0.555022 0.041168 0.037008 0.019477 0.000806 0.339060 0.007458 2.242022 2956.962587
0.555189 0.041126 0.036996 0.019506 0.000808 0.338910 0.007466 2.246073 2961.129328
0.555414 0.041123 0.036988 0.019429 0.000807 0.338765 0.007475 2.250091 2965.546555
0.555618 0.041130 0.036978 0.019436 0.000806 0.338547 0.007483 2.254114 2969.286961
0.555811 0.041107 0.036970 0.019442 0.000799 0.338378 0.007493 2.258157 2974.251481
0.556051 0.041063 0.037003 0.019441 0.000793 0.338146 0.007503 2.262229 2978.064818
0.556206 0.041069 0.036999 0.019415 0.000790 0.338010 0.007510 2.266240 2982.724113
0.556425 0.041038 0.037004 0.019458 0.000794 0.337765 0.007516 2.270284 2986.055052
0.556600 0.041043 0.036978 0.019454 0.000790 0.337611 0.007525 2.274312 2989.930757
0.556757 0.041033 0.036965 0.019425 0.000791 0.337497 0.007532 2.278314 2993.676245
0.556989 0.040989 0.036990 0.019433 0.000798 0.337263 0.007539 2.282383 2998.036266
0.557234 0.040987 0.036952 0.019394 0.000798 0.337090 0.007545 2.286353 3002.057913
0.557418 0.040948 0.036928 0.019392 0.000801 0.336959 0.007554 2.290402 3006.163207
0.557633 0.040930 0.036975 0.019366 0.000796 0.336736 0.007563 2.294466 3010.794971
0.557842 0.040905 0.037009 0.019366 0.000805 0.336502 0.007570 2.298496 3014.460452
0.558078 0.040926 0.036958 0.019349 0.000812 0.336302 0.007575 2.302508 3018.074100
0.558256 0.040947 0.037016 0.019330 0.000810 0.336058 0.007584 2.306517 3021.889980
0.558449 0.040922 0.037024 0.019358 0.000811 0.335844 0.007592 2.310577 3025.175539
0.558665 0.040872 0.036966 0.019377 0.000815 0.335705 0.007600 2.314590 3028.698379
0.558864 0.040864 0.036979 0.019414 0.000807 0.335464 0.007609 2.318611 3033.043719
0.559035 0.040839 0.036974 0.019427 0.000802 0.335307 0.007616 2.322655 3037.358395
0.559252 0.040817 0.036987 0.019416 0.000806 0.335099 0.007624 2.326652 3040.878762
0.559416 0.040830 0.036966 0.019385 0.000809 0.334962 0.007632 2.330669 3044.654027
0.559624 0.040864 0.036945 0.019397 0.000814 0.334719 0.007638 2.334641 3047.673702
0.559846 0.040854 0.036930 0.019432 0.000818 0.334474 0.007646 2.338656 3051.631210
0.560077 0.040831 0.036958 0.019386 0.000818 0.334278 0.007653 2.342675 3055.319624
0.560201 0.040946 0.036934 0.019369 0.000814 0.334077 0.007660 2.346633 3060.139241
0.560349 0.040977 0.036888 0.019409 0.000817 0.333893 0.007667 2.350665 3063.130217
0.560489 0.040998 0.036910 0.019370 0.000812 0.333746 0.007675 2.354666 3066.798285
0.560623 0.041041 0.036902 0.019367 0.000815 0.333569 0.007685 2.358669 3070.768077
0.560788 0.041070 0.036893 0.019366 0.000811 0.333381 0.007692 2.362642 3074.702469
0.561025 0.040993 0.036978 0.019406 0.000798 0.333103 0.007698 2.366717 3079.037174
0.561090 0.040942 0.037041 0.019387 0.000801 0.333032 0.007708 2.370802 3082.619100
0.561132 0.041047 0.036984 0.019391 0.000805 0.332928 0.007714 2.374786 3086.861140
0.561269 0.041052 0.037030 0.019386 0.000798 0.332740 0.007723 2.378836 3091.582610
0.561376 0.041077 0.037059 0.019347 0.000794 0.332614 0.007733 2.382840 3095.359720
0.561414 0.041165 0.037012 0.019382 0.000791 0.332496 0.007739 2.386830 3099.842119
0.561527 0.041183 0.036997 0.019403 0.000783 0.332358 0.007749 2.390892 3104.144078
0.561563 0.041267 0.037018 0.019396 0.000783 0.332215 0.007758 2.394920 3108.081216
0.561610 0.041267 0.037040 0.019392 0.000783 0.332143 0.007765 2.398972 3111.894476
0.561721 0.041300 0.037036 0.019403 0.000785 0.331979 0.007775 2.403026 3115.878247
0.561804 0.041307 0.037025 0.019439 0.000782 0.331860 0.007782 2.407067 3119.760717
0.561922 0.041239 0.037076 0.019478 0.000779 0.331716 0.007790 2.411150 3124.331695
0.562056 0.041215 0.037047 0.019521 0.000785 0.331578 0.007798 2.415190 3127.786760
0.562161 0.041179 0.037087 0.019504 0.000783 0.331481 0.007805 2.419242 3131.511395
0.562268 0.041143 0.037156 0.019528 0.000781 0.331314 0.007811 2.423312 3134.518509
0.562345 0.041155 0.037129 0.019527 0.000785 0.331241 0.007818 2.427365 3138.543045
0.562419 0.041185 0.037101 0.019554 0.000784 0.331129 0.007827 2.431395 3142.902061
0.562535 0.041226 0.037054 0.019515 0.000782 0.331051 0.007837 2.435385 3146.882085
0.562667 0.041186 0.037100 0.019520 0.000776 0.330906 0.007845 2.439456 3151.339557
0.562681 0.041232 0.037122 0.019494 0.000781 0.330838 0.007852 2.443500 3155.036620
0.562754 0.041256 0.037145 0.019493 0.000784 0.330710 0.007859 2.447555 3159.366587
0.562851 0.041225 0.037181 0.019485 0.000790 0.330606 0.007863 2.451627 3162.984611
0.562911 0.041260 0.037147 0.019467 0.000789 0.330552 0.007873 2.455631 3166.209952
0.563023 0.041273 0.037088 0.019468 0.000796 0.330472 0.007880 2.459627 3169.727585
0.563137 0.041272 0.036993 0.019527 0.000791 0.330392 0.007888 2.463656 3173.362866
0.563187 0.041247 0.037077 0.019571 0.000784 0.330237 0.007899 2.467754 3178.393030
0.563353 0.041199 0.037107 0.019559 0.000781 0.330090 0.007911 2.471810 3182.948271
0.563400 0.041173 0.037124 0.019580 0.000776 0.330029 0.007917 2.475879 3186.804334
0.563477 0.041249 0.037101 0.019584 0.000782 0.329882 0.007924 2.479867 3189.658719
0.563538 0.041248 0.037155 0.019559 0.000786 0.329781 0.007933 2.483934 3193.775599
0.563662 0.041300 0.037098 0.019509 0.000785 0.329706 0.007940 2.487923 3198.078991
0.563705 0.041284 0.037133 0.019495 0.000788 0.329649 0.007946 2.492010 3202.131432
0.563786 0.041328 0.037114 0.019449 0.000784 0.329585 0.007954 2.496029 3206.308533
0.563783 0.041456 0.037122 0.019447 0.000784 0.329447 0.007961 2.500038 3210.308705
0.563900 0.041430 0.037141 0.019467 0.000789 0.329306 0.007967 2.504109 3214.300305
0.563875 0.041390 0.037208 0.019519 0.000784 0.329251 0.007974 2.508214 3218.201254
0.564000 0.041310 0.037222 0.019505 0.000791 0.329192 0.007980 2.512311 3221.826777
0.563996 0.041340 0.037260 0.019505 0.000788 0.329124 0.007987 2.516344 3225.721703
0.564159 0.041231 0.037285 0.019515 0.000786 0.329030 0.007994 2.520448 3229.632514
0.564190 0.041256 0.037247 0.019519 0.000786 0.328999 0.008003 2.524468 3233.351649
0.564292 0.041250 0.037204 0.019515 0.000792 0.328936 0.008012 2.528494 3237.061044
0.564348 0.041281 0.037182 0.019505 0.000793 0.328873 0.008018 2.532495 3240.505889
0.564386 0.041307 0.037235 0.019473 0.000794 0.328783 0.008023 2.536553 3244.160970
0.564427 0.041314 0.037285 0.019521 0.000797 0.328626 0.008030 2.540635 3247.310027
0.564457 0.041277 0.037342 0.019513 0.000791 0.328581 0.008039 2.544699 3251.244049
0.564513 0.041370 0.037298 0.019485 0.000796 0.328491 0.008046 2.548650 3255.101099
0.564550 0.041336 0.037266 0.019503 0.000799 0.328492 0.008054 2.552704 3259.149975
0.564645 0.041373 0.037235 0.019495 0.000798 0.328392 0.008062 2.556712 3263.645731
0.564716 0.041357 0.037244 0.019563 0.000796 0.328255 0.008069 2.560797 3267.573958
0.564799 0.041315 0.037260 0.019558 0.000798 0.328195 0.008076 2.564879 3270.626812
0.564833 0.041396 0.037223 0.019577 0.000798 0.328089 0.008082 2.568906 3274.843332
0.564940 0.041355 0.037218 0.019598 0.000799 0.328001 0.008090 2.572980 3278.698120
0.564957 0.041395 0.037198 0.019615 0.000794 0.327943 0.008098 2.577028 3282.730289
0.564975 0.041445 0.037171 0.019621 0.000791 0.327889 0.008108 2.581050 3286.547850
0.565028 0.041399 0.037187 0.019583 0.000793 0.327893 0.008117 2.585115 3290.205646
0.565108 0.041324 0.037196 0.019549 0.000795 0.327902 0.008126 2.589193 3294.125160
0.565202 0.041345 0.037158 0.019593 0.000792 0.327776 0.008133 2.593238 3297.934075
0.565277 0.041310 0.037173 0.019625 0.000786 0.327687 0.008142 2.597307 3302.615653
0.565316 0.041339 0.037165 0.019601 0.000782 0.327646 0.008152 2.601304 3306.699423
0.565371 0.041330 0.037155 0.019592 0.000780 0.327613 0.008159 2.605345 3311.090977
0.565438 0.041357 0.037119 0.019578 0.000779 0.327561 0.008167 2.609344 3314.046877
0.565484 0.041292 0.037171 0.019560 0.000779 0.327538 0.008176 2.613452 3318.142469
0.565493 0.041266 0.037170 0.019581 0.000779 0.327525 0.008185 2.617523 3322.011665
0.565598 0.041127 0.037246 0.019604 0.000780 0.327449 0.008196 2.621656 3325.592198
0.565613 0.041146 0.037274 0.019570 0.000789 0.327404 0.008203 2.625700 3329.228495
0.565660 0.041130 0.037293 0.019575 0.000788 0.327338 0.008215 2.629755 3333.347550
0.565732 0.041203 0.037252 0.019544 0.000795 0.327254 0.008221 2.633753 3337.174540
0.565765 0.041254 0.037208 0.019512 0.000793 0.327237 0.008230 2.637754 3341.661213
0.565928 0.041180 0.037211 0.019534 0.000797 0.327112 0.008239 2.641814 3345.959461
0.565908 0.041240 0.037227 0.019502 0.000798 0.327079 0.008245 2.645850 3349.921005
0.566021 0.041217 0.037236 0.019480 0.000798 0.326996 0.008251 2.649886 3353.752520
0.566071 0.041181 0.037230 0.019498 0.000801 0.326961 0.008257 2.653939 3356.982092
0.566126 0.041154 0.037210 0.019472 0.000803 0.326967 0.008267 2.657996 3361.023984
0.566133 0.041193 0.037150 0.019452 0.000801 0.326996 0.008275 2.662011 3365.674185
0.566132 0.041194 0.037128 0.019435 0.000799 0.327028 0.008285 2.666095 3369.499391
0.566227 0.041199 0.037117 0.019433 0.000796 0.326934 0.008294 2.670128 3373.573838
0.566248 0.041203 0.037089 0.019440 0.000791 0.326924 0.008305 2.674147 3377.531473
0.566249 0.041161 0.037112 0.019440 0.000795 0.326929 0.008313 2.678204 3380.661534
0.566322 0.041113 0.037097 0.019464 0.000789 0.326891 0.008324 2.682261 3385.193062
0.566343 0.041159 0.036993 0.019443 0.000789 0.326944 0.008329 2.686253 3388.995609
0.566412 0.041130 0.036982 0.019473 0.000793 0.326874 0.008336 2.690306 3392.411370
0.566487 0.041125 0.036989 0.019486 0.000797 0.326773 0.008343 2.694322 3396.207189
0.566486 0.041132 0.036952 0.019449 0.000799 0.326832 0.008350 2.698363 3400.783592
0.566520 0.041193 0.036955 0.019424 0.000801 0.326748 0.008358 2.702388 3404.481841
0.566541 0.041178 0.036955 0.019430 0.000799 0.326731 0.008366 2.706431 3408.531595
0.566582 0.041181 0.036935 0.019429 0.000800 0.326700 0.008373 2.710463 3412.230499
0.566641 0.041243 0.036893 0.019379 0.000800 0.326663 0.008381 2.714447 3416.178576
0.566609 0.041273 0.036867 0.019335 0.000807 0.326719 0.008390 2.718465 3419.767114
0.566619 0.041282 0.036925 0.019338 0.000803 0.326636 0.008397 2.722481 3423.351816
0.566682 0.041272 0.036965 0.019377 0.000810 0.326490 0.008405 2.726514 3426.821465
0.566787 0.041251 0.036963 0.019389 0.000811 0.326386 0.008413 2.730549 3430.656577
0.566784 0.041303 0.036995 0.019342 0.000807 0.326347 0.008422 2.734564 3435.350539
0.566787 0.041364 0.037024 0.019322 0.000808 0.326266 0.008428 2.738573 3439.097698
0.566857 0.041373 0.037039 0.019287 0.000805 0.326202 0.008438 2.742593 3444.050214
0.566936 0.041352 0.037073 0.019301 0.000808 0.326085 0.008444 2.746631 3448.016698
0.566899 0.041374 0.037049 0.019298 0.000808 0.326122 0.008450 2.750691 3451.404213
0.566869 0.041406 0.037056 0.019298 0.000812 0.326101 0.008457 2.754742 3454.148486
0.566991 0.041261 0.037123 0.019331 0.000811 0.326017 0.008466 2.758855 3458.799425
0.566992 0.041280 0.037176 0.019313 0.000817 0.325949 0.008474 2.762902 3462.425363
0.566933 0.041312 0.037195 0.019313 0.000818 0.325948 0.008481 2.766956 3466.612242
0.567017 0.041288 0.037173 0.019340 0.000822 0.325870 0.008489 2.771004 3470.785188
0.567015 0.041296 0.037159 0.019326 0.000825 0.325883 0.008497 2.775054 3474.765801
0.566997 0.041329 0.037136 0.019336 0.000821 0.325878 0.008503 2.779085 3478.573646
0.567011 0.041311 0.037100 0.019322 0.000813 0.325931 0.008512 2.783121 3483.066787
0.567003 0.041321 0.037103 0.019371 0.000809 0.325874 0.008520 2.787151 3487.555624
0.567073 0.041261 0.037137 0.019338 0.000810 0.325852 0.008529 2.791209 3491.552874
0.567073 0.041306 0.037095 0.019293 0.000808 0.325890 0.008535 2.795188 3495.517102
0.567119 0.041322 0.037125 0.019291 0.000807 0.325792 0.008544 2.799258 3499.891917
0.567130 0.041364 0.037135 0.019266 0.000801 0.325752 0.008553 2.803256 3504.453328
0.567141 0.041362 0.037184 0.019280 0.000800 0.325673 0.008561 2.807310 3507.832862
0.567191 0.041381 0.037166 0.019320 0.000802 0.325569 0.008570 2.811318 3512.353182
0.567219 0.041352 0.037198 0.019354 0.000794 0.325505 0.008578 2.815388 3517.380367
0.567240 0.041308 0.037185 0.019330 0.000803 0.325550 0.008585 2.819437 3521.660566
0.567318 0.041270 0.037156 0.019309 0.000805 0.325548 0.008593 2.823494 3525.282238
0.567310 0.041246 0.037091 0.019396 0.000805 0.325551 0.008600 2.827547 3529.132347
0.567356 0.041256 0.037073 0.019387 0.000802 0.325518 0.008608 2.831597 3532.747210
0.567388 0.041242 0.037069 0.019359 0.000802 0.325525 0.008615 2.835648 3536.872713
0.567454 0.041213 0.037050 0.019370 0.000803 0.325486 0.008624 2.839693 3540.093093
0.567461 0.041201 0.037059 0.019374 0.000807 0.325468 0.008631 2.843741 3543.849692
0.567531 0.041140 0.037126 0.019395 0.000810 0.325360 0.008638 2.847812 3547.662472
0.567535 0.041157 0.037143 0.019384 0.000807 0.325329 0.008645 2.851859 3551.572609
0.567582 0.041128 0.037126 0.019389 0.000802 0.325316 0.008656 2.855896 3555.522498
0.567707 0.041107 0.037122 0.019361 0.000805 0.325235 0.008664 2.859925 3559.497664
0.567728 0.041092 0.037136 0.019358 0.000804 0.325208 0.008675 2.863970 3563.936518
0.567878 0.040997 0.037146 0.019344 0.000808 0.325144 0.008684 2.868004 3567.684658
0.567925 0.041001 0.037110 0.019326 0.000807 0.325139 0.008692 2.872027 3571.825514
0.567958 0.041053 0.037070 0.019305 0.000804 0.325108 0.008702 2.876012 3576.088959
0.568032 0.041025 0.037076 0.019296 0.000800 0.325059 0.008712 2.880053 3581.049160
0.568109 0.041015 0.037047 0.019307 0.000796 0.325003 0.008724 2.884045 3585.352731
0.568159 0.041008 0.037003 0.019317 0.000797 0.324984 0.008731 2.888051 3589.472458
0.568193 0.041032 0.036956 0.019297 0.000793 0.324989 0.008741 2.892032 3594.578185
0.568194 0.041041 0.036956 0.019276 0.000793 0.324989 0.008750 2.896048 3597.712686
0.568278 0.041043 0.036927 0.019319 0.000797 0.324879 0.008756 2.900050 3601.803550
0.568296 0.041043 0.036956 0.019343 0.000803 0.324795 0.008763 2.904122 3605.662526
0.568358 0.041021 0.036982 0.019330 0.000805 0.324733 0.008770 2.908172 3609.178367
0.568362 0.040984 0.037023 0.019323 0.000803 0.324724 0.008780 2.912228 3613.302774
0.568400 0.040974 0.037003 0.019334 0.000807 0.324694 0.008788 2.916263 3616.712284
0.568410 0.041043 0.037016 0.019301 0.000812 0.324622 0.008796 2.920295 3620.463071
0.568421 0.041051 0.037069 0.019294 0.000812 0.324548 0.008804 2.924339 3623.682593
0.568495 0.041116 0.037025 0.019311 0.000811 0.324431 0.008812 2.928332 3627.590985
0.568467 0.041103 0.037010 0.019338 0.000805 0.324457 0.008820 2.932376 3631.892279
0.568504 0.041136 0.037013 0.019339 0.000806 0.324371 0.008831 2.936400 3635.459864
0.568545 0.041174 0.036956 0.019312 0.000806 0.324370 0.008838 2.940390 3639.497962
0.568661 0.041165 0.036962 0.019302 0.000808 0.324258 0.008846 2.944424 3642.842482
0.568615 0.041236 0.036966 0.019292 0.000805 0.324233 0.008853 2.948442 3647.477930
0.568647 0.041321 0.036918 0.019286 0.000810 0.324158 0.008860 2.952448 3651.084771
0.568711 0.041349 0.036934 0.019261 0.000814 0.324064 0.008868 2.956441 3655.097561
0.568698 0.041316 0.037040 0.019236 0.000812 0.324021 0.008877 2.960509 3659.093545
0.568706 0.041358 0.037051 0.019220 0.000806 0.323974 0.008886 2.964521 3664.229319
0.568715 0.041363 0.037056 0.019229 0.000807 0.323940 0.008891 2.968563 3668.861332
0.568674 0.041371 0.037088 0.019227 0.000807 0.323932 0.008900 2.972613 3672.629915
0.568611 0.041371 0.037127 0.019257 0.000803 0.323923 0.008907 2.976698 3677.851966
0.568660 0.041384 0.037120 0.019269 0.000810 0.323843 0.008915 2.980716 3681.710098
0.568538 0.041389 0.037148 0.019287 0.000804 0.323911 0.008923 2.984842 3686.403474
0.568531 0.041410 0.037114 0.019237 0.000808 0.323967 0.008931 2.988879 3689.839820
0.568596 0.041376 0.037106 0.019294 0.000803 0.323883 0.008940 2.992946 3695.093453
0.568567 0.041424 0.037093 0.019300 0.000797 0.323869 0.008949 2.996985 3699.382085
0.568590 0.041340 0.037115 0.019352 0.000799 0.323847 0.008956 3.001084 3702.819881
0.568618 0.041321 0.037123 0.019390 0.000795 0.323788 0.008965 3.005146 3706.645754
0.568635 0.041349 0.037122 0.019387 0.000795 0.323739 0.008973 3.009179 3710.092865
0.568649 0.041323 0.037173 0.019383 0.000798 0.323694 0.008980 3.013263 3714.349279
0.568628 0.041367 0.037166 0.019356 0.000798 0.323697 0.008988 3.017294 3718.380496
0.568595 0.041303 0.037153 0.019412 0.000797 0.323741 0.008998 3.021400 3722.797758
0.568609 0.041267 0.037154 0.019420 0.000791 0.323753 0.009007 3.025465 3727.260882
0.568584 0.041277 0.037195 0.019401 0.000799 0.323729 0.009014 3.029555 3730.813372
0.568565 0.041272 0.037182 0.019424 0.000805 0.323729 0.009023 3.033609 3734.176697
0.568607 0.041280 0.037195 0.019398 0.000803 0.323685 0.009031 3.037671 3738.222334
0.568559 0.041339 0.037189 0.019405 0.000803 0.323670 0.009035 3.041703 3741.940265
0.568518 0.041391 0.037143 0.019436 0.000802 0.323667 0.009043 3.045740 3746.038369
0.568533 0.041368 0.037139 0.019421 0.000804 0.323686 0.009051 3.049793 3750.703741
0.568448 0.041392 0.037171 0.019446 0.000805 0.323677 0.009061 3.053859 3755.394955
0.568422 0.041477 0.037149 0.019441 0.000805 0.323635 0.009071 3.057857 3759.360066
0.568373 0.041537 0.037132 0.019401 0.000803 0.323673 0.009080 3.061909 3764.670933
0.568411 0.041495 0.037144 0.019405 0.000800 0.323656 0.009089 3.065971 3769.139734
0.568337 0.041534 0.037173 0.019411 0.000804 0.323648 0.009094 3.070031 3772.208392
0.568355 0.041482 0.037238 0.019426 0.000799 0.323599 0.009102 3.074145 3776.895961
0.568373 0.041487 0.037211 0.019407 0.000798 0.323616 0.009109 3.078178 3780.195742
0.568318 0.041458 0.037212 0.019470 0.000790 0.323633 0.009119 3.082292 3784.821298
0.568360 0.041450 0.037152 0.019453 0.000791 0.323666 0.009127 3.086308 3788.689638
0.568402 0.041451 0.037154 0.019439 0.000794 0.323626 0.009134 3.090332 3792.073925
0.568512 0.041368 0.037141 0.019472 0.000805 0.323561 0.009141 3.094431 3795.027540
0.568581 0.041309 0.037126 0.019530 0.000810 0.323495 0.009150 3.098496 3799.317973
0.568570 0.041282 0.037131 0.019570 0.000813 0.323478 0.009158 3.102593 3802.797309
0.568595 0.041282 0.037122 0.019557 0.000813 0.323466 0.009165 3.106641 3806.985978
0.568553 0.041321 0.037103 0.019541 0.000810 0.323498 0.009174 3.110671 3811.361469
0.568509 0.041318 0.037126 0.019555 0.000806 0.323503 0.009184 3.114731 3816.188283
0.568560 0.041222 0.037183 0.019573 0.000805 0.323467 0.009190 3.118841 3820.336382
0.568535 0.041312 0.037133 0.019580 0.000803 0.323436 0.009200 3.122836 3824.280891
0.568475 0.041292 0.037124 0.019560 0.000806 0.323534 0.009209 3.126907 3828.241377
0.568511 0.041229 0.037079 0.019571 0.000810 0.323583 0.009217 3.130978 3831.458168
0.568504 0.041279 0.037084 0.019580 0.000814 0.323515 0.009224 3.135021 3834.979048
0.568500 0.041238 0.037109 0.019600 0.000812 0.323511 0.009230 3.139061 3839.080393
0.568473 0.041192 0.037097 0.019661 0.000808 0.323533 0.009237 3.143138 3843.246835
0.568639 0.041153 0.037067 0.019608 0.000813 0.323477 0.009245 3.147161 3846.800607
0.568653 0.041162 0.037011 0.019599 0.000810 0.323513 0.009253 3.151181 3851.188248
0.568667 0.041119 0.036973 0.019605 0.000809 0.323567 0.009259 3.155227 3855.297300
0.568676 0.041146 0.036971 0.019595 0.000812 0.323532 0.009269 3.159276 3859.012722
0.568624 0.041113 0.037009 0.019591 0.000806 0.323579 0.009278 3.163351 3863.256918
0.568678 0.041059 0.037072 0.019556 0.000816 0.323534 0.009285 3.167386 3866.716204
0.568712 0.041030 0.037042 0.019551 0.000813 0.323561 0.009291 3.171409 3870.305359
0.568702 0.040973 0.037021 0.019575 0.000810 0.323620 0.009300 3.175445 3874.929689
0.568732 0.040949 0.037013 0.019542 0.000822 0.323636 0.009307 3.179455 3878.513605
0.568874 0.040860 0.036998 0.019532 0.000823 0.323600 0.009314 3.183485 3881.801687
0.569020 0.040829 0.036979 0.019511 0.000828 0.323514 0.009319 3.187481 3885.796906
0.569020 0.040877 0.036956 0.019467 0.000823 0.323527 0.009329 3.191456 3890.164446
0.569036 0.040889 0.036920 0.019474 0.000820 0.323523 0.009337 3.195489 3894.499360
0.569139 0.040848 0.036923 0.019446 0.000824 0.323479 0.009342 3.199499 3897.606906
0.569258 0.040784 0.036924 0.019456 0.000825 0.323404 0.009350 3.203531 3901.564164
0.569273 0.040737 0.036996 0.019485 0.000830 0.323323 0.009356 3.207613 3905.569412
0.569295 0.040712 0.036986 0.019441 0.000830 0.323373 0.009364 3.211621 3909.002148
0.569321 0.040740 0.036988 0.019465 0.000823 0.323291 0.009373 3.215640 3914.189472
0.569322 0.040746 0.036940 0.019461 0.000819 0.323333 0.009379 3.219625 3917.670629
0.569380 0.040773 0.036888 0.019427 0.000826 0.323320 0.009386 3.223586 3920.913697
0.569359 0.040779 0.036853 0.019438 0.000820 0.323356 0.009396 3.227609 3924.702124
0.569367 0.040862 0.036807 0.019401 0.000817 0.323343 0.009403 3.231525 3928.770273
0.569416 0.040898 0.036782 0.019373 0.000819 0.323300 0.009412 3.235506 3933.654027
0.569378 0.040978 0.036801 0.019324 0.000818 0.323282 0.009419 3.239487 3937.331599
0.569359 0.041009 0.036820 0.019320 0.000816 0.323250 0.009426 3.243499 3941.274336
0.569373 0.041002 0.036846 0.019326 0.000812 0.323208 0.009433 3.247544 3945.727388
0.569381 0.041072 0.036766 0.019369 0.000813 0.323158 0.009441 3.251548 3949.960799
0.569370 0.041074 0.036782 0.019359 0.000814 0.323151 0.009451 3.255570 3954.503723
0.569425 0.041077 0.036784 0.019402 0.000812 0.323041 0.009459 3.259599 3958.994356
0.569436 0.041097 0.036839 0.019436 0.000812 0.322912 0.009468 3.263651 3962.876832
0.569368 0.041113 0.036838 0.019412 0.000810 0.322981 0.009477 3.267677 3967.479475
0.569442 0.041082 0.036783 0.019426 0.000816 0.322967 0.009484 3.271682 3970.811784
0.569460 0.041115 0.036772 0.019410 0.000814 0.322939 0.009490 3.275681 3974.820328
0.569508 0.041005 0.036804 0.019449 0.000811 0.322924 0.009500 3.279745 3979.117223
0.569500 0.041073 0.036799 0.019419 0.000807 0.322891 0.009512 3.283728 3983.885994
0.569468 0.041040 0.036872 0.019420 0.000806 0.322875 0.009519 3.287807 3988.163365
0.569446 0.041031 0.036890 0.019458 0.000808 0.322840 0.009528 3.291843 3992.138226
0.569308 0.041097 0.036900 0.019493 0.000811 0.322856 0.009535 3.295874 3995.788445
0.569301 0.041082 0.036858 0.019520 0.000811 0.322885 0.009542 3.299905 3999.766206
0.569308 0.041063 0.036846 0.019539 0.000807 0.322887 0.009551 3.303937 4004.247189
0.569235 0.041089 0.036883 0.019551 0.000805 0.322879 0.009558 3.307989 4008.862297
0.569283 0.041050 0.036903 0.019547 0.000803 0.322847 0.009567 3.312026 4012.893486
0.569261 0.041079 0.036944 0.019532 0.000800 0.322807 0.009576 3.316051 4017.334283
0.569201 0.041047 0.037006 0.019546 0.000800 0.322817 0.009584 3.320148 4021.642472
0.569232 0.041017 0.037016 0.019519 0.000802 0.322822 0.009592 3.324185 4025.498749
0.569259 0.040920 0.037035 0.019512 0.000802 0.322870 0.009601 3.328253 4029.921617
0.569208 0.040946 0.037076 0.019461 0.000794 0.322907 0.009608 3.332267 4034.272948
0.569166 0.040942 0.037100 0.019438 0.000803 0.322934 0.009618 3.336330 4037.873250
0.569215 0.040873 0.037125 0.019423 0.000802 0.322938 0.009624 3.340394 4041.826126
0.569272 0.040920 0.037108 0.019413 0.000800 0.322857 0.009630 3.344374 4045.764614
0.569327 0.040942 0.037054 0.019450 0.000795 0.322796 0.009637 3.348377 4049.811773
0.569295 0.040965 0.037062 0.019450 0.000798 0.322787 0.009644 3.352371 4053.797741
0.569413 0.040780 0.037118 0.019506 0.000796 0.322735 0.009652 3.356489 4058.129053
0.569440 0.040749 0.037116 0.019535 0.000795 0.322704 0.009660 3.360520 4062.827232
0.569464 0.040714 0.037142 0.019538 0.000796 0.322679 0.009667 3.364566 4066.888302
0.569516 0.040786 0.037143 0.019470 0.000794 0.322614 0.009676 3.368545 4070.895437
0.569491 0.040807 0.037172 0.019467 0.000793 0.322587 0.009684 3.372576 4073.988888
0.569450 0.040849 0.037121 0.019449 0.000792 0.322647 0.009692 3.376544 4078.422378
0.569490 0.040854 0.037080 0.019408 0.000793 0.322675 0.009700 3.380528 4082.021986
0.569474 0.040863 0.037086 0.019367 0.000792 0.322711 0.009708 3.384550 4086.398493
0.569407 0.040880 0.037035 0.019385 0.000798 0.322781 0.009714 3.388577 4089.052010
0.569457 0.040807 0.037063 0.019408 0.000800 0.322742 0.009724 3.392642 4092.340953
0.569531 0.040822 0.037033 0.019410 0.000802 0.322671 0.009730 3.396642 4096.313948
0.569565 0.040890 0.037006 0.019392 0.000802 0.322608 0.009737 3.400615 4100.765387
0.569530 0.040934 0.036987 0.019381 0.000809 0.322616 0.009744 3.404637 4105.259094
0.569513 0.040959 0.037008 0.019372 0.000806 0.322591 0.009751 3.408671 4109.086735
0.569447 0.040995 0.037005 0.019390 0.000811 0.322592 0.009760 3.412667 4112.981676
0.569451 0.041108 0.037000 0.019333 0.000814 0.322525 0.009768 3.416637 4116.698904
0.569500 0.041038 0.037043 0.019362 0.000806 0.322472 0.009778 3.420702 4120.769881
0.569605 0.040930 0.037107 0.019378 0.000811 0.322382 0.009788 3.424745 4124.398662
0.569587 0.040948 0.037057 0.019330 0.000810 0.322471 0.009798 3.428752 4128.401286
0.569657 0.040953 0.037025 0.019330 0.000806 0.322420 0.009809 3.432767 4132.703375
0.569723 0.040970 0.036980 0.019296 0.000805 0.322408 0.009818 3.436752 4137.265378
0.569768 0.040954 0.036953 0.019303 0.000806 0.322391 0.009825 3.440804 4140.925985
0.569716 0.040949 0.036954 0.019333 0.000805 0.322412 0.009831 3.444840 4145.033449
0.569744 0.040980 0.036910 0.019329 0.000804 0.322396 0.009836 3.448839 4149.290917
0.569736 0.041046 0.036847 0.019337 0.000803 0.322385 0.009845 3.452789 4153.320329
0.569734 0.041076 0.036873 0.019366 0.000804 0.322296 0.009852 3.456803 4156.204379
0.569666 0.041073 0.036866 0.019343 0.000803 0.322389 0.009860 3.460822 4161.150066
0.569661 0.041028 0.036881 0.019364 0.000807 0.322391 0.009868 3.464908 4164.722748
0.569694 0.041026 0.036885 0.019382 0.000811 0.322325 0.009878 3.468920 4168.594491
0.569744 0.040993 0.036894 0.019372 0.000805 0.322308 0.009884 3.472913 4172.512247
0.569901 0.040931 0.036862 0.019350 0.000802 0.322263 0.009891 3.476896 4176.017942
0.569879 0.040991 0.036808 0.019324 0.000802 0.322296 0.009900 3.480898 4179.738502
0.569844 0.040993 0.036863 0.019296 0.000801 0.322294 0.009909 3.484914 4183.589711
0.569916 0.041014 0.036876 0.019260 0.000806 0.322213 0.009916 3.488905 4188.068508
0.569820 0.041051 0.036828 0.019293 0.000802 0.322283 0.009923 3.492924 4192.056591
0.569812 0.041053 0.036828 0.019279 0.000797 0.322300 0.009931 3.496930 4197.249003
0.569845 0.041086 0.036829 0.019265 0.000796 0.322237 0.009942 3.500934 4201.037763
0.569917 0.041003 0.036882 0.019302 0.000798 0.322152 0.009947 3.505009 4205.547949
0.569972 0.041017 0.036876 0.019328 0.000793 0.322057 0.009955 3.509017 4209.806318
0.569902 0.041019 0.036855 0.019356 0.000792 0.322113 0.009963 3.513055 4213.585955
0.570016 0.040976 0.036865 0.019390 0.000791 0.321991 0.009971 3.517061 4218.499336
0.569972 0.040996 0.036835 0.019417 0.000791 0.322013 0.009976 3.521099 4222.007342
0.569951 0.041037 0.036832 0.019412 0.000787 0.321995 0.009986 3.525112 4225.958405
0.569800 0.041157 0.036903 0.019334 0.000791 0.322021 0.009994 3.529107 4229.372654
0.569812 0.041167 0.036871 0.019297 0.000787 0.322063 0.010003 3.533097 4233.334106
0.569837 0.041093 0.036833 0.019325 0.000787 0.322113 0.010012 3.537175 4237.823200
0.569884 0.041073 0.036875 0.019310 0.000785 0.322056 0.010018 3.541187 4243.152413
0.569895 0.041052 0.036912 0.019313 0.000782 0.322021 0.010026 3.545237 4247.044581
0.569904 0.041054 0.036920 0.019298 0.000780 0.322011 0.010033 3.549238 4250.562905
0.569911 0.041050 0.036911 0.019287 0.000784 0.322017 0.010040 3.553283 4254.217574
0.569933 0.041054 0.036830 0.019288 0.000787 0.322058 0.010049 3.557275 4258.596759
0.569990 0.041016 0.036888 0.019310 0.000788 0.321952 0.010057 3.561330 4262.966353
0.569978 0.040963 0.036893 0.019327 0.000791 0.321984 0.010065 3.565391 4266.500798
0.569829 0.040988 0.036886 0.019363 0.000796 0.322068 0.010070 3.569445 4269.523474
0.569910 0.040949 0.036916 0.019376 0.000795 0.321975 0.010080 3.573470 4275.069062
0.569955 0.040966 0.036910 0.019376 0.000800 0.321906 0.010086 3.577466 4278.694217
0.569975 0.040945 0.036900 0.019404 0.000803 0.321880 0.010093 3.581500 4281.597527
0.569934 0.040977 0.036865 0.019431 0.000810 0.321881 0.010101 3.585509 4285.062100
0.569995 0.040927 0.036902 0.019432 0.000804 0.321829 0.010111 3.589556 4290.121801
0.570007 0.040870 0.036897 0.019447 0.000801 0.321860 0.010118 3.593620 4294.401446
0.570039 0.040860 0.036868 0.019413 0.000805 0.321888 0.010128 3.597605 4298.278679
0.570060 0.040888 0.036821 0.019404 0.000800 0.321891 0.010136 3.601572 4303.221225
0.570094 0.040925 0.036793 0.019385 0.000794 0.321864 0.010144 3.605537 4308.135978
0.570030 0.041007 0.036849 0.019353 0.000794 0.321815 0.010152 3.609520 4311.865605
0.570095 0.041008 0.036811 0.019352 0.000793 0.321781 0.010160 3.613494 4315.457843
0.570100 0.040946 0.036855 0.019388 0.000794 0.321751 0.010167 3.617555 4319.677377
0.570102 0.040941 0.036858 0.019424 0.000792 0.321708 0.010175 3.621584 4322.963275
0.570166 0.040837 0.036901 0.019463 0.000795 0.321657 0.010182 3.625660 4326.608294
0.570155 0.040818 0.036824 0.019466 0.000793 0.321758 0.010187 3.629646 4330.072560
0.570178 0.040811 0.036809 0.019474 0.000798 0.321737 0.010192 3.633643 4332.996131
0.570130 0.040877 0.036835 0.019446 0.000806 0.321707 0.010199 3.637619 4336.334920
0.570139 0.040891 0.036800 0.019428 0.000805 0.321732 0.010205 3.641588 4339.648417
0.570193 0.040876 0.036842 0.019418 0.000806 0.321656 0.010210 3.645603 4343.030628
0.570149 0.040892 0.036828 0.019455 0.000805 0.321654 0.010217 3.649611 4347.025435
0.570117 0.040933 0.036803 0.019418 0.000817 0.321688 0.010223 3.653588 4350.076838
0.570091 0.040981 0.036823 0.019393 0.000825 0.321656 0.010231 3.657573 4354.082620
0.570119 0.040962 0.036827 0.019419 0.000828 0.321607 0.010238 3.661607 4357.501639
0.570212 0.040943 0.036878 0.019425 0.000828 0.321473 0.010242 3.665634 4361.911294
0.570236 0.040959 0.036855 0.019438 0.000830 0.321431 0.010251 3.669624 4365.840102
0.570156 0.040991 0.036814 0.019424 0.000828 0.321529 0.010258 3.673616 4369.893290
0.570162 0.040977 0.036866 0.019434 0.000823 0.321473 0.010266 3.677661 4374.931526
0.570173 0.041023 0.036858 0.019428 0.000821 0.321424 0.010274 3.681648 4378.687121
0.570141 0.041074 0.036803 0.019383 0.000822 0.321496 0.010281 3.685642 4383.132075
0.570129 0.041090 0.036829 0.019396 0.000826 0.321442 0.010289 3.689678 4386.714356
0.570151 0.041030 0.036848 0.019452 0.000819 0.321402 0.010299 3.693724 4390.794536
0.570049 0.041062 0.036850 0.019451 0.000820 0.321463 0.010306 3.697740 4394.259380
0.570035 0.041113 0.036859 0.019452 0.000822 0.321406 0.010314 3.701759 4398.258368
0.570030 0.041139 0.036855 0.019432 0.000815 0.321407 0.010323 3.705766 4402.653541
0.569978 0.041140 0.036841 0.019378 0.000823 0.321509 0.010331 3.709772 4407.040582
0.569931 0.041147 0.036841 0.019399 0.000826 0.321515 0.010341 3.713829 4410.935864
0.569916 0.041142 0.036793 0.019401 0.000821 0.321579 0.010348 3.717857 4416.087973
0.569935 0.041115 0.036795 0.019407 0.000813 0.321578 0.010358 3.721902 4420.891504
0.569845 0.041122 0.036835 0.019405 0.000812 0.321613 0.010369 3.725968 4425.603474
0.569860 0.041144 0.036858 0.019382 0.000815 0.321563 0.010378 3.729978 4430.120812
0.569808 0.041181 0.036845 0.019403 0.000817 0.321562 0.010385 3.734019 4434.184967
0.569778 0.041176 0.036887 0.019426 0.000813 0.321527 0.010393 3.738090 4438.308440
0.569791 0.041086 0.036904 0.019488 0.000811 0.321519 0.010401 3.742185 4443.408741
0.569800 0.041081 0.036914 0.019484 0.000807 0.321506 0.010408 3.746214 4447.647401
0.569724 0.041080 0.036933 0.019489 0.000806 0.321551 0.010416 3.750258 4451.074507
0.569699 0.041053 0.036903 0.019516 0.000805 0.321603 0.010421 3.754299 4455.648442
0.569701 0.041055 0.036868 0.019524 0.000795 0.321626 0.010430 3.758310 4460.401857
0.569707 0.041088 0.036860 0.019524 0.000793 0.321588 0.010440 3.762310 4464.425891
0.569758 0.041080 0.036868 0.019528 0.000797 0.321523 0.010445 3.766332 4467.358635
0.569783 0.041063 0.036869 0.019509 0.000795 0.321526 0.010454 3.770355 4471.385473
0.569738 0.041138 0.036840 0.019487 0.000795 0.321540 0.010461 3.774337 4475.562480
0.569686 0.041160 0.036888 0.019512 0.000794 0.321489 0.010470 3.778412 4479.886008
0.569700 0.041251 0.036875 0.019471 0.000791 0.321437 0.010477 3.782394 4484.714708
0.569668 0.041280 0.036815 0.019462 0.000793 0.321497 0.010485 3.786392 4488.709851
0.569615 0.041289 0.036838 0.019485 0.000791 0.321491 0.010493 3.790420 4492.654088
0.569560 0.041287 0.036884 0.019480 0.000797 0.321493 0.010500 3.794489 4497.224963
0.569513 0.041300 0.036944 0.019481 0.000792 0.321461 0.010509 3.798550 4500.563366
0.569522 0.041315 0.036937 0.019463 0.000794 0.321455 0.010514 3.802552 4504.477798
0.569512 0.041318 0.036953 0.019439 0.000793 0.321464 0.010521 3.806574 4507.910526
0.569512 0.041357 0.036880 0.019416 0.000793 0.321515 0.010528 3.810566 4511.789019
0.569491 0.041349 0.036888 0.019392 0.000794 0.321550 0.010535 3.814596 4516.326531
0.569500 0.041371 0.036898 0.019400 0.000797 0.321491 0.010542 3.818613 4519.530643
0.569456 0.041299 0.037000 0.019413 0.000796 0.321488 0.010548 3.822696 4523.133319
0.569409 0.041266 0.037021 0.019400 0.000799 0.321551 0.010554 3.826738 4526.818199
0.569323 0.041324 0.037026 0.019361 0.000800 0.321602 0.010563 3.830749 4530.532740
0.569272 0.041381 0.037003 0.019321 0.000799 0.321653 0.010571 3.834742 4534.471219
0.569189 0.041376 0.037039 0.019331 0.000794 0.321692 0.010579 3.838820 4538.846691
0.569130 0.041342 0.037065 0.019417 0.000788 0.321675 0.010584 3.842902 4542.723921
0.569055 0.041387 0.037089 0.019434 0.000789 0.321652 0.010593 3.846964 4546.298863
0.569049 0.041397 0.037043 0.019456 0.000788 0.321665 0.010601 3.850964 4550.807278
0.568949 0.041380 0.037083 0.019507 0.000786 0.321686 0.010610 3.855058 4555.442880
0.569088 0.041282 0.037070 0.019508 0.000789 0.321644 0.010619 3.859133 4559.918058
0.569079 0.041286 0.037098 0.019481 0.000791 0.321639 0.010626 3.863172 4563.149049
0.569118 0.041329 0.037050 0.019477 0.000793 0.321601 0.010632 3.867173 4567.140158
0.569106 0.041280 0.037096 0.019479 0.000795 0.321607 0.010637 3.871228 4571.462675
0.568999 0.041314 0.037067 0.019476 0.000793 0.321706 0.010646 3.875273 4576.277893
0.569003 0.041359 0.037001 0.019466 0.000788 0.321729 0.010655 3.879240 4580.384473
0.568967 0.041343 0.037029 0.019461 0.000784 0.321753 0.010663 3.883297 4585.499457
0.569023 0.041248 0.037102 0.019455 0.000775 0.321725 0.010672 3.887357 4589.847256
0.568980 0.041265 0.037093 0.019426 0.000776 0.321779 0.010682 3.891387 4594.134546
0.569007 0.041213 0.037110 0.019426 0.000783 0.321770 0.010691 3.895442 4597.463937
0.568968 0.041197 0.037109 0.019442 0.000787 0.321800 0.010697 3.899481 4600.939998
0.568925 0.041273 0.037107 0.019421 0.000784 0.321787 0.010704 3.903468 4604.927023
0.568883 0.041320 0.037106 0.019408 0.000785 0.321786 0.010712 3.907485 4609.125774
0.568905 0.041312 0.037147 0.019418 0.000783 0.321716 0.010720 3.911520 4612.855390
0.568905 0.041311 0.037187 0.019389 0.000778 0.321702 0.010727 3.915574 4616.947304
0.568924 0.041242 0.037210 0.019363 0.000785 0.321744 0.010734 3.919641 4620.697551
0.568951 0.041177 0.037213 0.019440 0.000786 0.321690 0.010744 3.923752 4624.863649
0.568949 0.041172 0.037198 0.019392 0.000788 0.321748 0.010752 3.927804 4628.202544
0.568877 0.041296 0.037116 0.019395 0.000786 0.321770 0.010759 3.931827 4632.393437
0.568910 0.041218 0.037133 0.019378 0.000786 0.321810 0.010766 3.935891 4635.169038
0.568810 0.041238 0.037156 0.019433 0.000790 0.321800 0.010772 3.939965 4637.891958
0.568822 0.041212 0.037145 0.019471 0.000783 0.321785 0.010782 3.944021 4642.960662
0.568827 0.041210 0.037099 0.019452 0.000784 0.321839 0.010789 3.948039 4646.923845
0.568860 0.041252 0.037027 0.019462 0.000779 0.321823 0.010798 3.952021 4651.421092
0.568862 0.041290 0.037017 0.019454 0.000783 0.321789 0.010803 3.956043 4654.918688
0.568782 0.041343 0.036987 0.019414 0.000784 0.321882 0.010810 3.960059 4658.848705
0.568733 0.041280 0.037083 0.019447 0.000783 0.321857 0.010817 3.964168 4662.872044
0.568707 0.041282 0.037053 0.019462 0.000779 0.321892 0.010826 3.968190 4666.910316
0.568675 0.041255 0.037054 0.019479 0.000781 0.321924 0.010833 3.972239 4670.378079
0.568613 0.041283 0.037067 0.019496 0.000779 0.321921 0.010842 3.976259 4674.989087
0.568622 0.041280 0.037058 0.019479 0.000782 0.321930 0.010849 3.980290 4678.602415
0.568688 0.041189 0.037098 0.019554 0.000786 0.321826 0.010859 3.984383 4682.675199
0.568696 0.041192 0.037082 0.019507 0.000792 0.321866 0.010866 3.988410 4686.328218
0.568725 0.041188 0.037095 0.019508 0.000790 0.321821 0.010874 3.992440 4689.735078
0.568701 0.041169 0.037131 0.019499 0.000790 0.321826 0.010884 3.996488 4693.245248
0.568729 0.041117 0.037116 0.019498 0.000791 0.321856 0.010892 4.000564 4697.753135
0.568658 0.041182 0.037135 0.019439 0.000793 0.321892 0.010901 4.004580 4701.656060
0.568619 0.041204 0.037071 0.019420 0.000786 0.321990 0.010910 4.008597 4705.968807
0.568650 0.041199 0.037056 0.019411 0.000790 0.321977 0.010916 4.012590 4709.173851
0.568619 0.041209 0.037058 0.019439 0.000789 0.321964 0.010922 4.016632 4713.683611
0.568686 0.041110 0.036994 0.019473 0.000788 0.322018 0.010931 4.020695 4717.571223
0.568690 0.041119 0.037033 0.019423 0.000789 0.322007 0.010939 4.024721 4721.149392
0.568615 0.041157 0.037016 0.019458 0.000790 0.322015 0.010949 4.028754 4724.628014
0.568584 0.041192 0.037016 0.019429 0.000788 0.322037 0.010954 4.032751 4727.972070
0.568620 0.041146 0.037029 0.019439 0.000785 0.322016 0.010965 4.036809 4732.229869
0.568634 0.041145 0.037024 0.019466 0.000782 0.321976 0.010973 4.040829 4736.517951
0.568667 0.041128 0.036975 0.019477 0.000783 0.321988 0.010982 4.044842 4741.258472
0.568705 0.041123 0.036946 0.019494 0.000785 0.321960 0.010988 4.048855 4745.084932
0.568695 0.041085 0.036938 0.019498 0.000791 0.321996 0.010996 4.052925 4748.187264
0.568762 0.041000 0.036970 0.019505 0.000790 0.321970 0.011004 4.056986 4752.511928
0.568843 0.040949 0.037033 0.019493 0.000795 0.321877 0.011011 4.061043 4755.734550
0.568830 0.040923 0.037038 0.019504 0.000796 0.321889 0.011020 4.065084 4760.628454
0.568783 0.040969 0.036996 0.019491 0.000803 0.321934 0.011024 4.069086 4764.376539
0.568784 0.040972 0.037008 0.019456 0.000807 0.321943 0.011030 4.073084 4767.619317
0.568773 0.040987 0.036983 0.019420 0.000806 0.321994 0.011037 4.077094 4771.558932
0.568805 0.040994 0.037010 0.019375 0.000804 0.321966 0.011045 4.081106 4776.415034
0.568859 0.040929 0.037012 0.019404 0.000808 0.321936 0.011052 4.085147 4780.803491
0.568805 0.040901 0.037031 0.019447 0.000808 0.321949 0.011059 4.089216 4784.366516
0.568905 0.040854 0.037046 0.019415 0.000808 0.321905 0.011068 4.093223 4789.139355
0.568885 0.040802 0.037059 0.019427 0.000808 0.321945 0.011074 4.097290 4792.804800
0.568925 0.040740 0.037081 0.019446 0.000802 0.321925 0.011081 4.101333 4796.829750
0.568888 0.040770 0.037046 0.019459 0.000801 0.321947 0.011089 4.105328 4800.999873
0.568989 0.040728 0.037065 0.019467 0.000798 0.321855 0.011098 4.109371 4806.053693
0.569008 0.040735 0.037083 0.019432 0.000802 0.321835 0.011105 4.113366 4809.177488
0.569103 0.040748 0.037067 0.019454 0.000796 0.321717 0.011114 4.117363 4813.737817
0.569178 0.040694 0.037053 0.019456 0.000800 0.321698 0.011121 4.121393 4817.457926
0.569141 0.040738 0.036997 0.019451 0.000802 0.321742 0.011128 4.125378 4821.006905
0.569176 0.040778 0.036949 0.019426 0.000805 0.321732 0.011134 4.129358 4824.736669
0.569267 0.040763 0.036920 0.019474 0.000800 0.321632 0.011144 4.133367 4828.992436
0.569269 0.040701 0.036938 0.019436 0.000801 0.321704 0.011150 4.137411 4833.255270
0.569247 0.040779 0.036922 0.019437 0.000803 0.321655 0.011157 4.141402 4837.102059
0.569252 0.040817 0.036887 0.019405 0.000804 0.321669 0.011166 4.145386 4841.214523
0.569257 0.040821 0.036916 0.019371 0.000805 0.321657 0.011173 4.149420 4845.893674
0.569238 0.040876 0.036906 0.019338 0.000805 0.321656 0.011182 4.153420 4850.236772
0.569280 0.040863 0.036986 0.019342 0.000802 0.321537 0.011190 4.157464 4853.974356
0.569284 0.040861 0.037012 0.019310 0.000801 0.321536 0.011197 4.161501 4857.241971
0.569326 0.040798 0.037057 0.019317 0.000797 0.321498 0.011206 4.165525 4861.765710
0.569373 0.040764 0.037026 0.019318 0.000800 0.321505 0.011213 4.169532 4865.085291
0.569461 0.040743 0.037094 0.019325 0.000797 0.321361 0.011219 4.173561 4869.574525
0.569407 0.040704 0.037124 0.019322 0.000798 0.321416 0.011228 4.177629 4873.694808
0.569506 0.040722 0.037086 0.019281 0.000796 0.321371 0.011238 4.181610 4878.161764
0.569465 0.040779 0.037085 0.019290 0.000792 0.321344 0.011247 4.185615 4882.010312
0.569520 0.040765 0.037073 0.019307 0.000790 0.321290 0.011256 4.189633 4886.151290
0.569454 0.040830 0.037064 0.019270 0.000786 0.321332 0.011265 4.193599 4891.131933
0.569421 0.040815 0.037015 0.019262 0.000790 0.321425 0.011272 4.197641 4895.031419
0.569413 0.040795 0.037069 0.019294 0.000785 0.321365 0.011279 4.201685 4898.786604
0.569399 0.040847 0.037032 0.019258 0.000783 0.321393 0.011287 4.205664 4903.009880
0.569417 0.040813 0.037033 0.019244 0.000783 0.321415 0.011295 4.209678 4906.364883
0.569568 0.040680 0.037007 0.019274 0.000783 0.321383 0.011304 4.213728 4909.781202
0.569611 0.040652 0.036960 0.019300 0.000786 0.321378 0.011312 4.217720 4913.459581
0.569654 0.040682 0.036930 0.019284 0.000785 0.321342 0.011322 4.221701 4917.389150
0.569635 0.040668 0.036971 0.019263 0.000788 0.321348 0.011328 4.225709 4921.113016
0.569577 0.040780 0.036925 0.019255 0.000786 0.321340 0.011336 4.229652 4924.506695
0.569537 0.040773 0.036911 0.019261 0.000790 0.321387 0.011342 4.233657 4927.898707
0.569470 0.040814 0.036910 0.019253 0.000784 0.321416 0.011353 4.237658 4932.581205
0.569443 0.040838 0.036902 0.019239 0.000791 0.321425 0.011363 4.241672 4935.839739
0.569457 0.040946 0.036859 0.019218 0.000789 0.321361 0.011370 4.245604 4939.548603
0.569424 0.040950 0.036831 0.019233 0.000787 0.321397 0.011379 4.249599 4943.212389
0.569450 0.040908 0.036831 0.019299 0.000782 0.321341 0.011389 4.253645 4947.234137
0.569493 0.040923 0.036871 0.019289 0.000787 0.321241 0.011397 4.257637 4951.727336
0.569508 0.040857 0.036897 0.019316 0.000788 0.321229 0.011406 4.261691 4955.373838
0.569404 0.040940 0.036889 0.019333 0.000787 0.321233 0.011413 4.265707 4959.034504
0.569381 0.040911 0.036883 0.019384 0.000784 0.321234 0.011422 4.269790 4963.043217
0.569423 0.040875 0.036859 0.019402 0.000778 0.321234 0.011430 4.273789 4967.631890
0.569432 0.040888 0.036860 0.019399 0.000770 0.321213 0.011438 4.277787 4971.753563
0.569428 0.040882 0.036834 0.019395 0.000771 0.321242 0.011448 4.281790 4975.028620
0.569472 0.040853 0.036837 0.019405 0.000767 0.321211 0.011455 4.285822 4978.956193
0.569516 0.040837 0.036832 0.019377 0.000770 0.321204 0.011463 4.289835 4983.128008
0.569567 0.040809 0.036842 0.019397 0.000767 0.321148 0.011470 4.293836 4986.914077
0.569568 0.040862 0.036805 0.019366 0.000770 0.321154 0.011476 4.297832 4990.089666
0.569535 0.040927 0.036724 0.019367 0.000773 0.321190 0.011483 4.301819 4993.913782
0.569529 0.041008 0.036727 0.019325 0.000775 0.321147 0.011490 4.305802 4997.798351
0.569476 0.041012 0.036779 0.019345 0.000778 0.321111 0.011499 4.309840 5001.143324
0.569457 0.041073 0.036720 0.019339 0.000778 0.321127 0.011506 4.313792 5005.701845
0.569474 0.041028 0.036709 0.019325 0.000776 0.321173 0.011514 4.317807 5010.265027
0.569480 0.041057 0.036717 0.019282 0.000778 0.321160 0.011524 4.321795 5013.996987
0.569534 0.041024 0.036729 0.019323 0.000782 0.321074 0.011533 4.325845 5018.051792
0.569553 0.040946 0.036728 0.019389 0.000784 0.321058 0.011541 4.329941 5022.139682
0.569572 0.040959 0.036756 0.019370 0.000780 0.321014 0.011550 4.333953 5026.160705
0.569555 0.040942 0.036803 0.019334 0.000780 0.321028 0.011558 4.337986 5030.266520
0.569563 0.040943 0.036785 0.019301 0.000779 0.321063 0.011566 4.341990 5034.057330
0.569523 0.040948 0.036815 0.019273 0.000776 0.321091 0.011574 4.346005 5038.415424
0.569497 0.040997 0.036777 0.019306 0.000771 0.321071 0.011581 4.349992 5042.529463
0.569502 0.041011 0.036793 0.019259 0.000768 0.321079 0.011588 4.354007 5046.315796
0.569480 0.040974 0.036815 0.019285 0.000771 0.321079 0.011595 4.358044 5050.105082
0.569459 0.040959 0.036840 0.019310 0.000770 0.321058 0.011603 4.362126 5054.165172
0.569431 0.040961 0.036807 0.019356 0.000772 0.321064 0.011610 4.366184 5057.879270
0.569449 0.040910 0.036777 0.019406 0.000765 0.321074 0.011619 4.370207 5061.852288
0.569395 0.040933 0.036762 0.019414 0.000765 0.321103 0.011628 4.374213 5066.283009
0.569360 0.040964 0.036780 0.019400 0.000767 0.321095 0.011635 4.378224 5069.777337
0.569375 0.040980 0.036757 0.019365 0.000774 0.321106 0.011642 4.382178 5073.165061
0.569403 0.041018 0.036670 0.019381 0.000780 0.321099 0.011649 4.386145 5077.058326
0.569392 0.041022 0.036702 0.019353 0.000779 0.321093 0.011660 4.390156 5081.132157
0.569431 0.040966 0.036782 0.019356 0.000783 0.321016 0.011666 4.394213 5084.180727
0.569468 0.040958 0.036781 0.019349 0.000777 0.320995 0.011673 4.398216 5087.864708
0.569499 0.040945 0.036802 0.019333 0.000778 0.320964 0.011680 4.402246 5092.224553
0.569527 0.040944 0.036838 0.019305 0.000775 0.320924 0.011687 4.406271 5096.345421
0.569492 0.040958 0.036866 0.019306 0.000776 0.320908 0.011694 4.410279 5100.290607
0.569453 0.040966 0.036928 0.019341 0.000779 0.320832 0.011701 4.414333 5104.176659
0.569483 0.040941 0.036910 0.019356 0.000773 0.320827 0.011710 4.418358 5108.494966
0.569523 0.040944 0.036887 0.019351 0.000773 0.320805 0.011717 4.422373 5112.470976
0.569439 0.041030 0.036825 0.019399 0.000769 0.320811 0.011727 4.426366 5116.321020
0.569459 0.041039 0.036794 0.019406 0.000770 0.320797 0.011734 4.430314 5120.482335
0.569474 0.041047 0.036770 0.019422 0.000780 0.320766 0.011741 4.434327 5123.488815
0.569429 0.041033 0.036834 0.019425 0.000785 0.320744 0.011750 4.438367 5128.310763
0.569420 0.041001 0.036865 0.019413 0.000785 0.320761 0.011755 4.442389 5132.142584
0.569441 0.041005 0.036780 0.019448 0.000785 0.320780 0.011762 4.446367 5135.953882
0.569434 0.040964 0.036850 0.019445 0.000784 0.320755 0.011768 4.450434 5140.670460
0.569433 0.040981 0.036816 0.019442 0.000787 0.320769 0.011773 4.454438 5144.467663
0.569401 0.040998 0.036827 0.019479 0.000787 0.320728 0.011781 4.458480 5148.381368
0.569372 0.040961 0.036894 0.019462 0.000785 0.320736 0.011790 4.462538 5153.205058
0.569306 0.040973 0.036933 0.019487 0.000787 0.320718 0.011797 4.466613 5156.949772
0.569270 0.040948 0.036971 0.019450 0.000788 0.320767 0.011805 4.470650 5160.662755
0.569263 0.040934 0.037027 0.019397 0.000788 0.320780 0.011811 4.474674 5164.470599
0.569270 0.040865 0.037043 0.019429 0.000784 0.320789 0.011820 4.478720 5167.925225
0.569314 0.040853 0.037046 0.019416 0.000792 0.320755 0.011826 4.482706 5171.255470
0.569295 0.040858 0.037028 0.019411 0.000794 0.320780 0.011834 4.486690 5176.038234
