0.371306 0.060937 0.053997 0.030819 0.001926 0.475535 0.005482 1.561536 1930.614043
0.372295 0.059977 0.054329 0.030374 0.001928 0.475595 0.005503 1.567477 1940.145351
0.374329 0.058056 0.054585 0.029918 0.001925 0.475661 0.005526 1.573288 1950.202652
0.377036 0.055728 0.054608 0.029364 0.001933 0.475784 0.005548 1.578860 1958.978679
0.380045 0.053288 0.054523 0.028828 0.001931 0.475815 0.005570 1.584213 1968.784817
0.383304 0.050843 0.054245 0.028240 0.001923 0.475852 0.005594 1.589287 1976.700869
0.386766 0.048456 0.053744 0.027665 0.001912 0.475842 0.005615 1.594115 1986.809557
0.390460 0.046152 0.053148 0.027029 0.001901 0.475671 0.005639 1.598703 1995.909591
0.394280 0.043833 0.052519 0.026453 0.001887 0.475362 0.005667 1.603134 2006.063367
0.398154 0.041715 0.051725 0.025841 0.001876 0.475000 0.005689 1.607297 2014.987030
0.402125 0.039774 0.050824 0.025277 0.001860 0.474426 0.005712 1.611272 2025.943217
0.406224 0.037872 0.049903 0.024663 0.001844 0.473761 0.005734 1.615090 2034.765491
0.410294 0.036134 0.048881 0.024019 0.001818 0.473092 0.005761 1.618695 2045.135585
0.414364 0.034398 0.047915 0.023401 0.001800 0.472340 0.005782 1.622211 2054.059815
0.418491 0.032867 0.046777 0.022753 0.001775 0.471535 0.005803 1.625486 2064.196958
0.422670 0.031378 0.045649 0.022147 0.001748 0.470584 0.005825 1.628665 2073.661887
0.426882 0.030045 0.044491 0.021533 0.001731 0.469474 0.005844 1.631671 2082.301889
0.431159 0.028748 0.043313 0.020960 0.001692 0.468260 0.005869 1.634582 2092.858681
0.435447 0.027566 0.042141 0.020353 0.001674 0.466931 0.005888 1.637341 2101.568741
0.439662 0.026538 0.040977 0.019763 0.001644 0.465507 0.005908 1.639969 2112.367183
0.443939 0.025488 0.039857 0.019214 0.001618 0.463956 0.005929 1.642568 2121.156241
0.448194 0.024574 0.038731 0.018653 0.001592 0.462306 0.005949 1.645012 2130.720580
0.452464 0.023688 0.037609 0.018094 0.001568 0.460610 0.005966 1.647383 2138.665070
0.456765 0.022951 0.036470 0.017514 0.001544 0.458771 0.005985 1.649608 2147.893499
0.461030 0.022227 0.035402 0.016998 0.001519 0.456820 0.006003 1.651792 2157.190345
0.465332 0.021462 0.034359 0.016488 0.001494 0.454842 0.006022 1.653960 2166.035106
0.469647 0.020814 0.033339 0.016022 0.001469 0.452668 0.006040 1.655987 2174.202139
0.473866 0.020210 0.032319 0.015547 0.001443 0.450556 0.006059 1.658005 2182.824449
0.478140 0.019619 0.031365 0.015100 0.001418 0.448282 0.006076 1.659962 2191.562197
0.482345 0.019102 0.030452 0.014627 0.001386 0.445992 0.006095 1.661867 2201.459689
0.486469 0.018620 0.029583 0.014180 0.001355 0.443679 0.006115 1.663710 2210.963710
0.490654 0.018200 0.028691 0.013799 0.001327 0.441197 0.006131 1.665476 2219.221320
0.494785 0.017793 0.027871 0.013381 0.001299 0.438720 0.006151 1.667256 2227.828032
0.498896 0.017409 0.027052 0.013004 0.001274 0.436198 0.006167 1.668990 2235.917703
0.502982 0.017052 0.026271 0.012638 0.001248 0.433627 0.006182 1.670696 2244.363402
0.507013 0.016698 0.025579 0.012316 0.001218 0.430978 0.006199 1.672394 2253.346888
0.511041 0.016435 0.024854 0.011978 0.001188 0.428289 0.006214 1.674013 2262.778113
0.515086 0.016168 0.024181 0.011649 0.001161 0.425525 0.006230 1.675601 2270.891046
0.519104 0.015901 0.023571 0.011319 0.001133 0.422725 0.006246 1.677175 2279.186068
0.523038 0.015637 0.022962 0.011022 0.001104 0.419976 0.006262 1.678729 2286.953344
0.526951 0.015410 0.022392 0.010728 0.001075 0.417170 0.006274 1.680262 2295.945257
0.530820 0.015214 0.021825 0.010473 0.001042 0.414336 0.006290 1.681733 2304.444758
0.534709 0.014995 0.021258 0.010211 0.001021 0.411505 0.006302 1.683235 2311.092200
0.538533 0.014813 0.020749 0.009985 0.000997 0.408606 0.006316 1.684711 2319.524987
0.542330 0.014658 0.020201 0.009745 0.000971 0.405763 0.006333 1.686148 2328.572635
0.546079 0.014507 0.019747 0.009513 0.000952 0.402856 0.006345 1.687580 2334.984582
0.549875 0.014370 0.019283 0.009322 0.000929 0.399864 0.006358 1.689005 2342.212290
0.553593 0.014232 0.018862 0.009133 0.000900 0.396908 0.006372 1.690411 2350.248275
0.557234 0.014113 0.018451 0.008961 0.000880 0.393979 0.006382 1.691813 2358.042617
0.560838 0.013997 0.018080 0.008792 0.000863 0.391038 0.006392 1.693191 2364.889867
0.564418 0.013908 0.017748 0.008600 0.000847 0.388075 0.006404 1.694564 2371.001605
0.568029 0.013829 0.017383 0.008432 0.000829 0.385085 0.006413 1.695907 2376.648434
0.571551 0.013729 0.017046 0.008303 0.000813 0.382137 0.006422 1.697267 2382.274570
0.575017 0.013674 0.016760 0.008170 0.000791 0.379158 0.006430 1.698611 2388.014201
0.578436 0.013590 0.016493 0.008017 0.000772 0.376253 0.006440 1.699953 2394.525802
0.581796 0.013540 0.016176 0.007887 0.000756 0.373395 0.006450 1.701274 2400.979398
0.585140 0.013457 0.015954 0.007770 0.000732 0.370488 0.006460 1.702642 2407.917658
0.588457 0.013386 0.015712 0.007661 0.000715 0.367599 0.006469 1.703962 2414.149998
0.591844 0.013285 0.015475 0.007559 0.000700 0.364661 0.006477 1.705294 2419.683580
0.595128 0.013275 0.015189 0.007432 0.000680 0.361809 0.006487 1.706558 2426.274080
0.598253 0.013272 0.014996 0.007305 0.000663 0.359015 0.006496 1.707842 2432.571155
0.601437 0.013290 0.014790 0.007232 0.000651 0.356099 0.006502 1.709119 2437.849673
0.604563 0.013311 0.014594 0.007132 0.000637 0.353253 0.006509 1.710406 2443.664937
0.607627 0.013337 0.014396 0.007049 0.000624 0.350453 0.006514 1.711697 2448.925879
0.610700 0.013373 0.014246 0.006969 0.000615 0.347576 0.006520 1.712985 2453.477369
0.613705 0.013330 0.014093 0.006912 0.000600 0.344832 0.006529 1.714312 2459.191632
0.616753 0.013340 0.013965 0.006838 0.000583 0.341985 0.006538 1.715608 2465.436569
0.619722 0.013359 0.013843 0.006772 0.000571 0.339190 0.006543 1.716902 2469.074210
0.622550 0.013385 0.013719 0.006716 0.000557 0.336524 0.006549 1.718211 2473.916633
0.625414 0.013362 0.013621 0.006680 0.000546 0.333822 0.006556 1.719532 2478.622673
0.628213 0.013399 0.013537 0.006635 0.000536 0.331120 0.006561 1.720849 2483.353767
0.631034 0.013409 0.013433 0.006593 0.000521 0.328440 0.006569 1.722170 2489.047476
0.633714 0.013429 0.013356 0.006567 0.000505 0.325851 0.006577 1.723495 2493.397440
0.636398 0.013478 0.013305 0.006543 0.000493 0.323200 0.006583 1.724814 2497.711311
0.639080 0.013533 0.013222 0.006515 0.000482 0.320580 0.006590 1.726108 2501.443589
0.641669 0.013571 0.013179 0.006477 0.000472 0.318038 0.006595 1.727443 2505.168609
0.644261 0.013621 0.013170 0.006459 0.000463 0.315427 0.006600 1.728778 2509.238421
0.646757 0.013702 0.013098 0.006449 0.000448 0.312937 0.006608 1.730104 2514.661707
0.649197 0.013775 0.013086 0.006415 0.000441 0.310478 0.006611 1.731445 2518.320206
0.651680 0.013850 0.013059 0.006388 0.000433 0.307973 0.006617 1.732807 2522.589167
0.654044 0.013934 0.013017 0.006379 0.000421 0.305585 0.006619 1.734142 2526.203579
0.656336 0.013974 0.012995 0.006397 0.000414 0.303262 0.006623 1.735537 2529.201223
0.658737 0.014062 0.012948 0.006375 0.000411 0.300842 0.006625 1.736879 2531.773725
0.661010 0.014178 0.012913 0.006350 0.000405 0.298514 0.006631 1.738241 2536.390755
0.663228 0.014268 0.012905 0.006371 0.000397 0.296196 0.006635 1.739633 2540.249465
0.665483 0.014333 0.012943 0.006374 0.000388 0.293839 0.006640 1.741056 2544.008855
0.667675 0.014407 0.012955 0.006420 0.000380 0.291520 0.006644 1.742473 2547.331652
0.669807 0.014485 0.012982 0.006419 0.000373 0.289287 0.006648 1.743896 2550.420483
0.671896 0.014584 0.013015 0.006408 0.000366 0.287080 0.006652 1.745315 2554.026318
0.673926 0.014673 0.013025 0.006436 0.000359 0.284925 0.006656 1.746769 2557.352846
0.675972 0.014794 0.013068 0.006437 0.000350 0.282720 0.006660 1.748196 2561.131967
0.677969 0.014895 0.013110 0.006463 0.000344 0.280556 0.006663 1.749659 2564.500016
0.679900 0.014979 0.013163 0.006501 0.000338 0.278452 0.006667 1.751146 2567.966778
0.681757 0.015086 0.013191 0.006545 0.000331 0.276417 0.006673 1.752621 2572.002554
0.683618 0.015220 0.013201 0.006570 0.000330 0.274385 0.006676 1.754096 2574.383333
0.685404 0.015314 0.013273 0.006609 0.000327 0.272392 0.006680 1.755592 2577.044203
0.687216 0.015421 0.013311 0.006627 0.000323 0.270420 0.006681 1.757091 2578.975769
0.688879 0.015554 0.013397 0.006643 0.000319 0.268523 0.006685 1.758615 2581.816572
0.690590 0.015654 0.013455 0.006660 0.000319 0.266635 0.006687 1.760132 2583.770543
0.692232 0.015769 0.013556 0.006681 0.000317 0.264756 0.006691 1.761696 2586.786825
0.693848 0.015931 0.013592 0.006716 0.000314 0.262905 0.006693 1.763223 2589.105792
0.695492 0.016085 0.013638 0.006732 0.000312 0.261044 0.006697 1.764756 2592.413289
0.697063 0.016209 0.013722 0.006773 0.000310 0.259222 0.006701 1.766327 2594.992011
0.698574 0.016335 0.013848 0.006811 0.000303 0.257425 0.006704 1.767939 2597.003714
0.700009 0.016457 0.013919 0.006868 0.000301 0.255738 0.006707 1.769563 2599.658358
0.701436 0.016630 0.013996 0.006915 0.000296 0.254016 0.006711 1.771167 2602.540850
0.702825 0.016802 0.014054 0.006983 0.000289 0.252332 0.006715 1.772771 2604.994261
0.704178 0.016932 0.014203 0.007018 0.000290 0.250661 0.006717 1.774446 2607.754572
0.705492 0.017049 0.014276 0.007060 0.000286 0.249117 0.006720 1.776119 2610.108945
0.706689 0.017259 0.014348 0.007109 0.000280 0.247592 0.006723 1.777766 2613.162013
0.707928 0.017365 0.014500 0.007135 0.000280 0.246066 0.006726 1.779481 2614.727463
0.709156 0.017501 0.014608 0.007216 0.000274 0.244516 0.006728 1.781210 2617.726660
0.710349 0.017631 0.014741 0.007264 0.000271 0.243013 0.006731 1.782945 2620.723909
0.711481 0.017788 0.014857 0.007324 0.000267 0.241549 0.006734 1.784670 2623.931425
0.712614 0.017949 0.014937 0.007366 0.000265 0.240132 0.006738 1.786405 2626.887602
0.713650 0.018119 0.015037 0.007409 0.000261 0.238784 0.006740 1.788154 2629.679986
0.714669 0.018283 0.015158 0.007458 0.000263 0.237427 0.006742 1.789952 2631.391114
0.715705 0.018388 0.015247 0.007531 0.000260 0.236123 0.006745 1.791754 2633.768613
0.716662 0.018555 0.015375 0.007588 0.000256 0.234817 0.006748 1.793554 2635.872847
0.717599 0.018727 0.015526 0.007632 0.000252 0.233514 0.006750 1.795401 2638.586783
0.718456 0.018912 0.015670 0.007686 0.000249 0.232273 0.006753 1.797237 2641.534309
0.719292 0.019077 0.015776 0.007759 0.000250 0.231092 0.006754 1.799130 2642.791394
0.720131 0.019297 0.015839 0.007849 0.000244 0.229883 0.006757 1.800975 2644.761602
0.720893 0.019452 0.015966 0.007926 0.000246 0.228760 0.006759 1.802886 2646.716004
0.721624 0.019697 0.016062 0.007953 0.000245 0.227656 0.006762 1.804767 2648.759099
0.722396 0.019871 0.016199 0.008019 0.000243 0.226508 0.006764 1.806682 2650.381254
0.723161 0.019975 0.016362 0.008080 0.000244 0.225411 0.006767 1.808662 2652.275404
0.723890 0.020102 0.016493 0.008157 0.000244 0.224344 0.006770 1.810632 2654.518267
0.724560 0.020266 0.016633 0.008241 0.000240 0.223286 0.006774 1.812639 2656.282044
0.725097 0.020427 0.016800 0.008315 0.000243 0.222342 0.006776 1.814672 2658.088752
0.725660 0.020583 0.016952 0.008354 0.000239 0.221434 0.006778 1.816683 2659.566660
0.726284 0.020745 0.017053 0.008426 0.000239 0.220474 0.006780 1.818694 2661.288969
0.726894 0.020874 0.017187 0.008499 0.000238 0.219525 0.006784 1.820718 2663.573698
0.727475 0.021014 0.017315 0.008576 0.000246 0.218589 0.006785 1.822753 2664.429594
0.728002 0.021224 0.017427 0.008646 0.000246 0.217669 0.006786 1.824779 2666.372448
0.728468 0.021357 0.017570 0.008729 0.000249 0.216839 0.006788 1.826882 2668.533527
0.728922 0.021493 0.017748 0.008794 0.000252 0.216002 0.006789 1.828991 2670.061951
0.729301 0.021708 0.017905 0.008830 0.000253 0.215212 0.006792 1.831086 2672.067804
0.729647 0.021938 0.018051 0.008874 0.000253 0.214443 0.006794 1.833181 2673.468584
0.730029 0.022090 0.018187 0.008917 0.000252 0.213729 0.006795 1.835320 2674.457937
0.730403 0.022248 0.018321 0.009003 0.000256 0.212974 0.006796 1.837465 2675.949658
0.730712 0.022388 0.018481 0.009058 0.000257 0.212307 0.006798 1.839653 2677.225549
0.731056 0.022501 0.018646 0.009139 0.000258 0.211599 0.006801 1.841861 2678.900084
0.731341 0.022689 0.018740 0.009186 0.000259 0.210982 0.006803 1.844043 2680.400967
0.731595 0.022833 0.018872 0.009241 0.000261 0.210393 0.006806 1.846246 2681.766567
0.731868 0.022931 0.019046 0.009297 0.000260 0.209789 0.006808 1.848499 2683.312366
0.732100 0.023084 0.019214 0.009362 0.000262 0.209167 0.006810 1.850764 2684.763478
0.732297 0.023233 0.019349 0.009451 0.000262 0.208595 0.006812 1.853049 2686.159176
0.732484 0.023365 0.019482 0.009547 0.000257 0.208053 0.006813 1.855327 2687.839274
0.732671 0.023494 0.019586 0.009649 0.000259 0.207526 0.006815 1.857641 2689.270885
0.732818 0.023610 0.019720 0.009738 0.000258 0.207036 0.006819 1.859954 2691.065745
0.732948 0.023705 0.019830 0.009807 0.000257 0.206632 0.006820 1.862262 2693.112961
0.733086 0.023792 0.019954 0.009909 0.000262 0.206176 0.006822 1.864607 2694.529007
0.733237 0.023891 0.020085 0.009966 0.000262 0.205733 0.006826 1.866958 2696.242120
0.733305 0.024005 0.020200 0.010033 0.000265 0.205365 0.006827 1.869312 2697.349178
0.733436 0.024101 0.020342 0.010089 0.000269 0.204933 0.006830 1.871680 2698.297380
0.733566 0.024228 0.020484 0.010172 0.000269 0.204450 0.006833 1.874032 2700.060899
0.733716 0.024293 0.020589 0.010213 0.000270 0.204085 0.006834 1.876406 2701.556832
0.733777 0.024409 0.020688 0.010260 0.000273 0.203756 0.006837 1.878751 2703.045156
0.733950 0.024376 0.020825 0.010350 0.000272 0.203387 0.006839 1.881197 2704.580054
0.733937 0.024510 0.020950 0.010406 0.000275 0.203082 0.006840 1.883578 2705.723835
0.733910 0.024650 0.021068 0.010462 0.000277 0.202790 0.006842 1.885992 2706.694049
0.733984 0.024731 0.021155 0.010526 0.000280 0.202479 0.006845 1.888397 2708.206497
0.733984 0.024798 0.021230 0.010590 0.000278 0.202271 0.006848 1.890858 2710.284331
0.734005 0.024894 0.021320 0.010658 0.000281 0.201992 0.006850 1.893282 2711.661480
0.733970 0.024983 0.021445 0.010713 0.000284 0.201755 0.006851 1.895726 2713.202044
0.733968 0.025078 0.021593 0.010713 0.000283 0.201513 0.006852 1.898171 2714.742101
0.733964 0.025137 0.021706 0.010744 0.000286 0.201307 0.006854 1.900619 2716.161866
0.733937 0.025198 0.021814 0.010791 0.000288 0.201115 0.006857 1.903112 2718.095415
0.733914 0.025208 0.021942 0.010832 0.000288 0.200957 0.006859 1.905631 2719.431101
0.733896 0.025235 0.022052 0.010883 0.000293 0.200780 0.006861 1.908111 2720.760686
0.733912 0.025275 0.022135 0.010963 0.000293 0.200561 0.006863 1.910576 2722.500880
0.733886 0.025340 0.022182 0.011023 0.000293 0.200412 0.006865 1.913051 2723.948917
0.733915 0.025359 0.022249 0.011051 0.000295 0.200264 0.006867 1.915541 2725.095262
0.733875 0.025358 0.022358 0.011103 0.000297 0.200139 0.006870 1.918062 2726.219086
0.733831 0.025385 0.022478 0.011079 0.000302 0.200053 0.006872 1.920547 2727.246118
0.733759 0.025450 0.022513 0.011128 0.000303 0.199973 0.006875 1.923042 2728.464818
0.733755 0.025499 0.022569 0.011162 0.000306 0.199832 0.006877 1.925524 2729.733617
0.733725 0.025495 0.022672 0.011185 0.000312 0.199734 0.006879 1.928040 2730.822526
0.733663 0.025500 0.022766 0.011254 0.000316 0.199620 0.006882 1.930590 2732.143670
0.733603 0.025596 0.022783 0.011272 0.000320 0.199542 0.006883 1.933066 2733.529930
0.733504 0.025672 0.022787 0.011336 0.000322 0.199492 0.006886 1.935575 2734.714002
0.733465 0.025689 0.022887 0.011369 0.000324 0.199377 0.006889 1.938093 2736.046111
0.733480 0.025683 0.022954 0.011370 0.000321 0.199298 0.006893 1.940607 2738.174856
0.733430 0.025707 0.023006 0.011387 0.000324 0.199251 0.006896 1.943110 2739.410469
0.733445 0.025659 0.023059 0.011431 0.000329 0.199178 0.006899 1.945647 2740.685749
0.733358 0.025714 0.023096 0.011423 0.000330 0.199179 0.006901 1.948117 2741.817551
0.733345 0.025645 0.023164 0.011457 0.000327 0.199158 0.006905 1.950694 2743.220378
0.733284 0.025628 0.023204 0.011484 0.000328 0.199164 0.006907 1.953218 2744.548512
0.733256 0.025674 0.023188 0.011475 0.000328 0.199170 0.006909 1.955684 2746.046106
0.733215 0.025667 0.023223 0.011508 0.000327 0.199148 0.006912 1.958232 2747.932353
0.733193 0.025686 0.023242 0.011494 0.000329 0.199143 0.006914 1.960730 2749.002116
0.733167 0.025702 0.023271 0.011492 0.000326 0.199126 0.006917 1.963248 2750.587577
0.733144 0.025681 0.023330 0.011480 0.000330 0.199116 0.006919 1.965801 2751.531086
0.733130 0.025647 0.023303 0.011478 0.000334 0.199187 0.006922 1.968295 2753.053584
0.733111 0.025623 0.023340 0.011528 0.000336 0.199138 0.006924 1.970833 2754.754894
0.733032 0.025641 0.023392 0.011555 0.000336 0.199118 0.006926 1.973368 2756.222511
0.732981 0.025646 0.023352 0.011559 0.000340 0.199195 0.006928 1.975867 2757.625638
0.732948 0.025608 0.023397 0.011559 0.000342 0.199217 0.006930 1.978416 2758.865040
0.732963 0.025536 0.023411 0.011595 0.000341 0.199219 0.006934 1.980961 2760.543337
0.732971 0.025577 0.023450 0.011552 0.000339 0.199172 0.006939 1.983431 2762.545106
0.732964 0.025581 0.023438 0.011561 0.000341 0.199175 0.006941 1.985921 2764.158658
0.733027 0.025505 0.023465 0.011582 0.000341 0.199138 0.006943 1.988465 2765.738998
0.733012 0.025517 0.023493 0.011584 0.000343 0.199105 0.006947 1.990977 2767.770775
0.732998 0.025496 0.023501 0.011616 0.000348 0.199092 0.006948 1.993523 2768.989987
0.733006 0.025497 0.023436 0.011618 0.000347 0.199146 0.006951 1.995999 2770.739859
0.733003 0.025480 0.023451 0.011624 0.000354 0.199135 0.006953 1.998511 2771.888949
0.732975 0.025479 0.023489 0.011616 0.000352 0.199134 0.006955 2.001014 2773.953081
0.733011 0.025445 0.023508 0.011615 0.000355 0.199110 0.006957 2.003528 2775.109662
0.733004 0.025340 0.023536 0.011636 0.000350 0.199174 0.006960 2.006073 2777.035821
0.733047 0.025353 0.023493 0.011601 0.000349 0.199193 0.006964 2.008539 2778.617828
0.733024 0.025296 0.023530 0.011585 0.000345 0.199250 0.006968 2.011058 2780.749036
0.733002 0.025307 0.023503 0.011570 0.000349 0.199299 0.006971 2.013542 2782.242505
0.733099 0.025256 0.023471 0.011571 0.000350 0.199279 0.006973 2.015986 2783.819239
0.733207 0.025231 0.023407 0.011550 0.000352 0.199277 0.006975 2.018425 2785.445764
0.733274 0.025165 0.023402 0.011571 0.000352 0.199259 0.006978 2.020941 2787.074550
0.733294 0.025126 0.023362 0.011553 0.000354 0.199333 0.006979 2.023417 2788.496297
0.733348 0.025079 0.023343 0.011524 0.000349 0.199373 0.006984 2.025912 2790.076096
0.733454 0.025054 0.023287 0.011491 0.000350 0.199376 0.006988 2.028334 2791.595642
0.733514 0.025078 0.023218 0.011496 0.000349 0.199353 0.006992 2.030768 2793.440167
0.733607 0.025033 0.023207 0.011494 0.000349 0.199315 0.006995 2.033200 2795.086069
0.733622 0.025023 0.023140 0.011505 0.000347 0.199365 0.006998 2.035664 2796.647612
0.733670 0.025020 0.023119 0.011483 0.000349 0.199358 0.007001 2.038119 2798.569260
0.733707 0.025007 0.023114 0.011454 0.000348 0.199367 0.007003 2.040551 2800.536875
0.733742 0.025002 0.023089 0.011427 0.000355 0.199379 0.007005 2.042969 2801.695991
0.733850 0.024941 0.023075 0.011419 0.000357 0.199349 0.007009 2.045428 2803.334218
0.733934 0.024904 0.023129 0.011399 0.000358 0.199265 0.007012 2.047880 2804.783610
0.734053 0.024902 0.023102 0.011395 0.000361 0.199173 0.007014 2.050300 2805.886428
0.734137 0.024905 0.023083 0.011387 0.000359 0.199113 0.007017 2.052716 2807.469326
0.734265 0.024848 0.023067 0.011358 0.000363 0.199079 0.007020 2.055149 2809.061024
0.734367 0.024758 0.023081 0.011347 0.000356 0.199068 0.007022 2.057606 2811.607363
0.734474 0.024720 0.023042 0.011343 0.000353 0.199042 0.007025 2.060043 2813.410205
0.734569 0.024675 0.023014 0.011349 0.000353 0.199010 0.007029 2.062479 2815.146021
0.734653 0.024615 0.023010 0.011347 0.000354 0.198989 0.007032 2.064910 2816.679526
0.734764 0.024570 0.022972 0.011354 0.000358 0.198946 0.007035 2.067338 2818.334308
0.734883 0.024555 0.022920 0.011342 0.000357 0.198905 0.007039 2.069730 2820.235521
0.735021 0.024466 0.022910 0.011325 0.000359 0.198878 0.007041 2.072163 2821.894538
0.735189 0.024462 0.022842 0.011266 0.000357 0.198841 0.007043 2.074499 2823.593940
0.735306 0.024436 0.022840 0.011247 0.000353 0.198771 0.007048 2.076918 2825.514427
0.735429 0.024384 0.022792 0.011239 0.000357 0.198750 0.007050 2.079317 2827.340905
0.735528 0.024334 0.022786 0.011233 0.000354 0.198712 0.007052 2.081720 2829.258463
0.735657 0.024281 0.022763 0.011215 0.000349 0.198681 0.007055 2.084109 2831.629746
0.735803 0.024290 0.022726 0.011212 0.000350 0.198562 0.007057 2.086481 2833.109163
0.735939 0.024221 0.022724 0.011216 0.000355 0.198485 0.007060 2.088892 2834.464839
0.736032 0.024242 0.022715 0.011182 0.000353 0.198413 0.007064 2.091250 2836.669972
0.736147 0.024183 0.022675 0.011192 0.000351 0.198385 0.007067 2.093622 2838.738569
0.736298 0.024140 0.022629 0.011194 0.000350 0.198318 0.007071 2.096010 2840.248937
0.736467 0.024119 0.022570 0.011146 0.000350 0.198275 0.007074 2.098325 2842.037755
0.736629 0.024099 0.022537 0.011106 0.000347 0.198206 0.007075 2.100666 2843.828118
0.736807 0.024072 0.022489 0.011105 0.000348 0.198103 0.007076 2.103024 2844.976479
0.737009 0.023996 0.022480 0.011112 0.000350 0.197974 0.007079 2.105408 2846.283403
0.737159 0.023985 0.022422 0.011102 0.000353 0.197898 0.007081 2.107757 2847.760922
0.737339 0.023883 0.022448 0.011109 0.000352 0.197785 0.007084 2.110158 2849.626918
0.737495 0.023884 0.022406 0.011104 0.000350 0.197674 0.007087 2.112485 2851.225871
0.737701 0.023831 0.022336 0.011083 0.000350 0.197608 0.007091 2.114806 2852.997984
0.737855 0.023760 0.022323 0.011069 0.000343 0.197555 0.007094 2.117163 2854.730960
0.738064 0.023657 0.022336 0.011043 0.000345 0.197457 0.007099 2.119531 2856.843682
0.738213 0.023612 0.022339 0.011024 0.000341 0.197370 0.007102 2.121864 2858.803807
0.738362 0.023614 0.022260 0.010992 0.000338 0.197328 0.007105 2.124167 2860.451175
0.738553 0.023566 0.022240 0.011028 0.000337 0.197167 0.007109 2.126516 2861.879426
0.738743 0.023513 0.022252 0.010985 0.000336 0.197058 0.007112 2.128855 2863.758820
0.738872 0.023535 0.022162 0.010957 0.000342 0.197019 0.007114 2.131136 2864.962080
0.739052 0.023553 0.022113 0.010924 0.000344 0.196898 0.007116 2.133412 2866.408928
0.739266 0.023506 0.022091 0.010901 0.000343 0.196775 0.007119 2.135704 2867.958618
0.739445 0.023478 0.022061 0.010864 0.000340 0.196690 0.007122 2.137998 2869.610311
0.739650 0.023430 0.022031 0.010842 0.000342 0.196581 0.007124 2.140283 2871.646378
0.739818 0.023389 0.021984 0.010811 0.000341 0.196529 0.007128 2.142598 2873.905717
0.740040 0.023344 0.021926 0.010819 0.000342 0.196399 0.007130 2.144892 2875.506840
0.740231 0.023269 0.021894 0.010806 0.000337 0.196328 0.007135 2.147195 2877.308037
0.740379 0.023312 0.021830 0.010765 0.000336 0.196242 0.007138 2.149447 2879.306951
0.740597 0.023342 0.021766 0.010726 0.000338 0.196091 0.007141 2.151689 2881.034127
0.740827 0.023317 0.021754 0.010730 0.000335 0.195894 0.007143 2.153971 2882.782544
0.740977 0.023294 0.021732 0.010736 0.000335 0.195780 0.007146 2.156277 2884.502764
0.741145 0.023257 0.021730 0.010739 0.000335 0.195646 0.007149 2.158569 2885.986018
0.741379 0.023211 0.021687 0.010706 0.000331 0.195534 0.007151 2.160825 2887.398507
0.741543 0.023201 0.021628 0.010681 0.000330 0.195463 0.007153 2.163111 2889.054713
0.741694 0.023161 0.021661 0.010667 0.000334 0.195328 0.007155 2.165420 2890.579821
0.741870 0.023193 0.021599 0.010646 0.000339 0.195196 0.007157 2.167667 2891.839403
0.742072 0.023142 0.021619 0.010660 0.000345 0.195004 0.007158 2.169952 2892.768773
0.742259 0.023142 0.021566 0.010634 0.000343 0.194894 0.007162 2.172187 2894.380414
0.742450 0.023133 0.021528 0.010616 0.000338 0.194769 0.007165 2.174439 2896.421393
0.742594 0.023112 0.021541 0.010630 0.000338 0.194615 0.007169 2.176725 2897.776282
0.742772 0.023091 0.021513 0.010638 0.000338 0.194477 0.007171 2.178993 2899.024282
0.743032 0.023047 0.021474 0.010627 0.000339 0.194307 0.007175 2.181248 2900.257085
0.743166 0.023033 0.021443 0.010632 0.000338 0.194211 0.007177 2.183513 2901.762900
0.743361 0.023031 0.021395 0.010611 0.000339 0.194084 0.007179 2.185748 2902.946060
0.743503 0.023064 0.021297 0.010607 0.000340 0.194008 0.007181 2.187958 2904.409736
0.743638 0.023097 0.021281 0.010615 0.000336 0.193850 0.007184 2.190172 2907.183608
0.743823 0.023090 0.021236 0.010597 0.000336 0.193732 0.007187 2.192427 2909.321502
0.744001 0.023048 0.021250 0.010550 0.000336 0.193625 0.007190 2.194698 2910.779908
0.744166 0.023000 0.021263 0.010563 0.000334 0.193479 0.007194 2.196989 2913.545422
0.744379 0.022981 0.021265 0.010580 0.000334 0.193263 0.007198 2.199232 2914.959101
0.744586 0.022941 0.021249 0.010583 0.000334 0.193104 0.007201 2.201488 2916.737349
0.744804 0.022932 0.021228 0.010578 0.000334 0.192919 0.007204 2.203727 2918.351231
0.744970 0.022947 0.021213 0.010529 0.000335 0.192797 0.007208 2.205949 2919.959130
0.745130 0.022927 0.021242 0.010524 0.000333 0.192634 0.007211 2.208228 2922.137944
0.745233 0.022999 0.021240 0.010504 0.000331 0.192481 0.007214 2.210444 2923.936804
0.745451 0.022937 0.021252 0.010479 0.000330 0.192335 0.007216 2.212711 2925.844494
0.745625 0.022926 0.021211 0.010480 0.000332 0.192205 0.007220 2.214940 2927.460327
0.745745 0.022977 0.021186 0.010482 0.000333 0.192053 0.007225 2.217138 2929.299075
0.745887 0.022971 0.021178 0.010487 0.000334 0.191918 0.007226 2.219409 2930.728304
0.746065 0.022967 0.021171 0.010453 0.000334 0.191782 0.007229 2.221653 2932.094817
0.746181 0.022981 0.021148 0.010455 0.000337 0.191669 0.007231 2.223925 2933.664900
0.746341 0.022976 0.021123 0.010444 0.000336 0.191547 0.007233 2.226165 2935.631724
0.746457 0.022967 0.021191 0.010436 0.000338 0.191375 0.007235 2.228432 2937.183442
0.746587 0.022996 0.021192 0.010422 0.000338 0.191228 0.007238 2.230649 2938.773095
0.746670 0.022988 0.021219 0.010431 0.000337 0.191115 0.007240 2.232946 2940.721080
0.746757 0.022984 0.021222 0.010461 0.000333 0.191001 0.007242 2.235227 2942.630225
0.746907 0.023006 0.021247 0.010435 0.000335 0.190824 0.007245 2.237461 2944.405387
0.747079 0.023010 0.021207 0.010422 0.000334 0.190702 0.007247 2.239699 2946.454796
0.747217 0.022982 0.021227 0.010410 0.000336 0.190578 0.007250 2.241976 2948.247780
0.747329 0.023027 0.021202 0.010403 0.000337 0.190451 0.007252 2.244214 2949.669635
0.747439 0.023062 0.021193 0.010399 0.000338 0.190314 0.007255 2.246449 2951.260109
0.747571 0.023031 0.021196 0.010423 0.000338 0.190183 0.007258 2.248736 2952.761257
0.747684 0.023047 0.021222 0.010391 0.000340 0.190056 0.007261 2.250997 2954.565554
0.747827 0.023059 0.021200 0.010356 0.000339 0.189954 0.007264 2.253223 2956.256689
0.747917 0.023079 0.021211 0.010337 0.000335 0.189852 0.007268 2.255474 2957.562939
0.748037 0.023069 0.021232 0.010326 0.000335 0.189729 0.007272 2.257730 2959.343198
0.748122 0.023130 0.021203 0.010307 0.000335 0.189629 0.007275 2.259951 2961.091689
0.748208 0.023188 0.021173 0.010344 0.000335 0.189473 0.007278 2.262193 2963.167164
0.748309 0.023190 0.021191 0.010357 0.000332 0.189340 0.007281 2.264471 2965.078482
0.748393 0.023184 0.021182 0.010374 0.000332 0.189251 0.007285 2.266743 2967.555760
0.748460 0.023226 0.021155 0.010372 0.000327 0.189174 0.007287 2.269004 2969.935803
0.748544 0.023239 0.021153 0.010370 0.000329 0.189077 0.007289 2.271279 2971.894460
0.748650 0.023250 0.021102 0.010395 0.000328 0.188985 0.007292 2.273541 2973.686665
0.748765 0.023236 0.021127 0.010384 0.000330 0.188865 0.007294 2.275801 2974.781815
0.748812 0.023263 0.021108 0.010403 0.000328 0.188790 0.007295 2.278050 2976.050552
0.748924 0.023265 0.021112 0.010383 0.000328 0.188691 0.007298 2.280310 2977.389363
0.748969 0.023307 0.021124 0.010406 0.000331 0.188562 0.007300 2.282582 2978.797002
0.749040 0.023290 0.021118 0.010420 0.000335 0.188495 0.007303 2.284894 2980.385749
0.749136 0.023298 0.021133 0.010382 0.000338 0.188407 0.007305 2.287143 2981.476565
0.749168 0.023347 0.021157 0.010371 0.000341 0.188308 0.007307 2.289411 2982.663158
0.749207 0.023337 0.021216 0.010404 0.000341 0.188185 0.007310 2.291722 2983.984484
0.749259 0.023342 0.021265 0.010417 0.000342 0.188063 0.007313 2.294034 2985.429030
0.749333 0.023355 0.021280 0.010443 0.000346 0.187930 0.007314 2.296305 2986.480074
0.749373 0.023406 0.021281 0.010431 0.000344 0.187848 0.007316 2.298573 2988.213307
0.749436 0.023391 0.021307 0.010440 0.000343 0.187765 0.007319 2.300873 2989.660315
0.749490 0.023423 0.021323 0.010437 0.000340 0.187666 0.007322 2.303154 2991.408056
0.749559 0.023433 0.021310 0.010459 0.000343 0.187573 0.007323 2.305424 2993.239708
0.749551 0.023452 0.021344 0.010468 0.000343 0.187515 0.007327 2.307713 2995.210729
0.749632 0.023395 0.021384 0.010484 0.000342 0.187434 0.007330 2.310010 2996.858792
0.749663 0.023417 0.021420 0.010447 0.000343 0.187379 0.007331 2.312310 2998.647550
0.749668 0.023425 0.021455 0.010461 0.000341 0.187315 0.007334 2.314616 3000.377043
0.749706 0.023472 0.021448 0.010467 0.000340 0.187230 0.007338 2.316904 3002.319794
0.749770 0.023481 0.021489 0.010466 0.000343 0.187112 0.007340 2.319184 3003.410352
0.749753 0.023537 0.021480 0.010470 0.000337 0.187079 0.007344 2.321484 3005.971506
0.749784 0.023563 0.021484 0.010469 0.000338 0.187017 0.007345 2.323785 3007.636598
0.749821 0.023597 0.021478 0.010480 0.000337 0.186939 0.007348 2.326094 3009.426551
0.749818 0.023628 0.021488 0.010480 0.000340 0.186897 0.007349 2.328413 3010.821299
0.749769 0.023674 0.021517 0.010482 0.000335 0.186871 0.007352 2.330719 3013.018804
0.749801 0.023624 0.021573 0.010518 0.000334 0.186795 0.007355 2.333060 3014.415753
0.749854 0.023646 0.021587 0.010548 0.000333 0.186674 0.007358 2.335379 3016.219883
0.749833 0.023650 0.021615 0.010572 0.000336 0.186635 0.007360 2.337715 3017.665006
0.749804 0.023689 0.021617 0.010596 0.000339 0.186593 0.007363 2.340026 3019.932740
0.749863 0.023678 0.021656 0.010600 0.000336 0.186502 0.007366 2.342333 3021.545667
0.749889 0.023645 0.021677 0.010600 0.000336 0.186484 0.007369 2.344658 3023.593575
0.749946 0.023608 0.021691 0.010625 0.000338 0.186421 0.007371 2.347008 3024.932166
0.749936 0.023599 0.021701 0.010610 0.000338 0.186441 0.007375 2.349326 3026.360223
0.749941 0.023625 0.021664 0.010622 0.000341 0.186429 0.007378 2.351616 3028.151169
0.749920 0.023656 0.021611 0.010641 0.000344 0.186448 0.007380 2.353916 3029.405040
0.749930 0.023666 0.021602 0.010649 0.000343 0.186428 0.007381 2.356220 3030.923795
0.749992 0.023652 0.021609 0.010666 0.000341 0.186357 0.007383 2.358529 3033.139727
0.750027 0.023649 0.021657 0.010678 0.000343 0.186262 0.007385 2.360858 3034.724074
0.750021 0.023653 0.021673 0.010668 0.000345 0.186254 0.007386 2.363191 3036.489647
0.749956 0.023631 0.021714 0.010701 0.000336 0.186274 0.007389 2.365565 3038.933962
0.749987 0.023557 0.021774 0.010738 0.000337 0.186215 0.007391 2.367932 3040.438731
0.749977 0.023555 0.021754 0.010736 0.000338 0.186244 0.007395 2.370230 3041.926255
0.749976 0.023563 0.021765 0.010715 0.000338 0.186244 0.007399 2.372538 3043.824508
0.749918 0.023618 0.021760 0.010731 0.000337 0.186235 0.007401 2.374831 3045.514152
0.749999 0.023560 0.021802 0.010721 0.000338 0.186176 0.007403 2.377177 3047.180754
0.750002 0.023582 0.021787 0.010705 0.000337 0.186182 0.007406 2.379483 3048.960854
0.749931 0.023639 0.021770 0.010676 0.000335 0.186240 0.007409 2.381798 3050.532027
0.749969 0.023617 0.021754 0.010703 0.000331 0.186214 0.007412 2.384106 3052.616707
0.749998 0.023638 0.021755 0.010665 0.000337 0.186193 0.007414 2.386401 3053.943357
0.750005 0.023632 0.021807 0.010645 0.000338 0.186154 0.007418 2.388720 3055.078204
0.749977 0.023687 0.021768 0.010628 0.000341 0.186179 0.007421 2.390989 3056.438276
0.749997 0.023701 0.021736 0.010632 0.000341 0.186168 0.007423 2.393300 3058.253025
0.750038 0.023612 0.021762 0.010653 0.000341 0.186167 0.007427 2.395679 3060.168833
0.750080 0.023649 0.021747 0.010647 0.000343 0.186103 0.007431 2.397975 3061.552071
0.750068 0.023694 0.021730 0.010610 0.000341 0.186124 0.007433 2.400257 3063.044227
0.750068 0.023706 0.021710 0.010613 0.000339 0.186128 0.007435 2.402560 3064.559030
0.750089 0.023713 0.021689 0.010633 0.000339 0.186099 0.007439 2.404880 3066.267055
0.750131 0.023685 0.021664 0.010619 0.000343 0.186117 0.007441 2.407202 3067.943964
0.750135 0.023685 0.021668 0.010642 0.000339 0.186086 0.007444 2.409499 3069.490975
0.750061 0.023667 0.021659 0.010663 0.000342 0.186163 0.007446 2.411851 3070.905642
0.750105 0.023639 0.021678 0.010658 0.000339 0.186132 0.007448 2.414176 3072.799752
0.750152 0.023621 0.021650 0.010656 0.000341 0.186130 0.007451 2.416479 3074.594916
0.750141 0.023708 0.021606 0.010628 0.000339 0.186124 0.007453 2.418745 3075.512276
0.750130 0.023707 0.021634 0.010645 0.000339 0.186088 0.007457 2.421075 3077.376408
0.750153 0.023698 0.021641 0.010641 0.000345 0.186063 0.007459 2.423392 3078.858148
0.750197 0.023665 0.021622 0.010660 0.000343 0.186052 0.007460 2.425699 3081.190697
0.750168 0.023711 0.021628 0.010654 0.000348 0.186028 0.007463 2.428001 3083.087291
0.750167 0.023718 0.021643 0.010631 0.000350 0.186024 0.007466 2.430302 3084.211623
0.750247 0.023744 0.021584 0.010620 0.000346 0.185991 0.007468 2.432575 3085.866354
0.750250 0.023806 0.021583 0.010588 0.000342 0.185960 0.007471 2.434854 3087.383511
0.750224 0.023773 0.021579 0.010631 0.000341 0.185977 0.007474 2.437210 3089.189056
0.750190 0.023797 0.021602 0.010639 0.000341 0.185955 0.007476 2.439536 3090.659866
0.750137 0.023822 0.021644 0.010652 0.000342 0.185925 0.007479 2.441849 3092.355666
0.750164 0.023777 0.021654 0.010660 0.000344 0.185918 0.007482 2.444193 3093.597476
0.750161 0.023813 0.021662 0.010655 0.000346 0.185878 0.007485 2.446494 3095.193624
0.750152 0.023798 0.021654 0.010669 0.000345 0.185895 0.007488 2.448813 3096.836389
0.750100 0.023827 0.021682 0.010668 0.000345 0.185889 0.007490 2.451142 3098.417118
0.750106 0.023844 0.021668 0.010685 0.000348 0.185856 0.007494 2.453460 3100.489920
0.750128 0.023877 0.021665 0.010661 0.000350 0.185822 0.007498 2.455755 3102.085840
0.750118 0.023808 0.021708 0.010679 0.000349 0.185839 0.007500 2.458111 3103.711599
0.750133 0.023793 0.021705 0.010682 0.000351 0.185834 0.007503 2.460418 3104.940999
0.750126 0.023799 0.021732 0.010671 0.000351 0.185818 0.007504 2.462751 3106.680143
0.750097 0.023832 0.021723 0.010674 0.000349 0.185818 0.007507 2.465070 3108.569458
0.750106 0.023815 0.021721 0.010680 0.000354 0.185815 0.007509 2.467409 3110.317254
0.750103 0.023845 0.021675 0.010694 0.000351 0.185821 0.007512 2.469692 3112.188206
0.750140 0.023799 0.021699 0.010709 0.000350 0.185789 0.007514 2.472038 3114.054297
0.750159 0.023793 0.021663 0.010697 0.000354 0.185818 0.007517 2.474358 3116.066401
0.750195 0.023795 0.021675 0.010709 0.000352 0.185755 0.007520 2.476656 3117.827290
0.750249 0.023822 0.021659 0.010695 0.000352 0.185702 0.007522 2.478964 3119.471328
0.750256 0.023796 0.021639 0.010701 0.000350 0.185733 0.007524 2.481324 3120.966319
0.750295 0.023793 0.021682 0.010682 0.000350 0.185671 0.007527 2.483640 3122.699940
0.750268 0.023792 0.021744 0.010676 0.000345 0.185642 0.007532 2.485980 3125.056670
0.750220 0.023848 0.021712 0.010705 0.000343 0.185637 0.007534 2.488312 3126.641959
0.750222 0.023876 0.021713 0.010704 0.000342 0.185606 0.007537 2.490608 3128.351119
0.750216 0.023867 0.021743 0.010714 0.000345 0.185574 0.007541 2.492964 3129.557240
0.750179 0.023894 0.021732 0.010722 0.000346 0.185583 0.007544 2.495286 3130.839935
0.750139 0.023910 0.021721 0.010755 0.000342 0.185586 0.007548 2.497630 3133.071247
0.750099 0.023911 0.021752 0.010726 0.000345 0.185616 0.007551 2.499976 3134.405978
0.750028 0.023958 0.021708 0.010752 0.000346 0.185655 0.007553 2.502297 3136.068847
0.750028 0.023969 0.021719 0.010746 0.000343 0.185639 0.007556 2.504636 3138.020932
0.750002 0.023960 0.021757 0.010756 0.000343 0.185623 0.007560 2.506992 3140.245874
0.749981 0.023950 0.021774 0.010738 0.000344 0.185649 0.007563 2.509327 3142.040429
0.749931 0.023994 0.021807 0.010746 0.000346 0.185609 0.007566 2.511652 3143.761511
0.749947 0.023919 0.021863 0.010757 0.000346 0.185600 0.007568 2.514051 3145.615519
0.749956 0.023894 0.021889 0.010767 0.000345 0.185578 0.007571 2.516398 3147.696250
0.749941 0.023910 0.021852 0.010759 0.000346 0.185618 0.007575 2.518717 3149.363675
0.749959 0.023908 0.021881 0.010755 0.000348 0.185572 0.007577 2.521035 3150.773735
0.749910 0.023979 0.021834 0.010776 0.000347 0.185574 0.007580 2.523359 3152.190027
0.749902 0.023917 0.021838 0.010806 0.000351 0.185603 0.007582 2.525728 3154.146090
0.749901 0.023932 0.021869 0.010798 0.000352 0.185564 0.007584 2.528065 3155.834702
0.749853 0.023892 0.021901 0.010793 0.000352 0.185621 0.007588 2.530459 3157.707580
0.749812 0.023897 0.021879 0.010768 0.000349 0.185703 0.007592 2.532792 3159.452232
0.749783 0.023857 0.021908 0.010761 0.000349 0.185746 0.007596 2.535168 3161.502230
0.749787 0.023830 0.021853 0.010793 0.000350 0.185789 0.007598 2.537501 3163.541434
0.749723 0.023808 0.021860 0.010821 0.000349 0.185839 0.007601 2.539866 3165.593851
0.749700 0.023857 0.021826 0.010818 0.000346 0.185847 0.007606 2.542169 3167.178052
0.749728 0.023873 0.021788 0.010810 0.000347 0.185847 0.007608 2.544484 3169.106025
0.749765 0.023854 0.021777 0.010813 0.000350 0.185830 0.007611 2.546815 3170.472714
0.749773 0.023888 0.021744 0.010785 0.000356 0.185841 0.007614 2.549114 3172.343520
0.749759 0.023853 0.021789 0.010803 0.000354 0.185823 0.007619 2.551476 3174.207624
0.749735 0.023880 0.021800 0.010783 0.000356 0.185825 0.007621 2.553789 3175.510992
0.749751 0.023835 0.021816 0.010787 0.000357 0.185830 0.007623 2.556127 3177.070065
0.749720 0.023826 0.021819 0.010801 0.000357 0.185849 0.007627 2.558467 3178.831297
0.749774 0.023817 0.021806 0.010779 0.000353 0.185840 0.007630 2.560761 3181.387389
0.749750 0.023795 0.021808 0.010804 0.000349 0.185860 0.007634 2.563115 3183.683811
0.749746 0.023817 0.021783 0.010806 0.000354 0.185858 0.007637 2.565429 3185.072337
0.749798 0.023744 0.021796 0.010775 0.000349 0.185898 0.007641 2.567757 3186.666297
0.749778 0.023702 0.021815 0.010813 0.000345 0.185905 0.007643 2.570145 3188.552577
0.749690 0.023750 0.021834 0.010822 0.000349 0.185909 0.007645 2.572473 3190.344429
0.749695 0.023751 0.021850 0.010791 0.000350 0.185916 0.007648 2.574796 3192.080300
0.749714 0.023728 0.021888 0.010776 0.000349 0.185894 0.007651 2.577141 3193.994698
0.749738 0.023737 0.021891 0.010791 0.000351 0.185840 0.007653 2.579462 3195.273030
0.749742 0.023687 0.021899 0.010760 0.000353 0.185903 0.007656 2.581810 3197.213051
0.749808 0.023641 0.021864 0.010743 0.000352 0.185934 0.007658 2.584132 3199.040760
0.749867 0.023557 0.021872 0.010753 0.000350 0.185939 0.007662 2.586466 3200.581950
0.749869 0.023510 0.021883 0.010778 0.000348 0.185947 0.007665 2.588822 3202.727772
0.749864 0.023485 0.021860 0.010776 0.000351 0.185996 0.007668 2.591146 3204.320490
0.749814 0.023554 0.021861 0.010723 0.000350 0.186028 0.007670 2.593435 3205.960897
0.749820 0.023547 0.021862 0.010744 0.000346 0.186007 0.007675 2.595794 3208.024454
0.749874 0.023532 0.021852 0.010735 0.000348 0.185983 0.007676 2.598110 3210.171252
0.749932 0.023546 0.021827 0.010701 0.000346 0.185970 0.007680 2.600390 3212.422720
0.749889 0.023600 0.021840 0.010686 0.000348 0.185955 0.007682 2.602689 3214.097888
0.749881 0.023626 0.021866 0.010666 0.000346 0.185929 0.007685 2.604996 3216.405344
0.749907 0.023623 0.021870 0.010635 0.000343 0.185934 0.007689 2.607284 3218.052426
0.749977 0.023542 0.021897 0.010639 0.000341 0.185914 0.007692 2.609627 3220.164263
0.750017 0.023572 0.021857 0.010620 0.000340 0.185899 0.007695 2.611882 3221.752436
0.750008 0.023580 0.021811 0.010639 0.000340 0.185926 0.007697 2.614205 3223.003218
0.750058 0.023587 0.021783 0.010627 0.000340 0.185906 0.007700 2.616499 3224.576671
0.750029 0.023637 0.021744 0.010613 0.000337 0.185938 0.007703 2.618789 3226.316531
0.750035 0.023655 0.021700 0.010597 0.000338 0.185971 0.007704 2.621084 3228.237366
0.750072 0.023618 0.021755 0.010627 0.000340 0.185881 0.007706 2.623447 3229.650449
0.750046 0.023588 0.021735 0.010642 0.000341 0.185941 0.007708 2.625767 3231.260086
0.750119 0.023543 0.021677 0.010670 0.000343 0.185938 0.007710 2.628061 3232.557648
0.750058 0.023545 0.021731 0.010688 0.000341 0.185926 0.007713 2.630406 3234.757206
0.750038 0.023531 0.021745 0.010677 0.000339 0.185954 0.007716 2.632737 3237.244288
0.750032 0.023582 0.021704 0.010697 0.000334 0.185934 0.007719 2.635022 3239.247734
0.749978 0.023622 0.021720 0.010700 0.000338 0.185921 0.007721 2.637338 3240.857654
0.750031 0.023601 0.021657 0.010703 0.000342 0.185944 0.007723 2.639656 3242.858633
0.750079 0.023592 0.021669 0.010703 0.000342 0.185889 0.007726 2.641943 3243.927221
0.750022 0.023688 0.021628 0.010727 0.000344 0.185862 0.007730 2.644206 3245.253764
0.750027 0.023668 0.021628 0.010742 0.000346 0.185857 0.007732 2.646530 3247.168162
0.750022 0.023646 0.021687 0.010746 0.000347 0.185816 0.007735 2.648880 3248.833788
0.750052 0.023626 0.021712 0.010746 0.000346 0.185780 0.007738 2.651186 3250.727812
0.750083 0.023643 0.021711 0.010726 0.000343 0.185754 0.007741 2.653466 3252.464880
0.750062 0.023656 0.021702 0.010742 0.000345 0.185751 0.007742 2.655789 3253.854280
0.750058 0.023673 0.021726 0.010742 0.000346 0.185710 0.007744 2.658105 3255.382609
0.750060 0.023668 0.021691 0.010737 0.000348 0.185749 0.007748 2.660419 3256.512965
0.750092 0.023638 0.021705 0.010750 0.000345 0.185720 0.007751 2.662751 3258.057492
0.750068 0.023625 0.021703 0.010726 0.000349 0.185775 0.007754 2.665090 3259.631938
0.750143 0.023620 0.021712 0.010730 0.000346 0.185693 0.007756 2.667372 3261.199117
0.750139 0.023620 0.021731 0.010715 0.000344 0.185691 0.007759 2.669693 3262.920689
0.750171 0.023577 0.021706 0.010719 0.000343 0.185723 0.007761 2.672006 3264.722848
0.750184 0.023548 0.021727 0.010734 0.000343 0.185700 0.007765 2.674327 3267.056830
0.750263 0.023505 0.021743 0.010715 0.000345 0.185663 0.007767 2.676630 3268.805908
0.750298 0.023545 0.021709 0.010689 0.000346 0.185645 0.007768 2.678901 3270.506918
0.750362 0.023533 0.021709 0.010676 0.000348 0.185602 0.007771 2.681202 3272.376656
0.750379 0.023506 0.021697 0.010658 0.000344 0.185644 0.007773 2.683504 3274.181143
0.750409 0.023495 0.021714 0.010663 0.000346 0.185597 0.007776 2.685815 3276.166045
0.750368 0.023490 0.021755 0.010656 0.000345 0.185606 0.007780 2.688148 3278.375093
0.750329 0.023536 0.021728 0.010673 0.000348 0.185603 0.007784 2.690444 3279.663926
0.750375 0.023494 0.021776 0.010670 0.000348 0.185551 0.007786 2.692776 3281.452181
0.750344 0.023495 0.021776 0.010678 0.000346 0.185574 0.007789 2.695088 3283.103125
0.750379 0.023446 0.021763 0.010695 0.000344 0.185580 0.007792 2.697417 3284.693164
0.750368 0.023470 0.021748 0.010653 0.000347 0.185621 0.007793 2.699713 3285.910754
0.750420 0.023502 0.021733 0.010652 0.000348 0.185551 0.007795 2.702006 3287.799375
0.750445 0.023465 0.021734 0.010654 0.000348 0.185557 0.007798 2.704312 3289.601153
0.750476 0.023429 0.021721 0.010662 0.000348 0.185564 0.007801 2.706596 3291.182723
0.750521 0.023427 0.021714 0.010642 0.000347 0.185546 0.007804 2.708892 3292.903176
0.750498 0.023492 0.021688 0.010656 0.000350 0.185511 0.007807 2.711152 3294.221089
0.750521 0.023573 0.021617 0.010649 0.000351 0.185478 0.007811 2.713366 3296.092243
0.750532 0.023576 0.021630 0.010642 0.000350 0.185458 0.007814 2.715668 3297.602295
0.750546 0.023572 0.021679 0.010612 0.000346 0.185428 0.007817 2.717977 3299.518958
0.750568 0.023573 0.021718 0.010622 0.000352 0.185348 0.007819 2.720311 3300.958417
0.750507 0.023614 0.021706 0.010624 0.000349 0.185379 0.007822 2.722608 3302.826110
0.750491 0.023602 0.021694 0.010643 0.000354 0.185392 0.007824 2.724955 3303.978138
0.750493 0.023632 0.021679 0.010639 0.000350 0.185380 0.007826 2.727263 3306.093552
0.750520 0.023610 0.021670 0.010648 0.000349 0.185373 0.007830 2.729591 3308.030538
0.750550 0.023611 0.021690 0.010649 0.000350 0.185316 0.007832 2.731910 3309.199288
0.750540 0.023642 0.021683 0.010647 0.000348 0.185304 0.007836 2.734214 3311.081244
0.750540 0.023615 0.021661 0.010675 0.000346 0.185324 0.007839 2.736538 3313.172663
0.750580 0.023620 0.021651 0.010622 0.000347 0.185340 0.007841 2.738837 3314.987580
0.750607 0.023649 0.021676 0.010618 0.000344 0.185262 0.007844 2.741131 3316.749846
0.750588 0.023650 0.021661 0.010622 0.000342 0.185289 0.007848 2.743454 3318.386596
0.750550 0.023648 0.021691 0.010635 0.000340 0.185284 0.007850 2.745795 3320.572089
0.750545 0.023695 0.021692 0.010628 0.000337 0.185249 0.007853 2.748098 3322.688856
0.750533 0.023690 0.021709 0.010640 0.000336 0.185235 0.007857 2.750419 3324.259729
0.750525 0.023677 0.021735 0.010652 0.000335 0.185217 0.007860 2.752747 3325.684113
0.750519 0.023732 0.021688 0.010619 0.000333 0.185246 0.007863 2.755014 3327.413941
0.750517 0.023716 0.021710 0.010593 0.000336 0.185265 0.007864 2.757333 3328.873505
0.750517 0.023694 0.021750 0.010579 0.000339 0.185255 0.007867 2.759698 3330.551568
0.750518 0.023703 0.021746 0.010581 0.000341 0.185242 0.007870 2.762012 3332.665309
0.750534 0.023684 0.021790 0.010585 0.000344 0.185191 0.007871 2.764348 3334.420884
0.750566 0.023684 0.021764 0.010608 0.000340 0.185165 0.007874 2.766650 3336.788067
0.750554 0.023684 0.021803 0.010618 0.000333 0.185132 0.007878 2.768977 3339.075100
0.750539 0.023713 0.021773 0.010633 0.000336 0.185127 0.007880 2.771271 3340.278638
0.750529 0.023704 0.021773 0.010626 0.000338 0.185147 0.007883 2.773600 3342.029991
0.750525 0.023678 0.021790 0.010652 0.000338 0.185129 0.007887 2.775945 3343.803285
0.750578 0.023595 0.021786 0.010695 0.000337 0.185119 0.007889 2.778300 3345.514150
0.750586 0.023598 0.021776 0.010694 0.000337 0.185117 0.007892 2.780614 3347.821031
0.750592 0.023580 0.021766 0.010697 0.000333 0.185136 0.007896 2.782948 3349.676474
0.750596 0.023598 0.021808 0.010670 0.000336 0.185093 0.007899 2.785285 3351.518968
0.750557 0.023593 0.021843 0.010686 0.000334 0.185085 0.007901 2.787618 3352.704335
0.750526 0.023614 0.021810 0.010708 0.000331 0.185107 0.007905 2.789921 3354.895174
0.750498 0.023641 0.021792 0.010670 0.000331 0.185159 0.007908 2.792217 3356.489634
0.750446 0.023685 0.021768 0.010693 0.000332 0.185165 0.007911 2.794522 3358.457985
0.750466 0.023629 0.021805 0.010713 0.000332 0.185141 0.007915 2.796871 3360.479508
0.750488 0.023618 0.021817 0.010682 0.000334 0.185144 0.007917 2.799181 3362.427297
0.750459 0.023630 0.021833 0.010708 0.000338 0.185112 0.007920 2.801526 3363.899154
0.750421 0.023629 0.021840 0.010718 0.000340 0.185132 0.007921 2.803867 3365.661736
0.750489 0.023621 0.021797 0.010731 0.000339 0.185101 0.007922 2.806185 3367.552990
0.750525 0.023619 0.021852 0.010735 0.000335 0.185009 0.007925 2.808499 3369.543494
0.750530 0.023568 0.021831 0.010727 0.000332 0.185086 0.007926 2.810829 3371.396091
0.750560 0.023552 0.021790 0.010742 0.000329 0.185098 0.007928 2.813149 3373.143882
0.750520 0.023594 0.021756 0.010744 0.000334 0.185121 0.007931 2.815454 3374.470944
0.750507 0.023610 0.021759 0.010757 0.000335 0.185100 0.007934 2.817760 3376.312875
0.750502 0.023607 0.021768 0.010751 0.000334 0.185102 0.007936 2.820095 3377.763660
0.750493 0.023566 0.021753 0.010768 0.000332 0.185150 0.007937 2.822444 3380.021616
0.750472 0.023565 0.021760 0.010761 0.000334 0.185169 0.007941 2.824742 3381.444972
0.750509 0.023533 0.021745 0.010763 0.000329 0.185177 0.007943 2.827062 3383.198971
0.750562 0.023487 0.021754 0.010755 0.000330 0.185165 0.007946 2.829365 3384.628112
0.750642 0.023430 0.021738 0.010738 0.000327 0.185176 0.007949 2.831662 3386.540347
0.750647 0.023459 0.021726 0.010696 0.000324 0.185195 0.007953 2.833925 3388.310712
0.750613 0.023444 0.021756 0.010690 0.000325 0.185218 0.007955 2.836260 3389.947000
0.750578 0.023450 0.021689 0.010718 0.000323 0.185285 0.007958 2.838554 3391.131904
0.750541 0.023481 0.021736 0.010721 0.000330 0.185232 0.007960 2.840870 3392.584658
0.750534 0.023514 0.021721 0.010720 0.000328 0.185221 0.007962 2.843174 3394.450886
0.750535 0.023555 0.021693 0.010706 0.000329 0.185218 0.007965 2.845470 3396.236074
0.750550 0.023597 0.021693 0.010693 0.000328 0.185170 0.007968 2.847739 3397.939844
0.750530 0.023597 0.021735 0.010689 0.000327 0.185151 0.007971 2.850076 3399.109272
0.750567 0.023563 0.021781 0.010672 0.000331 0.185113 0.007974 2.852405 3400.262516
0.750612 0.023537 0.021777 0.010678 0.000331 0.185089 0.007976 2.854711 3401.597440
0.750592 0.023590 0.021791 0.010658 0.000336 0.185056 0.007977 2.856998 3402.852901
0.750554 0.023610 0.021768 0.010669 0.000339 0.185079 0.007981 2.859328 3404.993836
0.750544 0.023671 0.021749 0.010651 0.000340 0.185061 0.007984 2.861601 3407.445101
0.750599 0.023603 0.021712 0.010700 0.000336 0.185065 0.007986 2.863937 3408.976082
0.750586 0.023612 0.021737 0.010701 0.000337 0.185039 0.007989 2.866256 3410.584962
0.750668 0.023547 0.021764 0.010707 0.000339 0.184985 0.007991 2.868584 3412.200919
0.750648 0.023545 0.021780 0.010741 0.000334 0.184957 0.007994 2.870912 3414.123268
0.750636 0.023560 0.021746 0.010723 0.000335 0.185003 0.007997 2.873212 3415.554370
0.750636 0.023539 0.021759 0.010696 0.000335 0.185035 0.008001 2.875527 3417.014938
0.750625 0.023531 0.021752 0.010723 0.000337 0.185029 0.008003 2.877858 3418.368900
0.750691 0.023469 0.021752 0.010740 0.000335 0.185007 0.008006 2.880171 3419.705680
0.750710 0.023468 0.021752 0.010732 0.000339 0.184991 0.008009 2.882480 3421.011444
0.750690 0.023446 0.021746 0.010738 0.000340 0.185028 0.008012 2.884831 3422.256236
0.750654 0.023483 0.021712 0.010720 0.000340 0.185078 0.008014 2.887139 3424.451689
0.750603 0.023486 0.021721 0.010709 0.000342 0.185124 0.008016 2.889454 3425.871211
0.750637 0.023455 0.021695 0.010705 0.000342 0.185148 0.008018 2.891753 3427.851925
0.750691 0.023410 0.021663 0.010680 0.000341 0.185195 0.008021 2.894065 3429.902945
0.750714 0.023477 0.021609 0.010664 0.000341 0.185169 0.008026 2.896328 3431.840745
0.750758 0.023453 0.021597 0.010663 0.000340 0.185161 0.008028 2.898646 3433.369134
0.750707 0.023550 0.021564 0.010640 0.000337 0.185170 0.008032 2.900891 3435.778449
0.750668 0.023613 0.021558 0.010665 0.000338 0.185124 0.008035 2.903178 3437.327815
0.750711 0.023574 0.021573 0.010660 0.000340 0.185104 0.008037 2.905503 3438.555698
0.750678 0.023630 0.021561 0.010651 0.000342 0.185100 0.008039 2.907796 3440.505529
0.750726 0.023568 0.021594 0.010640 0.000345 0.185085 0.008041 2.910144 3442.465205
0.750765 0.023531 0.021609 0.010602 0.000342 0.185107 0.008045 2.912462 3444.608394
0.750766 0.023549 0.021576 0.010592 0.000340 0.185130 0.008047 2.914750 3446.147462
0.750764 0.023593 0.021591 0.010614 0.000334 0.185053 0.008050 2.917037 3448.047926
0.750747 0.023565 0.021578 0.010621 0.000336 0.185100 0.008054 2.919374 3449.549896
0.750777 0.023546 0.021573 0.010618 0.000333 0.185097 0.008057 2.921655 3451.416996
0.750790 0.023538 0.021589 0.010609 0.000331 0.185083 0.008061 2.923972 3453.544560
0.750769 0.023523 0.021613 0.010614 0.000330 0.185087 0.008064 2.926314 3455.244501
0.750773 0.023532 0.021629 0.010575 0.000329 0.185096 0.008067 2.928630 3456.759520
0.750767 0.023566 0.021610 0.010599 0.000330 0.185060 0.008069 2.930941 3458.103627
0.750708 0.023637 0.021609 0.010582 0.000332 0.185062 0.008072 2.933211 3460.298090
0.750637 0.023673 0.021603 0.010615 0.000336 0.185062 0.008074 2.935533 3461.559669
0.750656 0.023628 0.021647 0.010631 0.000340 0.185024 0.008075 2.937884 3462.601677
0.750673 0.023590 0.021615 0.010625 0.000338 0.185080 0.008078 2.940210 3464.068988
0.750649 0.023573 0.021583 0.010643 0.000338 0.185131 0.008081 2.942547 3465.741145
0.750660 0.023596 0.021575 0.010645 0.000338 0.185102 0.008085 2.944835 3467.658895
0.750586 0.023666 0.021533 0.010640 0.000340 0.185148 0.008087 2.947097 3469.242254
0.750607 0.023627 0.021583 0.010652 0.000339 0.185104 0.008089 2.949438 3471.132831
0.750577 0.023607 0.021611 0.010650 0.000333 0.185131 0.008092 2.951776 3473.108061
0.750610 0.023555 0.021644 0.010633 0.000330 0.185133 0.008095 2.954095 3474.752387
0.750589 0.023600 0.021623 0.010610 0.000329 0.185150 0.008099 2.956373 3476.532671
0.750550 0.023589 0.021669 0.010597 0.000330 0.185165 0.008100 2.958687 3477.800204
0.750575 0.023551 0.021671 0.010587 0.000328 0.185184 0.008103 2.960998 3479.486337
0.750593 0.023549 0.021682 0.010613 0.000331 0.185127 0.008106 2.963324 3480.795799
0.750602 0.023522 0.021741 0.010615 0.000329 0.185081 0.008109 2.965693 3482.630228
0.750606 0.023510 0.021766 0.010601 0.000327 0.185077 0.008113 2.967986 3484.439337
0.750597 0.023536 0.021736 0.010618 0.000325 0.185073 0.008115 2.970255 3486.529355
0.750559 0.023536 0.021719 0.010636 0.000325 0.185108 0.008117 2.972576 3488.726763
0.750502 0.023550 0.021729 0.010663 0.000329 0.185107 0.008120 2.974910 3489.753394
0.750534 0.023545 0.021697 0.010672 0.000329 0.185103 0.008122 2.977208 3491.351531
0.750548 0.023532 0.021700 0.010682 0.000328 0.185086 0.008124 2.979528 3492.926962
0.750597 0.023442 0.021703 0.010693 0.000331 0.185107 0.008126 2.981869 3494.550981
0.750634 0.023381 0.021795 0.010703 0.000330 0.185028 0.008129 2.984228 3496.134806
0.750678 0.023303 0.021799 0.010693 0.000330 0.185066 0.008131 2.986580 3497.523627
0.750695 0.023298 0.021771 0.010676 0.000329 0.185096 0.008134 2.988857 3499.112747
0.750716 0.023327 0.021697 0.010650 0.000328 0.185146 0.008136 2.991125 3500.817700
0.750753 0.023314 0.021723 0.010630 0.000328 0.185114 0.008138 2.993421 3501.975077
0.750814 0.023326 0.021719 0.010620 0.000329 0.185052 0.008141 2.995700 3503.664680
0.750794 0.023386 0.021688 0.010573 0.000332 0.185084 0.008143 2.997958 3504.925986
0.750772 0.023390 0.021699 0.010569 0.000334 0.185092 0.008145 3.000272 3506.378915
0.750772 0.023399 0.021673 0.010572 0.000335 0.185103 0.008147 3.002560 3507.929627
0.750762 0.023390 0.021672 0.010577 0.000338 0.185112 0.008150 3.004864 3509.823573
0.750832 0.023369 0.021700 0.010572 0.000336 0.185037 0.008154 3.007154 3511.760060
0.750821 0.023389 0.021724 0.010536 0.000337 0.185037 0.008157 3.009462 3513.402297
0.750810 0.023429 0.021741 0.010532 0.000343 0.184986 0.008159 3.011746 3514.624949
0.750746 0.023508 0.021698 0.010544 0.000340 0.185001 0.008163 3.014014 3516.688935
0.750761 0.023565 0.021654 0.010556 0.000342 0.184957 0.008165 3.016284 3518.166745
0.750734 0.023539 0.021684 0.010547 0.000339 0.184987 0.008169 3.018611 3519.382903
0.750734 0.023529 0.021679 0.010551 0.000337 0.184999 0.008171 3.020922 3521.195186
0.750738 0.023526 0.021696 0.010537 0.000339 0.184990 0.008174 3.023228 3522.613702
0.750774 0.023496 0.021641 0.010552 0.000340 0.185022 0.008176 3.025553 3524.755841
0.750844 0.023464 0.021639 0.010551 0.000336 0.184987 0.008180 3.027856 3526.749472
0.750780 0.023483 0.021651 0.010551 0.000335 0.185015 0.008183 3.030168 3528.312103
0.750739 0.023547 0.021642 0.010562 0.000338 0.184987 0.008186 3.032448 3529.911594
0.750684 0.023613 0.021648 0.010573 0.000340 0.184953 0.008188 3.034732 3531.164292
0.750641 0.023647 0.021642 0.010577 0.000337 0.184963 0.008193 3.037022 3533.087286
0.750635 0.023601 0.021652 0.010591 0.000334 0.184992 0.008196 3.039347 3535.173418
0.750586 0.023610 0.021727 0.010553 0.000333 0.184992 0.008199 3.041690 3536.670104
0.750568 0.023582 0.021730 0.010564 0.000330 0.185025 0.008201 3.044044 3538.677541
0.750500 0.023625 0.021765 0.010587 0.000329 0.184992 0.008205 3.046363 3541.275942
0.750520 0.023612 0.021751 0.010576 0.000327 0.185006 0.008208 3.048677 3543.073623
0.750524 0.023578 0.021740 0.010589 0.000326 0.185031 0.008211 3.050990 3544.285362
0.750497 0.023603 0.021731 0.010581 0.000328 0.185047 0.008214 3.053291 3545.982940
0.750481 0.023597 0.021732 0.010601 0.000329 0.185043 0.008218 3.055606 3547.317856
0.750479 0.023543 0.021755 0.010600 0.000330 0.185074 0.008219 3.057982 3548.785204
0.750501 0.023568 0.021749 0.010581 0.000327 0.185052 0.008223 3.060286 3550.590323
0.750501 0.023591 0.021753 0.010563 0.000329 0.185038 0.008226 3.062575 3551.973990
0.750498 0.023621 0.021738 0.010607 0.000334 0.184974 0.008229 3.064881 3553.196715
0.750518 0.023616 0.021728 0.010629 0.000333 0.184945 0.008232 3.067195 3555.016326
0.750501 0.023628 0.021717 0.010598 0.000333 0.184989 0.008235 3.069503 3556.440877
0.750437 0.023677 0.021712 0.010596 0.000333 0.185008 0.008238 3.071820 3558.482268
0.750403 0.023718 0.021697 0.010601 0.000337 0.185005 0.008240 3.074113 3559.967749
0.750383 0.023733 0.021736 0.010587 0.000337 0.184982 0.008242 3.076431 3561.539460
0.750350 0.023807 0.021749 0.010593 0.000333 0.184924 0.008245 3.078735 3563.562180
0.750312 0.023818 0.021765 0.010613 0.000331 0.184911 0.008249 3.081048 3565.518741
0.750257 0.023808 0.021798 0.010645 0.000330 0.184911 0.008251 3.083404 3567.273352
0.750211 0.023778 0.021802 0.010691 0.000328 0.184935 0.008255 3.085781 3568.764697
0.750192 0.023761 0.021813 0.010657 0.000329 0.184992 0.008256 3.088121 3569.981514
0.750136 0.023757 0.021811 0.010660 0.000328 0.185049 0.008259 3.090471 3571.815341
0.750104 0.023761 0.021790 0.010680 0.000337 0.185070 0.008260 3.092802 3572.909167
0.750073 0.023803 0.021773 0.010706 0.000338 0.185045 0.008262 3.095087 3574.548289
0.750005 0.023846 0.021769 0.010712 0.000337 0.185066 0.008265 3.097405 3576.015920
0.749981 0.023870 0.021750 0.010716 0.000336 0.185079 0.008268 3.099712 3577.306683
0.749943 0.023930 0.021721 0.010698 0.000338 0.185097 0.008272 3.102006 3579.258901
0.749906 0.023919 0.021724 0.010706 0.000338 0.185132 0.008275 3.104371 3580.755718
0.749890 0.023869 0.021763 0.010710 0.000337 0.185153 0.008278 3.106747 3582.358090
0.749886 0.023842 0.021787 0.010736 0.000337 0.185131 0.008282 3.109093 3584.133850
0.749894 0.023844 0.021775 0.010752 0.000339 0.185112 0.008284 3.111409 3585.455524
0.749827 0.023870 0.021833 0.010784 0.000341 0.185058 0.008287 3.113760 3587.520020
0.749767 0.023861 0.021870 0.010784 0.000341 0.185089 0.008288 3.116124 3589.163819
0.749813 0.023858 0.021853 0.010763 0.000340 0.185082 0.008291 3.118437 3590.954052
0.749756 0.023851 0.021876 0.010771 0.000341 0.185112 0.008293 3.120799 3592.645258
0.749718 0.023860 0.021896 0.010776 0.000339 0.185114 0.008296 3.123148 3594.311304
0.749731 0.023917 0.021880 0.010751 0.000340 0.185081 0.008300 3.125435 3595.676884
0.749688 0.023956 0.021923 0.010713 0.000337 0.185080 0.008303 3.127767 3597.847655
0.749620 0.023937 0.021972 0.010707 0.000339 0.185121 0.008304 3.130142 3599.221767
0.749603 0.023875 0.022011 0.010689 0.000343 0.185174 0.008305 3.132518 3600.604442
0.749558 0.023941 0.021991 0.010718 0.000338 0.185144 0.008309 3.134853 3602.870572
0.749531 0.023931 0.022013 0.010713 0.000336 0.185163 0.008313 3.137179 3604.802632
0.749530 0.023903 0.021968 0.010708 0.000338 0.185237 0.008315 3.139521 3606.383555
0.749557 0.023893 0.021934 0.010718 0.000338 0.185241 0.008319 3.141843 3608.607964
0.749549 0.023883 0.021904 0.010763 0.000341 0.185240 0.008320 3.144173 3610.523891
0.749540 0.023897 0.021866 0.010767 0.000341 0.185267 0.008322 3.146487 3612.417781
0.749473 0.023859 0.021930 0.010808 0.000340 0.185266 0.008325 3.148868 3613.570716
0.749472 0.023802 0.021974 0.010830 0.000340 0.185256 0.008327 3.151238 3615.115378
0.749451 0.023790 0.021979 0.010818 0.000340 0.185294 0.008328 3.153570 3616.829777
0.749457 0.023810 0.021950 0.010804 0.000340 0.185309 0.008331 3.155879 3618.220104
0.749482 0.023779 0.021967 0.010803 0.000336 0.185299 0.008334 3.158217 3620.388535
0.749476 0.023762 0.021916 0.010824 0.000334 0.185350 0.008337 3.160567 3621.893100
0.749443 0.023780 0.021906 0.010805 0.000337 0.185391 0.008339 3.162874 3623.925708
0.749446 0.023837 0.021876 0.010812 0.000331 0.185356 0.008342 3.165161 3625.889234
0.749449 0.023851 0.021864 0.010784 0.000331 0.185376 0.008345 3.167467 3627.171339
0.749356 0.023870 0.021865 0.010744 0.000333 0.185486 0.008347 3.169811 3628.456958
0.749367 0.023896 0.021833 0.010742 0.000332 0.185479 0.008351 3.172125 3630.385237
0.749360 0.023866 0.021827 0.010706 0.000334 0.185553 0.008354 3.174452 3632.713916
0.749360 0.023801 0.021876 0.010690 0.000334 0.185583 0.008356 3.176812 3634.348757
0.749397 0.023781 0.021893 0.010682 0.000335 0.185553 0.008359 3.179124 3636.079289
0.749449 0.023725 0.021910 0.010697 0.000341 0.185517 0.008361 3.181470 3637.868242
0.749463 0.023754 0.021902 0.010676 0.000338 0.185502 0.008365 3.183780 3639.284414
0.749470 0.023686 0.021969 0.010640 0.000338 0.185529 0.008368 3.186127 3640.991692
0.749497 0.023604 0.021990 0.010666 0.000340 0.185532 0.008371 3.188506 3642.365289
0.749471 0.023610 0.021977 0.010697 0.000338 0.185534 0.008373 3.190846 3643.948522
0.749540 0.023578 0.021929 0.010679 0.000334 0.185565 0.008376 3.193170 3646.088969
0.749511 0.023605 0.021927 0.010668 0.000333 0.185578 0.008378 3.195478 3647.411106
0.749544 0.023540 0.021975 0.010702 0.000334 0.185525 0.008380 3.197843 3649.033202
0.749566 0.023562 0.021928 0.010689 0.000335 0.185537 0.008383 3.200123 3650.807939
0.749586 0.023552 0.021907 0.010711 0.000336 0.185522 0.008386 3.202458 3652.085724
0.749610 0.023522 0.021918 0.010744 0.000338 0.185480 0.008388 3.204792 3653.897620
0.749638 0.023500 0.021920 0.010734 0.000337 0.185481 0.008390 3.207111 3655.813924
0.749587 0.023503 0.021926 0.010731 0.000336 0.185526 0.008392 3.209429 3657.355911
0.749628 0.023479 0.021923 0.010748 0.000336 0.185491 0.008396 3.211743 3659.950572
