0.356859 0.062132 0.054891 0.031403 0.002018 0.486855 0.005843 1.593264 2039.375053
0.358157 0.060909 0.056235 0.029975 0.002005 0.486846 0.005872 1.599278 2051.646503
0.361074 0.058202 0.057308 0.028649 0.002008 0.486862 0.005897 1.605154 2060.568924
0.365015 0.054785 0.058084 0.027383 0.002000 0.486811 0.005922 1.610762 2069.861753
0.369457 0.051268 0.058428 0.026082 0.001997 0.486825 0.005944 1.615911 2079.506600
0.374328 0.047722 0.058458 0.024869 0.001985 0.486670 0.005967 1.620711 2089.045098
0.379401 0.044209 0.058156 0.023726 0.001971 0.486544 0.005994 1.625223 2098.726628
0.384762 0.040888 0.057588 0.022574 0.001955 0.486214 0.006019 1.629316 2109.354144
0.390325 0.037684 0.056882 0.021524 0.001937 0.485609 0.006038 1.633156 2118.882999
0.395838 0.034674 0.055963 0.020469 0.001913 0.485081 0.006062 1.636683 2128.596161
0.401525 0.031878 0.054820 0.019455 0.001896 0.484343 0.006083 1.639916 2137.635689
0.407195 0.029251 0.053573 0.018472 0.001874 0.483526 0.006107 1.642908 2146.904553
0.412877 0.026797 0.052229 0.017487 0.001846 0.482633 0.006130 1.645665 2157.461463
0.418642 0.024574 0.050653 0.016601 0.001813 0.481565 0.006152 1.648132 2167.106939
0.424423 0.022501 0.049109 0.015723 0.001789 0.480281 0.006175 1.650406 2175.821922
0.430214 0.020583 0.047530 0.014899 0.001753 0.478819 0.006201 1.652509 2186.398926
0.436086 0.018798 0.045890 0.014104 0.001724 0.477170 0.006227 1.654446 2196.549919
0.441938 0.017153 0.044221 0.013338 0.001698 0.475403 0.006248 1.656219 2205.093415
0.447694 0.015610 0.042520 0.012646 0.001675 0.473583 0.006271 1.657880 2215.346803
0.453473 0.014295 0.040839 0.011954 0.001631 0.471511 0.006297 1.659295 2225.038854
0.459266 0.013049 0.039131 0.011300 0.001599 0.469338 0.006317 1.660635 2234.634101
0.465035 0.011893 0.037460 0.010664 0.001555 0.467052 0.006341 1.661868 2244.867834
0.470794 0.010840 0.035786 0.010052 0.001520 0.464642 0.006365 1.662985 2253.656984
0.476515 0.009894 0.034172 0.009473 0.001489 0.462071 0.006386 1.663997 2263.470166
0.482222 0.009050 0.032550 0.008926 0.001458 0.459393 0.006402 1.664903 2273.080757
0.487918 0.008248 0.031026 0.008409 0.001426 0.456550 0.006423 1.665745 2282.553685
0.493543 0.007543 0.029517 0.007928 0.001399 0.453629 0.006440 1.666500 2291.153674
0.499100 0.006876 0.028062 0.007453 0.001357 0.450693 0.006459 1.667205 2300.883557
0.504654 0.006288 0.026647 0.007014 0.001322 0.447598 0.006477 1.667828 2310.354874
0.510244 0.005750 0.025283 0.006599 0.001283 0.444342 0.006500 1.668407 2321.290798
0.515751 0.005261 0.023970 0.006218 0.001253 0.441030 0.006518 1.668929 2329.838305
0.521217 0.004790 0.022766 0.005829 0.001217 0.437641 0.006539 1.669430 2338.201676
0.526651 0.004385 0.021579 0.005474 0.001175 0.434180 0.006555 1.669863 2347.249941
0.532056 0.003988 0.020428 0.005125 0.001146 0.430685 0.006571 1.670281 2356.074930
0.537489 0.003623 0.019315 0.004819 0.001114 0.427056 0.006583 1.670667 2364.566677
0.542829 0.003296 0.018271 0.004521 0.001083 0.423402 0.006600 1.671012 2372.518468
0.548102 0.002989 0.017300 0.004238 0.001051 0.419706 0.006614 1.671336 2381.135480
0.553370 0.002728 0.016328 0.003978 0.001017 0.415948 0.006631 1.671610 2389.702750
0.558572 0.002481 0.015411 0.003742 0.000989 0.412160 0.006645 1.671871 2397.240336
0.563682 0.002270 0.014541 0.003506 0.000953 0.408388 0.006660 1.672096 2406.558034
0.568787 0.002062 0.013710 0.003288 0.000926 0.404553 0.006675 1.672312 2414.061649
0.573790 0.001888 0.012922 0.003071 0.000898 0.400741 0.006690 1.672500 2421.378133
0.578720 0.001726 0.012183 0.002876 0.000876 0.396920 0.006700 1.672674 2428.202949
0.583690 0.001568 0.011498 0.002700 0.000849 0.392983 0.006712 1.672841 2434.872287
0.588591 0.001433 0.010859 0.002525 0.000824 0.389043 0.006726 1.672986 2441.728907
0.593483 0.001300 0.010239 0.002381 0.000794 0.385064 0.006739 1.673126 2449.748403
0.598285 0.001193 0.009613 0.002231 0.000771 0.381159 0.006749 1.673241 2456.299847
0.603029 0.001087 0.009063 0.002099 0.000746 0.377218 0.006759 1.673359 2463.804635
0.607736 0.000985 0.008523 0.001972 0.000721 0.373293 0.006770 1.673469 2472.013412
0.612381 0.000900 0.008005 0.001850 0.000702 0.369383 0.006779 1.673564 2477.716101
0.616973 0.000820 0.007533 0.001736 0.000677 0.365473 0.006788 1.673650 2484.647915
0.621524 0.000744 0.007089 0.001623 0.000652 0.361571 0.006797 1.673730 2491.921462
0.626040 0.000681 0.006651 0.001524 0.000637 0.357666 0.006803 1.673800 2496.662947
0.630456 0.000628 0.006226 0.001432 0.000614 0.353832 0.006812 1.673858 2502.215386
0.634773 0.000576 0.005819 0.001336 0.000595 0.350082 0.006819 1.673915 2507.326341
0.639139 0.000525 0.005464 0.001247 0.000580 0.346220 0.006825 1.673972 2512.460448
0.643447 0.000480 0.005139 0.001169 0.000560 0.342373 0.006832 1.674022 2518.404112
0.647683 0.000439 0.004823 0.001090 0.000538 0.338586 0.006842 1.674066 2524.671533
0.651901 0.000402 0.004516 0.001021 0.000520 0.334791 0.006850 1.674108 2530.540083
0.656044 0.000363 0.004254 0.000956 0.000503 0.331022 0.006857 1.674149 2535.553088
0.660200 0.000332 0.004005 0.000902 0.000487 0.327210 0.006864 1.674183 2540.756445
0.664268 0.000302 0.003746 0.000841 0.000470 0.323503 0.006869 1.674215 2545.608005
0.668300 0.000277 0.003523 0.000786 0.000451 0.319785 0.006878 1.674243 2551.939447
0.672317 0.000255 0.003306 0.000740 0.000433 0.316064 0.006885 1.674268 2557.083915
0.676260 0.000237 0.003094 0.000692 0.000420 0.312407 0.006889 1.674290 2561.784375
0.680109 0.000216 0.002904 0.000645 0.000406 0.308825 0.006895 1.674312 2566.251484
0.683930 0.000197 0.002718 0.000603 0.000392 0.305258 0.006900 1.674333 2570.683315
0.687709 0.000182 0.002547 0.000561 0.000378 0.301717 0.006906 1.674351 2574.977597
0.691540 0.000166 0.002377 0.000525 0.000365 0.298115 0.006912 1.674370 2579.277961
0.695232 0.000155 0.002213 0.000490 0.000350 0.294644 0.006916 1.674384 2584.024697
0.698892 0.000142 0.002072 0.000458 0.000336 0.291178 0.006922 1.674400 2588.723404
0.702499 0.000128 0.001939 0.000430 0.000325 0.287755 0.006925 1.674416 2592.695306
0.706120 0.000119 0.001806 0.000408 0.000316 0.284302 0.006928 1.674427 2595.780412
0.709675 0.000111 0.001681 0.000383 0.000306 0.280913 0.006931 1.674436 2599.301949
0.713119 0.000104 0.001579 0.000359 0.000292 0.277612 0.006935 1.674445 2603.759116
0.716570 0.000096 0.001480 0.000334 0.000276 0.274303 0.006941 1.674455 2609.234725
0.719993 0.000088 0.001385 0.000315 0.000267 0.271007 0.006945 1.674465 2612.017640
0.723359 0.000081 0.001294 0.000293 0.000260 0.267767 0.006947 1.674474 2614.994179
0.726695 0.000077 0.001211 0.000271 0.000249 0.264547 0.006950 1.674480 2618.441722
0.730023 0.000068 0.001137 0.000254 0.000239 0.261324 0.006954 1.674489 2621.941833
0.733288 0.000063 0.001063 0.000235 0.000233 0.258161 0.006957 1.674496 2624.343712
0.736519 0.000059 0.000999 0.000219 0.000223 0.255022 0.006960 1.674501 2628.121520
0.739688 0.000056 0.000937 0.000205 0.000217 0.251935 0.006963 1.674506 2630.703340
0.742823 0.000051 0.000876 0.000192 0.000208 0.248886 0.006966 1.674511 2634.146401
0.745934 0.000048 0.000816 0.000180 0.000201 0.245853 0.006968 1.674516 2636.634710
0.748983 0.000043 0.000754 0.000167 0.000192 0.242890 0.006972 1.674522 2639.876221
0.751951 0.000040 0.000705 0.000158 0.000184 0.239986 0.006976 1.674526 2642.865900
0.754924 0.000036 0.000659 0.000147 0.000177 0.237079 0.006979 1.674530 2645.380471
0.757897 0.000035 0.000613 0.000137 0.000172 0.234166 0.006981 1.674532 2647.666798
0.760783 0.000034 0.000572 0.000129 0.000167 0.231332 0.006983 1.674535 2649.743248
0.763658 0.000032 0.000539 0.000121 0.000160 0.228504 0.006985 1.674537 2652.331733
0.766466 0.000031 0.000499 0.000115 0.000154 0.225747 0.006987 1.674540 2654.658982
0.769219 0.000029 0.000468 0.000108 0.000150 0.223038 0.006989 1.674543 2656.629889
0.771976 0.000029 0.000435 0.000100 0.000144 0.220326 0.006991 1.674545 2659.184240
0.774718 0.000027 0.000406 0.000095 0.000139 0.217623 0.006992 1.674548 2661.292379
0.777406 0.000025 0.000381 0.000086 0.000133 0.214975 0.006994 1.674551 2663.949065
0.780068 0.000023 0.000359 0.000081 0.000126 0.212347 0.006997 1.674553 2666.327243
0.782679 0.000021 0.000335 0.000074 0.000123 0.209770 0.006997 1.674555 2668.206601
0.785288 0.000019 0.000308 0.000070 0.000119 0.207198 0.006999 1.674558 2670.619988
0.787873 0.000018 0.000288 0.000064 0.000116 0.204642 0.007000 1.674560 2671.908050
0.790410 0.000016 0.000269 0.000061 0.000114 0.202130 0.007001 1.674562 2673.023578
0.792882 0.000015 0.000256 0.000056 0.000108 0.199680 0.007003 1.674563 2675.781960
0.795347 0.000014 0.000238 0.000052 0.000103 0.197241 0.007005 1.674564 2678.141831
0.797749 0.000013 0.000218 0.000048 0.000098 0.194865 0.007007 1.674565 2680.235906
0.800116 0.000013 0.000201 0.000044 0.000094 0.192522 0.007010 1.674565 2682.379567
0.802457 0.000012 0.000188 0.000040 0.000091 0.190200 0.007011 1.674567 2683.323066
0.804716 0.000012 0.000177 0.000038 0.000085 0.187959 0.007014 1.674568 2686.926241
0.806916 0.000012 0.000162 0.000035 0.000080 0.185780 0.007015 1.674568 2688.588901
0.809047 0.000011 0.000149 0.000032 0.000077 0.183668 0.007017 1.674569 2689.992959
0.811124 0.000011 0.000138 0.000031 0.000072 0.181605 0.007019 1.674570 2692.258369
0.813202 0.000010 0.000127 0.000029 0.000068 0.179542 0.007021 1.674571 2694.192093
0.815168 0.000010 0.000120 0.000027 0.000066 0.177587 0.007022 1.674572 2695.370655
0.817059 0.000009 0.000111 0.000025 0.000065 0.175708 0.007022 1.674572 2695.959368
0.818937 0.000008 0.000106 0.000025 0.000061 0.173839 0.007024 1.674574 2698.144886
0.820790 0.000007 0.000099 0.000024 0.000059 0.171996 0.007024 1.674575 2699.184783
0.822560 0.000007 0.000091 0.000022 0.000057 0.170237 0.007025 1.674576 2699.907718
0.824261 0.000007 0.000084 0.000021 0.000056 0.168545 0.007026 1.674576 2700.790129
0.825886 0.000007 0.000078 0.000020 0.000054 0.166930 0.007027 1.674576 2701.810418
0.827468 0.000006 0.000074 0.000019 0.000051 0.165355 0.007027 1.674577 2703.236747
0.829005 0.000006 0.000069 0.000017 0.000048 0.163826 0.007029 1.674578 2704.752424
0.830472 0.000006 0.000065 0.000016 0.000046 0.162366 0.007030 1.674579 2705.990476
0.831885 0.000006 0.000061 0.000015 0.000044 0.160958 0.007030 1.674579 2706.787267
0.833250 0.000005 0.000058 0.000015 0.000043 0.159599 0.007031 1.674580 2707.537730
0.834578 0.000005 0.000053 0.000014 0.000041 0.158276 0.007033 1.674580 2708.362355
0.835843 0.000005 0.000048 0.000014 0.000040 0.157016 0.007034 1.674580 2708.802591
0.837030 0.000005 0.000044 0.000012 0.000039 0.155835 0.007034 1.674580 2709.346955
0.838168 0.000005 0.000039 0.000011 0.000038 0.154704 0.007035 1.674580 2710.123578
0.839257 0.000005 0.000038 0.000010 0.000036 0.153618 0.007035 1.674581 2710.883506
0.840301 0.000004 0.000037 0.000010 0.000034 0.152578 0.007036 1.674582 2711.939474
0.841282 0.000004 0.000035 0.000010 0.000033 0.151599 0.007037 1.674582 2712.818136
0.842206 0.000004 0.000034 0.000009 0.000031 0.150678 0.007037 1.674582 2713.507315
0.843085 0.000004 0.000033 0.000009 0.000030 0.149803 0.007038 1.674582 2714.170906
0.843949 0.000003 0.000032 0.000008 0.000028 0.148941 0.007039 1.674583 2715.192458
0.844764 0.000003 0.000030 0.000007 0.000027 0.148130 0.007039 1.674583 2715.721109
0.845545 0.000002 0.000029 0.000006 0.000026 0.147352 0.007039 1.674584 2716.056873
0.846268 0.000002 0.000027 0.000006 0.000025 0.146631 0.007040 1.674584 2716.995593
0.846947 0.000002 0.000026 0.000006 0.000025 0.145955 0.007040 1.674584 2717.149077
0.847579 0.000002 0.000023 0.000005 0.000023 0.145328 0.007041 1.674584 2718.285989
0.848178 0.000002 0.000021 0.000005 0.000021 0.144731 0.007041 1.674584 2719.073492
0.848751 0.000002 0.000020 0.000005 0.000021 0.144159 0.007042 1.674584 2719.340421
0.849275 0.000002 0.000018 0.000005 0.000020 0.143639 0.007043 1.674585 2719.958468
0.849787 0.000002 0.000017 0.000005 0.000019 0.143129 0.007043 1.674585 2720.167552
0.850267 0.000002 0.000014 0.000005 0.000018 0.142652 0.007043 1.674585 2720.904412
0.850709 0.000002 0.000015 0.000004 0.000018 0.142210 0.007043 1.674585 2721.000537
0.851132 0.000002 0.000014 0.000004 0.000017 0.141788 0.007044 1.674585 2721.303873
0.851531 0.000001 0.000013 0.000004 0.000016 0.141391 0.007044 1.674585 2721.787933
0.851915 0.000002 0.000012 0.000004 0.000015 0.141008 0.007045 1.674585 2722.273553
0.852286 0.000002 0.000011 0.000004 0.000015 0.140638 0.007045 1.674585 2722.273553
0.852630 0.000002 0.000011 0.000004 0.000015 0.140294 0.007045 1.674586 2722.273553
0.852955 0.000002 0.000010 0.000003 0.000015 0.139971 0.007045 1.674586 2722.402123
0.853282 0.000001 0.000009 0.000003 0.000014 0.139646 0.007046 1.674586 2723.036413
0.853573 0.000001 0.000008 0.000002 0.000013 0.139357 0.007046 1.674586 2723.577032
0.853827 0.000002 0.000007 0.000002 0.000012 0.139104 0.007047 1.674586 2723.882624
0.854088 0.000002 0.000006 0.000002 0.000012 0.138844 0.007047 1.674586 2724.203213
0.854305 0.000002 0.000006 0.000002 0.000011 0.138628 0.007047 1.674586 2724.425196
0.854497 0.000001 0.000006 0.000002 0.000010 0.138437 0.007047 1.674587 2724.768586
0.854680 0.000002 0.000005 0.000001 0.000010 0.138255 0.007047 1.674587 2725.140247
0.854850 0.000001 0.000005 0.000001 0.000009 0.138086 0.007047 1.674587 2725.453117
0.855012 0.000001 0.000005 0.000001 0.000009 0.137924 0.007047 1.674587 2725.453117
0.855190 0.000001 0.000005 0.000001 0.000009 0.137747 0.007047 1.674587 2725.453117
0.855354 0.000001 0.000005 0.000000 0.000009 0.137584 0.007047 1.674587 2725.843718
0.855502 0.000001 0.000005 0.000000 0.000009 0.137435 0.007047 1.674587 2726.056518
0.855644 0.000001 0.000004 0.000000 0.000008 0.137294 0.007047 1.674587 2726.178080
0.855776 0.000001 0.000004 0.000000 0.000008 0.137163 0.007048 1.674587 2726.252101
0.855903 0.000001 0.000004 0.000000 0.000008 0.137036 0.007048 1.674587 2726.364515
0.856033 0.000001 0.000004 0.000000 0.000007 0.136907 0.007048 1.674587 2726.775621
0.856142 0.000001 0.000003 0.000000 0.000007 0.136799 0.007048 1.674588 2727.213189
0.856256 0.000001 0.000003 0.000000 0.000007 0.136685 0.007048 1.674588 2727.213189
0.856352 0.000001 0.000003 0.000000 0.000006 0.136589 0.007049 1.674588 2727.642493
0.856439 0.000001 0.000003 0.000000 0.000006 0.136502 0.007049 1.674588 2727.964710
0.856538 0.000001 0.000003 0.000000 0.000006 0.136403 0.007049 1.674588 2728.175177
0.856617 0.000001 0.000002 0.000000 0.000005 0.136325 0.007049 1.674588 2728.585920
0.856684 0.000001 0.000002 0.000000 0.000005 0.136258 0.007049 1.674588 2728.585920
0.856752 0.000001 0.000002 0.000000 0.000005 0.136190 0.007049 1.674588 2728.585920
0.856824 0.000001 0.000002 0.000000 0.000005 0.136119 0.007049 1.674588 2728.585920
0.856905 0.000000 0.000002 0.000001 0.000005 0.136038 0.007049 1.674588 2728.585920
0.856976 0.000000 0.000003 0.000001 0.000005 0.135967 0.007049 1.674589 2728.585920
0.857045 0.000000 0.000003 0.000001 0.000005 0.135898 0.007049 1.674589 2728.585920
0.857108 0.000000 0.000003 0.000001 0.000005 0.135834 0.007049 1.674589 2728.585920
0.857180 0.000000 0.000003 0.000001 0.000005 0.135762 0.007049 1.674589 2728.585920
0.857246 0.000000 0.000003 0.000001 0.000005 0.135696 0.007049 1.674589 2728.585920
0.857311 0.000000 0.000003 0.000001 0.000005 0.135631 0.007050 1.674589 2728.877891
0.857366 0.000000 0.000002 0.000001 0.000005 0.135577 0.007050 1.674589 2728.877891
0.857424 0.000000 0.000002 0.000001 0.000004 0.135519 0.007050 1.674589 2728.891753
0.857478 0.000000 0.000002 0.000001 0.000004 0.135465 0.007050 1.674589 2728.935402
0.857527 0.000000 0.000002 0.000000 0.000004 0.135417 0.007050 1.674589 2729.162472
0.857572 0.000000 0.000002 0.000000 0.000004 0.135372 0.007050 1.674589 2729.162472
0.857611 0.000000 0.000002 0.000000 0.000004 0.135333 0.007050 1.674589 2729.389191
0.857658 0.000000 0.000002 0.000000 0.000004 0.135287 0.007050 1.674589 2729.389191
0.857701 0.000000 0.000002 0.000000 0.000004 0.135243 0.007050 1.674589 2729.389191
0.857744 0.000000 0.000002 0.000000 0.000004 0.135201 0.007050 1.674589 2729.389191
0.857786 0.000000 0.000002 0.000000 0.000003 0.135159 0.007051 1.674589 2729.611829
0.857823 0.000000 0.000002 0.000000 0.000003 0.135122 0.007051 1.674589 2729.611829
0.857865 0.000000 0.000001 0.000000 0.000003 0.135080 0.007051 1.674589 2729.611829
0.857901 0.000000 0.000001 0.000000 0.000003 0.135044 0.007051 1.674589 2729.611829
0.857929 0.000000 0.000001 0.000000 0.000003 0.135017 0.007051 1.674589 2729.950148
0.857954 0.000000 0.000001 0.000000 0.000003 0.134992 0.007051 1.674589 2730.043177
0.857982 0.000000 0.000001 0.000000 0.000002 0.134964 0.007051 1.674589 2730.260532
0.858004 0.000000 0.000001 0.000000 0.000002 0.134942 0.007051 1.674589 2730.260532
0.858031 0.000000 0.000001 0.000000 0.000002 0.134915 0.007051 1.674589 2730.260532
0.858058 0.000000 0.000001 0.000000 0.000002 0.134888 0.007051 1.674589 2730.260532
0.858085 0.000000 0.000001 0.000000 0.000002 0.134861 0.007051 1.674589 2730.260532
0.858104 0.000000 0.000001 0.000000 0.000002 0.134843 0.007051 1.674589 2730.371916
0.858121 0.000000 0.000001 0.000000 0.000002 0.134826 0.007051 1.674589 2730.371916
0.858139 0.000000 0.000001 0.000000 0.000002 0.134808 0.007051 1.674589 2730.371916
0.858155 0.000000 0.000001 0.000000 0.000002 0.134792 0.007051 1.674589 2730.427423
0.858173 0.000000 0.000001 0.000000 0.000002 0.134774 0.007051 1.674589 2730.427423
0.858187 0.000000 0.000000 0.000000 0.000002 0.134760 0.007051 1.674589 2730.427423
0.858198 0.000000 0.000000 0.000000 0.000001 0.134749 0.007051 1.674589 2730.699443
0.858210 0.000000 0.000000 0.000000 0.000001 0.134737 0.007051 1.674589 2730.699443
0.858220 0.000000 0.000000 0.000000 0.000001 0.134727 0.007051 1.674589 2730.699443
0.858234 0.000000 0.000000 0.000000 0.000001 0.134713 0.007052 1.674589 2730.755467
0.858242 0.000000 0.000000 0.000000 0.000001 0.134705 0.007052 1.674589 2730.755467
0.858251 0.000000 0.000000 0.000000 0.000001 0.134696 0.007052 1.674589 2730.993739
0.858259 0.000000 0.000000 0.000000 0.000001 0.134689 0.007052 1.674589 2730.993739
0.858267 0.000000 0.000000 0.000000 0.000001 0.134681 0.007052 1.674589 2730.993739
0.858273 0.000000 0.000000 0.000000 0.000001 0.134674 0.007052 1.674589 2730.993739
0.858279 0.000000 0.000000 0.000000 0.000001 0.134669 0.007052 1.674589 2730.993739
0.858282 0.000000 0.000000 0.000000 0.000001 0.134665 0.007052 1.674589 2730.993739
0.858287 0.000000 0.000000 0.000000 0.000001 0.134661 0.007052 1.674589 2730.993739
0.858293 0.000000 0.000000 0.000000 0.000001 0.134655 0.007052 1.674589 2730.993739
0.858297 0.000000 0.000000 0.000000 0.000000 0.134650 0.007052 1.674589 2731.047499
0.858301 0.000000 0.000000 0.000000 0.000000 0.134646 0.007052 1.674589 2731.047499
0.858305 0.000000 0.000000 0.000000 0.000000 0.134643 0.007052 1.674589 2731.047499
0.858307 0.000000 0.000000 0.000000 0.000000 0.134641 0.007052 1.674589 2731.047499
0.858311 0.000000 0.000000 0.000000 0.000000 0.134637 0.007052 1.674589 2731.047499
0.858315 0.000000 0.000000 0.000000 0.000000 0.134633 0.007052 1.674589 2731.047499
0.858319 0.000000 0.000000 0.000000 0.000000 0.134628 0.007052 1.674589 2731.047499
0.858321 0.000000 0.000000 0.000000 0.000000 0.134627 0.007052 1.674589 2731.047499
0.858325 0.000000 0.000000 0.000000 0.000000 0.134622 0.007052 1.674589 2731.047499
0.858328 0.000000 0.000000 0.000000 0.000000 0.134620 0.007052 1.674589 2731.047499
0.858332 0.000000 0.000000 0.000000 0.000000 0.134616 0.007052 1.674589 2731.047499
0.858336 0.000000 0.000000 0.000000 0.000000 0.134611 0.007052 1.674589 2731.047499
0.858339 0.000000 0.000000 0.000000 0.000000 0.134608 0.007052 1.674589 2731.047499
0.858345 0.000000 0.000000 0.000000 0.000000 0.134603 0.007052 1.674589 2731.047499
0.858347 0.000000 0.000000 0.000000 0.000000 0.134601 0.007052 1.674589 2731.047499
0.858351 0.000000 0.000000 0.000000 0.000000 0.134597 0.007052 1.674589 2731.047499
0.858355 0.000000 0.000000 0.000000 0.000000 0.134592 0.007052 1.674589 2731.047499
0.858359 0.000000 0.000000 0.000000 0.000000 0.134588 0.007052 1.674589 2731.047499
0.858362 0.000000 0.000000 0.000000 0.000000 0.134586 0.007052 1.674589 2731.047499
0.858365 0.000000 0.000000 0.000000 0.000000 0.134583 0.007052 1.674589 2731.047499
0.858367 0.000000 0.000000 0.000000 0.000000 0.134581 0.007052 1.674589 2731.047499
0.858369 0.000000 0.000000 0.000000 0.000000 0.134578 0.007052 1.674589 2731.047499
0.858372 0.000000 0.000000 0.000000 0.000000 0.134576 0.007052 1.674589 2731.047499
0.858374 0.000000 0.000000 0.000000 0.000000 0.134574 0.007052 1.674589 2731.047499
0.858376 0.000000 0.000000 0.000000 0.000000 0.134571 0.007052 1.674589 2731.047499
0.858377 0.000000 0.000000 0.000000 0.000000 0.134571 0.007052 1.674589 2731.348571
0.858378 0.000000 0.000000 0.000000 0.000000 0.134570 0.007052 1.674589 2731.348571
0.858378 0.000000 0.000000 0.000000 0.000000 0.134570 0.007052 1.674589 2731.655318
0.858378 0.000000 0.000000 0.000000 0.000000 0.134570 0.007052 1.674589 2731.655318
0.858378 0.000000 0.000000 0.000000 0.000000 0.134570 0.007052 1.674589 2731.655318
0.858378 0.000000 0.000000 0.000000 0.000000 0.134570 0.007052 1.674589 2731.655318
0.858378 0.000000 0.000000 0.000000 0.000000 0.134570 0.007052 1.674589 2731.655318
0.858378 0.000000 0.000000 0.000000 0.000000 0.134570 0.007052 1.674589 2731.655318
0.858378 0.000000 0.000000 0.000000 0.000000 0.134570 0.007052 1.674589 2731.655318
0.858378 0.000000 0.000000 0.000000 0.000000 0.134570 0.007052 1.674589 2731.655318
0.858378 0.000000 0.000000 0.000000 0.000000 0.134570 0.007052 1.674589 2731.655318
0.858378 0.000000 0.000000 0.000000 0.000000 0.134570 0.007052 1.674589 2731.655318
0.858378 0.000000 0.000000 0.000000 0.000000 0.134570 0.007052 1.674589 2731.655318
0.858378 0.000000 0.000000 0.000000 0.000000 0.134570 0.007052 1.674589 2731.655318
0.858378 0.000000 0.000000 0.000000 0.000000 0.134570 0.007052 1.674589 2731.655318
0.858378 0.000000 0.000000 0.000000 0.000000 0.134570 0.007052 1.674589 2731.655318
0.858378 0.000000 0.000000 0.000000 0.000000 0.134570 0.007052 1.674589 2731.655318
0.858378 0.000000 0.000000 0.000000 0.000000 0.134570 0.007052 1.674589 2731.655318
0.858378 0.000000 0.000000 0.000000 0.000000 0.134570 0.007052 1.674589 2731.655318
0.858378 0.000000 0.000000 0.000000 0.000000 0.134570 0.007052 1.674589 2731.655318
0.858378 0.000000 0.000000 0.000000 0.000000 0.134570 0.007052 1.674589 2731.655318
0.858378 0.000000 0.000000 0.000000 0.000000 0.134570 0.007052 1.674589 2731.655318
0.858378 0.000000 0.000000 0.000000 0.000000 0.134570 0.007052 1.674589 2731.655318
0.858378 0.000000 0.000000 0.000000 0.000000 0.134570 0.007052 1.674589 2731.655318
0.858378 0.000000 0.000000 0.000000 0.000000 0.134570 0.007052 1.674589 2731.655318
0.858378 0.000000 0.000000 0.000000 0.000000 0.134570 0.007052 1.674589 2731.655318
0.858378 0.000000 0.000000 0.000000 0.000000 0.134570 0.007052 1.674589 2731.655318
0.858378 0.000000 0.000000 0.000000 0.000000 0.134570 0.007052 1.674589 2731.655318
0.858378 0.000000 0.000000 0.000000 0.000000 0.134570 0.007052 1.674589 2731.655318
0.858378 0.000000 0.000000 0.000000 0.000000 0.134570 0.007052 1.674589 2731.655318
0.858378 0.000000 0.000000 0.000000 0.000000 0.134570 0.007052 1.674589 2731.655318
0.858378 0.000000 0.000000 0.000000 0.000000 0.134570 0.007052 1.674589 2731.655318
0.858378 0.000000 0.000000 0.000000 0.000000 0.134570 0.007052 1.674589 2731.655318
0.858378 0.000000 0.000000 0.000000 0.000000 0.134570 0.007052 1.674589 2731.655318
0.858378 0.000000 0.000000 0.000000 0.000000 0.134570 0.007052 1.674589 2731.655318
0.858378 0.000000 0.000000 0.000000 0.000000 0.134570 0.007052 1.674589 2731.655318
0.858378 0.000000 0.000000 0.000000 0.000000 0.134570 0.007052 1.674589 2731.655318
0.858378 0.000000 0.000000 0.000000 0.000000 0.134570 0.007052 1.674589 2731.655318
0.858378 0.000000 0.000000 0.000000 0.000000 0.134570 0.007052 1.674589 2731.655318
0.858378 0.000000 0.000000 0.000000 0.000000 0.134570 0.007052 1.674589 2731.655318
0.858378 0.000000 0.000000 0.000000 0.000000 0.134570 0.007052 1.674589 2731.655318
0.858378 0.000000 0.000000 0.000000 0.000000 0.134570 0.007052 1.674589 2731.655318
0.858378 0.000000 0.000000 0.000000 0.000000 0.134570 0.007052 1.674589 2731.655318
0.858378 0.000000 0.000000 0.000000 0.000000 0.134570 0.007052 1.674589 2731.655318
0.858378 0.000000 0.000000 0.000000 0.000000 0.134570 0.007052 1.674589 2731.655318
0.858378 0.000000 0.000000 0.000000 0.000000 0.134570 0.007052 1.674589 2731.655318
0.858378 0.000000 0.000000 0.000000 0.000000 0.134570 0.007052 1.674589 2731.655318
0.858378 0.000000 0.000000 0.000000 0.000000 0.134570 0.007052 1.674589 2731.655318
0.858378 0.000000 0.000000 0.000000 0.000000 0.134570 0.007052 1.674589 2731.655318
0.858378 0.000000 0.000000 0.000000 0.000000 0.134570 0.007052 1.674589 2731.655318
0.858378 0.000000 0.000000 0.000000 0.000000 0.134570 0.007052 1.674589 2731.655318
0.858378 0.000000 0.000000 0.000000 0.000000 0.134570 0.007052 1.674589 2731.655318
0.858378 0.000000 0.000000 0.000000 0.000000 0.134570 0.007052 1.674589 2731.655318
0.858378 0.000000 0.000000 0.000000 0.000000 0.134570 0.007052 1.674589 2731.655318
0.858378 0.000000 0.000000 0.000000 0.000000 0.134570 0.007052 1.674589 2731.655318
0.858378 0.000000 0.000000 0.000000 0.000000 0.134570 0.007052 1.674589 2731.655318
0.858378 0.000000 0.000000 0.000000 0.000000 0.134570 0.007052 1.674589 2731.655318
0.858378 0.000000 0.000000 0.000000 0.000000 0.134570 0.007052 1.674589 2731.655318
0.858378 0.000000 0.000000 0.000000 0.000000 0.134570 0.007052 1.674589 2731.655318
0.858378 0.000000 0.000000 0.000000 0.000000 0.134570 0.007052 1.674589 2731.655318
0.858378 0.000000 0.000000 0.000000 0.000000 0.134570 0.007052 1.674589 2731.655318
0.858378 0.000000 0.000000 0.000000 0.000000 0.134570 0.007052 1.674589 2731.655318
0.858378 0.000000 0.000000 0.000000 0.000000 0.134570 0.007052 1.674589 2731.655318
0.858378 0.000000 0.000000 0.000000 0.000000 0.134570 0.007052 1.674589 2731.655318
0.858378 0.000000 0.000000 0.000000 0.000000 0.134570 0.007052 1.674589 2731.655318
0.858378 0.000000 0.000000 0.000000 0.000000 0.134570 0.007052 1.674589 2731.655318
0.858378 0.000000 0.000000 0.000000 0.000000 0.134570 0.007052 1.674589 2731.655318
0.858378 0.000000 0.000000 0.000000 0.000000 0.134570 0.007052 1.674589 2731.655318
0.858378 0.000000 0.000000 0.000000 0.000000 0.134570 0.007052 1.674589 2731.655318
0.858378 0.000000 0.000000 0.000000 0.000000 0.134570 0.007052 1.674589 2731.655318
0.858378 0.000000 0.000000 0.000000 0.000000 0.134570 0.007052 1.674589 2731.655318
0.858378 0.000000 0.000000 0.000000 0.000000 0.134570 0.007052 1.674589 2731.655318
0.858378 0.000000 0.000000 0.000000 0.000000 0.134570 0.007052 1.674589 2731.655318
0.858378 0.000000 0.000000 0.000000 0.000000 0.134570 0.007052 1.674589 2731.655318
0.858378 0.000000 0.000000 0.000000 0.000000 0.134570 0.007052 1.674589 2731.655318
0.858378 0.000000 0.000000 0.000000 0.000000 0.134570 0.007052 1.674589 2731.655318
0.858378 0.000000 0.000000 0.000000 0.000000 0.134570 0.007052 1.674589 2731.655318
0.858378 0.000000 0.000000 0.000000 0.000000 0.134570 0.007052 1.674589 2731.655318
0.858378 0.000000 0.000000 0.000000 0.000000 0.134570 0.007052 1.674589 2731.655318
0.858378 0.000000 0.000000 0.000000 0.000000 0.134570 0.007052 1.674589 2731.655318
0.858378 0.000000 0.000000 0.000000 0.000000 0.134570 0.007052 1.674589 2731.655318
0.858378 0.000000 0.000000 0.000000 0.000000 0.134570 0.007052 1.674589 2731.655318
0.858378 0.000000 0.000000 0.000000 0.000000 0.134570 0.007052 1.674589 2731.655318
0.858378 0.000000 0.000000 0.000000 0.000000 0.134570 0.007052 1.674589 2731.655318
0.858378 0.000000 0.000000 0.000000 0.000000 0.134570 0.007052 1.674589 2731.655318
0.858378 0.000000 0.000000 0.000000 0.000000 0.134570 0.007052 1.674589 2731.655318
0.858378 0.000000 0.000000 0.000000 0.000000 0.134570 0.007052 1.674589 2731.655318
0.858378 0.000000 0.000000 0.000000 0.000000 0.134570 0.007052 1.674589 2731.655318
0.858378 0.000000 0.000000 0.000000 0.000000 0.134570 0.007052 1.674589 2731.655318
0.858378 0.000000 0.000000 0.000000 0.000000 0.134570 0.007052 1.674589 2731.655318
0.858378 0.000000 0.000000 0.000000 0.000000 0.134570 0.007052 1.674589 2731.655318
0.858378 0.000000 0.000000 0.000000 0.000000 0.134570 0.007052 1.674589 2731.655318
0.858378 0.000000 0.000000 0.000000 0.000000 0.134570 0.007052 1.674589 2731.655318
0.858378 0.000000 0.000000 0.000000 0.000000 0.134570 0.007052 1.674589 2731.655318
0.858378 0.000000 0.000000 0.000000 0.000000 0.134570 0.007052 1.674589 2731.655318
0.858378 0.000000 0.000000 0.000000 0.000000 0.134570 0.007052 1.674589 2731.655318
0.858378 0.000000 0.000000 0.000000 0.000000 0.134570 0.007052 1.674589 2731.655318
0.858378 0.000000 0.000000 0.000000 0.000000 0.134570 0.007052 1.674589 2731.655318
0.858378 0.000000 0.000000 0.000000 0.000000 0.134570 0.007052 1.674589 2731.655318
0.858378 0.000000 0.000000 0.000000 0.000000 0.134570 0.007052 1.674589 2731.655318
0.858378 0.000000 0.000000 0.000000 0.000000 0.134570 0.007052 1.674589 2731.655318
0.858378 0.000000 0.000000 0.000000 0.000000 0.134570 0.007052 1.674589 2731.655318
0.858378 0.000000 0.000000 0.000000 0.000000 0.134570 0.007052 1.674589 2731.655318
0.858378 0.000000 0.000000 0.000000 0.000000 0.134570 0.007052 1.674589 2731.655318
0.858378 0.000000 0.000000 0.000000 0.000000 0.134570 0.007052 1.674589 2731.655318
0.858378 0.000000 0.000000 0.000000 0.000000 0.134570 0.007052 1.674589 2731.655318
0.858378 0.000000 0.000000 0.000000 0.000000 0.134570 0.007052 1.674589 2731.655318
0.858378 0.000000 0.000000 0.000000 0.000000 0.134570 0.007052 1.674589 2731.655318
0.858378 0.000000 0.000000 0.000000 0.000000 0.134570 0.007052 1.674589 2731.655318
0.858378 0.000000 0.000000 0.000000 0.000000 0.134570 0.007052 1.674589 2731.655318
0.858378 0.000000 0.000000 0.000000 0.000000 0.134570 0.007052 1.674589 2731.655318
0.858378 0.000000 0.000000 0.000000 0.000000 0.134570 0.007052 1.674589 2731.655318
0.858378 0.000000 0.000000 0.000000 0.000000 0.134570 0.007052 1.674589 2731.655318
0.858378 0.000000 0.000000 0.000000 0.000000 0.134570 0.007052 1.674589 2731.655318
0.858378 0.000000 0.000000 0.000000 0.000000 0.134570 0.007052 1.674589 2731.655318
0.858378 0.000000 0.000000 0.000000 0.000000 0.134570 0.007052 1.674589 2731.655318
0.858378 0.000000 0.000000 0.000000 0.000000 0.134570 0.007052 1.674589 2731.655318
0.858378 0.000000 0.000000 0.000000 0.000000 0.134570 0.007052 1.674589 2731.655318
0.858378 0.000000 0.000000 0.000000 0.000000 0.134570 0.007052 1.674589 2731.655318
0.858378 0.000000 0.000000 0.000000 0.000000 0.134570 0.007052 1.674589 2731.655318
0.858378 0.000000 0.000000 0.000000 0.000000 0.134570 0.007052 1.674589 2731.655318
0.858378 0.000000 0.000000 0.000000 0.000000 0.134570 0.007052 1.674589 2731.655318
0.858378 0.000000 0.000000 0.000000 0.000000 0.134570 0.007052 1.674589 2731.655318
0.858378 0.000000 0.000000 0.000000 0.000000 0.134570 0.007052 1.674589 2731.655318
0.858378 0.000000 0.000000 0.000000 0.000000 0.134570 0.007052 1.674589 2731.655318
0.858378 0.000000 0.000000 0.000000 0.000000 0.134570 0.007052 1.674589 2731.655318
0.858378 0.000000 0.000000 0.000000 0.000000 0.134570 0.007052 1.674589 2731.655318
0.858378 0.000000 0.000000 0.000000 0.000000 0.134570 0.007052 1.674589 2731.655318
0.858378 0.000000 0.000000 0.000000 0.000000 0.134570 0.007052 1.674589 2731.655318
0.858378 0.000000 0.000000 0.000000 0.000000 0.134570 0.007052 1.674589 2731.655318
0.858378 0.000000 0.000000 0.000000 0.000000 0.134570 0.007052 1.674589 2731.655318
0.858378 0.000000 0.000000 0.000000 0.000000 0.134570 0.007052 1.674589 2731.655318
0.858378 0.000000 0.000000 0.000000 0.000000 0.134570 0.007052 1.674589 2731.655318
0.858378 0.000000 0.000000 0.000000 0.000000 0.134570 0.007052 1.674589 2731.655318
0.858378 0.000000 0.000000 0.000000 0.000000 0.134570 0.007052 1.674589 2731.655318
0.858378 0.000000 0.000000 0.000000 0.000000 0.134570 0.007052 1.674589 2731.655318
0.858378 0.000000 0.000000 0.000000 0.000000 0.134570 0.007052 1.674589 2731.655318
0.858378 0.000000 0.000000 0.000000 0.000000 0.134570 0.007052 1.674589 2731.655318
0.858378 0.000000 0.000000 0.000000 0.000000 0.134570 0.007052 1.674589 2731.655318
0.858378 0.000000 0.000000 0.000000 0.000000 0.134570 0.007052 1.674589 2731.655318
0.858378 0.000000 0.000000 0.000000 0.000000 0.134570 0.007052 1.674589 2731.655318
0.858378 0.000000 0.000000 0.000000 0.000000 0.134570 0.007052 1.674589 2731.655318
0.858378 0.000000 0.000000 0.000000 0.000000 0.134570 0.007052 1.674589 2731.655318
0.858378 0.000000 0.000000 0.000000 0.000000 0.134570 0.007052 1.674589 2731.655318
0.858378 0.000000 0.000000 0.000000 0.000000 0.134570 0.007052 1.674589 2731.655318
0.858378 0.000000 0.000000 0.000000 0.000000 0.134570 0.007052 1.674589 2731.655318
0.858378 0.000000 0.000000 0.000000 0.000000 0.134570 0.007052 1.674589 2731.655318
0.858378 0.000000 0.000000 0.000000 0.000000 0.134570 0.007052 1.674589 2731.655318
0.858378 0.000000 0.000000 0.000000 0.000000 0.134570 0.007052 1.674589 2731.655318
0.858378 0.000000 0.000000 0.000000 0.000000 0.134570 0.007052 1.674589 2731.655318
0.858378 0.000000 0.000000 0.000000 0.000000 0.134570 0.007052 1.674589 2731.655318
0.858378 0.000000 0.000000 0.000000 0.000000 0.134570 0.007052 1.674589 2731.655318
0.858378 0.000000 0.000000 0.000000 0.000000 0.134570 0.007052 1.674589 2731.655318
0.858378 0.000000 0.000000 0.000000 0.000000 0.134570 0.007052 1.674589 2731.655318
0.858378 0.000000 0.000000 0.000000 0.000000 0.134570 0.007052 1.674589 2731.655318
0.858378 0.000000 0.000000 0.000000 0.000000 0.134570 0.007052 1.674589 2731.655318
0.858378 0.000000 0.000000 0.000000 0.000000 0.134570 0.007052 1.674589 2731.655318
0.858378 0.000000 0.000000 0.000000 0.000000 0.134570 0.007052 1.674589 2731.655318
0.858378 0.000000 0.000000 0.000000 0.000000 0.134570 0.007052 1.674589 2731.655318
0.858378 0.000000 0.000000 0.000000 0.000000 0.134570 0.007052 1.674589 2731.655318
0.858378 0.000000 0.000000 0.000000 0.000000 0.134570 0.007052 1.674589 2731.655318
0.858378 0.000000 0.000000 0.000000 0.000000 0.134570 0.007052 1.674589 2731.655318
0.858378 0.000000 0.000000 0.000000 0.000000 0.134570 0.007052 1.674589 2731.655318
0.858378 0.000000 0.000000 0.000000 0.000000 0.134570 0.007052 1.674589 2731.655318
0.858378 0.000000 0.000000 0.000000 0.000000 0.134570 0.007052 1.674589 2731.655318
0.858378 0.000000 0.000000 0.000000 0.000000 0.134570 0.007052 1.674589 2731.655318
0.858378 0.000000 0.000000 0.000000 0.000000 0.134570 0.007052 1.674589 2731.655318
0.858378 0.000000 0.000000 0.000000 0.000000 0.134570 0.007052 1.674589 2731.655318
0.858378 0.000000 0.000000 0.000000 0.000000 0.134570 0.007052 1.674589 2731.655318
0.858378 0.000000 0.000000 0.000000 0.000000 0.134570 0.007052 1.674589 2731.655318
0.858378 0.000000 0.000000 0.000000 0.000000 0.134570 0.007052 1.674589 2731.655318
0.858378 0.000000 0.000000 0.000000 0.000000 0.134570 0.007052 1.674589 2731.655318
0.858378 0.000000 0.000000 0.000000 0.000000 0.134570 0.007052 1.674589 2731.655318
0.858378 0.000000 0.000000 0.000000 0.000000 0.134570 0.007052 1.674589 2731.655318
0.858378 0.000000 0.000000 0.000000 0.000000 0.134570 0.007052 1.674589 2731.655318
0.858378 0.000000 0.000000 0.000000 0.000000 0.134570 0.007052 1.674589 2731.655318
0.858378 0.000000 0.000000 0.000000 0.000000 0.134570 0.007052 1.674589 2731.655318
0.858378 0.000000 0.000000 0.000000 0.000000 0.134570 0.007052 1.674589 2731.655318
0.858378 0.000000 0.000000 0.000000 0.000000 0.134570 0.007052 1.674589 2731.655318
0.858378 0.000000 0.000000 0.000000 0.000000 0.134570 0.007052 1.674589 2731.655318
0.858378 0.000000 0.000000 0.000000 0.000000 0.134570 0.007052 1.674589 2731.655318
0.858378 0.000000 0.000000 0.000000 0.000000 0.134570 0.007052 1.674589 2731.655318
0.858378 0.000000 0.000000 0.000000 0.000000 0.134570 0.007052 1.674589 2731.655318
0.858378 0.000000 0.000000 0.000000 0.000000 0.134570 0.007052 1.674589 2731.655318
0.858378 0.000000 0.000000 0.000000 0.000000 0.134570 0.007052 1.674589 2731.655318
0.858378 0.000000 0.000000 0.000000 0.000000 0.134570 0.007052 1.674589 2731.655318
0.858378 0.000000 0.000000 0.000000 0.000000 0.134570 0.007052 1.674589 2731.655318
0.858378 0.000000 0.000000 0.000000 0.000000 0.134570 0.007052 1.674589 2731.655318
0.858378 0.000000 0.000000 0.000000 0.000000 0.134570 0.007052 1.674589 2731.655318
0.858378 0.000000 0.000000 0.000000 0.000000 0.134570 0.007052 1.674589 2731.655318
0.858378 0.000000 0.000000 0.000000 0.000000 0.134570 0.007052 1.674589 2731.655318
0.858378 0.000000 0.000000 0.000000 0.000000 0.134570 0.007052 1.674589 2731.655318
0.858378 0.000000 0.000000 0.000000 0.000000 0.134570 0.007052 1.674589 2731.655318
0.858378 0.000000 0.000000 0.000000 0.000000 0.134570 0.007052 1.674589 2731.655318
0.858378 0.000000 0.000000 0.000000 0.000000 0.134570 0.007052 1.674589 2731.655318
0.858378 0.000000 0.000000 0.000000 0.000000 0.134570 0.007052 1.674589 2731.655318
0.858378 0.000000 0.000000 0.000000 0.000000 0.134570 0.007052 1.674589 2731.655318
0.858378 0.000000 0.000000 0.000000 0.000000 0.134570 0.007052 1.674589 2731.655318
0.858378 0.000000 0.000000 0.000000 0.000000 0.134570 0.007052 1.674589 2731.655318
0.858378 0.000000 0.000000 0.000000 0.000000 0.134570 0.007052 1.674589 2731.655318
0.858378 0.000000 0.000000 0.000000 0.000000 0.134570 0.007052 1.674589 2731.655318
0.858378 0.000000 0.000000 0.000000 0.000000 0.134570 0.007052 1.674589 2731.655318
0.858378 0.000000 0.000000 0.000000 0.000000 0.134570 0.007052 1.674589 2731.655318
0.858378 0.000000 0.000000 0.000000 0.000000 0.134570 0.007052 1.674589 2731.655318
0.858378 0.000000 0.000000 0.000000 0.000000 0.134570 0.007052 1.674589 2731.655318
0.858378 0.000000 0.000000 0.000000 0.000000 0.134570 0.007052 1.674589 2731.655318
0.858378 0.000000 0.000000 0.000000 0.000000 0.134570 0.007052 1.674589 2731.655318
0.858378 0.000000 0.000000 0.000000 0.000000 0.134570 0.007052 1.674589 2731.655318
0.858378 0.000000 0.000000 0.000000 0.000000 0.134570 0.007052 1.674589 2731.655318
0.858378 0.000000 0.000000 0.000000 0.000000 0.134570 0.007052 1.674589 2731.655318
0.858378 0.000000 0.000000 0.000000 0.000000 0.134570 0.007052 1.674589 2731.655318
0.858378 0.000000 0.000000 0.000000 0.000000 0.134570 0.007052 1.674589 2731.655318
0.858378 0.000000 0.000000 0.000000 0.000000 0.134570 0.007052 1.674589 2731.655318
0.858378 0.000000 0.000000 0.000000 0.000000 0.134570 0.007052 1.674589 2731.655318
0.858378 0.000000 0.000000 0.000000 0.000000 0.134570 0.007052 1.674589 2731.655318
0.858378 0.000000 0.000000 0.000000 0.000000 0.134570 0.007052 1.674589 2731.655318
0.858378 0.000000 0.000000 0.000000 0.000000 0.134570 0.007052 1.674589 2731.655318
0.858378 0.000000 0.000000 0.000000 0.000000 0.134570 0.007052 1.674589 2731.655318
0.858378 0.000000 0.000000 0.000000 0.000000 0.134570 0.007052 1.674589 2731.655318
0.858378 0.000000 0.000000 0.000000 0.000000 0.134570 0.007052 1.674589 2731.655318
0.858378 0.000000 0.000000 0.000000 0.000000 0.134570 0.007052 1.674589 2731.655318
0.858378 0.000000 0.000000 0.000000 0.000000 0.134570 0.007052 1.674589 2731.655318
0.858378 0.000000 0.000000 0.000000 0.000000 0.134570 0.007052 1.674589 2731.655318
0.858378 0.000000 0.000000 0.000000 0.000000 0.134570 0.007052 1.674589 2731.655318
0.858378 0.000000 0.000000 0.000000 0.000000 0.134570 0.007052 1.674589 2731.655318
0.858378 0.000000 0.000000 0.000000 0.000000 0.134570 0.007052 1.674589 2731.655318
0.858378 0.000000 0.000000 0.000000 0.000000 0.134570 0.007052 1.674589 2731.655318
0.858378 0.000000 0.000000 0.000000 0.000000 0.134570 0.007052 1.674589 2731.655318
0.858378 0.000000 0.000000 0.000000 0.000000 0.134570 0.007052 1.674589 2731.655318
0.858378 0.000000 0.000000 0.000000 0.000000 0.134570 0.007052 1.674589 2731.655318
0.858378 0.000000 0.000000 0.000000 0.000000 0.134570 0.007052 1.674589 2731.655318
0.858378 0.000000 0.000000 0.000000 0.000000 0.134570 0.007052 1.674589 2731.655318
0.858378 0.000000 0.000000 0.000000 0.000000 0.134570 0.007052 1.674589 2731.655318
0.858378 0.000000 0.000000 0.000000 0.000000 0.134570 0.007052 1.674589 2731.655318
0.858378 0.000000 0.000000 0.000000 0.000000 0.134570 0.007052 1.674589 2731.655318
0.858378 0.000000 0.000000 0.000000 0.000000 0.134570 0.007052 1.674589 2731.655318
0.858378 0.000000 0.000000 0.000000 0.000000 0.134570 0.007052 1.674589 2731.655318
0.858378 0.000000 0.000000 0.000000 0.000000 0.134570 0.007052 1.674589 2731.655318
0.858378 0.000000 0.000000 0.000000 0.000000 0.134570 0.007052 1.674589 2731.655318
0.858378 0.000000 0.000000 0.000000 0.000000 0.134570 0.007052 1.674589 2731.655318
0.858378 0.000000 0.000000 0.000000 0.000000 0.134570 0.007052 1.674589 2731.655318
0.858378 0.000000 0.000000 0.000000 0.000000 0.134570 0.007052 1.674589 2731.655318
0.858378 0.000000 0.000000 0.000000 0.000000 0.134570 0.007052 1.674589 2731.655318
0.858378 0.000000 0.000000 0.000000 0.000000 0.134570 0.007052 1.674589 2731.655318
0.858378 0.000000 0.000000 0.000000 0.000000 0.134570 0.007052 1.674589 2731.655318
0.858378 0.000000 0.000000 0.000000 0.000000 0.134570 0.007052 1.674589 2731.655318
0.858378 0.000000 0.000000 0.000000 0.000000 0.134570 0.007052 1.674589 2731.655318
0.858378 0.000000 0.000000 0.000000 0.000000 0.134570 0.007052 1.674589 2731.655318
0.858378 0.000000 0.000000 0.000000 0.000000 0.134570 0.007052 1.674589 2731.655318
0.858378 0.000000 0.000000 0.000000 0.000000 0.134570 0.007052 1.674589 2731.655318
0.858378 0.000000 0.000000 0.000000 0.000000 0.134570 0.007052 1.674589 2731.655318
0.858378 0.000000 0.000000 0.000000 0.000000 0.134570 0.007052 1.674589 2731.655318
0.858378 0.000000 0.000000 0.000000 0.000000 0.134570 0.007052 1.674589 2731.655318
0.858378 0.000000 0.000000 0.000000 0.000000 0.134570 0.007052 1.674589 2731.655318
0.858378 0.000000 0.000000 0.000000 0.000000 0.134570 0.007052 1.674589 2731.655318
0.858378 0.000000 0.000000 0.000000 0.000000 0.134570 0.007052 1.674589 2731.655318
0.858378 0.000000 0.000000 0.000000 0.000000 0.134570 0.007052 1.674589 2731.655318
0.858378 0.000000 0.000000 0.000000 0.000000 0.134570 0.007052 1.674589 2731.655318
0.858378 0.000000 0.000000 0.000000 0.000000 0.134570 0.007052 1.674589 2731.655318
0.858378 0.000000 0.000000 0.000000 0.000000 0.134570 0.007052 1.674589 2731.655318
0.858378 0.000000 0.000000 0.000000 0.000000 0.134570 0.007052 1.674589 2731.655318
0.858378 0.000000 0.000000 0.000000 0.000000 0.134570 0.007052 1.674589 2731.655318
0.858378 0.000000 0.000000 0.000000 0.000000 0.134570 0.007052 1.674589 2731.655318
0.858378 0.000000 0.000000 0.000000 0.000000 0.134570 0.007052 1.674589 2731.655318
0.858378 0.000000 0.000000 0.000000 0.000000 0.134570 0.007052 1.674589 2731.655318
0.858378 0.000000 0.000000 0.000000 0.000000 0.134570 0.007052 1.674589 2731.655318
0.858378 0.000000 0.000000 0.000000 0.000000 0.134570 0.007052 1.674589 2731.655318
0.858378 0.000000 0.000000 0.000000 0.000000 0.134570 0.007052 1.674589 2731.655318
0.858378 0.000000 0.000000 0.000000 0.000000 0.134570 0.007052 1.674589 2731.655318
0.858378 0.000000 0.000000 0.000000 0.000000 0.134570 0.007052 1.674589 2731.655318
0.858378 0.000000 0.000000 0.000000 0.000000 0.134570 0.007052 1.674589 2731.655318
0.858378 0.000000 0.000000 0.000000 0.000000 0.134570 0.007052 1.674589 2731.655318
0.858378 0.000000 0.000000 0.000000 0.000000 0.134570 0.007052 1.674589 2731.655318
0.858378 0.000000 0.000000 0.000000 0.000000 0.134570 0.007052 1.674589 2731.655318
0.858378 0.000000 0.000000 0.000000 0.000000 0.134570 0.007052 1.674589 2731.655318
0.858378 0.000000 0.000000 0.000000 0.000000 0.134570 0.007052 1.674589 2731.655318
0.858378 0.000000 0.000000 0.000000 0.000000 0.134570 0.007052 1.674589 2731.655318
0.858378 0.000000 0.000000 0.000000 0.000000 0.134570 0.007052 1.674589 2731.655318
0.858378 0.000000 0.000000 0.000000 0.000000 0.134570 0.007052 1.674589 2731.655318
0.858378 0.000000 0.000000 0.000000 0.000000 0.134570 0.007052 1.674589 2731.655318
0.858378 0.000000 0.000000 0.000000 0.000000 0.134570 0.007052 1.674589 2731.655318
0.858378 0.000000 0.000000 0.000000 0.000000 0.134570 0.007052 1.674589 2731.655318
0.858378 0.000000 0.000000 0.000000 0.000000 0.134570 0.007052 1.674589 2731.655318
0.858378 0.000000 0.000000 0.000000 0.000000 0.134570 0.007052 1.674589 2731.655318
0.858378 0.000000 0.000000 0.000000 0.000000 0.134570 0.007052 1.674589 2731.655318
0.858378 0.000000 0.000000 0.000000 0.000000 0.134570 0.007052 1.674589 2731.655318
0.858378 0.000000 0.000000 0.000000 0.000000 0.134570 0.007052 1.674589 2731.655318
0.858378 0.000000 0.000000 0.000000 0.000000 0.134570 0.007052 1.674589 2731.655318
0.858378 0.000000 0.000000 0.000000 0.000000 0.134570 0.007052 1.674589 2731.655318
0.858378 0.000000 0.000000 0.000000 0.000000 0.134570 0.007052 1.674589 2731.655318
0.858378 0.000000 0.000000 0.000000 0.000000 0.134570 0.007052 1.674589 2731.655318
0.858378 0.000000 0.000000 0.000000 0.000000 0.134570 0.007052 1.674589 2731.655318
0.858378 0.000000 0.000000 0.000000 0.000000 0.134570 0.007052 1.674589 2731.655318
0.858378 0.000000 0.000000 0.000000 0.000000 0.134570 0.007052 1.674589 2731.655318
0.858378 0.000000 0.000000 0.000000 0.000000 0.134570 0.007052 1.674589 2731.655318
0.858378 0.000000 0.000000 0.000000 0.000000 0.134570 0.007052 1.674589 2731.655318
0.858378 0.000000 0.000000 0.000000 0.000000 0.134570 0.007052 1.674589 2731.655318
0.858378 0.000000 0.000000 0.000000 0.000000 0.134570 0.007052 1.674589 2731.655318
0.858378 0.000000 0.000000 0.000000 0.000000 0.134570 0.007052 1.674589 2731.655318
0.858378 0.000000 0.000000 0.000000 0.000000 0.134570 0.007052 1.674589 2731.655318
0.858378 0.000000 0.000000 0.000000 0.000000 0.134570 0.007052 1.674589 2731.655318
0.858378 0.000000 0.000000 0.000000 0.000000 0.134570 0.007052 1.674589 2731.655318
0.858378 0.000000 0.000000 0.000000 0.000000 0.134570 0.007052 1.674589 2731.655318
0.858378 0.000000 0.000000 0.000000 0.000000 0.134570 0.007052 1.674589 2731.655318
0.858378 0.000000 0.000000 0.000000 0.000000 0.134570 0.007052 1.674589 2731.655318
0.858378 0.000000 0.000000 0.000000 0.000000 0.134570 0.007052 1.674589 2731.655318
0.858378 0.000000 0.000000 0.000000 0.000000 0.134570 0.007052 1.674589 2731.655318
0.858378 0.000000 0.000000 0.000000 0.000000 0.134570 0.007052 1.674589 2731.655318
0.858378 0.000000 0.000000 0.000000 0.000000 0.134570 0.007052 1.674589 2731.655318
0.858378 0.000000 0.000000 0.000000 0.000000 0.134570 0.007052 1.674589 2731.655318
0.858378 0.000000 0.000000 0.000000 0.000000 0.134570 0.007052 1.674589 2731.655318
0.858378 0.000000 0.000000 0.000000 0.000000 0.134570 0.007052 1.674589 2731.655318
0.858378 0.000000 0.000000 0.000000 0.000000 0.134570 0.007052 1.674589 2731.655318
0.858378 0.000000 0.000000 0.000000 0.000000 0.134570 0.007052 1.674589 2731.655318
0.858378 0.000000 0.000000 0.000000 0.000000 0.134570 0.007052 1.674589 2731.655318
0.858378 0.000000 0.000000 0.000000 0.000000 0.134570 0.007052 1.674589 2731.655318
0.858378 0.000000 0.000000 0.000000 0.000000 0.134570 0.007052 1.674589 2731.655318
0.858378 0.000000 0.000000 0.000000 0.000000 0.134570 0.007052 1.674589 2731.655318
0.858378 0.000000 0.000000 0.000000 0.000000 0.134570 0.007052 1.674589 2731.655318
0.858378 0.000000 0.000000 0.000000 0.000000 0.134570 0.007052 1.674589 2731.655318
0.858378 0.000000 0.000000 0.000000 0.000000 0.134570 0.007052 1.674589 2731.655318
0.858378 0.000000 0.000000 0.000000 0.000000 0.134570 0.007052 1.674589 2731.655318
0.858378 0.000000 0.000000 0.000000 0.000000 0.134570 0.007052 1.674589 2731.655318
0.858378 0.000000 0.000000 0.000000 0.000000 0.134570 0.007052 1.674589 2731.655318
0.858378 0.000000 0.000000 0.000000 0.000000 0.134570 0.007052 1.674589 2731.655318
0.858378 0.000000 0.000000 0.000000 0.000000 0.134570 0.007052 1.674589 2731.655318
0.858378 0.000000 0.000000 0.000000 0.000000 0.134570 0.007052 1.674589 2731.655318
0.858378 0.000000 0.000000 0.000000 0.000000 0.134570 0.007052 1.674589 2731.655318
0.858378 0.000000 0.000000 0.000000 0.000000 0.134570 0.007052 1.674589 2731.655318
0.858378 0.000000 0.000000 0.000000 0.000000 0.134570 0.007052 1.674589 2731.655318
0.858378 0.000000 0.000000 0.000000 0.000000 0.134570 0.007052 1.674589 2731.655318
0.858378 0.000000 0.000000 0.000000 0.000000 0.134570 0.007052 1.674589 2731.655318
0.858378 0.000000 0.000000 0.000000 0.000000 0.134570 0.007052 1.674589 2731.655318
0.858378 0.000000 0.000000 0.000000 0.000000 0.134570 0.007052 1.674589 2731.655318
0.858378 0.000000 0.000000 0.000000 0.000000 0.134570 0.007052 1.674589 2731.655318
0.858378 0.000000 0.000000 0.000000 0.000000 0.134570 0.007052 1.674589 2731.655318
0.858378 0.000000 0.000000 0.000000 0.000000 0.134570 0.007052 1.674589 2731.655318
0.858378 0.000000 0.000000 0.000000 0.000000 0.134570 0.007052 1.674589 2731.655318
0.858378 0.000000 0.000000 0.000000 0.000000 0.134570 0.007052 1.674589 2731.655318
0.858378 0.000000 0.000000 0.000000 0.000000 0.134570 0.007052 1.674589 2731.655318
0.858378 0.000000 0.000000 0.000000 0.000000 0.134570 0.007052 1.674589 2731.655318
0.858378 0.000000 0.000000 0.000000 0.000000 0.134570 0.007052 1.674589 2731.655318
0.858378 0.000000 0.000000 0.000000 0.000000 0.134570 0.007052 1.674589 2731.655318
0.858378 0.000000 0.000000 0.000000 0.000000 0.134570 0.007052 1.674589 2731.655318
0.858378 0.000000 0.000000 0.000000 0.000000 0.134570 0.007052 1.674589 2731.655318
0.858378 0.000000 0.000000 0.000000 0.000000 0.134570 0.007052 1.674589 2731.655318
0.858378 0.000000 0.000000 0.000000 0.000000 0.134570 0.007052 1.674589 2731.655318
0.858378 0.000000 0.000000 0.000000 0.000000 0.134570 0.007052 1.674589 2731.655318
0.858378 0.000000 0.000000 0.000000 0.000000 0.134570 0.007052 1.674589 2731.655318
0.858378 0.000000 0.000000 0.000000 0.000000 0.134570 0.007052 1.674589 2731.655318
0.858378 0.000000 0.000000 0.000000 0.000000 0.134570 0.007052 1.674589 2731.655318
0.858378 0.000000 0.000000 0.000000 0.000000 0.134570 0.007052 1.674589 2731.655318
0.858378 0.000000 0.000000 0.000000 0.000000 0.134570 0.007052 1.674589 2731.655318
0.858378 0.000000 0.000000 0.000000 0.000000 0.134570 0.007052 1.674589 2731.655318
0.858378 0.000000 0.000000 0.000000 0.000000 0.134570 0.007052 1.674589 2731.655318
0.858378 0.000000 0.000000 0.000000 0.000000 0.134570 0.007052 1.674589 2731.655318
0.858378 0.000000 0.000000 0.000000 0.000000 0.134570 0.007052 1.674589 2731.655318
0.858378 0.000000 0.000000 0.000000 0.000000 0.134570 0.007052 1.674589 2731.655318
0.858378 0.000000 0.000000 0.000000 0.000000 0.134570 0.007052 1.674589 2731.655318
0.858378 0.000000 0.000000 0.000000 0.000000 0.134570 0.007052 1.674589 2731.655318
0.858378 0.000000 0.000000 0.000000 0.000000 0.134570 0.007052 1.674589 2731.655318
0.858378 0.000000 0.000000 0.000000 0.000000 0.134570 0.007052 1.674589 2731.655318
0.858378 0.000000 0.000000 0.000000 0.000000 0.134570 0.007052 1.674589 2731.655318
0.858378 0.000000 0.000000 0.000000 0.000000 0.134570 0.007052 1.674589 2731.655318
0.858378 0.000000 0.000000 0.000000 0.000000 0.134570 0.007052 1.674589 2731.655318
0.858378 0.000000 0.000000 0.000000 0.000000 0.134570 0.007052 1.674589 2731.655318
0.858378 0.000000 0.000000 0.000000 0.000000 0.134570 0.007052 1.674589 2731.655318
0.858378 0.000000 0.000000 0.000000 0.000000 0.134570 0.007052 1.674589 2731.655318
0.858378 0.000000 0.000000 0.000000 0.000000 0.134570 0.007052 1.674589 2731.655318
0.858378 0.000000 0.000000 0.000000 0.000000 0.134570 0.007052 1.674589 2731.655318
0.858378 0.000000 0.000000 0.000000 0.000000 0.134570 0.007052 1.674589 2731.655318
0.858378 0.000000 0.000000 0.000000 0.000000 0.134570 0.007052 1.674589 2731.655318
0.858378 0.000000 0.000000 0.000000 0.000000 0.134570 0.007052 1.674589 2731.655318
0.858378 0.000000 0.000000 0.000000 0.000000 0.134570 0.007052 1.674589 2731.655318
0.858378 0.000000 0.000000 0.000000 0.000000 0.134570 0.007052 1.674589 2731.655318
0.858378 0.000000 0.000000 0.000000 0.000000 0.134570 0.007052 1.674589 2731.655318
0.858378 0.000000 0.000000 0.000000 0.000000 0.134570 0.007052 1.674589 2731.655318
0.858378 0.000000 0.000000 0.000000 0.000000 0.134570 0.007052 1.674589 2731.655318
0.858378 0.000000 0.000000 0.000000 0.000000 0.134570 0.007052 1.674589 2731.655318
0.858378 0.000000 0.000000 0.000000 0.000000 0.134570 0.007052 1.674589 2731.655318
0.858378 0.000000 0.000000 0.000000 0.000000 0.134570 0.007052 1.674589 2731.655318
0.858378 0.000000 0.000000 0.000000 0.000000 0.134570 0.007052 1.674589 2731.655318
0.858378 0.000000 0.000000 0.000000 0.000000 0.134570 0.007052 1.674589 2731.655318
0.858378 0.000000 0.000000 0.000000 0.000000 0.134570 0.007052 1.674589 2731.655318
0.858378 0.000000 0.000000 0.000000 0.000000 0.134570 0.007052 1.674589 2731.655318
0.858378 0.000000 0.000000 0.000000 0.000000 0.134570 0.007052 1.674589 2731.655318
0.858378 0.000000 0.000000 0.000000 0.000000 0.134570 0.007052 1.674589 2731.655318
0.858378 0.000000 0.000000 0.000000 0.000000 0.134570 0.007052 1.674589 2731.655318
0.858378 0.000000 0.000000 0.000000 0.000000 0.134570 0.007052 1.674589 2731.655318
0.858378 0.000000 0.000000 0.000000 0.000000 0.134570 0.007052 1.674589 2731.655318
0.858378 0.000000 0.000000 0.000000 0.000000 0.134570 0.007052 1.674589 2731.655318
0.858378 0.000000 0.000000 0.000000 0.000000 0.134570 0.007052 1.674589 2731.655318
0.858378 0.000000 0.000000 0.000000 0.000000 0.134570 0.007052 1.674589 2731.655318
0.858378 0.000000 0.000000 0.000000 0.000000 0.134570 0.007052 1.674589 2731.655318
0.858378 0.000000 0.000000 0.000000 0.000000 0.134570 0.007052 1.674589 2731.655318
0.858378 0.000000 0.000000 0.000000 0.000000 0.134570 0.007052 1.674589 2731.655318
0.858378 0.000000 0.000000 0.000000 0.000000 0.134570 0.007052 1.674589 2731.655318
0.858378 0.000000 0.000000 0.000000 0.000000 0.134570 0.007052 1.674589 2731.655318
0.858378 0.000000 0.000000 0.000000 0.000000 0.134570 0.007052 1.674589 2731.655318
0.858378 0.000000 0.000000 0.000000 0.000000 0.134570 0.007052 1.674589 2731.655318
0.858378 0.000000 0.000000 0.000000 0.000000 0.134570 0.007052 1.674589 2731.655318
0.858378 0.000000 0.000000 0.000000 0.000000 0.134570 0.007052 1.674589 2731.655318
0.858378 0.000000 0.000000 0.000000 0.000000 0.134570 0.007052 1.674589 2731.655318
0.858378 0.000000 0.000000 0.000000 0.000000 0.134570 0.007052 1.674589 2731.655318
0.858378 0.000000 0.000000 0.000000 0.000000 0.134570 0.007052 1.674589 2731.655318
0.858378 0.000000 0.000000 0.000000 0.000000 0.134570 0.007052 1.674589 2731.655318
0.858378 0.000000 0.000000 0.000000 0.000000 0.134570 0.007052 1.674589 2731.655318
0.858378 0.000000 0.000000 0.000000 0.000000 0.134570 0.007052 1.674589 2731.655318
0.858378 0.000000 0.000000 0.000000 0.000000 0.134570 0.007052 1.674589 2731.655318
0.858378 0.000000 0.000000 0.000000 0.000000 0.134570 0.007052 1.674589 2731.655318
0.858378 0.000000 0.000000 0.000000 0.000000 0.134570 0.007052 1.674589 2731.655318
0.858378 0.000000 0.000000 0.000000 0.000000 0.134570 0.007052 1.674589 2731.655318
0.858378 0.000000 0.000000 0.000000 0.000000 0.134570 0.007052 1.674589 2731.655318
0.858378 0.000000 0.000000 0.000000 0.000000 0.134570 0.007052 1.674589 2731.655318
0.858378 0.000000 0.000000 0.000000 0.000000 0.134570 0.007052 1.674589 2731.655318
0.858378 0.000000 0.000000 0.000000 0.000000 0.134570 0.007052 1.674589 2731.655318
0.858378 0.000000 0.000000 0.000000 0.000000 0.134570 0.007052 1.674589 2731.655318
0.858378 0.000000 0.000000 0.000000 0.000000 0.134570 0.007052 1.674589 2731.655318
0.858378 0.000000 0.000000 0.000000 0.000000 0.134570 0.007052 1.674589 2731.655318
0.858378 0.000000 0.000000 0.000000 0.000000 0.134570 0.007052 1.674589 2731.655318
0.858378 0.000000 0.000000 0.000000 0.000000 0.134570 0.007052 1.674589 2731.655318
0.858378 0.000000 0.000000 0.000000 0.000000 0.134570 0.007052 1.674589 2731.655318
0.858378 0.000000 0.000000 0.000000 0.000000 0.134570 0.007052 1.674589 2731.655318
0.858378 0.000000 0.000000 0.000000 0.000000 0.134570 0.007052 1.674589 2731.655318
0.858378 0.000000 0.000000 0.000000 0.000000 0.134570 0.007052 1.674589 2731.655318
0.858378 0.000000 0.000000 0.000000 0.000000 0.134570 0.007052 1.674589 2731.655318
0.858378 0.000000 0.000000 0.000000 0.000000 0.134570 0.007052 1.674589 2731.655318
0.858378 0.000000 0.000000 0.000000 0.000000 0.134570 0.007052 1.674589 2731.655318
0.858378 0.000000 0.000000 0.000000 0.000000 0.134570 0.007052 1.674589 2731.655318
0.858378 0.000000 0.000000 0.000000 0.000000 0.134570 0.007052 1.674589 2731.655318
0.858378 0.000000 0.000000 0.000000 0.000000 0.134570 0.007052 1.674589 2731.655318
0.858378 0.000000 0.000000 0.000000 0.000000 0.134570 0.007052 1.674589 2731.655318
0.858378 0.000000 0.000000 0.000000 0.000000 0.134570 0.007052 1.674589 2731.655318
0.858378 0.000000 0.000000 0.000000 0.000000 0.134570 0.007052 1.674589 2731.655318
0.858378 0.000000 0.000000 0.000000 0.000000 0.134570 0.007052 1.674589 2731.655318
0.858378 0.000000 0.000000 0.000000 0.000000 0.134570 0.007052 1.674589 2731.655318
0.858378 0.000000 0.000000 0.000000 0.000000 0.134570 0.007052 1.674589 2731.655318
0.858378 0.000000 0.000000 0.000000 0.000000 0.134570 0.007052 1.674589 2731.655318
0.858378 0.000000 0.000000 0.000000 0.000000 0.134570 0.007052 1.674589 2731.655318
0.858378 0.000000 0.000000 0.000000 0.000000 0.134570 0.007052 1.674589 2731.655318
0.858378 0.000000 0.000000 0.000000 0.000000 0.134570 0.007052 1.674589 2731.655318
0.858378 0.000000 0.000000 0.000000 0.000000 0.134570 0.007052 1.674589 2731.655318
0.858378 0.000000 0.000000 0.000000 0.000000 0.134570 0.007052 1.674589 2731.655318
0.858378 0.000000 0.000000 0.000000 0.000000 0.134570 0.007052 1.674589 2731.655318
0.858378 0.000000 0.000000 0.000000 0.000000 0.134570 0.007052 1.674589 2731.655318
0.858378 0.000000 0.000000 0.000000 0.000000 0.134570 0.007052 1.674589 2731.655318
0.858378 0.000000 0.000000 0.000000 0.000000 0.134570 0.007052 1.674589 2731.655318
0.858378 0.000000 0.000000 0.000000 0.000000 0.134570 0.007052 1.674589 2731.655318
0.858378 0.000000 0.000000 0.000000 0.000000 0.134570 0.007052 1.674589 2731.655318
0.858378 0.000000 0.000000 0.000000 0.000000 0.134570 0.007052 1.674589 2731.655318
0.858378 0.000000 0.000000 0.000000 0.000000 0.134570 0.007052 1.674589 2731.655318
0.858378 0.000000 0.000000 0.000000 0.000000 0.134570 0.007052 1.674589 2731.655318
0.858378 0.000000 0.000000 0.000000 0.000000 0.134570 0.007052 1.674589 2731.655318
0.858378 0.000000 0.000000 0.000000 0.000000 0.134570 0.007052 1.674589 2731.655318
0.858378 0.000000 0.000000 0.000000 0.000000 0.134570 0.007052 1.674589 2731.655318
0.858378 0.000000 0.000000 0.000000 0.000000 0.134570 0.007052 1.674589 2731.655318
0.858378 0.000000 0.000000 0.000000 0.000000 0.134570 0.007052 1.674589 2731.655318
0.858378 0.000000 0.000000 0.000000 0.000000 0.134570 0.007052 1.674589 2731.655318
0.858378 0.000000 0.000000 0.000000 0.000000 0.134570 0.007052 1.674589 2731.655318
0.858378 0.000000 0.000000 0.000000 0.000000 0.134570 0.007052 1.674589 2731.655318
0.858378 0.000000 0.000000 0.000000 0.000000 0.134570 0.007052 1.674589 2731.655318
0.858378 0.000000 0.000000 0.000000 0.000000 0.134570 0.007052 1.674589 2731.655318
0.858378 0.000000 0.000000 0.000000 0.000000 0.134570 0.007052 1.674589 2731.655318
0.858378 0.000000 0.000000 0.000000 0.000000 0.134570 0.007052 1.674589 2731.655318
0.858378 0.000000 0.000000 0.000000 0.000000 0.134570 0.007052 1.674589 2731.655318
0.858378 0.000000 0.000000 0.000000 0.000000 0.134570 0.007052 1.674589 2731.655318
0.858378 0.000000 0.000000 0.000000 0.000000 0.134570 0.007052 1.674589 2731.655318
0.858378 0.000000 0.000000 0.000000 0.000000 0.134570 0.007052 1.674589 2731.655318
0.858378 0.000000 0.000000 0.000000 0.000000 0.134570 0.007052 1.674589 2731.655318
0.858378 0.000000 0.000000 0.000000 0.000000 0.134570 0.007052 1.674589 2731.655318
0.858378 0.000000 0.000000 0.000000 0.000000 0.134570 0.007052 1.674589 2731.655318
0.858378 0.000000 0.000000 0.000000 0.000000 0.134570 0.007052 1.674589 2731.655318
0.858378 0.000000 0.000000 0.000000 0.000000 0.134570 0.007052 1.674589 2731.655318
0.858378 0.000000 0.000000 0.000000 0.000000 0.134570 0.007052 1.674589 2731.655318
0.858378 0.000000 0.000000 0.000000 0.000000 0.134570 0.007052 1.674589 2731.655318
0.858378 0.000000 0.000000 0.000000 0.000000 0.134570 0.007052 1.674589 2731.655318
0.858378 0.000000 0.000000 0.000000 0.000000 0.134570 0.007052 1.674589 2731.655318
0.858378 0.000000 0.000000 0.000000 0.000000 0.134570 0.007052 1.674589 2731.655318
0.858378 0.000000 0.000000 0.000000 0.000000 0.134570 0.007052 1.674589 2731.655318
0.858378 0.000000 0.000000 0.000000 0.000000 0.134570 0.007052 1.674589 2731.655318
0.858378 0.000000 0.000000 0.000000 0.000000 0.134570 0.007052 1.674589 2731.655318
0.858378 0.000000 0.000000 0.000000 0.000000 0.134570 0.007052 1.674589 2731.655318
0.858378 0.000000 0.000000 0.000000 0.000000 0.134570 0.007052 1.674589 2731.655318
0.858378 0.000000 0.000000 0.000000 0.000000 0.134570 0.007052 1.674589 2731.655318
