0.369994 0.061520 0.054883 0.031198 0.001972 0.474797 0.005637 1.551142
0.372807 0.058773 0.054841 0.031018 0.001975 0.474928 0.005659 1.557044
0.376455 0.055477 0.054736 0.030708 0.001981 0.474964 0.005680 1.562666
0.380651 0.051939 0.054330 0.030274 0.001956 0.475141 0.005710 1.567913
0.385166 0.048437 0.053795 0.029718 0.001967 0.475183 0.005733 1.572785
0.390131 0.044935 0.053086 0.029069 0.001971 0.475045 0.005763 1.577288
0.395264 0.041510 0.052223 0.028311 0.001966 0.474946 0.005782 1.581568
0.400546 0.038339 0.051228 0.027571 0.001959 0.474553 0.005804 1.585456
0.405885 0.035340 0.050140 0.026755 0.001954 0.474101 0.005825 1.589040
0.411215 0.032521 0.048898 0.025910 0.001936 0.473675 0.005847 1.592360
0.416729 0.029894 0.047512 0.024981 0.001926 0.473087 0.005871 1.595418
0.422241 0.027445 0.046096 0.024120 0.001906 0.472294 0.005897 1.598211
0.427910 0.025197 0.044741 0.023196 0.001886 0.471144 0.005926 1.600783
0.433504 0.023128 0.043293 0.022277 0.001875 0.469977 0.005946 1.603128
0.439104 0.021177 0.041787 0.021315 0.001863 0.468787 0.005967 1.605319
0.444731 0.019430 0.040271 0.020444 0.001841 0.467298 0.005987 1.607289
0.450425 0.017778 0.038675 0.019567 0.001817 0.465724 0.006014 1.609120
0.456063 0.016285 0.037127 0.018659 0.001798 0.464030 0.006037 1.610791
0.461675 0.014940 0.035601 0.017809 0.001768 0.462146 0.006060 1.612296
0.467268 0.013659 0.034145 0.017024 0.001734 0.460089 0.006081 1.613704
0.472897 0.012489 0.032680 0.016190 0.001708 0.457933 0.006103 1.614998
0.478548 0.011458 0.031235 0.015376 0.001698 0.455565 0.006119 1.616142
0.484081 0.010470 0.029834 0.014607 0.001662 0.453206 0.006139 1.617227
0.489649 0.009539 0.028516 0.013870 0.001639 0.450629 0.006159 1.618237
0.495222 0.008697 0.027201 0.013170 0.001615 0.447919 0.006177 1.619158
0.500788 0.007956 0.025920 0.012510 0.001582 0.445046 0.006198 1.619972
0.506280 0.007294 0.024657 0.011838 0.001546 0.442161 0.006224 1.620693
0.511714 0.006674 0.023410 0.011230 0.001526 0.439201 0.006245 1.621376
0.517191 0.006072 0.022218 0.010593 0.001490 0.436173 0.006262 1.622029
0.522610 0.005559 0.021107 0.010013 0.001455 0.432976 0.006280 1.622600
0.528016 0.005076 0.020006 0.009460 0.001424 0.429720 0.006297 1.623133
0.533355 0.004635 0.018935 0.008941 0.001388 0.426429 0.006318 1.623614
0.538536 0.004266 0.017896 0.008433 0.001352 0.423182 0.006337 1.624026
0.543823 0.003893 0.017017 0.007913 0.001324 0.419674 0.006355 1.624429
0.549026 0.003555 0.016054 0.007459 0.001297 0.416241 0.006369 1.624801
0.554238 0.003247 0.015211 0.007013 0.001263 0.412638 0.006390 1.625144
0.559398 0.002959 0.014427 0.006624 0.001240 0.408949 0.006403 1.625468
0.564404 0.002710 0.013608 0.006248 0.001210 0.405399 0.006420 1.625744
0.569363 0.002481 0.012832 0.005884 0.001173 0.401827 0.006439 1.625994
0.574375 0.002263 0.012145 0.005536 0.001149 0.398085 0.006447 1.626233
0.579273 0.002052 0.011433 0.005220 0.001111 0.394445 0.006465 1.626459
0.584186 0.001874 0.010786 0.004899 0.001082 0.390692 0.006482 1.626659
0.589031 0.001716 0.010148 0.004619 0.001058 0.386932 0.006497 1.626836
0.593919 0.001568 0.009578 0.004347 0.001027 0.383049 0.006511 1.627000
0.598677 0.001421 0.009014 0.004103 0.000995 0.379263 0.006526 1.627160
0.603382 0.001317 0.008461 0.003860 0.000960 0.375483 0.006537 1.627275
0.608048 0.001197 0.008003 0.003621 0.000934 0.371650 0.006548 1.627405
0.612654 0.001109 0.007543 0.003403 0.000907 0.367825 0.006558 1.627504
0.617215 0.001030 0.007089 0.003181 0.000892 0.364028 0.006564 1.627594
0.621720 0.000953 0.006674 0.002999 0.000871 0.360208 0.006575 1.627684
0.626184 0.000866 0.006292 0.002806 0.000841 0.356425 0.006585 1.627776
0.630637 0.000796 0.005912 0.002633 0.000816 0.352608 0.006599 1.627853
0.635022 0.000740 0.005555 0.002467 0.000794 0.348813 0.006609 1.627917
0.639367 0.000682 0.005234 0.002310 0.000766 0.345018 0.006622 1.627983
0.643582 0.000626 0.004898 0.002181 0.000740 0.341339 0.006634 1.628042
0.647909 0.000575 0.004594 0.002048 0.000715 0.337514 0.006645 1.628101
0.652154 0.000522 0.004301 0.001916 0.000693 0.333763 0.006653 1.628160
0.656330 0.000482 0.004058 0.001792 0.000669 0.330006 0.006664 1.628203
0.660430 0.000439 0.003809 0.001672 0.000649 0.326328 0.006672 1.628250
0.664478 0.000406 0.003552 0.001577 0.000625 0.322679 0.006683 1.628288
0.668545 0.000377 0.003319 0.001474 0.000605 0.318989 0.006692 1.628320
0.672466 0.000348 0.003106 0.001389 0.000587 0.315406 0.006697 1.628351
0.676398 0.000320 0.002912 0.001294 0.000572 0.311799 0.006706 1.628384
0.680324 0.000296 0.002738 0.001209 0.000555 0.308166 0.006712 1.628412
0.684140 0.000276 0.002559 0.001125 0.000536 0.304646 0.006719 1.628438
0.687908 0.000255 0.002398 0.001059 0.000514 0.301139 0.006728 1.628462
0.691651 0.000241 0.002236 0.000998 0.000494 0.297645 0.006736 1.628480
0.695358 0.000225 0.002119 0.000930 0.000477 0.294149 0.006743 1.628499
0.699064 0.000208 0.001988 0.000883 0.000460 0.290649 0.006749 1.628520
0.702626 0.000194 0.001855 0.000825 0.000442 0.287305 0.006754 1.628535
0.706136 0.000179 0.001744 0.000763 0.000431 0.283988 0.006759 1.628552
0.709618 0.000165 0.001653 0.000705 0.000416 0.280677 0.006766 1.628569
0.713091 0.000152 0.001546 0.000661 0.000401 0.277377 0.006772 1.628582
0.716505 0.000135 0.001442 0.000611 0.000387 0.274144 0.006777 1.628600
0.719873 0.000124 0.001362 0.000572 0.000374 0.270914 0.006783 1.628612
0.723266 0.000114 0.001283 0.000541 0.000358 0.267651 0.006788 1.628624
0.726574 0.000104 0.001205 0.000502 0.000351 0.264473 0.006793 1.628634
0.729939 0.000097 0.001130 0.000479 0.000338 0.261219 0.006799 1.628642
0.733152 0.000087 0.001066 0.000448 0.000323 0.258119 0.006805 1.628655
0.736334 0.000080 0.001009 0.000421 0.000313 0.255033 0.006809 1.628663
0.739475 0.000077 0.000941 0.000397 0.000303 0.251993 0.006813 1.628667
0.742630 0.000072 0.000876 0.000369 0.000293 0.248942 0.006818 1.628673
0.745715 0.000066 0.000822 0.000344 0.000277 0.245954 0.006823 1.628681
0.748723 0.000060 0.000769 0.000323 0.000263 0.243036 0.006826 1.628688
0.751724 0.000057 0.000716 0.000307 0.000255 0.240113 0.006829 1.628693
0.754676 0.000053 0.000670 0.000284 0.000250 0.237237 0.006830 1.628697
0.757665 0.000050 0.000617 0.000264 0.000239 0.234333 0.006834 1.628702
0.760625 0.000048 0.000580 0.000249 0.000227 0.231433 0.006839 1.628706
0.763548 0.000045 0.000540 0.000230 0.000218 0.228577 0.006843 1.628709
0.766393 0.000040 0.000503 0.000212 0.000213 0.225794 0.006844 1.628714
0.769152 0.000038 0.000473 0.000195 0.000207 0.223089 0.006846 1.628716
0.771926 0.000033 0.000451 0.000184 0.000195 0.220358 0.006851 1.628721
0.774637 0.000032 0.000420 0.000173 0.000190 0.217695 0.006854 1.628723
0.777344 0.000028 0.000385 0.000163 0.000180 0.215043 0.006857 1.628727
0.779968 0.000025 0.000356 0.000152 0.000178 0.212463 0.006858 1.628730
0.782684 0.000024 0.000335 0.000138 0.000170 0.209788 0.006861 1.628732
0.785289 0.000024 0.000320 0.000129 0.000165 0.207211 0.006862 1.628733
0.787884 0.000024 0.000300 0.000121 0.000159 0.204648 0.006864 1.628735
0.790423 0.000021 0.000278 0.000112 0.000152 0.202148 0.006867 1.628739
0.792971 0.000020 0.000259 0.000103 0.000145 0.199632 0.006868 1.628739
0.795471 0.000019 0.000244 0.000096 0.000142 0.197156 0.006870 1.628740
0.797928 0.000019 0.000229 0.000093 0.000137 0.194722 0.006873 1.628742
0.800296 0.000017 0.000218 0.000088 0.000135 0.192371 0.006874 1.628744
0.802649 0.000016 0.000203 0.000082 0.000132 0.190042 0.006875 1.628745
0.804984 0.000015 0.000188 0.000076 0.000128 0.187729 0.006877 1.628746
0.807271 0.000014 0.000179 0.000072 0.000122 0.185460 0.006880 1.628748
0.809615 0.000013 0.000167 0.000067 0.000119 0.183137 0.006880 1.628749
0.811835 0.000013 0.000159 0.000062 0.000112 0.180935 0.006882 1.628750
0.813994 0.000011 0.000146 0.000059 0.000109 0.178798 0.006882 1.628753
0.816126 0.000010 0.000136 0.000054 0.000105 0.176683 0.006885 1.628753
0.818226 0.000010 0.000123 0.000051 0.000102 0.174603 0.006886 1.628754
0.820203 0.000008 0.000117 0.000044 0.000098 0.172641 0.006888 1.628756
0.822233 0.000007 0.000109 0.000041 0.000096 0.170624 0.006889 1.628756
0.824215 0.000008 0.000102 0.000039 0.000091 0.168655 0.006890 1.628756
0.826076 0.000008 0.000096 0.000034 0.000087 0.166807 0.006891 1.628756
0.827907 0.000007 0.000092 0.000032 0.000082 0.164986 0.006894 1.628757
0.829717 0.000006 0.000085 0.000029 0.000078 0.163187 0.006896 1.628758
0.831461 0.000006 0.000080 0.000027 0.000073 0.161453 0.006899 1.628758
0.833132 0.000006 0.000077 0.000025 0.000070 0.159788 0.006901 1.628758
0.834787 0.000005 0.000072 0.000021 0.000068 0.158146 0.006902 1.628759
0.836339 0.000005 0.000068 0.000020 0.000064 0.156601 0.006902 1.628759
0.837882 0.000004 0.000062 0.000019 0.000061 0.155067 0.006904 1.628760
0.839351 0.000004 0.000059 0.000018 0.000059 0.153603 0.006905 1.628760
0.840796 0.000004 0.000055 0.000016 0.000058 0.152166 0.006906 1.628760
0.842167 0.000004 0.000050 0.000014 0.000055 0.150802 0.006907 1.628760
0.843527 0.000003 0.000048 0.000013 0.000052 0.149447 0.006909 1.628761
0.844789 0.000003 0.000045 0.000012 0.000050 0.148193 0.006909 1.628761
0.845952 0.000003 0.000041 0.000012 0.000048 0.147036 0.006909 1.628761
0.847146 0.000003 0.000040 0.000011 0.000046 0.145846 0.006909 1.628761
0.848270 0.000002 0.000038 0.000010 0.000044 0.144725 0.006911 1.628762
0.849339 0.000002 0.000035 0.000009 0.000043 0.143662 0.006911 1.628762
0.850352 0.000001 0.000035 0.000009 0.000042 0.142650 0.006912 1.628763
0.851297 0.000001 0.000031 0.000009 0.000041 0.141709 0.006913 1.628763
0.852201 0.000001 0.000028 0.000008 0.000039 0.140810 0.006915 1.628763
0.853066 0.000001 0.000026 0.000007 0.000038 0.139946 0.006915 1.628763
0.853926 0.000001 0.000024 0.000007 0.000036 0.139091 0.006916 1.628763
0.854736 0.000001 0.000023 0.000006 0.000036 0.138282 0.006916 1.628763
0.855486 0.000001 0.000022 0.000004 0.000035 0.137536 0.006916 1.628763
0.856186 0.000000 0.000020 0.000004 0.000034 0.136840 0.006916 1.628763
0.856869 0.000000 0.000019 0.000004 0.000033 0.136158 0.006918 1.628764
0.857510 0.000000 0.000016 0.000003 0.000033 0.135521 0.006918 1.628764
0.858105 0.000000 0.000015 0.000003 0.000033 0.134927 0.006918 1.628764
0.858675 0.000000 0.000015 0.000003 0.000032 0.134358 0.006918 1.628764
0.859218 0.000000 0.000014 0.000002 0.000031 0.133817 0.006918 1.628764
0.859744 0.000000 0.000013 0.000002 0.000030 0.133291 0.006919 1.628764
0.860259 0.000000 0.000013 0.000002 0.000028 0.132778 0.006920 1.628764
0.860738 0.000000 0.000012 0.000002 0.000026 0.132302 0.006920 1.628764
0.861185 0.000000 0.000012 0.000002 0.000025 0.131855 0.006921 1.628764
0.861593 0.000000 0.000011 0.000002 0.000025 0.131447 0.006921 1.628764
0.861999 0.000000 0.000011 0.000002 0.000025 0.131042 0.006921 1.628764
0.862428 0.000000 0.000009 0.000002 0.000024 0.130615 0.006921 1.628764
0.862803 0.000000 0.000009 0.000001 0.000023 0.130240 0.006922 1.628764
0.863180 0.000000 0.000010 0.000001 0.000022 0.129864 0.006923 1.628764
0.863568 0.000000 0.000009 0.000000 0.000021 0.129478 0.006923 1.628764
0.863909 0.000000 0.000008 0.000000 0.000020 0.129139 0.006923 1.628764
0.864218 0.000000 0.000008 0.000000 0.000020 0.128831 0.006923 1.628764
0.864508 0.000000 0.000007 0.000000 0.000018 0.128542 0.006925 1.628764
0.864783 0.000000 0.000006 0.000000 0.000017 0.128268 0.006926 1.628764
0.865024 0.000000 0.000005 0.000000 0.000016 0.128029 0.006926 1.628764
0.865250 0.000000 0.000005 0.000000 0.000015 0.127804 0.006926 1.628764
0.865486 0.000000 0.000005 0.000000 0.000014 0.127568 0.006926 1.628764
0.865674 0.000000 0.000005 0.000000 0.000013 0.127380 0.006927 1.628764
0.865868 0.000000 0.000004 0.000000 0.000013 0.127186 0.006928 1.628764
0.866037 0.000000 0.000004 0.000000 0.000013 0.127018 0.006928 1.628764
0.866219 0.000000 0.000004 0.000000 0.000013 0.126836 0.006928 1.628764
0.866392 0.000000 0.000003 0.000000 0.000013 0.126664 0.006928 1.628764
0.866553 0.000000 0.000003 0.000000 0.000013 0.126503 0.006928 1.628764
0.866694 0.000000 0.000003 0.000000 0.000012 0.126362 0.006928 1.628764
0.866851 0.000000 0.000003 0.000000 0.000012 0.126206 0.006928 1.628764
0.866997 0.000000 0.000003 0.000000 0.000011 0.126060 0.006929 1.628764
0.867115 0.000000 0.000002 0.000000 0.000010 0.125943 0.006929 1.628764
0.867247 0.000000 0.000002 0.000000 0.000010 0.125811 0.006929 1.628764
0.867371 0.000000 0.000002 0.000000 0.000010 0.125687 0.006929 1.628764
0.867480 0.000000 0.000002 0.000000 0.000010 0.125579 0.006929 1.628764
0.867581 0.000000 0.000002 0.000000 0.000010 0.125478 0.006929 1.628764
0.867661 0.000000 0.000000 0.000000 0.000010 0.125399 0.006929 1.628764
0.867758 0.000000 0.000000 0.000000 0.000010 0.125302 0.006929 1.628764
0.867830 0.000000 0.000000 0.000000 0.000009 0.125231 0.006929 1.628764
0.867910 0.000000 0.000000 0.000000 0.000008 0.125152 0.006929 1.628764
0.867986 0.000000 0.000000 0.000000 0.000008 0.125076 0.006929 1.628764
0.868055 0.000000 0.000000 0.000000 0.000007 0.125008 0.006929 1.628764
0.868119 0.000000 0.000000 0.000000 0.000006 0.124943 0.006930 1.628764
0.868179 0.000000 0.000000 0.000000 0.000006 0.124884 0.006930 1.628764
0.868229 0.000000 0.000000 0.000000 0.000006 0.124835 0.006930 1.628764
0.868275 0.000000 0.000000 0.000000 0.000006 0.124788 0.006930 1.628764
0.868327 0.000000 0.000000 0.000000 0.000006 0.124736 0.006930 1.628764
0.868380 0.000000 0.000000 0.000000 0.000006 0.124683 0.006930 1.628764
0.868437 0.000000 0.000000 0.000000 0.000005 0.124627 0.006930 1.628764
0.868476 0.000000 0.000000 0.000000 0.000005 0.124588 0.006930 1.628764
0.868522 0.000000 0.000000 0.000000 0.000005 0.124542 0.006930 1.628764
0.868565 0.000000 0.000000 0.000000 0.000005 0.124499 0.006931 1.628764
0.868600 0.000000 0.000000 0.000000 0.000004 0.124465 0.006931 1.628764
0.868629 0.000000 0.000000 0.000000 0.000004 0.124435 0.006931 1.628764
0.868657 0.000000 0.000000 0.000000 0.000004 0.124407 0.006931 1.628764
0.868687 0.000000 0.000000 0.000000 0.000004 0.124377 0.006931 1.628764
0.868712 0.000000 0.000000 0.000000 0.000004 0.124352 0.006931 1.628764
0.868744 0.000000 0.000000 0.000000 0.000004 0.124321 0.006931 1.628764
0.868773 0.000000 0.000000 0.000000 0.000004 0.124292 0.006931 1.628764
0.868800 0.000000 0.000000 0.000000 0.000004 0.124265 0.006931 1.628764
0.868825 0.000000 0.000000 0.000000 0.000004 0.124240 0.006931 1.628764
0.868846 0.000000 0.000000 0.000000 0.000003 0.124219 0.006931 1.628764
0.868871 0.000000 0.000000 0.000000 0.000003 0.124195 0.006931 1.628764
0.868893 0.000000 0.000000 0.000000 0.000003 0.124173 0.006931 1.628764
0.868914 0.000000 0.000000 0.000000 0.000003 0.124152 0.006931 1.628764
0.868931 0.000000 0.000000 0.000000 0.000003 0.124134 0.006931 1.628764
0.868949 0.000000 0.000000 0.000000 0.000003 0.124117 0.006931 1.628764
0.868961 0.000000 0.000000 0.000000 0.000002 0.124104 0.006932 1.628764
0.868975 0.000000 0.000000 0.000000 0.000002 0.124090 0.006932 1.628764
0.868988 0.000000 0.000000 0.000000 0.000002 0.124078 0.006932 1.628764
0.868998 0.000000 0.000000 0.000000 0.000002 0.124067 0.006932 1.628764
0.869012 0.000000 0.000000 0.000000 0.000002 0.124053 0.006932 1.628764
0.869028 0.000000 0.000000 0.000000 0.000002 0.124038 0.006932 1.628764
0.869038 0.000000 0.000000 0.000000 0.000002 0.124028 0.006932 1.628764
0.869048 0.000000 0.000000 0.000000 0.000002 0.124018 0.006932 1.628764
0.869058 0.000000 0.000000 0.000000 0.000002 0.124008 0.006932 1.628764
0.869070 0.000000 0.000000 0.000000 0.000002 0.123996 0.006932 1.628764
0.869074 0.000000 0.000000 0.000000 0.000001 0.123992 0.006932 1.628764
0.869077 0.000000 0.000000 0.000000 0.000000 0.123989 0.006933 1.628764
0.869079 0.000000 0.000000 0.000000 0.000000 0.123987 0.006933 1.628764
0.869080 0.000000 0.000000 0.000000 0.000000 0.123986 0.006933 1.628764
0.869082 0.000000 0.000000 0.000000 0.000000 0.123984 0.006933 1.628764
0.869085 0.000000 0.000000 0.000000 0.000000 0.123981 0.006933 1.628764
0.869089 0.000000 0.000000 0.000000 0.000000 0.123977 0.006933 1.628764
0.869091 0.000000 0.000000 0.000000 0.000000 0.123975 0.006933 1.628764
0.869092 0.000000 0.000000 0.000000 0.000000 0.123974 0.006933 1.628764
0.869097 0.000000 0.000000 0.000000 0.000000 0.123969 0.006933 1.628764
0.869097 0.000000 0.000000 0.000000 0.000000 0.123969 0.006933 1.628764
0.869097 0.000000 0.000000 0.000000 0.000000 0.123969 0.006933 1.628764
0.869097 0.000000 0.000000 0.000000 0.000000 0.123969 0.006933 1.628764
0.869097 0.000000 0.000000 0.000000 0.000000 0.123969 0.006933 1.628764
0.869097 0.000000 0.000000 0.000000 0.000000 0.123969 0.006933 1.628764
0.869097 0.000000 0.000000 0.000000 0.000000 0.123969 0.006933 1.628764
0.869097 0.000000 0.000000 0.000000 0.000000 0.123969 0.006933 1.628764
0.869097 0.000000 0.000000 0.000000 0.000000 0.123969 0.006933 1.628764
0.869097 0.000000 0.000000 0.000000 0.000000 0.123969 0.006933 1.628764
0.869097 0.000000 0.000000 0.000000 0.000000 0.123969 0.006933 1.628764
0.869097 0.000000 0.000000 0.000000 0.000000 0.123969 0.006933 1.628764
0.869097 0.000000 0.000000 0.000000 0.000000 0.123969 0.006933 1.628764
0.869097 0.000000 0.000000 0.000000 0.000000 0.123969 0.006933 1.628764
0.869097 0.000000 0.000000 0.000000 0.000000 0.123969 0.006933 1.628764
0.869097 0.000000 0.000000 0.000000 0.000000 0.123969 0.006933 1.628764
0.869097 0.000000 0.000000 0.000000 0.000000 0.123969 0.006933 1.628764
0.869097 0.000000 0.000000 0.000000 0.000000 0.123969 0.006933 1.628764
0.869097 0.000000 0.000000 0.000000 0.000000 0.123969 0.006933 1.628764
0.869097 0.000000 0.000000 0.000000 0.000000 0.123969 0.006933 1.628764
0.869097 0.000000 0.000000 0.000000 0.000000 0.123969 0.006933 1.628764
0.869097 0.000000 0.000000 0.000000 0.000000 0.123969 0.006933 1.628764
0.869097 0.000000 0.000000 0.000000 0.000000 0.123969 0.006933 1.628764
0.869097 0.000000 0.000000 0.000000 0.000000 0.123969 0.006933 1.628764
0.869097 0.000000 0.000000 0.000000 0.000000 0.123969 0.006933 1.628764
0.869097 0.000000 0.000000 0.000000 0.000000 0.123969 0.006933 1.628764
0.869097 0.000000 0.000000 0.000000 0.000000 0.123969 0.006933 1.628764
0.869097 0.000000 0.000000 0.000000 0.000000 0.123969 0.006933 1.628764
0.869097 0.000000 0.000000 0.000000 0.000000 0.123969 0.006933 1.628764
0.869097 0.000000 0.000000 0.000000 0.000000 0.123969 0.006933 1.628764
0.869097 0.000000 0.000000 0.000000 0.000000 0.123969 0.006933 1.628764
0.869097 0.000000 0.000000 0.000000 0.000000 0.123969 0.006933 1.628764
0.869097 0.000000 0.000000 0.000000 0.000000 0.123969 0.006933 1.628764
0.869097 0.000000 0.000000 0.000000 0.000000 0.123969 0.006933 1.628764
0.869097 0.000000 0.000000 0.000000 0.000000 0.123969 0.006933 1.628764
0.869097 0.000000 0.000000 0.000000 0.000000 0.123969 0.006933 1.628764
0.869097 0.000000 0.000000 0.000000 0.000000 0.123969 0.006933 1.628764
0.869097 0.000000 0.000000 0.000000 0.000000 0.123969 0.006933 1.628764
0.869097 0.000000 0.000000 0.000000 0.000000 0.123969 0.006933 1.628764
0.869097 0.000000 0.000000 0.000000 0.000000 0.123969 0.006933 1.628764
0.869097 0.000000 0.000000 0.000000 0.000000 0.123969 0.006933 1.628764
0.869097 0.000000 0.000000 0.000000 0.000000 0.123969 0.006933 1.628764
0.869097 0.000000 0.000000 0.000000 0.000000 0.123969 0.006933 1.628764
0.869097 0.000000 0.000000 0.000000 0.000000 0.123969 0.006933 1.628764
0.869097 0.000000 0.000000 0.000000 0.000000 0.123969 0.006933 1.628764
0.869097 0.000000 0.000000 0.000000 0.000000 0.123969 0.006933 1.628764
0.869097 0.000000 0.000000 0.000000 0.000000 0.123969 0.006933 1.628764
0.869097 0.000000 0.000000 0.000000 0.000000 0.123969 0.006933 1.628764
0.869097 0.000000 0.000000 0.000000 0.000000 0.123969 0.006933 1.628764
0.869097 0.000000 0.000000 0.000000 0.000000 0.123969 0.006933 1.628764
0.869097 0.000000 0.000000 0.000000 0.000000 0.123969 0.006933 1.628764
0.869097 0.000000 0.000000 0.000000 0.000000 0.123969 0.006933 1.628764
0.869097 0.000000 0.000000 0.000000 0.000000 0.123969 0.006933 1.628764
0.869097 0.000000 0.000000 0.000000 0.000000 0.123969 0.006933 1.628764
0.869097 0.000000 0.000000 0.000000 0.000000 0.123969 0.006933 1.628764
0.869097 0.000000 0.000000 0.000000 0.000000 0.123969 0.006933 1.628764
0.869097 0.000000 0.000000 0.000000 0.000000 0.123969 0.006933 1.628764
0.869097 0.000000 0.000000 0.000000 0.000000 0.123969 0.006933 1.628764
0.869097 0.000000 0.000000 0.000000 0.000000 0.123969 0.006933 1.628764
0.869097 0.000000 0.000000 0.000000 0.000000 0.123969 0.006933 1.628764
0.869097 0.000000 0.000000 0.000000 0.000000 0.123969 0.006933 1.628764
0.869097 0.000000 0.000000 0.000000 0.000000 0.123969 0.006933 1.628764
0.869097 0.000000 0.000000 0.000000 0.000000 0.123969 0.006933 1.628764
0.869097 0.000000 0.000000 0.000000 0.000000 0.123969 0.006933 1.628764
0.869097 0.000000 0.000000 0.000000 0.000000 0.123969 0.006933 1.628764
0.869097 0.000000 0.000000 0.000000 0.000000 0.123969 0.006933 1.628764
0.869097 0.000000 0.000000 0.000000 0.000000 0.123969 0.006933 1.628764
0.869097 0.000000 0.000000 0.000000 0.000000 0.123969 0.006933 1.628764
0.869097 0.000000 0.000000 0.000000 0.000000 0.123969 0.006933 1.628764
0.869097 0.000000 0.000000 0.000000 0.000000 0.123969 0.006933 1.628764
0.869097 0.000000 0.000000 0.000000 0.000000 0.123969 0.006933 1.628764
0.869097 0.000000 0.000000 0.000000 0.000000 0.123969 0.006933 1.628764
0.869097 0.000000 0.000000 0.000000 0.000000 0.123969 0.006933 1.628764
0.869097 0.000000 0.000000 0.000000 0.000000 0.123969 0.006933 1.628764
0.869097 0.000000 0.000000 0.000000 0.000000 0.123969 0.006933 1.628764
0.869097 0.000000 0.000000 0.000000 0.000000 0.123969 0.006933 1.628764
0.869097 0.000000 0.000000 0.000000 0.000000 0.123969 0.006933 1.628764
0.869097 0.000000 0.000000 0.000000 0.000000 0.123969 0.006933 1.628764
0.869097 0.000000 0.000000 0.000000 0.000000 0.123969 0.006933 1.628764
0.869097 0.000000 0.000000 0.000000 0.000000 0.123969 0.006933 1.628764
0.869097 0.000000 0.000000 0.000000 0.000000 0.123969 0.006933 1.628764
0.869097 0.000000 0.000000 0.000000 0.000000 0.123969 0.006933 1.628764
0.869097 0.000000 0.000000 0.000000 0.000000 0.123969 0.006933 1.628764
0.869097 0.000000 0.000000 0.000000 0.000000 0.123969 0.006933 1.628764
0.869097 0.000000 0.000000 0.000000 0.000000 0.123969 0.006933 1.628764
0.869097 0.000000 0.000000 0.000000 0.000000 0.123969 0.006933 1.628764
0.869097 0.000000 0.000000 0.000000 0.000000 0.123969 0.006933 1.628764
0.869097 0.000000 0.000000 0.000000 0.000000 0.123969 0.006933 1.628764
0.869097 0.000000 0.000000 0.000000 0.000000 0.123969 0.006933 1.628764
0.869097 0.000000 0.000000 0.000000 0.000000 0.123969 0.006933 1.628764
0.869097 0.000000 0.000000 0.000000 0.000000 0.123969 0.006933 1.628764
0.869097 0.000000 0.000000 0.000000 0.000000 0.123969 0.006933 1.628764
0.869097 0.000000 0.000000 0.000000 0.000000 0.123969 0.006933 1.628764
0.869097 0.000000 0.000000 0.000000 0.000000 0.123969 0.006933 1.628764
0.869097 0.000000 0.000000 0.000000 0.000000 0.123969 0.006933 1.628764
0.869097 0.000000 0.000000 0.000000 0.000000 0.123969 0.006933 1.628764
0.869097 0.000000 0.000000 0.000000 0.000000 0.123969 0.006933 1.628764
0.869097 0.000000 0.000000 0.000000 0.000000 0.123969 0.006933 1.628764
0.869097 0.000000 0.000000 0.000000 0.000000 0.123969 0.006933 1.628764
0.869097 0.000000 0.000000 0.000000 0.000000 0.123969 0.006933 1.628764
0.869097 0.000000 0.000000 0.000000 0.000000 0.123969 0.006933 1.628764
0.869097 0.000000 0.000000 0.000000 0.000000 0.123969 0.006933 1.628764
0.869097 0.000000 0.000000 0.000000 0.000000 0.123969 0.006933 1.628764
0.869097 0.000000 0.000000 0.000000 0.000000 0.123969 0.006933 1.628764
0.869097 0.000000 0.000000 0.000000 0.000000 0.123969 0.006933 1.628764
0.869097 0.000000 0.000000 0.000000 0.000000 0.123969 0.006933 1.628764
0.869097 0.000000 0.000000 0.000000 0.000000 0.123969 0.006933 1.628764
0.869097 0.000000 0.000000 0.000000 0.000000 0.123969 0.006933 1.628764
0.869097 0.000000 0.000000 0.000000 0.000000 0.123969 0.006933 1.628764
0.869097 0.000000 0.000000 0.000000 0.000000 0.123969 0.006933 1.628764
0.869097 0.000000 0.000000 0.000000 0.000000 0.123969 0.006933 1.628764
0.869097 0.000000 0.000000 0.000000 0.000000 0.123969 0.006933 1.628764
0.869097 0.000000 0.000000 0.000000 0.000000 0.123969 0.006933 1.628764
0.869097 0.000000 0.000000 0.000000 0.000000 0.123969 0.006933 1.628764
0.869097 0.000000 0.000000 0.000000 0.000000 0.123969 0.006933 1.628764
0.869097 0.000000 0.000000 0.000000 0.000000 0.123969 0.006933 1.628764
0.869097 0.000000 0.000000 0.000000 0.000000 0.123969 0.006933 1.628764
0.869097 0.000000 0.000000 0.000000 0.000000 0.123969 0.006933 1.628764
0.869097 0.000000 0.000000 0.000000 0.000000 0.123969 0.006933 1.628764
0.869097 0.000000 0.000000 0.000000 0.000000 0.123969 0.006933 1.628764
0.869097 0.000000 0.000000 0.000000 0.000000 0.123969 0.006933 1.628764
0.869097 0.000000 0.000000 0.000000 0.000000 0.123969 0.006933 1.628764
0.869097 0.000000 0.000000 0.000000 0.000000 0.123969 0.006933 1.628764
0.869097 0.000000 0.000000 0.000000 0.000000 0.123969 0.006933 1.628764
0.869097 0.000000 0.000000 0.000000 0.000000 0.123969 0.006933 1.628764
0.869097 0.000000 0.000000 0.000000 0.000000 0.123969 0.006933 1.628764
0.869097 0.000000 0.000000 0.000000 0.000000 0.123969 0.006933 1.628764
0.869097 0.000000 0.000000 0.000000 0.000000 0.123969 0.006933 1.628764
0.869097 0.000000 0.000000 0.000000 0.000000 0.123969 0.006933 1.628764
0.869097 0.000000 0.000000 0.000000 0.000000 0.123969 0.006933 1.628764
0.869097 0.000000 0.000000 0.000000 0.000000 0.123969 0.006933 1.628764
0.869097 0.000000 0.000000 0.000000 0.000000 0.123969 0.006933 1.628764
0.869097 0.000000 0.000000 0.000000 0.000000 0.123969 0.006933 1.628764
0.869097 0.000000 0.000000 0.000000 0.000000 0.123969 0.006933 1.628764
0.869097 0.000000 0.000000 0.000000 0.000000 0.123969 0.006933 1.628764
0.869097 0.000000 0.000000 0.000000 0.000000 0.123969 0.006933 1.628764
0.869097 0.000000 0.000000 0.000000 0.000000 0.123969 0.006933 1.628764
0.869097 0.000000 0.000000 0.000000 0.000000 0.123969 0.006933 1.628764
0.869097 0.000000 0.000000 0.000000 0.000000 0.123969 0.006933 1.628764
0.869097 0.000000 0.000000 0.000000 0.000000 0.123969 0.006933 1.628764
0.869097 0.000000 0.000000 0.000000 0.000000 0.123969 0.006933 1.628764
0.869097 0.000000 0.000000 0.000000 0.000000 0.123969 0.006933 1.628764
0.869097 0.000000 0.000000 0.000000 0.000000 0.123969 0.006933 1.628764
0.869097 0.000000 0.000000 0.000000 0.000000 0.123969 0.006933 1.628764
0.869097 0.000000 0.000000 0.000000 0.000000 0.123969 0.006933 1.628764
0.869097 0.000000 0.000000 0.000000 0.000000 0.123969 0.006933 1.628764
0.869097 0.000000 0.000000 0.000000 0.000000 0.123969 0.006933 1.628764
0.869097 0.000000 0.000000 0.000000 0.000000 0.123969 0.006933 1.628764
0.869097 0.000000 0.000000 0.000000 0.000000 0.123969 0.006933 1.628764
0.869097 0.000000 0.000000 0.000000 0.000000 0.123969 0.006933 1.628764
0.869097 0.000000 0.000000 0.000000 0.000000 0.123969 0.006933 1.628764
0.869097 0.000000 0.000000 0.000000 0.000000 0.123969 0.006933 1.628764
0.869097 0.000000 0.000000 0.000000 0.000000 0.123969 0.006933 1.628764
0.869097 0.000000 0.000000 0.000000 0.000000 0.123969 0.006933 1.628764
0.869097 0.000000 0.000000 0.000000 0.000000 0.123969 0.006933 1.628764
0.869097 0.000000 0.000000 0.000000 0.000000 0.123969 0.006933 1.628764
0.869097 0.000000 0.000000 0.000000 0.000000 0.123969 0.006933 1.628764
0.869097 0.000000 0.000000 0.000000 0.000000 0.123969 0.006933 1.628764
0.869097 0.000000 0.000000 0.000000 0.000000 0.123969 0.006933 1.628764
0.869097 0.000000 0.000000 0.000000 0.000000 0.123969 0.006933 1.628764
0.869097 0.000000 0.000000 0.000000 0.000000 0.123969 0.006933 1.628764
0.869097 0.000000 0.000000 0.000000 0.000000 0.123969 0.006933 1.628764
0.869097 0.000000 0.000000 0.000000 0.000000 0.123969 0.006933 1.628764
0.869097 0.000000 0.000000 0.000000 0.000000 0.123969 0.006933 1.628764
0.869097 0.000000 0.000000 0.000000 0.000000 0.123969 0.006933 1.628764
0.869097 0.000000 0.000000 0.000000 0.000000 0.123969 0.006933 1.628764
0.869097 0.000000 0.000000 0.000000 0.000000 0.123969 0.006933 1.628764
0.869097 0.000000 0.000000 0.000000 0.000000 0.123969 0.006933 1.628764
0.869097 0.000000 0.000000 0.000000 0.000000 0.123969 0.006933 1.628764
0.869097 0.000000 0.000000 0.000000 0.000000 0.123969 0.006933 1.628764
0.869097 0.000000 0.000000 0.000000 0.000000 0.123969 0.006933 1.628764
0.869097 0.000000 0.000000 0.000000 0.000000 0.123969 0.006933 1.628764
0.869097 0.000000 0.000000 0.000000 0.000000 0.123969 0.006933 1.628764
0.869097 0.000000 0.000000 0.000000 0.000000 0.123969 0.006933 1.628764
0.869097 0.000000 0.000000 0.000000 0.000000 0.123969 0.006933 1.628764
0.869097 0.000000 0.000000 0.000000 0.000000 0.123969 0.006933 1.628764
0.869097 0.000000 0.000000 0.000000 0.000000 0.123969 0.006933 1.628764
0.869097 0.000000 0.000000 0.000000 0.000000 0.123969 0.006933 1.628764
0.869097 0.000000 0.000000 0.000000 0.000000 0.123969 0.006933 1.628764
0.869097 0.000000 0.000000 0.000000 0.000000 0.123969 0.006933 1.628764
0.869097 0.000000 0.000000 0.000000 0.000000 0.123969 0.006933 1.628764
0.869097 0.000000 0.000000 0.000000 0.000000 0.123969 0.006933 1.628764
0.869097 0.000000 0.000000 0.000000 0.000000 0.123969 0.006933 1.628764
0.869097 0.000000 0.000000 0.000000 0.000000 0.123969 0.006933 1.628764
0.869097 0.000000 0.000000 0.000000 0.000000 0.123969 0.006933 1.628764
0.869097 0.000000 0.000000 0.000000 0.000000 0.123969 0.006933 1.628764
0.869097 0.000000 0.000000 0.000000 0.000000 0.123969 0.006933 1.628764
0.869097 0.000000 0.000000 0.000000 0.000000 0.123969 0.006933 1.628764
0.869097 0.000000 0.000000 0.000000 0.000000 0.123969 0.006933 1.628764
0.869097 0.000000 0.000000 0.000000 0.000000 0.123969 0.006933 1.628764
0.869097 0.000000 0.000000 0.000000 0.000000 0.123969 0.006933 1.628764
0.869097 0.000000 0.000000 0.000000 0.000000 0.123969 0.006933 1.628764
0.869097 0.000000 0.000000 0.000000 0.000000 0.123969 0.006933 1.628764
0.869097 0.000000 0.000000 0.000000 0.000000 0.123969 0.006933 1.628764
0.869097 0.000000 0.000000 0.000000 0.000000 0.123969 0.006933 1.628764
0.869097 0.000000 0.000000 0.000000 0.000000 0.123969 0.006933 1.628764
0.869097 0.000000 0.000000 0.000000 0.000000 0.123969 0.006933 1.628764
0.869097 0.000000 0.000000 0.000000 0.000000 0.123969 0.006933 1.628764
0.869097 0.000000 0.000000 0.000000 0.000000 0.123969 0.006933 1.628764
0.869097 0.000000 0.000000 0.000000 0.000000 0.123969 0.006933 1.628764
0.869097 0.000000 0.000000 0.000000 0.000000 0.123969 0.006933 1.628764
0.869097 0.000000 0.000000 0.000000 0.000000 0.123969 0.006933 1.628764
0.869097 0.000000 0.000000 0.000000 0.000000 0.123969 0.006933 1.628764
0.869097 0.000000 0.000000 0.000000 0.000000 0.123969 0.006933 1.628764
0.869097 0.000000 0.000000 0.000000 0.000000 0.123969 0.006933 1.628764
0.869097 0.000000 0.000000 0.000000 0.000000 0.123969 0.006933 1.628764
0.869097 0.000000 0.000000 0.000000 0.000000 0.123969 0.006933 1.628764
0.869097 0.000000 0.000000 0.000000 0.000000 0.123969 0.006933 1.628764
0.869097 0.000000 0.000000 0.000000 0.000000 0.123969 0.006933 1.628764
0.869097 0.000000 0.000000 0.000000 0.000000 0.123969 0.006933 1.628764
0.869097 0.000000 0.000000 0.000000 0.000000 0.123969 0.006933 1.628764
0.869097 0.000000 0.000000 0.000000 0.000000 0.123969 0.006933 1.628764
0.869097 0.000000 0.000000 0.000000 0.000000 0.123969 0.006933 1.628764
0.869097 0.000000 0.000000 0.000000 0.000000 0.123969 0.006933 1.628764
0.869097 0.000000 0.000000 0.000000 0.000000 0.123969 0.006933 1.628764
0.869097 0.000000 0.000000 0.000000 0.000000 0.123969 0.006933 1.628764
0.869097 0.000000 0.000000 0.000000 0.000000 0.123969 0.006933 1.628764
0.869097 0.000000 0.000000 0.000000 0.000000 0.123969 0.006933 1.628764
0.869097 0.000000 0.000000 0.000000 0.000000 0.123969 0.006933 1.628764
0.869097 0.000000 0.000000 0.000000 0.000000 0.123969 0.006933 1.628764
0.869097 0.000000 0.000000 0.000000 0.000000 0.123969 0.006933 1.628764
0.869097 0.000000 0.000000 0.000000 0.000000 0.123969 0.006933 1.628764
0.869097 0.000000 0.000000 0.000000 0.000000 0.123969 0.006933 1.628764
0.869097 0.000000 0.000000 0.000000 0.000000 0.123969 0.006933 1.628764
0.869097 0.000000 0.000000 0.000000 0.000000 0.123969 0.006933 1.628764
0.869097 0.000000 0.000000 0.000000 0.000000 0.123969 0.006933 1.628764
0.869097 0.000000 0.000000 0.000000 0.000000 0.123969 0.006933 1.628764
0.869097 0.000000 0.000000 0.000000 0.000000 0.123969 0.006933 1.628764
0.869097 0.000000 0.000000 0.000000 0.000000 0.123969 0.006933 1.628764
0.869097 0.000000 0.000000 0.000000 0.000000 0.123969 0.006933 1.628764
0.869097 0.000000 0.000000 0.000000 0.000000 0.123969 0.006933 1.628764
0.869097 0.000000 0.000000 0.000000 0.000000 0.123969 0.006933 1.628764
0.869097 0.000000 0.000000 0.000000 0.000000 0.123969 0.006933 1.628764
0.869097 0.000000 0.000000 0.000000 0.000000 0.123969 0.006933 1.628764
0.869097 0.000000 0.000000 0.000000 0.000000 0.123969 0.006933 1.628764
0.869097 0.000000 0.000000 0.000000 0.000000 0.123969 0.006933 1.628764
0.869097 0.000000 0.000000 0.000000 0.000000 0.123969 0.006933 1.628764
0.869097 0.000000 0.000000 0.000000 0.000000 0.123969 0.006933 1.628764
0.869097 0.000000 0.000000 0.000000 0.000000 0.123969 0.006933 1.628764
0.869097 0.000000 0.000000 0.000000 0.000000 0.123969 0.006933 1.628764
0.869097 0.000000 0.000000 0.000000 0.000000 0.123969 0.006933 1.628764
0.869097 0.000000 0.000000 0.000000 0.000000 0.123969 0.006933 1.628764
0.869097 0.000000 0.000000 0.000000 0.000000 0.123969 0.006933 1.628764
0.869097 0.000000 0.000000 0.000000 0.000000 0.123969 0.006933 1.628764
0.869097 0.000000 0.000000 0.000000 0.000000 0.123969 0.006933 1.628764
0.869097 0.000000 0.000000 0.000000 0.000000 0.123969 0.006933 1.628764
0.869097 0.000000 0.000000 0.000000 0.000000 0.123969 0.006933 1.628764
0.869097 0.000000 0.000000 0.000000 0.000000 0.123969 0.006933 1.628764
0.869097 0.000000 0.000000 0.000000 0.000000 0.123969 0.006933 1.628764
0.869097 0.000000 0.000000 0.000000 0.000000 0.123969 0.006933 1.628764
0.869097 0.000000 0.000000 0.000000 0.000000 0.123969 0.006933 1.628764
0.869097 0.000000 0.000000 0.000000 0.000000 0.123969 0.006933 1.628764
0.869097 0.000000 0.000000 0.000000 0.000000 0.123969 0.006933 1.628764
0.869097 0.000000 0.000000 0.000000 0.000000 0.123969 0.006933 1.628764
0.869097 0.000000 0.000000 0.000000 0.000000 0.123969 0.006933 1.628764
0.869097 0.000000 0.000000 0.000000 0.000000 0.123969 0.006933 1.628764
0.869097 0.000000 0.000000 0.000000 0.000000 0.123969 0.006933 1.628764
0.869097 0.000000 0.000000 0.000000 0.000000 0.123969 0.006933 1.628764
0.869097 0.000000 0.000000 0.000000 0.000000 0.123969 0.006933 1.628764
0.869097 0.000000 0.000000 0.000000 0.000000 0.123969 0.006933 1.628764
0.869097 0.000000 0.000000 0.000000 0.000000 0.123969 0.006933 1.628764
0.869097 0.000000 0.000000 0.000000 0.000000 0.123969 0.006933 1.628764
0.869097 0.000000 0.000000 0.000000 0.000000 0.123969 0.006933 1.628764
0.869097 0.000000 0.000000 0.000000 0.000000 0.123969 0.006933 1.628764
0.869097 0.000000 0.000000 0.000000 0.000000 0.123969 0.006933 1.628764
0.869097 0.000000 0.000000 0.000000 0.000000 0.123969 0.006933 1.628764
0.869097 0.000000 0.000000 0.000000 0.000000 0.123969 0.006933 1.628764
0.869097 0.000000 0.000000 0.000000 0.000000 0.123969 0.006933 1.628764
0.869097 0.000000 0.000000 0.000000 0.000000 0.123969 0.006933 1.628764
0.869097 0.000000 0.000000 0.000000 0.000000 0.123969 0.006933 1.628764
0.869097 0.000000 0.000000 0.000000 0.000000 0.123969 0.006933 1.628764
0.869097 0.000000 0.000000 0.000000 0.000000 0.123969 0.006933 1.628764
0.869097 0.000000 0.000000 0.000000 0.000000 0.123969 0.006933 1.628764
0.869097 0.000000 0.000000 0.000000 0.000000 0.123969 0.006933 1.628764
0.869097 0.000000 0.000000 0.000000 0.000000 0.123969 0.006933 1.628764
0.869097 0.000000 0.000000 0.000000 0.000000 0.123969 0.006933 1.628764
0.869097 0.000000 0.000000 0.000000 0.000000 0.123969 0.006933 1.628764
0.869097 0.000000 0.000000 0.000000 0.000000 0.123969 0.006933 1.628764
0.869097 0.000000 0.000000 0.000000 0.000000 0.123969 0.006933 1.628764
0.869097 0.000000 0.000000 0.000000 0.000000 0.123969 0.006933 1.628764
0.869097 0.000000 0.000000 0.000000 0.000000 0.123969 0.006933 1.628764
0.869097 0.000000 0.000000 0.000000 0.000000 0.123969 0.006933 1.628764
0.869097 0.000000 0.000000 0.000000 0.000000 0.123969 0.006933 1.628764
0.869097 0.000000 0.000000 0.000000 0.000000 0.123969 0.006933 1.628764
0.869097 0.000000 0.000000 0.000000 0.000000 0.123969 0.006933 1.628764
0.869097 0.000000 0.000000 0.000000 0.000000 0.123969 0.006933 1.628764
0.869097 0.000000 0.000000 0.000000 0.000000 0.123969 0.006933 1.628764
0.869097 0.000000 0.000000 0.000000 0.000000 0.123969 0.006933 1.628764
0.869097 0.000000 0.000000 0.000000 0.000000 0.123969 0.006933 1.628764
0.869097 0.000000 0.000000 0.000000 0.000000 0.123969 0.006933 1.628764
0.869097 0.000000 0.000000 0.000000 0.000000 0.123969 0.006933 1.628764
0.869097 0.000000 0.000000 0.000000 0.000000 0.123969 0.006933 1.628764
0.869097 0.000000 0.000000 0.000000 0.000000 0.123969 0.006933 1.628764
0.869097 0.000000 0.000000 0.000000 0.000000 0.123969 0.006933 1.628764
0.869097 0.000000 0.000000 0.000000 0.000000 0.123969 0.006933 1.628764
0.869097 0.000000 0.000000 0.000000 0.000000 0.123969 0.006933 1.628764
0.869097 0.000000 0.000000 0.000000 0.000000 0.123969 0.006933 1.628764
0.869097 0.000000 0.000000 0.000000 0.000000 0.123969 0.006933 1.628764
0.869097 0.000000 0.000000 0.000000 0.000000 0.123969 0.006933 1.628764
0.869097 0.000000 0.000000 0.000000 0.000000 0.123969 0.006933 1.628764
0.869097 0.000000 0.000000 0.000000 0.000000 0.123969 0.006933 1.628764
0.869097 0.000000 0.000000 0.000000 0.000000 0.123969 0.006933 1.628764
0.869097 0.000000 0.000000 0.000000 0.000000 0.123969 0.006933 1.628764
0.869097 0.000000 0.000000 0.000000 0.000000 0.123969 0.006933 1.628764
0.869097 0.000000 0.000000 0.000000 0.000000 0.123969 0.006933 1.628764
0.869097 0.000000 0.000000 0.000000 0.000000 0.123969 0.006933 1.628764
0.869097 0.000000 0.000000 0.000000 0.000000 0.123969 0.006933 1.628764
0.869097 0.000000 0.000000 0.000000 0.000000 0.123969 0.006933 1.628764
0.869097 0.000000 0.000000 0.000000 0.000000 0.123969 0.006933 1.628764
0.869097 0.000000 0.000000 0.000000 0.000000 0.123969 0.006933 1.628764
0.869097 0.000000 0.000000 0.000000 0.000000 0.123969 0.006933 1.628764
0.869097 0.000000 0.000000 0.000000 0.000000 0.123969 0.006933 1.628764
0.869097 0.000000 0.000000 0.000000 0.000000 0.123969 0.006933 1.628764
0.869097 0.000000 0.000000 0.000000 0.000000 0.123969 0.006933 1.628764
0.869097 0.000000 0.000000 0.000000 0.000000 0.123969 0.006933 1.628764
0.869097 0.000000 0.000000 0.000000 0.000000 0.123969 0.006933 1.628764
0.869097 0.000000 0.000000 0.000000 0.000000 0.123969 0.006933 1.628764
0.869097 0.000000 0.000000 0.000000 0.000000 0.123969 0.006933 1.628764
0.869097 0.000000 0.000000 0.000000 0.000000 0.123969 0.006933 1.628764
0.869097 0.000000 0.000000 0.000000 0.000000 0.123969 0.006933 1.628764
0.869097 0.000000 0.000000 0.000000 0.000000 0.123969 0.006933 1.628764
0.869097 0.000000 0.000000 0.000000 0.000000 0.123969 0.006933 1.628764
0.869097 0.000000 0.000000 0.000000 0.000000 0.123969 0.006933 1.628764
0.869097 0.000000 0.000000 0.000000 0.000000 0.123969 0.006933 1.628764
0.869097 0.000000 0.000000 0.000000 0.000000 0.123969 0.006933 1.628764
0.869097 0.000000 0.000000 0.000000 0.000000 0.123969 0.006933 1.628764
0.869097 0.000000 0.000000 0.000000 0.000000 0.123969 0.006933 1.628764
0.869097 0.000000 0.000000 0.000000 0.000000 0.123969 0.006933 1.628764
0.869097 0.000000 0.000000 0.000000 0.000000 0.123969 0.006933 1.628764
0.869097 0.000000 0.000000 0.000000 0.000000 0.123969 0.006933 1.628764
0.869097 0.000000 0.000000 0.000000 0.000000 0.123969 0.006933 1.628764
0.869097 0.000000 0.000000 0.000000 0.000000 0.123969 0.006933 1.628764
0.869097 0.000000 0.000000 0.000000 0.000000 0.123969 0.006933 1.628764
0.869097 0.000000 0.000000 0.000000 0.000000 0.123969 0.006933 1.628764
0.869097 0.000000 0.000000 0.000000 0.000000 0.123969 0.006933 1.628764
0.869097 0.000000 0.000000 0.000000 0.000000 0.123969 0.006933 1.628764
0.869097 0.000000 0.000000 0.000000 0.000000 0.123969 0.006933 1.628764
0.869097 0.000000 0.000000 0.000000 0.000000 0.123969 0.006933 1.628764
0.869097 0.000000 0.000000 0.000000 0.000000 0.123969 0.006933 1.628764
0.869097 0.000000 0.000000 0.000000 0.000000 0.123969 0.006933 1.628764
0.869097 0.000000 0.000000 0.000000 0.000000 0.123969 0.006933 1.628764
0.869097 0.000000 0.000000 0.000000 0.000000 0.123969 0.006933 1.628764
0.869097 0.000000 0.000000 0.000000 0.000000 0.123969 0.006933 1.628764
0.869097 0.000000 0.000000 0.000000 0.000000 0.123969 0.006933 1.628764
0.869097 0.000000 0.000000 0.000000 0.000000 0.123969 0.006933 1.628764
0.869097 0.000000 0.000000 0.000000 0.000000 0.123969 0.006933 1.628764
0.869097 0.000000 0.000000 0.000000 0.000000 0.123969 0.006933 1.628764
0.869097 0.000000 0.000000 0.000000 0.000000 0.123969 0.006933 1.628764
0.869097 0.000000 0.000000 0.000000 0.000000 0.123969 0.006933 1.628764
0.869097 0.000000 0.000000 0.000000 0.000000 0.123969 0.006933 1.628764
0.869097 0.000000 0.000000 0.000000 0.000000 0.123969 0.006933 1.628764
0.869097 0.000000 0.000000 0.000000 0.000000 0.123969 0.006933 1.628764
0.869097 0.000000 0.000000 0.000000 0.000000 0.123969 0.006933 1.628764
0.869097 0.000000 0.000000 0.000000 0.000000 0.123969 0.006933 1.628764
0.869097 0.000000 0.000000 0.000000 0.000000 0.123969 0.006933 1.628764
0.869097 0.000000 0.000000 0.000000 0.000000 0.123969 0.006933 1.628764
0.869097 0.000000 0.000000 0.000000 0.000000 0.123969 0.006933 1.628764
0.869097 0.000000 0.000000 0.000000 0.000000 0.123969 0.006933 1.628764
0.869097 0.000000 0.000000 0.000000 0.000000 0.123969 0.006933 1.628764
0.869097 0.000000 0.000000 0.000000 0.000000 0.123969 0.006933 1.628764
0.869097 0.000000 0.000000 0.000000 0.000000 0.123969 0.006933 1.628764
0.869097 0.000000 0.000000 0.000000 0.000000 0.123969 0.006933 1.628764
0.869097 0.000000 0.000000 0.000000 0.000000 0.123969 0.006933 1.628764
0.869097 0.000000 0.000000 0.000000 0.000000 0.123969 0.006933 1.628764
0.869097 0.000000 0.000000 0.000000 0.000000 0.123969 0.006933 1.628764
0.869097 0.000000 0.000000 0.000000 0.000000 0.123969 0.006933 1.628764
0.869097 0.000000 0.000000 0.000000 0.000000 0.123969 0.006933 1.628764
0.869097 0.000000 0.000000 0.000000 0.000000 0.123969 0.006933 1.628764
0.869097 0.000000 0.000000 0.000000 0.000000 0.123969 0.006933 1.628764
0.869097 0.000000 0.000000 0.000000 0.000000 0.123969 0.006933 1.628764
0.869097 0.000000 0.000000 0.000000 0.000000 0.123969 0.006933 1.628764
0.869097 0.000000 0.000000 0.000000 0.000000 0.123969 0.006933 1.628764
0.869097 0.000000 0.000000 0.000000 0.000000 0.123969 0.006933 1.628764
0.869097 0.000000 0.000000 0.000000 0.000000 0.123969 0.006933 1.628764
0.869097 0.000000 0.000000 0.000000 0.000000 0.123969 0.006933 1.628764
0.869097 0.000000 0.000000 0.000000 0.000000 0.123969 0.006933 1.628764
0.869097 0.000000 0.000000 0.000000 0.000000 0.123969 0.006933 1.628764
0.869097 0.000000 0.000000 0.000000 0.000000 0.123969 0.006933 1.628764
0.869097 0.000000 0.000000 0.000000 0.000000 0.123969 0.006933 1.628764
0.869097 0.000000 0.000000 0.000000 0.000000 0.123969 0.006933 1.628764
0.869097 0.000000 0.000000 0.000000 0.000000 0.123969 0.006933 1.628764
0.869097 0.000000 0.000000 0.000000 0.000000 0.123969 0.006933 1.628764
0.869097 0.000000 0.000000 0.000000 0.000000 0.123969 0.006933 1.628764
0.869097 0.000000 0.000000 0.000000 0.000000 0.123969 0.006933 1.628764
0.869097 0.000000 0.000000 0.000000 0.000000 0.123969 0.006933 1.628764
0.869097 0.000000 0.000000 0.000000 0.000000 0.123969 0.006933 1.628764
0.869097 0.000000 0.000000 0.000000 0.000000 0.123969 0.006933 1.628764
0.869097 0.000000 0.000000 0.000000 0.000000 0.123969 0.006933 1.628764
0.869097 0.000000 0.000000 0.000000 0.000000 0.123969 0.006933 1.628764
0.869097 0.000000 0.000000 0.000000 0.000000 0.123969 0.006933 1.628764
0.869097 0.000000 0.000000 0.000000 0.000000 0.123969 0.006933 1.628764
0.869097 0.000000 0.000000 0.000000 0.000000 0.123969 0.006933 1.628764
0.869097 0.000000 0.000000 0.000000 0.000000 0.123969 0.006933 1.628764
0.869097 0.000000 0.000000 0.000000 0.000000 0.123969 0.006933 1.628764
0.869097 0.000000 0.000000 0.000000 0.000000 0.123969 0.006933 1.628764
0.869097 0.000000 0.000000 0.000000 0.000000 0.123969 0.006933 1.628764
0.869097 0.000000 0.000000 0.000000 0.000000 0.123969 0.006933 1.628764
0.869097 0.000000 0.000000 0.000000 0.000000 0.123969 0.006933 1.628764
0.869097 0.000000 0.000000 0.000000 0.000000 0.123969 0.006933 1.628764
0.869097 0.000000 0.000000 0.000000 0.000000 0.123969 0.006933 1.628764
0.869097 0.000000 0.000000 0.000000 0.000000 0.123969 0.006933 1.628764
0.869097 0.000000 0.000000 0.000000 0.000000 0.123969 0.006933 1.628764
0.869097 0.000000 0.000000 0.000000 0.000000 0.123969 0.006933 1.628764
0.869097 0.000000 0.000000 0.000000 0.000000 0.123969 0.006933 1.628764
0.869097 0.000000 0.000000 0.000000 0.000000 0.123969 0.006933 1.628764
0.869097 0.000000 0.000000 0.000000 0.000000 0.123969 0.006933 1.628764
0.869097 0.000000 0.000000 0.000000 0.000000 0.123969 0.006933 1.628764
0.869097 0.000000 0.000000 0.000000 0.000000 0.123969 0.006933 1.628764
0.869097 0.000000 0.000000 0.000000 0.000000 0.123969 0.006933 1.628764
0.869097 0.000000 0.000000 0.000000 0.000000 0.123969 0.006933 1.628764
0.869097 0.000000 0.000000 0.000000 0.000000 0.123969 0.006933 1.628764
0.869097 0.000000 0.000000 0.000000 0.000000 0.123969 0.006933 1.628764
0.869097 0.000000 0.000000 0.000000 0.000000 0.123969 0.006933 1.628764
0.869097 0.000000 0.000000 0.000000 0.000000 0.123969 0.006933 1.628764
0.869097 0.000000 0.000000 0.000000 0.000000 0.123969 0.006933 1.628764
0.869097 0.000000 0.000000 0.000000 0.000000 0.123969 0.006933 1.628764
0.869097 0.000000 0.000000 0.000000 0.000000 0.123969 0.006933 1.628764
0.869097 0.000000 0.000000 0.000000 0.000000 0.123969 0.006933 1.628764
0.869097 0.000000 0.000000 0.000000 0.000000 0.123969 0.006933 1.628764
0.869097 0.000000 0.000000 0.000000 0.000000 0.123969 0.006933 1.628764
0.869097 0.000000 0.000000 0.000000 0.000000 0.123969 0.006933 1.628764
0.869097 0.000000 0.000000 0.000000 0.000000 0.123969 0.006933 1.628764
0.869097 0.000000 0.000000 0.000000 0.000000 0.123969 0.006933 1.628764
0.869097 0.000000 0.000000 0.000000 0.000000 0.123969 0.006933 1.628764
0.869097 0.000000 0.000000 0.000000 0.000000 0.123969 0.006933 1.628764
0.869097 0.000000 0.000000 0.000000 0.000000 0.123969 0.006933 1.628764
0.869097 0.000000 0.000000 0.000000 0.000000 0.123969 0.006933 1.628764
0.869097 0.000000 0.000000 0.000000 0.000000 0.123969 0.006933 1.628764
0.869097 0.000000 0.000000 0.000000 0.000000 0.123969 0.006933 1.628764
0.869097 0.000000 0.000000 0.000000 0.000000 0.123969 0.006933 1.628764
0.869097 0.000000 0.000000 0.000000 0.000000 0.123969 0.006933 1.628764
0.869097 0.000000 0.000000 0.000000 0.000000 0.123969 0.006933 1.628764
0.869097 0.000000 0.000000 0.000000 0.000000 0.123969 0.006933 1.628764
0.869097 0.000000 0.000000 0.000000 0.000000 0.123969 0.006933 1.628764
0.869097 0.000000 0.000000 0.000000 0.000000 0.123969 0.006933 1.628764
0.869097 0.000000 0.000000 0.000000 0.000000 0.123969 0.006933 1.628764
0.869097 0.000000 0.000000 0.000000 0.000000 0.123969 0.006933 1.628764
0.869097 0.000000 0.000000 0.000000 0.000000 0.123969 0.006933 1.628764
0.869097 0.000000 0.000000 0.000000 0.000000 0.123969 0.006933 1.628764
0.869097 0.000000 0.000000 0.000000 0.000000 0.123969 0.006933 1.628764
0.869097 0.000000 0.000000 0.000000 0.000000 0.123969 0.006933 1.628764
0.869097 0.000000 0.000000 0.000000 0.000000 0.123969 0.006933 1.628764
0.869097 0.000000 0.000000 0.000000 0.000000 0.123969 0.006933 1.628764
0.869097 0.000000 0.000000 0.000000 0.000000 0.123969 0.006933 1.628764
0.869097 0.000000 0.000000 0.000000 0.000000 0.123969 0.006933 1.628764
0.869097 0.000000 0.000000 0.000000 0.000000 0.123969 0.006933 1.628764
0.869097 0.000000 0.000000 0.000000 0.000000 0.123969 0.006933 1.628764
0.869097 0.000000 0.000000 0.000000 0.000000 0.123969 0.006933 1.628764
0.869097 0.000000 0.000000 0.000000 0.000000 0.123969 0.006933 1.628764
0.869097 0.000000 0.000000 0.000000 0.000000 0.123969 0.006933 1.628764
0.869097 0.000000 0.000000 0.000000 0.000000 0.123969 0.006933 1.628764
0.869097 0.000000 0.000000 0.000000 0.000000 0.123969 0.006933 1.628764
0.869097 0.000000 0.000000 0.000000 0.000000 0.123969 0.006933 1.628764
0.869097 0.000000 0.000000 0.000000 0.000000 0.123969 0.006933 1.628764
0.869097 0.000000 0.000000 0.000000 0.000000 0.123969 0.006933 1.628764
0.869097 0.000000 0.000000 0.000000 0.000000 0.123969 0.006933 1.628764
0.869097 0.000000 0.000000 0.000000 0.000000 0.123969 0.006933 1.628764
0.869097 0.000000 0.000000 0.000000 0.000000 0.123969 0.006933 1.628764
0.869097 0.000000 0.000000 0.000000 0.000000 0.123969 0.006933 1.628764
0.869097 0.000000 0.000000 0.000000 0.000000 0.123969 0.006933 1.628764
0.869097 0.000000 0.000000 0.000000 0.000000 0.123969 0.006933 1.628764
0.869097 0.000000 0.000000 0.000000 0.000000 0.123969 0.006933 1.628764
0.869097 0.000000 0.000000 0.000000 0.000000 0.123969 0.006933 1.628764
0.869097 0.000000 0.000000 0.000000 0.000000 0.123969 0.006933 1.628764
0.869097 0.000000 0.000000 0.000000 0.000000 0.123969 0.006933 1.628764
0.869097 0.000000 0.000000 0.000000 0.000000 0.123969 0.006933 1.628764
0.869097 0.000000 0.000000 0.000000 0.000000 0.123969 0.006933 1.628764
0.869097 0.000000 0.000000 0.000000 0.000000 0.123969 0.006933 1.628764
0.869097 0.000000 0.000000 0.000000 0.000000 0.123969 0.006933 1.628764
0.869097 0.000000 0.000000 0.000000 0.000000 0.123969 0.006933 1.628764
0.869097 0.000000 0.000000 0.000000 0.000000 0.123969 0.006933 1.628764
0.869097 0.000000 0.000000 0.000000 0.000000 0.123969 0.006933 1.628764
0.869097 0.000000 0.000000 0.000000 0.000000 0.123969 0.006933 1.628764
0.869097 0.000000 0.000000 0.000000 0.000000 0.123969 0.006933 1.628764
0.869097 0.000000 0.000000 0.000000 0.000000 0.123969 0.006933 1.628764
0.869097 0.000000 0.000000 0.000000 0.000000 0.123969 0.006933 1.628764
0.869097 0.000000 0.000000 0.000000 0.000000 0.123969 0.006933 1.628764
0.869097 0.000000 0.000000 0.000000 0.000000 0.123969 0.006933 1.628764
0.869097 0.000000 0.000000 0.000000 0.000000 0.123969 0.006933 1.628764
0.869097 0.000000 0.000000 0.000000 0.000000 0.123969 0.006933 1.628764
0.869097 0.000000 0.000000 0.000000 0.000000 0.123969 0.006933 1.628764
0.869097 0.000000 0.000000 0.000000 0.000000 0.123969 0.006933 1.628764
0.869097 0.000000 0.000000 0.000000 0.000000 0.123969 0.006933 1.628764
0.869097 0.000000 0.000000 0.000000 0.000000 0.123969 0.006933 1.628764
0.869097 0.000000 0.000000 0.000000 0.000000 0.123969 0.006933 1.628764
0.869097 0.000000 0.000000 0.000000 0.000000 0.123969 0.006933 1.628764
0.869097 0.000000 0.000000 0.000000 0.000000 0.123969 0.006933 1.628764
0.869097 0.000000 0.000000 0.000000 0.000000 0.123969 0.006933 1.628764
0.869097 0.000000 0.000000 0.000000 0.000000 0.123969 0.006933 1.628764
0.869097 0.000000 0.000000 0.000000 0.000000 0.123969 0.006933 1.628764
0.869097 0.000000 0.000000 0.000000 0.000000 0.123969 0.006933 1.628764
0.869097 0.000000 0.000000 0.000000 0.000000 0.123969 0.006933 1.628764
0.869097 0.000000 0.000000 0.000000 0.000000 0.123969 0.006933 1.628764
0.869097 0.000000 0.000000 0.000000 0.000000 0.123969 0.006933 1.628764
0.869097 0.000000 0.000000 0.000000 0.000000 0.123969 0.006933 1.628764
0.869097 0.000000 0.000000 0.000000 0.000000 0.123969 0.006933 1.628764
0.869097 0.000000 0.000000 0.000000 0.000000 0.123969 0.006933 1.628764
0.869097 0.000000 0.000000 0.000000 0.000000 0.123969 0.006933 1.628764
0.869097 0.000000 0.000000 0.000000 0.000000 0.123969 0.006933 1.628764
0.869097 0.000000 0.000000 0.000000 0.000000 0.123969 0.006933 1.628764
0.869097 0.000000 0.000000 0.000000 0.000000 0.123969 0.006933 1.628764
0.869097 0.000000 0.000000 0.000000 0.000000 0.123969 0.006933 1.628764
0.869097 0.000000 0.000000 0.000000 0.000000 0.123969 0.006933 1.628764
0.869097 0.000000 0.000000 0.000000 0.000000 0.123969 0.006933 1.628764
