0.362964 0.061480 0.054385 0.030808 0.001946 0.482775 0.005643 1.589408 1984.468141
0.364222 0.060219 0.055490 0.029591 0.001946 0.482865 0.005668 1.595440 1994.153098
0.366982 0.057689 0.056383 0.028426 0.001943 0.482882 0.005693 1.601207 2004.151800
0.370655 0.054482 0.057107 0.027306 0.001931 0.482799 0.005721 1.606745 2015.697189
0.375008 0.051081 0.057384 0.026240 0.001929 0.482615 0.005744 1.611940 2024.609355
0.379680 0.047571 0.057363 0.025181 0.001920 0.482517 0.005767 1.616814 2034.756525
0.384652 0.044236 0.057004 0.024151 0.001902 0.482262 0.005793 1.621254 2044.633723
0.389841 0.040964 0.056425 0.023145 0.001886 0.481921 0.005818 1.625403 2054.614284
0.395136 0.037833 0.055664 0.022197 0.001871 0.481459 0.005840 1.629261 2065.127406
0.400480 0.034842 0.054726 0.021222 0.001855 0.481014 0.005862 1.632848 2074.246153
0.405984 0.032134 0.053562 0.020261 0.001833 0.480339 0.005887 1.636052 2084.107066
0.411512 0.029537 0.052281 0.019347 0.001815 0.479600 0.005909 1.639078 2093.407329
0.417108 0.027139 0.050916 0.018452 0.001793 0.478661 0.005931 1.641855 2103.141365
0.422747 0.024857 0.049511 0.017570 0.001777 0.477582 0.005955 1.644461 2113.216671
0.428428 0.022785 0.048014 0.016707 0.001749 0.476343 0.005975 1.646813 2123.464126
0.434065 0.020897 0.046469 0.015915 0.001718 0.474937 0.005999 1.648954 2133.093277
0.439793 0.019170 0.044834 0.015168 0.001687 0.473327 0.006022 1.650895 2144.137570
0.445465 0.017577 0.043164 0.014396 0.001661 0.471689 0.006046 1.652681 2154.730027
0.451235 0.016060 0.041497 0.013672 0.001630 0.469835 0.006071 1.654359 2163.801422
0.456928 0.014696 0.039810 0.012994 0.001599 0.467882 0.006091 1.655866 2173.316431
0.462709 0.013424 0.038174 0.012331 0.001569 0.465683 0.006111 1.657257 2183.239819
0.468380 0.012272 0.036593 0.011690 0.001539 0.463395 0.006132 1.658535 2192.451270
0.474093 0.011223 0.035001 0.011067 0.001509 0.460952 0.006156 1.659697 2201.724774
0.479737 0.010310 0.033411 0.010474 0.001485 0.458409 0.006175 1.660717 2209.760085
0.485298 0.009452 0.031879 0.009928 0.001455 0.455795 0.006193 1.661667 2217.662930
0.490879 0.008661 0.030357 0.009388 0.001424 0.453077 0.006214 1.662541 2227.796766
0.496453 0.007944 0.028863 0.008887 0.001400 0.450223 0.006229 1.663337 2235.536955
0.501994 0.007244 0.027439 0.008405 0.001369 0.447303 0.006247 1.664103 2244.227290
0.507505 0.006630 0.026051 0.007945 0.001344 0.444261 0.006264 1.664791 2252.686526
0.513017 0.006075 0.024717 0.007489 0.001309 0.441109 0.006284 1.665405 2262.985569
0.518425 0.005567 0.023470 0.007084 0.001281 0.437872 0.006301 1.665970 2271.070029
0.523815 0.005071 0.022306 0.006683 0.001254 0.434556 0.006315 1.666515 2279.406161
0.529244 0.004638 0.021146 0.006317 0.001223 0.431100 0.006332 1.666992 2288.364927
0.534641 0.004254 0.020012 0.005960 0.001197 0.427591 0.006346 1.667423 2295.655841
0.539925 0.003900 0.018951 0.005624 0.001164 0.424075 0.006361 1.667824 2304.565172
0.545184 0.003585 0.017940 0.005285 0.001131 0.420498 0.006378 1.668180 2313.659872
0.550360 0.003282 0.016959 0.004979 0.001109 0.416920 0.006390 1.668525 2320.792015
0.555542 0.003001 0.016071 0.004694 0.001086 0.413203 0.006403 1.668838 2327.848847
0.560682 0.002754 0.015185 0.004405 0.001061 0.409494 0.006418 1.669118 2335.370704
0.565737 0.002531 0.014356 0.004152 0.001030 0.405759 0.006434 1.669375 2342.805353
0.570750 0.002330 0.013538 0.003917 0.001004 0.402014 0.006448 1.669606 2350.050568
0.575703 0.002131 0.012775 0.003694 0.000977 0.398257 0.006462 1.669832 2357.094366
0.580665 0.001967 0.012045 0.003472 0.000953 0.394424 0.006475 1.670023 2363.663697
0.585555 0.001801 0.011369 0.003270 0.000926 0.390590 0.006489 1.670214 2370.495629
0.590379 0.001660 0.010723 0.003077 0.000898 0.386758 0.006505 1.670377 2378.684644
0.595183 0.001526 0.010091 0.002894 0.000876 0.382915 0.006514 1.670530 2384.966576
0.599914 0.001395 0.009501 0.002716 0.000842 0.379106 0.006526 1.670684 2393.889203
0.604550 0.001284 0.008952 0.002558 0.000817 0.375302 0.006535 1.670813 2400.498572
0.609205 0.001178 0.008445 0.002406 0.000789 0.371428 0.006549 1.670937 2408.207116
0.613769 0.001094 0.007948 0.002262 0.000763 0.367602 0.006563 1.671041 2414.999482
0.618336 0.001005 0.007516 0.002130 0.000744 0.363700 0.006570 1.671146 2420.826854
0.622922 0.000939 0.007043 0.001996 0.000720 0.359800 0.006580 1.671228 2426.848255
0.627391 0.000864 0.006624 0.001874 0.000696 0.355960 0.006592 1.671323 2434.539325
0.631793 0.000804 0.006219 0.001760 0.000675 0.352149 0.006600 1.671397 2440.127307
0.636177 0.000745 0.005851 0.001650 0.000654 0.348312 0.006611 1.671468 2446.214274
0.640504 0.000689 0.005493 0.001556 0.000634 0.344506 0.006619 1.671537 2451.437041
0.644749 0.000634 0.005180 0.001455 0.000609 0.340744 0.006629 1.671608 2457.607545
0.648976 0.000591 0.004845 0.001371 0.000589 0.336992 0.006637 1.671663 2463.526220
0.653172 0.000544 0.004545 0.001289 0.000573 0.333233 0.006643 1.671720 2468.321406
0.657283 0.000502 0.004275 0.001212 0.000552 0.329525 0.006651 1.671775 2473.986801
0.661378 0.000460 0.004016 0.001142 0.000530 0.325815 0.006660 1.671826 2480.090052
0.665417 0.000420 0.003774 0.001071 0.000515 0.322139 0.006664 1.671872 2484.859330
0.669465 0.000394 0.003547 0.001002 0.000497 0.318423 0.006672 1.671907 2490.870995
0.673400 0.000366 0.003329 0.000947 0.000481 0.314798 0.006678 1.671942 2496.029674
0.677280 0.000338 0.003116 0.000894 0.000463 0.311225 0.006685 1.671977 2501.202026
0.681176 0.000308 0.002929 0.000841 0.000444 0.307612 0.006691 1.672014 2506.899036
0.684988 0.000286 0.002746 0.000785 0.000429 0.304069 0.006697 1.672043 2511.848846
0.688749 0.000264 0.002586 0.000738 0.000416 0.300544 0.006702 1.672069 2516.115539
0.692464 0.000245 0.002440 0.000688 0.000404 0.297054 0.006706 1.672095 2519.516047
0.696178 0.000228 0.002290 0.000641 0.000393 0.293557 0.006712 1.672119 2523.194625
0.699847 0.000215 0.002137 0.000605 0.000381 0.290099 0.006716 1.672139 2526.562116
0.703442 0.000203 0.002005 0.000572 0.000363 0.286692 0.006724 1.672156 2532.968434
0.707000 0.000190 0.001878 0.000538 0.000349 0.283316 0.006730 1.672175 2537.206307
0.710526 0.000180 0.001761 0.000503 0.000336 0.279959 0.006734 1.672192 2541.477243
0.713985 0.000167 0.001654 0.000467 0.000322 0.276666 0.006740 1.672209 2545.964756
0.717384 0.000159 0.001554 0.000437 0.000309 0.273411 0.006746 1.672225 2550.614859
0.720774 0.000150 0.001453 0.000406 0.000298 0.270168 0.006752 1.672240 2553.933916
0.724108 0.000142 0.001360 0.000376 0.000288 0.266969 0.006757 1.672253 2557.387442
0.727438 0.000132 0.001281 0.000350 0.000276 0.263760 0.006762 1.672266 2561.449316
0.730757 0.000125 0.001198 0.000332 0.000263 0.260560 0.006766 1.672277 2566.242753
0.733963 0.000118 0.001126 0.000309 0.000255 0.257460 0.006770 1.672288 2568.935145
0.737122 0.000107 0.001055 0.000288 0.000246 0.254408 0.006774 1.672302 2571.869870
0.740269 0.000099 0.000990 0.000272 0.000235 0.251356 0.006779 1.672312 2575.304377
0.743403 0.000093 0.000928 0.000253 0.000224 0.248315 0.006783 1.672321 2578.828212
0.746477 0.000087 0.000873 0.000236 0.000215 0.245324 0.006787 1.672329 2581.531560
0.749549 0.000080 0.000816 0.000222 0.000206 0.242337 0.006791 1.672339 2585.347016
0.752540 0.000075 0.000765 0.000209 0.000197 0.239419 0.006794 1.672347 2588.905914
0.755499 0.000070 0.000722 0.000196 0.000190 0.236526 0.006797 1.672354 2591.357307
0.758429 0.000069 0.000675 0.000183 0.000182 0.233660 0.006801 1.672361 2594.242584
0.761353 0.000064 0.000634 0.000173 0.000174 0.230798 0.006804 1.672367 2597.731216
0.764192 0.000061 0.000596 0.000166 0.000166 0.228013 0.006807 1.672373 2601.026870
0.767028 0.000057 0.000558 0.000154 0.000158 0.225235 0.006811 1.672379 2604.410984
0.769793 0.000054 0.000526 0.000145 0.000151 0.222517 0.006815 1.672384 2606.940602
0.772519 0.000052 0.000491 0.000138 0.000146 0.219838 0.006816 1.672389 2608.608619
0.775265 0.000048 0.000465 0.000130 0.000141 0.217133 0.006818 1.672395 2610.935028
0.777936 0.000045 0.000438 0.000122 0.000137 0.214502 0.006821 1.672399 2613.152270
0.780566 0.000043 0.000409 0.000117 0.000131 0.211912 0.006822 1.672402 2615.366836
0.783185 0.000040 0.000382 0.000111 0.000127 0.209332 0.006824 1.672407 2617.235133
0.785737 0.000038 0.000360 0.000105 0.000122 0.206812 0.006826 1.672410 2619.312336
0.788274 0.000036 0.000334 0.000099 0.000117 0.204312 0.006828 1.672414 2621.235169
0.790771 0.000032 0.000315 0.000094 0.000112 0.201846 0.006831 1.672418 2623.289305
0.793266 0.000029 0.000297 0.000090 0.000108 0.199378 0.006831 1.672422 2624.720438
0.795711 0.000028 0.000277 0.000085 0.000104 0.196963 0.006832 1.672424 2626.415414
0.798118 0.000027 0.000262 0.000080 0.000102 0.194578 0.006833 1.672427 2627.292292
0.800476 0.000026 0.000247 0.000074 0.000099 0.192244 0.006834 1.672428 2628.664421
0.802855 0.000025 0.000234 0.000069 0.000098 0.189886 0.006834 1.672430 2629.230180
0.805198 0.000023 0.000218 0.000066 0.000094 0.187564 0.006836 1.672432 2631.010049
0.807474 0.000022 0.000207 0.000063 0.000092 0.185305 0.006838 1.672435 2632.066434
0.809735 0.000022 0.000197 0.000059 0.000088 0.183061 0.006839 1.672436 2633.809012
0.811943 0.000021 0.000185 0.000055 0.000085 0.180871 0.006841 1.672438 2635.077320
0.814110 0.000018 0.000174 0.000053 0.000081 0.178722 0.006843 1.672441 2636.683030
0.816222 0.000017 0.000165 0.000049 0.000077 0.176625 0.006845 1.672443 2638.462120
0.818279 0.000016 0.000155 0.000045 0.000075 0.174586 0.006846 1.672445 2639.712487
0.820285 0.000016 0.000143 0.000042 0.000072 0.172595 0.006847 1.672446 2640.779482
0.822216 0.000014 0.000136 0.000041 0.000071 0.170674 0.006848 1.672448 2641.439813
0.824082 0.000013 0.000131 0.000038 0.000069 0.168818 0.006849 1.672449 2642.479070
0.825915 0.000012 0.000122 0.000037 0.000065 0.166999 0.006850 1.672450 2644.019495
0.827687 0.000012 0.000113 0.000034 0.000062 0.165240 0.006852 1.672451 2645.402871
0.829459 0.000011 0.000108 0.000032 0.000059 0.163477 0.006853 1.672452 2646.729454
0.831158 0.000011 0.000099 0.000031 0.000058 0.161789 0.006854 1.672454 2647.495781
0.832732 0.000009 0.000092 0.000028 0.000056 0.160227 0.006855 1.672455 2648.402618
0.834310 0.000010 0.000086 0.000027 0.000054 0.158657 0.006856 1.672456 2649.210362
0.835862 0.000009 0.000082 0.000026 0.000052 0.157111 0.006858 1.672457 2650.399139
0.837378 0.000009 0.000077 0.000025 0.000049 0.155602 0.006859 1.672457 2651.767154
0.838802 0.000007 0.000073 0.000024 0.000047 0.154186 0.006861 1.672459 2652.905528
0.840138 0.000007 0.000069 0.000023 0.000045 0.152857 0.006861 1.672460 2653.900971
0.841418 0.000006 0.000064 0.000023 0.000042 0.151586 0.006861 1.672461 2655.348979
0.842620 0.000005 0.000060 0.000022 0.000040 0.150391 0.006862 1.672461 2656.390289
0.843799 0.000005 0.000058 0.000021 0.000038 0.149217 0.006863 1.672462 2657.426629
0.844931 0.000004 0.000056 0.000021 0.000037 0.148088 0.006864 1.672462 2657.698163
0.846066 0.000005 0.000052 0.000019 0.000036 0.146958 0.006864 1.672462 2658.099957
0.847154 0.000004 0.000050 0.000018 0.000034 0.145875 0.006865 1.672463 2659.157726
0.848198 0.000004 0.000048 0.000017 0.000033 0.144836 0.006865 1.672464 2659.547911
0.849191 0.000004 0.000044 0.000016 0.000032 0.143848 0.006866 1.672464 2660.245978
0.850129 0.000004 0.000042 0.000015 0.000031 0.142914 0.006866 1.672464 2660.976400
0.851014 0.000003 0.000038 0.000013 0.000029 0.142037 0.006867 1.672466 2661.970062
0.851868 0.000002 0.000036 0.000013 0.000028 0.141187 0.006867 1.672467 2662.424290
0.852695 0.000002 0.000034 0.000012 0.000027 0.140363 0.006867 1.672467 2662.663933
0.853468 0.000002 0.000033 0.000011 0.000026 0.139592 0.006868 1.672467 2663.282735
0.854222 0.000002 0.000031 0.000011 0.000025 0.138841 0.006868 1.672467 2663.981042
0.854957 0.000002 0.000029 0.000010 0.000024 0.138110 0.006869 1.672467 2664.761551
0.855651 0.000002 0.000026 0.000009 0.000023 0.137420 0.006869 1.672467 2665.046735
0.856266 0.000002 0.000025 0.000009 0.000022 0.136808 0.006869 1.672467 2665.878580
0.856834 0.000002 0.000024 0.000008 0.000021 0.136242 0.006870 1.672468 2666.217121
0.857367 0.000002 0.000024 0.000008 0.000020 0.135710 0.006870 1.672468 2666.721841
0.857894 0.000002 0.000023 0.000006 0.000020 0.135185 0.006871 1.672468 2667.001664
0.858382 0.000002 0.000020 0.000006 0.000019 0.134701 0.006871 1.672468 2667.370041
0.858861 0.000002 0.000018 0.000006 0.000018 0.134224 0.006871 1.672468 2667.886390
0.859320 0.000002 0.000017 0.000006 0.000018 0.133767 0.006871 1.672468 2668.077468
0.859741 0.000001 0.000015 0.000006 0.000018 0.133348 0.006872 1.672469 2668.409287
0.860136 0.000001 0.000015 0.000006 0.000017 0.132955 0.006872 1.672469 2668.652632
0.860520 0.000001 0.000014 0.000006 0.000017 0.132571 0.006872 1.672469 2668.652632
0.860889 0.000001 0.000013 0.000005 0.000016 0.132204 0.006872 1.672470 2669.123755
0.861239 0.000001 0.000013 0.000005 0.000016 0.131855 0.006873 1.672470 2669.379764
0.861578 0.000001 0.000012 0.000005 0.000015 0.131517 0.006873 1.672470 2670.122145
0.861900 0.000001 0.000011 0.000004 0.000014 0.131197 0.006874 1.672470 2670.837274
0.862179 0.000002 0.000010 0.000004 0.000012 0.130919 0.006874 1.672470 2671.530948
0.862457 0.000001 0.000010 0.000004 0.000012 0.130642 0.006874 1.672470 2671.530948
0.862729 0.000001 0.000009 0.000004 0.000012 0.130371 0.006874 1.672470 2671.530948
0.862989 0.000001 0.000009 0.000003 0.000012 0.130112 0.006875 1.672470 2671.963294
0.863217 0.000000 0.000008 0.000004 0.000011 0.129885 0.006875 1.672471 2672.360719
0.863449 0.000000 0.000008 0.000004 0.000011 0.129654 0.006875 1.672471 2672.360719
0.863659 0.000000 0.000007 0.000003 0.000011 0.129445 0.006875 1.672471 2672.371839
0.863868 0.000000 0.000006 0.000003 0.000010 0.129237 0.006875 1.672471 2672.777473
0.864048 0.000000 0.000006 0.000003 0.000010 0.129058 0.006876 1.672471 2673.195549
0.864228 0.000000 0.000005 0.000003 0.000010 0.128878 0.006876 1.672471 2673.195549
0.864396 0.000000 0.000005 0.000003 0.000009 0.128711 0.006876 1.672471 2673.794704
0.864546 0.000000 0.000005 0.000002 0.000009 0.128562 0.006876 1.672471 2673.794704
0.864708 0.000000 0.000005 0.000002 0.000009 0.128400 0.006876 1.672471 2674.021824
0.864855 0.000000 0.000005 0.000002 0.000009 0.128253 0.006876 1.672471 2674.021824
0.865000 0.000000 0.000005 0.000002 0.000008 0.128109 0.006877 1.672471 2674.465483
0.865138 0.000000 0.000004 0.000002 0.000008 0.127971 0.006877 1.672471 2674.675449
0.865274 0.000000 0.000004 0.000002 0.000007 0.127836 0.006877 1.672471 2674.848617
0.865397 0.000000 0.000004 0.000002 0.000007 0.127713 0.006877 1.672471 2674.848617
0.865508 0.000000 0.000004 0.000002 0.000007 0.127603 0.006877 1.672471 2675.023131
0.865623 0.000000 0.000004 0.000002 0.000007 0.127488 0.006877 1.672471 2675.243049
0.865724 0.000000 0.000004 0.000002 0.000006 0.127388 0.006877 1.672471 2675.705732
0.865822 0.000000 0.000003 0.000002 0.000006 0.127290 0.006877 1.672471 2675.733636
0.865908 0.000000 0.000003 0.000001 0.000006 0.127204 0.006878 1.672471 2675.958297
0.865985 0.000000 0.000002 0.000001 0.000006 0.127128 0.006878 1.672471 2676.105595
0.866054 0.000000 0.000002 0.000001 0.000005 0.127060 0.006878 1.672471 2676.292530
0.866119 0.000000 0.000002 0.000001 0.000005 0.126995 0.006878 1.672471 2676.600165
0.866185 0.000000 0.000002 0.000001 0.000005 0.126930 0.006878 1.672471 2676.600165
0.866244 0.000000 0.000001 0.000001 0.000005 0.126872 0.006878 1.672471 2676.777968
0.866296 0.000000 0.000001 0.000001 0.000005 0.126820 0.006878 1.672471 2676.777968
0.866351 0.000000 0.000001 0.000001 0.000004 0.126765 0.006878 1.672471 2677.217254
0.866405 0.000000 0.000001 0.000001 0.000004 0.126711 0.006878 1.672471 2677.217254
0.866448 0.000000 0.000001 0.000001 0.000004 0.126668 0.006878 1.672471 2677.398529
0.866488 0.000000 0.000001 0.000001 0.000004 0.126629 0.006878 1.672471 2677.398529
0.866531 0.000000 0.000001 0.000001 0.000003 0.126586 0.006878 1.672471 2677.611461
0.866566 0.000000 0.000001 0.000001 0.000003 0.126551 0.006879 1.672471 2677.843613
0.866603 0.000000 0.000001 0.000001 0.000003 0.126514 0.006879 1.672471 2677.843613
0.866638 0.000000 0.000000 0.000001 0.000003 0.126480 0.006879 1.672471 2677.843613
0.866669 0.000000 0.000000 0.000001 0.000003 0.126449 0.006879 1.672471 2677.843613
0.866696 0.000000 0.000000 0.000001 0.000003 0.126422 0.006879 1.672471 2678.082573
0.866721 0.000000 0.000000 0.000001 0.000003 0.126397 0.006879 1.672471 2678.082573
0.866747 0.000000 0.000000 0.000000 0.000003 0.126371 0.006879 1.672471 2678.082573
0.866772 0.000000 0.000000 0.000000 0.000003 0.126346 0.006879 1.672471 2678.082573
0.866793 0.000000 0.000000 0.000000 0.000003 0.126325 0.006879 1.672471 2678.082573
0.866820 0.000000 0.000000 0.000000 0.000003 0.126298 0.006879 1.672471 2678.082573
0.866845 0.000000 0.000000 0.000000 0.000003 0.126273 0.006879 1.672471 2678.111788
0.866872 0.000000 0.000000 0.000000 0.000003 0.126246 0.006879 1.672471 2678.111788
0.866894 0.000000 0.000000 0.000000 0.000003 0.126224 0.006879 1.672471 2678.111788
0.866913 0.000000 0.000000 0.000000 0.000002 0.126205 0.006879 1.672471 2678.342668
0.866932 0.000000 0.000000 0.000000 0.000002 0.126186 0.006879 1.672471 2678.342668
0.866950 0.000000 0.000000 0.000000 0.000002 0.126169 0.006879 1.672471 2678.342668
0.866966 0.000000 0.000000 0.000000 0.000002 0.126152 0.006879 1.672471 2678.342668
0.866981 0.000000 0.000000 0.000000 0.000002 0.126138 0.006879 1.672471 2678.342668
0.866994 0.000000 0.000000 0.000000 0.000002 0.126125 0.006879 1.672471 2678.342668
0.867010 0.000000 0.000000 0.000000 0.000002 0.126109 0.006879 1.672471 2678.342668
0.867028 0.000000 0.000000 0.000000 0.000002 0.126091 0.006879 1.672471 2678.342668
0.867040 0.000000 0.000000 0.000000 0.000002 0.126079 0.006879 1.672471 2678.342668
0.867056 0.000000 0.000000 0.000000 0.000002 0.126063 0.006879 1.672471 2678.342668
0.867068 0.000000 0.000000 0.000000 0.000002 0.126051 0.006879 1.672471 2678.342668
0.867085 0.000000 0.000000 0.000000 0.000002 0.126034 0.006879 1.672471 2678.342668
0.867095 0.000000 0.000000 0.000000 0.000002 0.126024 0.006879 1.672471 2678.342668
0.867105 0.000000 0.000000 0.000000 0.000002 0.126013 0.006879 1.672471 2678.342668
0.867119 0.000000 0.000000 0.000000 0.000002 0.126000 0.006879 1.672471 2678.342668
0.867130 0.000000 0.000000 0.000000 0.000002 0.125989 0.006879 1.672471 2678.395589
0.867139 0.000000 0.000000 0.000000 0.000002 0.125980 0.006879 1.672471 2678.424294
0.867148 0.000000 0.000000 0.000000 0.000002 0.125972 0.006879 1.672471 2678.424294
0.867157 0.000000 0.000000 0.000000 0.000002 0.125963 0.006879 1.672471 2678.424294
0.867166 0.000000 0.000000 0.000000 0.000002 0.125953 0.006879 1.672471 2678.424294
0.867176 0.000000 0.000000 0.000000 0.000002 0.125944 0.006879 1.672471 2678.424294
0.867185 0.000000 0.000000 0.000000 0.000002 0.125934 0.006879 1.672471 2678.424294
0.867193 0.000000 0.000000 0.000000 0.000002 0.125926 0.006879 1.672471 2678.424294
0.867203 0.000000 0.000000 0.000000 0.000002 0.125916 0.006879 1.672471 2678.613124
0.867212 0.000000 0.000000 0.000000 0.000002 0.125908 0.006879 1.672471 2678.613124
0.867221 0.000000 0.000000 0.000000 0.000001 0.125898 0.006880 1.672471 2678.668171
0.867227 0.000000 0.000000 0.000000 0.000001 0.125892 0.006880 1.672471 2678.668171
0.867235 0.000000 0.000000 0.000000 0.000001 0.125885 0.006880 1.672471 2678.668171
0.867242 0.000000 0.000000 0.000000 0.000001 0.125878 0.006880 1.672471 2678.668171
0.867247 0.000000 0.000000 0.000000 0.000001 0.125872 0.006880 1.672471 2678.668171
0.867251 0.000000 0.000000 0.000000 0.000001 0.125868 0.006880 1.672471 2678.950239
0.867255 0.000000 0.000000 0.000000 0.000001 0.125865 0.006880 1.672471 2678.950239
0.867261 0.000000 0.000000 0.000000 0.000001 0.125858 0.006880 1.672471 2678.950239
0.867265 0.000000 0.000000 0.000000 0.000001 0.125854 0.006880 1.672471 2678.950239
0.867270 0.000000 0.000000 0.000000 0.000001 0.125849 0.006880 1.672471 2678.950239
0.867275 0.000000 0.000000 0.000000 0.000001 0.125844 0.006880 1.672471 2678.950239
0.867280 0.000000 0.000000 0.000000 0.000001 0.125839 0.006880 1.672471 2678.950239
0.867285 0.000000 0.000000 0.000000 0.000001 0.125835 0.006880 1.672471 2678.950239
0.867288 0.000000 0.000000 0.000000 0.000001 0.125831 0.006880 1.672471 2678.950239
0.867291 0.000000 0.000000 0.000000 0.000001 0.125828 0.006880 1.672471 2678.950239
0.867296 0.000000 0.000000 0.000000 0.000001 0.125824 0.006880 1.672471 2678.950239
0.867301 0.000000 0.000000 0.000000 0.000001 0.125819 0.006880 1.672471 2678.950239
0.867304 0.000000 0.000000 0.000000 0.000001 0.125815 0.006880 1.672471 2678.950239
0.867310 0.000000 0.000000 0.000000 0.000001 0.125809 0.006880 1.672471 2678.950239
0.867313 0.000000 0.000000 0.000000 0.000001 0.125806 0.006880 1.672471 2679.243601
0.867316 0.000000 0.000000 0.000000 0.000001 0.125803 0.006880 1.672471 2679.243601
0.867319 0.000000 0.000000 0.000000 0.000001 0.125801 0.006880 1.672471 2679.243601
0.867322 0.000000 0.000000 0.000000 0.000001 0.125797 0.006880 1.672471 2679.243601
0.867325 0.000000 0.000000 0.000000 0.000001 0.125795 0.006880 1.672471 2679.243601
0.867327 0.000000 0.000000 0.000000 0.000001 0.125793 0.006880 1.672471 2679.243601
0.867330 0.000000 0.000000 0.000000 0.000001 0.125789 0.006880 1.672471 2679.243601
0.867333 0.000000 0.000000 0.000000 0.000001 0.125786 0.006880 1.672471 2679.243601
0.867337 0.000000 0.000000 0.000000 0.000001 0.125782 0.006880 1.672471 2679.243601
0.867339 0.000000 0.000000 0.000000 0.000001 0.125781 0.006880 1.672471 2679.243601
0.867341 0.000000 0.000000 0.000000 0.000001 0.125778 0.006880 1.672471 2679.243601
0.867344 0.000000 0.000000 0.000000 0.000001 0.125775 0.006880 1.672471 2679.243601
0.867347 0.000000 0.000000 0.000000 0.000001 0.125773 0.006880 1.672471 2679.243601
0.867348 0.000000 0.000000 0.000000 0.000001 0.125771 0.006880 1.672471 2679.243601
0.867352 0.000000 0.000000 0.000000 0.000001 0.125768 0.006880 1.672471 2679.243601
0.867353 0.000000 0.000000 0.000000 0.000001 0.125767 0.006880 1.672471 2679.243601
0.867356 0.000000 0.000000 0.000000 0.000001 0.125764 0.006880 1.672471 2679.243601
0.867357 0.000000 0.000000 0.000000 0.000001 0.125762 0.006880 1.672471 2679.243601
0.867359 0.000000 0.000000 0.000000 0.000001 0.125760 0.006880 1.672471 2679.243601
0.867362 0.000000 0.000000 0.000000 0.000001 0.125758 0.006880 1.672471 2679.243601
0.867363 0.000000 0.000000 0.000000 0.000000 0.125756 0.006880 1.672471 2679.556443
0.867364 0.000000 0.000000 0.000000 0.000000 0.125755 0.006880 1.672471 2679.556443
0.867367 0.000000 0.000000 0.000000 0.000000 0.125753 0.006880 1.672471 2679.556443
0.867368 0.000000 0.000000 0.000000 0.000000 0.125752 0.006880 1.672471 2679.556443
0.867370 0.000000 0.000000 0.000000 0.000000 0.125750 0.006880 1.672471 2679.556443
0.867372 0.000000 0.000000 0.000000 0.000000 0.125748 0.006880 1.672471 2679.556443
0.867372 0.000000 0.000000 0.000000 0.000000 0.125748 0.006880 1.672471 2679.705682
0.867372 0.000000 0.000000 0.000000 0.000000 0.125748 0.006880 1.672471 2679.705682
0.867373 0.000000 0.000000 0.000000 0.000000 0.125747 0.006880 1.672471 2679.705682
0.867373 0.000000 0.000000 0.000000 0.000000 0.125747 0.006880 1.672471 2679.705682
0.867374 0.000000 0.000000 0.000000 0.000000 0.125746 0.006880 1.672471 2679.705682
0.867375 0.000000 0.000000 0.000000 0.000000 0.125745 0.006880 1.672471 2679.705682
0.867376 0.000000 0.000000 0.000000 0.000000 0.125743 0.006880 1.672471 2679.705682
0.867377 0.000000 0.000000 0.000000 0.000000 0.125743 0.006880 1.672471 2679.705682
0.867377 0.000000 0.000000 0.000000 0.000000 0.125742 0.006880 1.672471 2679.705682
0.867379 0.000000 0.000000 0.000000 0.000000 0.125741 0.006880 1.672471 2679.705682
0.867379 0.000000 0.000000 0.000000 0.000000 0.125740 0.006880 1.672471 2679.705682
0.867380 0.000000 0.000000 0.000000 0.000000 0.125740 0.006880 1.672471 2679.705682
0.867381 0.000000 0.000000 0.000000 0.000000 0.125738 0.006880 1.672471 2679.705682
0.867382 0.000000 0.000000 0.000000 0.000000 0.125737 0.006880 1.672471 2679.705682
0.867383 0.000000 0.000000 0.000000 0.000000 0.125737 0.006880 1.672471 2679.705682
0.867384 0.000000 0.000000 0.000000 0.000000 0.125737 0.006880 1.672471 2680.051648
0.867384 0.000000 0.000000 0.000000 0.000000 0.125737 0.006880 1.672471 2680.051648
0.867384 0.000000 0.000000 0.000000 0.000000 0.125737 0.006880 1.672471 2680.051648
0.867384 0.000000 0.000000 0.000000 0.000000 0.125737 0.006880 1.672471 2680.051648
0.867384 0.000000 0.000000 0.000000 0.000000 0.125737 0.006880 1.672471 2680.051648
0.867384 0.000000 0.000000 0.000000 0.000000 0.125737 0.006880 1.672471 2680.051648
0.867384 0.000000 0.000000 0.000000 0.000000 0.125737 0.006880 1.672471 2680.051648
0.867384 0.000000 0.000000 0.000000 0.000000 0.125737 0.006880 1.672471 2680.051648
0.867384 0.000000 0.000000 0.000000 0.000000 0.125737 0.006880 1.672471 2680.051648
0.867384 0.000000 0.000000 0.000000 0.000000 0.125737 0.006880 1.672471 2680.051648
0.867384 0.000000 0.000000 0.000000 0.000000 0.125737 0.006880 1.672471 2680.051648
0.867384 0.000000 0.000000 0.000000 0.000000 0.125737 0.006880 1.672471 2680.051648
0.867384 0.000000 0.000000 0.000000 0.000000 0.125737 0.006880 1.672471 2680.051648
0.867384 0.000000 0.000000 0.000000 0.000000 0.125737 0.006880 1.672471 2680.051648
0.867384 0.000000 0.000000 0.000000 0.000000 0.125737 0.006880 1.672471 2680.051648
0.867384 0.000000 0.000000 0.000000 0.000000 0.125737 0.006880 1.672471 2680.051648
0.867384 0.000000 0.000000 0.000000 0.000000 0.125737 0.006880 1.672471 2680.051648
0.867384 0.000000 0.000000 0.000000 0.000000 0.125737 0.006880 1.672471 2680.051648
0.867384 0.000000 0.000000 0.000000 0.000000 0.125737 0.006880 1.672471 2680.051648
0.867384 0.000000 0.000000 0.000000 0.000000 0.125737 0.006880 1.672471 2680.051648
0.867384 0.000000 0.000000 0.000000 0.000000 0.125737 0.006880 1.672471 2680.051648
0.867384 0.000000 0.000000 0.000000 0.000000 0.125737 0.006880 1.672471 2680.051648
0.867384 0.000000 0.000000 0.000000 0.000000 0.125737 0.006880 1.672471 2680.051648
0.867384 0.000000 0.000000 0.000000 0.000000 0.125737 0.006880 1.672471 2680.051648
0.867384 0.000000 0.000000 0.000000 0.000000 0.125737 0.006880 1.672471 2680.051648
0.867384 0.000000 0.000000 0.000000 0.000000 0.125737 0.006880 1.672471 2680.051648
0.867384 0.000000 0.000000 0.000000 0.000000 0.125737 0.006880 1.672471 2680.051648
0.867384 0.000000 0.000000 0.000000 0.000000 0.125737 0.006880 1.672471 2680.051648
0.867384 0.000000 0.000000 0.000000 0.000000 0.125737 0.006880 1.672471 2680.051648
0.867384 0.000000 0.000000 0.000000 0.000000 0.125737 0.006880 1.672471 2680.051648
0.867384 0.000000 0.000000 0.000000 0.000000 0.125737 0.006880 1.672471 2680.051648
0.867384 0.000000 0.000000 0.000000 0.000000 0.125737 0.006880 1.672471 2680.051648
0.867384 0.000000 0.000000 0.000000 0.000000 0.125737 0.006880 1.672471 2680.051648
0.867384 0.000000 0.000000 0.000000 0.000000 0.125737 0.006880 1.672471 2680.051648
0.867384 0.000000 0.000000 0.000000 0.000000 0.125737 0.006880 1.672471 2680.051648
0.867384 0.000000 0.000000 0.000000 0.000000 0.125737 0.006880 1.672471 2680.051648
0.867384 0.000000 0.000000 0.000000 0.000000 0.125737 0.006880 1.672471 2680.051648
0.867384 0.000000 0.000000 0.000000 0.000000 0.125737 0.006880 1.672471 2680.051648
0.867384 0.000000 0.000000 0.000000 0.000000 0.125737 0.006880 1.672471 2680.051648
0.867384 0.000000 0.000000 0.000000 0.000000 0.125737 0.006880 1.672471 2680.051648
0.867384 0.000000 0.000000 0.000000 0.000000 0.125737 0.006880 1.672471 2680.051648
0.867384 0.000000 0.000000 0.000000 0.000000 0.125737 0.006880 1.672471 2680.051648
0.867384 0.000000 0.000000 0.000000 0.000000 0.125737 0.006880 1.672471 2680.051648
0.867384 0.000000 0.000000 0.000000 0.000000 0.125737 0.006880 1.672471 2680.051648
0.867384 0.000000 0.000000 0.000000 0.000000 0.125737 0.006880 1.672471 2680.051648
0.867384 0.000000 0.000000 0.000000 0.000000 0.125737 0.006880 1.672471 2680.051648
0.867384 0.000000 0.000000 0.000000 0.000000 0.125737 0.006880 1.672471 2680.051648
0.867384 0.000000 0.000000 0.000000 0.000000 0.125737 0.006880 1.672471 2680.051648
0.867384 0.000000 0.000000 0.000000 0.000000 0.125737 0.006880 1.672471 2680.051648
0.867384 0.000000 0.000000 0.000000 0.000000 0.125737 0.006880 1.672471 2680.051648
0.867384 0.000000 0.000000 0.000000 0.000000 0.125737 0.006880 1.672471 2680.051648
0.867384 0.000000 0.000000 0.000000 0.000000 0.125737 0.006880 1.672471 2680.051648
0.867384 0.000000 0.000000 0.000000 0.000000 0.125737 0.006880 1.672471 2680.051648
0.867384 0.000000 0.000000 0.000000 0.000000 0.125737 0.006880 1.672471 2680.051648
0.867384 0.000000 0.000000 0.000000 0.000000 0.125737 0.006880 1.672471 2680.051648
0.867384 0.000000 0.000000 0.000000 0.000000 0.125737 0.006880 1.672471 2680.051648
0.867384 0.000000 0.000000 0.000000 0.000000 0.125737 0.006880 1.672471 2680.051648
0.867384 0.000000 0.000000 0.000000 0.000000 0.125737 0.006880 1.672471 2680.051648
0.867384 0.000000 0.000000 0.000000 0.000000 0.125737 0.006880 1.672471 2680.051648
0.867384 0.000000 0.000000 0.000000 0.000000 0.125737 0.006880 1.672471 2680.051648
0.867384 0.000000 0.000000 0.000000 0.000000 0.125737 0.006880 1.672471 2680.051648
0.867384 0.000000 0.000000 0.000000 0.000000 0.125737 0.006880 1.672471 2680.051648
0.867384 0.000000 0.000000 0.000000 0.000000 0.125737 0.006880 1.672471 2680.051648
0.867384 0.000000 0.000000 0.000000 0.000000 0.125737 0.006880 1.672471 2680.051648
0.867384 0.000000 0.000000 0.000000 0.000000 0.125737 0.006880 1.672471 2680.051648
0.867384 0.000000 0.000000 0.000000 0.000000 0.125737 0.006880 1.672471 2680.051648
0.867384 0.000000 0.000000 0.000000 0.000000 0.125737 0.006880 1.672471 2680.051648
0.867384 0.000000 0.000000 0.000000 0.000000 0.125737 0.006880 1.672471 2680.051648
0.867384 0.000000 0.000000 0.000000 0.000000 0.125737 0.006880 1.672471 2680.051648
0.867384 0.000000 0.000000 0.000000 0.000000 0.125737 0.006880 1.672471 2680.051648
0.867384 0.000000 0.000000 0.000000 0.000000 0.125737 0.006880 1.672471 2680.051648
0.867384 0.000000 0.000000 0.000000 0.000000 0.125737 0.006880 1.672471 2680.051648
0.867384 0.000000 0.000000 0.000000 0.000000 0.125737 0.006880 1.672471 2680.051648
0.867384 0.000000 0.000000 0.000000 0.000000 0.125737 0.006880 1.672471 2680.051648
0.867384 0.000000 0.000000 0.000000 0.000000 0.125737 0.006880 1.672471 2680.051648
0.867384 0.000000 0.000000 0.000000 0.000000 0.125737 0.006880 1.672471 2680.051648
0.867384 0.000000 0.000000 0.000000 0.000000 0.125737 0.006880 1.672471 2680.051648
0.867384 0.000000 0.000000 0.000000 0.000000 0.125737 0.006880 1.672471 2680.051648
0.867384 0.000000 0.000000 0.000000 0.000000 0.125737 0.006880 1.672471 2680.051648
0.867384 0.000000 0.000000 0.000000 0.000000 0.125737 0.006880 1.672471 2680.051648
0.867384 0.000000 0.000000 0.000000 0.000000 0.125737 0.006880 1.672471 2680.051648
0.867384 0.000000 0.000000 0.000000 0.000000 0.125737 0.006880 1.672471 2680.051648
0.867384 0.000000 0.000000 0.000000 0.000000 0.125737 0.006880 1.672471 2680.051648
0.867384 0.000000 0.000000 0.000000 0.000000 0.125737 0.006880 1.672471 2680.051648
0.867384 0.000000 0.000000 0.000000 0.000000 0.125737 0.006880 1.672471 2680.051648
0.867384 0.000000 0.000000 0.000000 0.000000 0.125737 0.006880 1.672471 2680.051648
0.867384 0.000000 0.000000 0.000000 0.000000 0.125737 0.006880 1.672471 2680.051648
0.867384 0.000000 0.000000 0.000000 0.000000 0.125737 0.006880 1.672471 2680.051648
0.867384 0.000000 0.000000 0.000000 0.000000 0.125737 0.006880 1.672471 2680.051648
0.867384 0.000000 0.000000 0.000000 0.000000 0.125737 0.006880 1.672471 2680.051648
0.867384 0.000000 0.000000 0.000000 0.000000 0.125737 0.006880 1.672471 2680.051648
0.867384 0.000000 0.000000 0.000000 0.000000 0.125737 0.006880 1.672471 2680.051648
0.867384 0.000000 0.000000 0.000000 0.000000 0.125737 0.006880 1.672471 2680.051648
0.867384 0.000000 0.000000 0.000000 0.000000 0.125737 0.006880 1.672471 2680.051648
0.867384 0.000000 0.000000 0.000000 0.000000 0.125737 0.006880 1.672471 2680.051648
0.867384 0.000000 0.000000 0.000000 0.000000 0.125737 0.006880 1.672471 2680.051648
0.867384 0.000000 0.000000 0.000000 0.000000 0.125737 0.006880 1.672471 2680.051648
0.867384 0.000000 0.000000 0.000000 0.000000 0.125737 0.006880 1.672471 2680.051648
0.867384 0.000000 0.000000 0.000000 0.000000 0.125737 0.006880 1.672471 2680.051648
0.867384 0.000000 0.000000 0.000000 0.000000 0.125737 0.006880 1.672471 2680.051648
0.867384 0.000000 0.000000 0.000000 0.000000 0.125737 0.006880 1.672471 2680.051648
0.867384 0.000000 0.000000 0.000000 0.000000 0.125737 0.006880 1.672471 2680.051648
0.867384 0.000000 0.000000 0.000000 0.000000 0.125737 0.006880 1.672471 2680.051648
0.867384 0.000000 0.000000 0.000000 0.000000 0.125737 0.006880 1.672471 2680.051648
0.867384 0.000000 0.000000 0.000000 0.000000 0.125737 0.006880 1.672471 2680.051648
0.867384 0.000000 0.000000 0.000000 0.000000 0.125737 0.006880 1.672471 2680.051648
0.867384 0.000000 0.000000 0.000000 0.000000 0.125737 0.006880 1.672471 2680.051648
0.867384 0.000000 0.000000 0.000000 0.000000 0.125737 0.006880 1.672471 2680.051648
0.867384 0.000000 0.000000 0.000000 0.000000 0.125737 0.006880 1.672471 2680.051648
0.867384 0.000000 0.000000 0.000000 0.000000 0.125737 0.006880 1.672471 2680.051648
0.867384 0.000000 0.000000 0.000000 0.000000 0.125737 0.006880 1.672471 2680.051648
0.867384 0.000000 0.000000 0.000000 0.000000 0.125737 0.006880 1.672471 2680.051648
0.867384 0.000000 0.000000 0.000000 0.000000 0.125737 0.006880 1.672471 2680.051648
0.867384 0.000000 0.000000 0.000000 0.000000 0.125737 0.006880 1.672471 2680.051648
0.867384 0.000000 0.000000 0.000000 0.000000 0.125737 0.006880 1.672471 2680.051648
0.867384 0.000000 0.000000 0.000000 0.000000 0.125737 0.006880 1.672471 2680.051648
0.867384 0.000000 0.000000 0.000000 0.000000 0.125737 0.006880 1.672471 2680.051648
0.867384 0.000000 0.000000 0.000000 0.000000 0.125737 0.006880 1.672471 2680.051648
0.867384 0.000000 0.000000 0.000000 0.000000 0.125737 0.006880 1.672471 2680.051648
0.867384 0.000000 0.000000 0.000000 0.000000 0.125737 0.006880 1.672471 2680.051648
0.867384 0.000000 0.000000 0.000000 0.000000 0.125737 0.006880 1.672471 2680.051648
0.867384 0.000000 0.000000 0.000000 0.000000 0.125737 0.006880 1.672471 2680.051648
0.867384 0.000000 0.000000 0.000000 0.000000 0.125737 0.006880 1.672471 2680.051648
0.867384 0.000000 0.000000 0.000000 0.000000 0.125737 0.006880 1.672471 2680.051648
0.867384 0.000000 0.000000 0.000000 0.000000 0.125737 0.006880 1.672471 2680.051648
0.867384 0.000000 0.000000 0.000000 0.000000 0.125737 0.006880 1.672471 2680.051648
0.867384 0.000000 0.000000 0.000000 0.000000 0.125737 0.006880 1.672471 2680.051648
0.867384 0.000000 0.000000 0.000000 0.000000 0.125737 0.006880 1.672471 2680.051648
0.867384 0.000000 0.000000 0.000000 0.000000 0.125737 0.006880 1.672471 2680.051648
0.867384 0.000000 0.000000 0.000000 0.000000 0.125737 0.006880 1.672471 2680.051648
0.867384 0.000000 0.000000 0.000000 0.000000 0.125737 0.006880 1.672471 2680.051648
0.867384 0.000000 0.000000 0.000000 0.000000 0.125737 0.006880 1.672471 2680.051648
0.867384 0.000000 0.000000 0.000000 0.000000 0.125737 0.006880 1.672471 2680.051648
0.867384 0.000000 0.000000 0.000000 0.000000 0.125737 0.006880 1.672471 2680.051648
0.867384 0.000000 0.000000 0.000000 0.000000 0.125737 0.006880 1.672471 2680.051648
0.867384 0.000000 0.000000 0.000000 0.000000 0.125737 0.006880 1.672471 2680.051648
0.867384 0.000000 0.000000 0.000000 0.000000 0.125737 0.006880 1.672471 2680.051648
0.867384 0.000000 0.000000 0.000000 0.000000 0.125737 0.006880 1.672471 2680.051648
0.867384 0.000000 0.000000 0.000000 0.000000 0.125737 0.006880 1.672471 2680.051648
0.867384 0.000000 0.000000 0.000000 0.000000 0.125737 0.006880 1.672471 2680.051648
0.867384 0.000000 0.000000 0.000000 0.000000 0.125737 0.006880 1.672471 2680.051648
0.867384 0.000000 0.000000 0.000000 0.000000 0.125737 0.006880 1.672471 2680.051648
0.867384 0.000000 0.000000 0.000000 0.000000 0.125737 0.006880 1.672471 2680.051648
0.867384 0.000000 0.000000 0.000000 0.000000 0.125737 0.006880 1.672471 2680.051648
0.867384 0.000000 0.000000 0.000000 0.000000 0.125737 0.006880 1.672471 2680.051648
0.867384 0.000000 0.000000 0.000000 0.000000 0.125737 0.006880 1.672471 2680.051648
0.867384 0.000000 0.000000 0.000000 0.000000 0.125737 0.006880 1.672471 2680.051648
0.867384 0.000000 0.000000 0.000000 0.000000 0.125737 0.006880 1.672471 2680.051648
0.867384 0.000000 0.000000 0.000000 0.000000 0.125737 0.006880 1.672471 2680.051648
0.867384 0.000000 0.000000 0.000000 0.000000 0.125737 0.006880 1.672471 2680.051648
0.867384 0.000000 0.000000 0.000000 0.000000 0.125737 0.006880 1.672471 2680.051648
0.867384 0.000000 0.000000 0.000000 0.000000 0.125737 0.006880 1.672471 2680.051648
0.867384 0.000000 0.000000 0.000000 0.000000 0.125737 0.006880 1.672471 2680.051648
0.867384 0.000000 0.000000 0.000000 0.000000 0.125737 0.006880 1.672471 2680.051648
0.867384 0.000000 0.000000 0.000000 0.000000 0.125737 0.006880 1.672471 2680.051648
0.867384 0.000000 0.000000 0.000000 0.000000 0.125737 0.006880 1.672471 2680.051648
0.867384 0.000000 0.000000 0.000000 0.000000 0.125737 0.006880 1.672471 2680.051648
0.867384 0.000000 0.000000 0.000000 0.000000 0.125737 0.006880 1.672471 2680.051648
0.867384 0.000000 0.000000 0.000000 0.000000 0.125737 0.006880 1.672471 2680.051648
0.867384 0.000000 0.000000 0.000000 0.000000 0.125737 0.006880 1.672471 2680.051648
0.867384 0.000000 0.000000 0.000000 0.000000 0.125737 0.006880 1.672471 2680.051648
0.867384 0.000000 0.000000 0.000000 0.000000 0.125737 0.006880 1.672471 2680.051648
0.867384 0.000000 0.000000 0.000000 0.000000 0.125737 0.006880 1.672471 2680.051648
0.867384 0.000000 0.000000 0.000000 0.000000 0.125737 0.006880 1.672471 2680.051648
0.867384 0.000000 0.000000 0.000000 0.000000 0.125737 0.006880 1.672471 2680.051648
0.867384 0.000000 0.000000 0.000000 0.000000 0.125737 0.006880 1.672471 2680.051648
0.867384 0.000000 0.000000 0.000000 0.000000 0.125737 0.006880 1.672471 2680.051648
0.867384 0.000000 0.000000 0.000000 0.000000 0.125737 0.006880 1.672471 2680.051648
0.867384 0.000000 0.000000 0.000000 0.000000 0.125737 0.006880 1.672471 2680.051648
0.867384 0.000000 0.000000 0.000000 0.000000 0.125737 0.006880 1.672471 2680.051648
0.867384 0.000000 0.000000 0.000000 0.000000 0.125737 0.006880 1.672471 2680.051648
0.867384 0.000000 0.000000 0.000000 0.000000 0.125737 0.006880 1.672471 2680.051648
0.867384 0.000000 0.000000 0.000000 0.000000 0.125737 0.006880 1.672471 2680.051648
0.867384 0.000000 0.000000 0.000000 0.000000 0.125737 0.006880 1.672471 2680.051648
0.867384 0.000000 0.000000 0.000000 0.000000 0.125737 0.006880 1.672471 2680.051648
0.867384 0.000000 0.000000 0.000000 0.000000 0.125737 0.006880 1.672471 2680.051648
0.867384 0.000000 0.000000 0.000000 0.000000 0.125737 0.006880 1.672471 2680.051648
0.867384 0.000000 0.000000 0.000000 0.000000 0.125737 0.006880 1.672471 2680.051648
0.867384 0.000000 0.000000 0.000000 0.000000 0.125737 0.006880 1.672471 2680.051648
0.867384 0.000000 0.000000 0.000000 0.000000 0.125737 0.006880 1.672471 2680.051648
0.867384 0.000000 0.000000 0.000000 0.000000 0.125737 0.006880 1.672471 2680.051648
0.867384 0.000000 0.000000 0.000000 0.000000 0.125737 0.006880 1.672471 2680.051648
0.867384 0.000000 0.000000 0.000000 0.000000 0.125737 0.006880 1.672471 2680.051648
0.867384 0.000000 0.000000 0.000000 0.000000 0.125737 0.006880 1.672471 2680.051648
0.867384 0.000000 0.000000 0.000000 0.000000 0.125737 0.006880 1.672471 2680.051648
0.867384 0.000000 0.000000 0.000000 0.000000 0.125737 0.006880 1.672471 2680.051648
0.867384 0.000000 0.000000 0.000000 0.000000 0.125737 0.006880 1.672471 2680.051648
0.867384 0.000000 0.000000 0.000000 0.000000 0.125737 0.006880 1.672471 2680.051648
0.867384 0.000000 0.000000 0.000000 0.000000 0.125737 0.006880 1.672471 2680.051648
0.867384 0.000000 0.000000 0.000000 0.000000 0.125737 0.006880 1.672471 2680.051648
0.867384 0.000000 0.000000 0.000000 0.000000 0.125737 0.006880 1.672471 2680.051648
0.867384 0.000000 0.000000 0.000000 0.000000 0.125737 0.006880 1.672471 2680.051648
0.867384 0.000000 0.000000 0.000000 0.000000 0.125737 0.006880 1.672471 2680.051648
0.867384 0.000000 0.000000 0.000000 0.000000 0.125737 0.006880 1.672471 2680.051648
0.867384 0.000000 0.000000 0.000000 0.000000 0.125737 0.006880 1.672471 2680.051648
0.867384 0.000000 0.000000 0.000000 0.000000 0.125737 0.006880 1.672471 2680.051648
0.867384 0.000000 0.000000 0.000000 0.000000 0.125737 0.006880 1.672471 2680.051648
0.867384 0.000000 0.000000 0.000000 0.000000 0.125737 0.006880 1.672471 2680.051648
0.867384 0.000000 0.000000 0.000000 0.000000 0.125737 0.006880 1.672471 2680.051648
0.867384 0.000000 0.000000 0.000000 0.000000 0.125737 0.006880 1.672471 2680.051648
0.867384 0.000000 0.000000 0.000000 0.000000 0.125737 0.006880 1.672471 2680.051648
0.867384 0.000000 0.000000 0.000000 0.000000 0.125737 0.006880 1.672471 2680.051648
0.867384 0.000000 0.000000 0.000000 0.000000 0.125737 0.006880 1.672471 2680.051648
0.867384 0.000000 0.000000 0.000000 0.000000 0.125737 0.006880 1.672471 2680.051648
0.867384 0.000000 0.000000 0.000000 0.000000 0.125737 0.006880 1.672471 2680.051648
0.867384 0.000000 0.000000 0.000000 0.000000 0.125737 0.006880 1.672471 2680.051648
0.867384 0.000000 0.000000 0.000000 0.000000 0.125737 0.006880 1.672471 2680.051648
0.867384 0.000000 0.000000 0.000000 0.000000 0.125737 0.006880 1.672471 2680.051648
0.867384 0.000000 0.000000 0.000000 0.000000 0.125737 0.006880 1.672471 2680.051648
0.867384 0.000000 0.000000 0.000000 0.000000 0.125737 0.006880 1.672471 2680.051648
0.867384 0.000000 0.000000 0.000000 0.000000 0.125737 0.006880 1.672471 2680.051648
0.867384 0.000000 0.000000 0.000000 0.000000 0.125737 0.006880 1.672471 2680.051648
0.867384 0.000000 0.000000 0.000000 0.000000 0.125737 0.006880 1.672471 2680.051648
0.867384 0.000000 0.000000 0.000000 0.000000 0.125737 0.006880 1.672471 2680.051648
0.867384 0.000000 0.000000 0.000000 0.000000 0.125737 0.006880 1.672471 2680.051648
0.867384 0.000000 0.000000 0.000000 0.000000 0.125737 0.006880 1.672471 2680.051648
0.867384 0.000000 0.000000 0.000000 0.000000 0.125737 0.006880 1.672471 2680.051648
0.867384 0.000000 0.000000 0.000000 0.000000 0.125737 0.006880 1.672471 2680.051648
0.867384 0.000000 0.000000 0.000000 0.000000 0.125737 0.006880 1.672471 2680.051648
0.867384 0.000000 0.000000 0.000000 0.000000 0.125737 0.006880 1.672471 2680.051648
0.867384 0.000000 0.000000 0.000000 0.000000 0.125737 0.006880 1.672471 2680.051648
0.867384 0.000000 0.000000 0.000000 0.000000 0.125737 0.006880 1.672471 2680.051648
0.867384 0.000000 0.000000 0.000000 0.000000 0.125737 0.006880 1.672471 2680.051648
0.867384 0.000000 0.000000 0.000000 0.000000 0.125737 0.006880 1.672471 2680.051648
0.867384 0.000000 0.000000 0.000000 0.000000 0.125737 0.006880 1.672471 2680.051648
0.867384 0.000000 0.000000 0.000000 0.000000 0.125737 0.006880 1.672471 2680.051648
0.867384 0.000000 0.000000 0.000000 0.000000 0.125737 0.006880 1.672471 2680.051648
0.867384 0.000000 0.000000 0.000000 0.000000 0.125737 0.006880 1.672471 2680.051648
0.867384 0.000000 0.000000 0.000000 0.000000 0.125737 0.006880 1.672471 2680.051648
0.867384 0.000000 0.000000 0.000000 0.000000 0.125737 0.006880 1.672471 2680.051648
0.867384 0.000000 0.000000 0.000000 0.000000 0.125737 0.006880 1.672471 2680.051648
0.867384 0.000000 0.000000 0.000000 0.000000 0.125737 0.006880 1.672471 2680.051648
0.867384 0.000000 0.000000 0.000000 0.000000 0.125737 0.006880 1.672471 2680.051648
0.867384 0.000000 0.000000 0.000000 0.000000 0.125737 0.006880 1.672471 2680.051648
0.867384 0.000000 0.000000 0.000000 0.000000 0.125737 0.006880 1.672471 2680.051648
0.867384 0.000000 0.000000 0.000000 0.000000 0.125737 0.006880 1.672471 2680.051648
0.867384 0.000000 0.000000 0.000000 0.000000 0.125737 0.006880 1.672471 2680.051648
0.867384 0.000000 0.000000 0.000000 0.000000 0.125737 0.006880 1.672471 2680.051648
0.867384 0.000000 0.000000 0.000000 0.000000 0.125737 0.006880 1.672471 2680.051648
0.867384 0.000000 0.000000 0.000000 0.000000 0.125737 0.006880 1.672471 2680.051648
0.867384 0.000000 0.000000 0.000000 0.000000 0.125737 0.006880 1.672471 2680.051648
0.867384 0.000000 0.000000 0.000000 0.000000 0.125737 0.006880 1.672471 2680.051648
0.867384 0.000000 0.000000 0.000000 0.000000 0.125737 0.006880 1.672471 2680.051648
0.867384 0.000000 0.000000 0.000000 0.000000 0.125737 0.006880 1.672471 2680.051648
0.867384 0.000000 0.000000 0.000000 0.000000 0.125737 0.006880 1.672471 2680.051648
0.867384 0.000000 0.000000 0.000000 0.000000 0.125737 0.006880 1.672471 2680.051648
0.867384 0.000000 0.000000 0.000000 0.000000 0.125737 0.006880 1.672471 2680.051648
0.867384 0.000000 0.000000 0.000000 0.000000 0.125737 0.006880 1.672471 2680.051648
0.867384 0.000000 0.000000 0.000000 0.000000 0.125737 0.006880 1.672471 2680.051648
0.867384 0.000000 0.000000 0.000000 0.000000 0.125737 0.006880 1.672471 2680.051648
0.867384 0.000000 0.000000 0.000000 0.000000 0.125737 0.006880 1.672471 2680.051648
0.867384 0.000000 0.000000 0.000000 0.000000 0.125737 0.006880 1.672471 2680.051648
0.867384 0.000000 0.000000 0.000000 0.000000 0.125737 0.006880 1.672471 2680.051648
0.867384 0.000000 0.000000 0.000000 0.000000 0.125737 0.006880 1.672471 2680.051648
0.867384 0.000000 0.000000 0.000000 0.000000 0.125737 0.006880 1.672471 2680.051648
0.867384 0.000000 0.000000 0.000000 0.000000 0.125737 0.006880 1.672471 2680.051648
0.867384 0.000000 0.000000 0.000000 0.000000 0.125737 0.006880 1.672471 2680.051648
0.867384 0.000000 0.000000 0.000000 0.000000 0.125737 0.006880 1.672471 2680.051648
0.867384 0.000000 0.000000 0.000000 0.000000 0.125737 0.006880 1.672471 2680.051648
0.867384 0.000000 0.000000 0.000000 0.000000 0.125737 0.006880 1.672471 2680.051648
0.867384 0.000000 0.000000 0.000000 0.000000 0.125737 0.006880 1.672471 2680.051648
0.867384 0.000000 0.000000 0.000000 0.000000 0.125737 0.006880 1.672471 2680.051648
0.867384 0.000000 0.000000 0.000000 0.000000 0.125737 0.006880 1.672471 2680.051648
0.867384 0.000000 0.000000 0.000000 0.000000 0.125737 0.006880 1.672471 2680.051648
0.867384 0.000000 0.000000 0.000000 0.000000 0.125737 0.006880 1.672471 2680.051648
0.867384 0.000000 0.000000 0.000000 0.000000 0.125737 0.006880 1.672471 2680.051648
0.867384 0.000000 0.000000 0.000000 0.000000 0.125737 0.006880 1.672471 2680.051648
0.867384 0.000000 0.000000 0.000000 0.000000 0.125737 0.006880 1.672471 2680.051648
0.867384 0.000000 0.000000 0.000000 0.000000 0.125737 0.006880 1.672471 2680.051648
0.867384 0.000000 0.000000 0.000000 0.000000 0.125737 0.006880 1.672471 2680.051648
0.867384 0.000000 0.000000 0.000000 0.000000 0.125737 0.006880 1.672471 2680.051648
0.867384 0.000000 0.000000 0.000000 0.000000 0.125737 0.006880 1.672471 2680.051648
0.867384 0.000000 0.000000 0.000000 0.000000 0.125737 0.006880 1.672471 2680.051648
0.867384 0.000000 0.000000 0.000000 0.000000 0.125737 0.006880 1.672471 2680.051648
0.867384 0.000000 0.000000 0.000000 0.000000 0.125737 0.006880 1.672471 2680.051648
0.867384 0.000000 0.000000 0.000000 0.000000 0.125737 0.006880 1.672471 2680.051648
0.867384 0.000000 0.000000 0.000000 0.000000 0.125737 0.006880 1.672471 2680.051648
0.867384 0.000000 0.000000 0.000000 0.000000 0.125737 0.006880 1.672471 2680.051648
0.867384 0.000000 0.000000 0.000000 0.000000 0.125737 0.006880 1.672471 2680.051648
0.867384 0.000000 0.000000 0.000000 0.000000 0.125737 0.006880 1.672471 2680.051648
0.867384 0.000000 0.000000 0.000000 0.000000 0.125737 0.006880 1.672471 2680.051648
0.867384 0.000000 0.000000 0.000000 0.000000 0.125737 0.006880 1.672471 2680.051648
0.867384 0.000000 0.000000 0.000000 0.000000 0.125737 0.006880 1.672471 2680.051648
0.867384 0.000000 0.000000 0.000000 0.000000 0.125737 0.006880 1.672471 2680.051648
0.867384 0.000000 0.000000 0.000000 0.000000 0.125737 0.006880 1.672471 2680.051648
0.867384 0.000000 0.000000 0.000000 0.000000 0.125737 0.006880 1.672471 2680.051648
0.867384 0.000000 0.000000 0.000000 0.000000 0.125737 0.006880 1.672471 2680.051648
0.867384 0.000000 0.000000 0.000000 0.000000 0.125737 0.006880 1.672471 2680.051648
0.867384 0.000000 0.000000 0.000000 0.000000 0.125737 0.006880 1.672471 2680.051648
0.867384 0.000000 0.000000 0.000000 0.000000 0.125737 0.006880 1.672471 2680.051648
0.867384 0.000000 0.000000 0.000000 0.000000 0.125737 0.006880 1.672471 2680.051648
0.867384 0.000000 0.000000 0.000000 0.000000 0.125737 0.006880 1.672471 2680.051648
0.867384 0.000000 0.000000 0.000000 0.000000 0.125737 0.006880 1.672471 2680.051648
0.867384 0.000000 0.000000 0.000000 0.000000 0.125737 0.006880 1.672471 2680.051648
0.867384 0.000000 0.000000 0.000000 0.000000 0.125737 0.006880 1.672471 2680.051648
0.867384 0.000000 0.000000 0.000000 0.000000 0.125737 0.006880 1.672471 2680.051648
0.867384 0.000000 0.000000 0.000000 0.000000 0.125737 0.006880 1.672471 2680.051648
0.867384 0.000000 0.000000 0.000000 0.000000 0.125737 0.006880 1.672471 2680.051648
0.867384 0.000000 0.000000 0.000000 0.000000 0.125737 0.006880 1.672471 2680.051648
0.867384 0.000000 0.000000 0.000000 0.000000 0.125737 0.006880 1.672471 2680.051648
0.867384 0.000000 0.000000 0.000000 0.000000 0.125737 0.006880 1.672471 2680.051648
0.867384 0.000000 0.000000 0.000000 0.000000 0.125737 0.006880 1.672471 2680.051648
0.867384 0.000000 0.000000 0.000000 0.000000 0.125737 0.006880 1.672471 2680.051648
0.867384 0.000000 0.000000 0.000000 0.000000 0.125737 0.006880 1.672471 2680.051648
0.867384 0.000000 0.000000 0.000000 0.000000 0.125737 0.006880 1.672471 2680.051648
0.867384 0.000000 0.000000 0.000000 0.000000 0.125737 0.006880 1.672471 2680.051648
0.867384 0.000000 0.000000 0.000000 0.000000 0.125737 0.006880 1.672471 2680.051648
0.867384 0.000000 0.000000 0.000000 0.000000 0.125737 0.006880 1.672471 2680.051648
0.867384 0.000000 0.000000 0.000000 0.000000 0.125737 0.006880 1.672471 2680.051648
0.867384 0.000000 0.000000 0.000000 0.000000 0.125737 0.006880 1.672471 2680.051648
0.867384 0.000000 0.000000 0.000000 0.000000 0.125737 0.006880 1.672471 2680.051648
0.867384 0.000000 0.000000 0.000000 0.000000 0.125737 0.006880 1.672471 2680.051648
0.867384 0.000000 0.000000 0.000000 0.000000 0.125737 0.006880 1.672471 2680.051648
0.867384 0.000000 0.000000 0.000000 0.000000 0.125737 0.006880 1.672471 2680.051648
0.867384 0.000000 0.000000 0.000000 0.000000 0.125737 0.006880 1.672471 2680.051648
0.867384 0.000000 0.000000 0.000000 0.000000 0.125737 0.006880 1.672471 2680.051648
0.867384 0.000000 0.000000 0.000000 0.000000 0.125737 0.006880 1.672471 2680.051648
0.867384 0.000000 0.000000 0.000000 0.000000 0.125737 0.006880 1.672471 2680.051648
0.867384 0.000000 0.000000 0.000000 0.000000 0.125737 0.006880 1.672471 2680.051648
0.867384 0.000000 0.000000 0.000000 0.000000 0.125737 0.006880 1.672471 2680.051648
0.867384 0.000000 0.000000 0.000000 0.000000 0.125737 0.006880 1.672471 2680.051648
0.867384 0.000000 0.000000 0.000000 0.000000 0.125737 0.006880 1.672471 2680.051648
0.867384 0.000000 0.000000 0.000000 0.000000 0.125737 0.006880 1.672471 2680.051648
0.867384 0.000000 0.000000 0.000000 0.000000 0.125737 0.006880 1.672471 2680.051648
0.867384 0.000000 0.000000 0.000000 0.000000 0.125737 0.006880 1.672471 2680.051648
0.867384 0.000000 0.000000 0.000000 0.000000 0.125737 0.006880 1.672471 2680.051648
0.867384 0.000000 0.000000 0.000000 0.000000 0.125737 0.006880 1.672471 2680.051648
0.867384 0.000000 0.000000 0.000000 0.000000 0.125737 0.006880 1.672471 2680.051648
0.867384 0.000000 0.000000 0.000000 0.000000 0.125737 0.006880 1.672471 2680.051648
0.867384 0.000000 0.000000 0.000000 0.000000 0.125737 0.006880 1.672471 2680.051648
0.867384 0.000000 0.000000 0.000000 0.000000 0.125737 0.006880 1.672471 2680.051648
0.867384 0.000000 0.000000 0.000000 0.000000 0.125737 0.006880 1.672471 2680.051648
0.867384 0.000000 0.000000 0.000000 0.000000 0.125737 0.006880 1.672471 2680.051648
0.867384 0.000000 0.000000 0.000000 0.000000 0.125737 0.006880 1.672471 2680.051648
0.867384 0.000000 0.000000 0.000000 0.000000 0.125737 0.006880 1.672471 2680.051648
0.867384 0.000000 0.000000 0.000000 0.000000 0.125737 0.006880 1.672471 2680.051648
0.867384 0.000000 0.000000 0.000000 0.000000 0.125737 0.006880 1.672471 2680.051648
0.867384 0.000000 0.000000 0.000000 0.000000 0.125737 0.006880 1.672471 2680.051648
0.867384 0.000000 0.000000 0.000000 0.000000 0.125737 0.006880 1.672471 2680.051648
0.867384 0.000000 0.000000 0.000000 0.000000 0.125737 0.006880 1.672471 2680.051648
0.867384 0.000000 0.000000 0.000000 0.000000 0.125737 0.006880 1.672471 2680.051648
0.867384 0.000000 0.000000 0.000000 0.000000 0.125737 0.006880 1.672471 2680.051648
0.867384 0.000000 0.000000 0.000000 0.000000 0.125737 0.006880 1.672471 2680.051648
0.867384 0.000000 0.000000 0.000000 0.000000 0.125737 0.006880 1.672471 2680.051648
0.867384 0.000000 0.000000 0.000000 0.000000 0.125737 0.006880 1.672471 2680.051648
0.867384 0.000000 0.000000 0.000000 0.000000 0.125737 0.006880 1.672471 2680.051648
0.867384 0.000000 0.000000 0.000000 0.000000 0.125737 0.006880 1.672471 2680.051648
0.867384 0.000000 0.000000 0.000000 0.000000 0.125737 0.006880 1.672471 2680.051648
0.867384 0.000000 0.000000 0.000000 0.000000 0.125737 0.006880 1.672471 2680.051648
0.867384 0.000000 0.000000 0.000000 0.000000 0.125737 0.006880 1.672471 2680.051648
0.867384 0.000000 0.000000 0.000000 0.000000 0.125737 0.006880 1.672471 2680.051648
0.867384 0.000000 0.000000 0.000000 0.000000 0.125737 0.006880 1.672471 2680.051648
0.867384 0.000000 0.000000 0.000000 0.000000 0.125737 0.006880 1.672471 2680.051648
0.867384 0.000000 0.000000 0.000000 0.000000 0.125737 0.006880 1.672471 2680.051648
0.867384 0.000000 0.000000 0.000000 0.000000 0.125737 0.006880 1.672471 2680.051648
0.867384 0.000000 0.000000 0.000000 0.000000 0.125737 0.006880 1.672471 2680.051648
0.867384 0.000000 0.000000 0.000000 0.000000 0.125737 0.006880 1.672471 2680.051648
0.867384 0.000000 0.000000 0.000000 0.000000 0.125737 0.006880 1.672471 2680.051648
0.867384 0.000000 0.000000 0.000000 0.000000 0.125737 0.006880 1.672471 2680.051648
0.867384 0.000000 0.000000 0.000000 0.000000 0.125737 0.006880 1.672471 2680.051648
0.867384 0.000000 0.000000 0.000000 0.000000 0.125737 0.006880 1.672471 2680.051648
0.867384 0.000000 0.000000 0.000000 0.000000 0.125737 0.006880 1.672471 2680.051648
0.867384 0.000000 0.000000 0.000000 0.000000 0.125737 0.006880 1.672471 2680.051648
0.867384 0.000000 0.000000 0.000000 0.000000 0.125737 0.006880 1.672471 2680.051648
0.867384 0.000000 0.000000 0.000000 0.000000 0.125737 0.006880 1.672471 2680.051648
0.867384 0.000000 0.000000 0.000000 0.000000 0.125737 0.006880 1.672471 2680.051648
0.867384 0.000000 0.000000 0.000000 0.000000 0.125737 0.006880 1.672471 2680.051648
0.867384 0.000000 0.000000 0.000000 0.000000 0.125737 0.006880 1.672471 2680.051648
0.867384 0.000000 0.000000 0.000000 0.000000 0.125737 0.006880 1.672471 2680.051648
0.867384 0.000000 0.000000 0.000000 0.000000 0.125737 0.006880 1.672471 2680.051648
0.867384 0.000000 0.000000 0.000000 0.000000 0.125737 0.006880 1.672471 2680.051648
0.867384 0.000000 0.000000 0.000000 0.000000 0.125737 0.006880 1.672471 2680.051648
0.867384 0.000000 0.000000 0.000000 0.000000 0.125737 0.006880 1.672471 2680.051648
0.867384 0.000000 0.000000 0.000000 0.000000 0.125737 0.006880 1.672471 2680.051648
0.867384 0.000000 0.000000 0.000000 0.000000 0.125737 0.006880 1.672471 2680.051648
0.867384 0.000000 0.000000 0.000000 0.000000 0.125737 0.006880 1.672471 2680.051648
0.867384 0.000000 0.000000 0.000000 0.000000 0.125737 0.006880 1.672471 2680.051648
0.867384 0.000000 0.000000 0.000000 0.000000 0.125737 0.006880 1.672471 2680.051648
0.867384 0.000000 0.000000 0.000000 0.000000 0.125737 0.006880 1.672471 2680.051648
0.867384 0.000000 0.000000 0.000000 0.000000 0.125737 0.006880 1.672471 2680.051648
0.867384 0.000000 0.000000 0.000000 0.000000 0.125737 0.006880 1.672471 2680.051648
0.867384 0.000000 0.000000 0.000000 0.000000 0.125737 0.006880 1.672471 2680.051648
0.867384 0.000000 0.000000 0.000000 0.000000 0.125737 0.006880 1.672471 2680.051648
0.867384 0.000000 0.000000 0.000000 0.000000 0.125737 0.006880 1.672471 2680.051648
0.867384 0.000000 0.000000 0.000000 0.000000 0.125737 0.006880 1.672471 2680.051648
0.867384 0.000000 0.000000 0.000000 0.000000 0.125737 0.006880 1.672471 2680.051648
0.867384 0.000000 0.000000 0.000000 0.000000 0.125737 0.006880 1.672471 2680.051648
0.867384 0.000000 0.000000 0.000000 0.000000 0.125737 0.006880 1.672471 2680.051648
0.867384 0.000000 0.000000 0.000000 0.000000 0.125737 0.006880 1.672471 2680.051648
0.867384 0.000000 0.000000 0.000000 0.000000 0.125737 0.006880 1.672471 2680.051648
0.867384 0.000000 0.000000 0.000000 0.000000 0.125737 0.006880 1.672471 2680.051648
0.867384 0.000000 0.000000 0.000000 0.000000 0.125737 0.006880 1.672471 2680.051648
0.867384 0.000000 0.000000 0.000000 0.000000 0.125737 0.006880 1.672471 2680.051648
0.867384 0.000000 0.000000 0.000000 0.000000 0.125737 0.006880 1.672471 2680.051648
0.867384 0.000000 0.000000 0.000000 0.000000 0.125737 0.006880 1.672471 2680.051648
0.867384 0.000000 0.000000 0.000000 0.000000 0.125737 0.006880 1.672471 2680.051648
0.867384 0.000000 0.000000 0.000000 0.000000 0.125737 0.006880 1.672471 2680.051648
0.867384 0.000000 0.000000 0.000000 0.000000 0.125737 0.006880 1.672471 2680.051648
0.867384 0.000000 0.000000 0.000000 0.000000 0.125737 0.006880 1.672471 2680.051648
0.867384 0.000000 0.000000 0.000000 0.000000 0.125737 0.006880 1.672471 2680.051648
0.867384 0.000000 0.000000 0.000000 0.000000 0.125737 0.006880 1.672471 2680.051648
0.867384 0.000000 0.000000 0.000000 0.000000 0.125737 0.006880 1.672471 2680.051648
0.867384 0.000000 0.000000 0.000000 0.000000 0.125737 0.006880 1.672471 2680.051648
0.867384 0.000000 0.000000 0.000000 0.000000 0.125737 0.006880 1.672471 2680.051648
0.867384 0.000000 0.000000 0.000000 0.000000 0.125737 0.006880 1.672471 2680.051648
0.867384 0.000000 0.000000 0.000000 0.000000 0.125737 0.006880 1.672471 2680.051648
0.867384 0.000000 0.000000 0.000000 0.000000 0.125737 0.006880 1.672471 2680.051648
0.867384 0.000000 0.000000 0.000000 0.000000 0.125737 0.006880 1.672471 2680.051648
0.867384 0.000000 0.000000 0.000000 0.000000 0.125737 0.006880 1.672471 2680.051648
0.867384 0.000000 0.000000 0.000000 0.000000 0.125737 0.006880 1.672471 2680.051648
0.867384 0.000000 0.000000 0.000000 0.000000 0.125737 0.006880 1.672471 2680.051648
0.867384 0.000000 0.000000 0.000000 0.000000 0.125737 0.006880 1.672471 2680.051648
0.867384 0.000000 0.000000 0.000000 0.000000 0.125737 0.006880 1.672471 2680.051648
0.867384 0.000000 0.000000 0.000000 0.000000 0.125737 0.006880 1.672471 2680.051648
0.867384 0.000000 0.000000 0.000000 0.000000 0.125737 0.006880 1.672471 2680.051648
0.867384 0.000000 0.000000 0.000000 0.000000 0.125737 0.006880 1.672471 2680.051648
0.867384 0.000000 0.000000 0.000000 0.000000 0.125737 0.006880 1.672471 2680.051648
0.867384 0.000000 0.000000 0.000000 0.000000 0.125737 0.006880 1.672471 2680.051648
0.867384 0.000000 0.000000 0.000000 0.000000 0.125737 0.006880 1.672471 2680.051648
0.867384 0.000000 0.000000 0.000000 0.000000 0.125737 0.006880 1.672471 2680.051648
0.867384 0.000000 0.000000 0.000000 0.000000 0.125737 0.006880 1.672471 2680.051648
0.867384 0.000000 0.000000 0.000000 0.000000 0.125737 0.006880 1.672471 2680.051648
0.867384 0.000000 0.000000 0.000000 0.000000 0.125737 0.006880 1.672471 2680.051648
0.867384 0.000000 0.000000 0.000000 0.000000 0.125737 0.006880 1.672471 2680.051648
0.867384 0.000000 0.000000 0.000000 0.000000 0.125737 0.006880 1.672471 2680.051648
0.867384 0.000000 0.000000 0.000000 0.000000 0.125737 0.006880 1.672471 2680.051648
0.867384 0.000000 0.000000 0.000000 0.000000 0.125737 0.006880 1.672471 2680.051648
0.867384 0.000000 0.000000 0.000000 0.000000 0.125737 0.006880 1.672471 2680.051648
0.867384 0.000000 0.000000 0.000000 0.000000 0.125737 0.006880 1.672471 2680.051648
0.867384 0.000000 0.000000 0.000000 0.000000 0.125737 0.006880 1.672471 2680.051648
0.867384 0.000000 0.000000 0.000000 0.000000 0.125737 0.006880 1.672471 2680.051648
0.867384 0.000000 0.000000 0.000000 0.000000 0.125737 0.006880 1.672471 2680.051648
0.867384 0.000000 0.000000 0.000000 0.000000 0.125737 0.006880 1.672471 2680.051648
0.867384 0.000000 0.000000 0.000000 0.000000 0.125737 0.006880 1.672471 2680.051648
0.867384 0.000000 0.000000 0.000000 0.000000 0.125737 0.006880 1.672471 2680.051648
0.867384 0.000000 0.000000 0.000000 0.000000 0.125737 0.006880 1.672471 2680.051648
0.867384 0.000000 0.000000 0.000000 0.000000 0.125737 0.006880 1.672471 2680.051648
0.867384 0.000000 0.000000 0.000000 0.000000 0.125737 0.006880 1.672471 2680.051648
0.867384 0.000000 0.000000 0.000000 0.000000 0.125737 0.006880 1.672471 2680.051648
0.867384 0.000000 0.000000 0.000000 0.000000 0.125737 0.006880 1.672471 2680.051648
0.867384 0.000000 0.000000 0.000000 0.000000 0.125737 0.006880 1.672471 2680.051648
0.867384 0.000000 0.000000 0.000000 0.000000 0.125737 0.006880 1.672471 2680.051648
