0.363749 0.062524 0.055039 0.031521 0.001976 0.479464 0.005726 1.564000 1982.200515
0.364987 0.061169 0.056129 0.030242 0.001968 0.479754 0.005752 1.570079 1991.717184
0.367839 0.058454 0.057050 0.029024 0.001971 0.479887 0.005774 1.575949 2000.928077
0.371648 0.055041 0.057669 0.027902 0.001974 0.479966 0.005799 1.581561 2009.172798
0.375973 0.051514 0.057922 0.026795 0.001968 0.480000 0.005827 1.586778 2018.919862
0.380748 0.047898 0.057866 0.025703 0.001958 0.479979 0.005848 1.591677 2028.484609
0.385712 0.044440 0.057518 0.024618 0.001949 0.479886 0.005877 1.596181 2038.816350
0.390894 0.041081 0.056936 0.023600 0.001920 0.479666 0.005904 1.600364 2049.124758
0.396139 0.037880 0.056104 0.022585 0.001904 0.479460 0.005928 1.604237 2057.133599
0.401556 0.034926 0.055076 0.021595 0.001894 0.479006 0.005947 1.607768 2065.360432
0.407076 0.032091 0.053951 0.020616 0.001875 0.478422 0.005969 1.611066 2074.193188
0.412567 0.029470 0.052618 0.019700 0.001844 0.477805 0.005996 1.614095 2084.497279
0.418166 0.027088 0.051201 0.018787 0.001823 0.476910 0.006024 1.616839 2094.383893
0.423841 0.024875 0.049741 0.017890 0.001809 0.475798 0.006046 1.619365 2103.369706
0.429539 0.022823 0.048126 0.017007 0.001793 0.474642 0.006069 1.621686 2113.461883
0.435259 0.020955 0.046441 0.016188 0.001757 0.473307 0.006091 1.623791 2124.136418
0.440936 0.019180 0.044853 0.015389 0.001730 0.471798 0.006113 1.625783 2133.343525
0.446629 0.017570 0.043186 0.014655 0.001703 0.470121 0.006135 1.627589 2142.934993
0.452310 0.016122 0.041436 0.013932 0.001676 0.468368 0.006155 1.629220 2151.845639
0.458011 0.014780 0.039823 0.013214 0.001648 0.466348 0.006176 1.630728 2160.258032
0.463674 0.013522 0.038218 0.012547 0.001618 0.464221 0.006199 1.632134 2169.933422
0.469305 0.012358 0.036598 0.011918 0.001597 0.462007 0.006217 1.633428 2177.824859
0.474954 0.011314 0.034985 0.011275 0.001564 0.459669 0.006239 1.634586 2187.299297
0.480514 0.010357 0.033452 0.010674 0.001532 0.457213 0.006257 1.635656 2196.833063
0.486109 0.009512 0.031921 0.010088 0.001493 0.454597 0.006280 1.636599 2206.277616
0.491613 0.008721 0.030404 0.009541 0.001460 0.451959 0.006302 1.637489 2215.630258
0.497148 0.007972 0.028951 0.009047 0.001427 0.449132 0.006323 1.638324 2223.608465
0.502686 0.007286 0.027522 0.008572 0.001398 0.446194 0.006341 1.639091 2231.659174
0.508161 0.006656 0.026155 0.008108 0.001365 0.443194 0.006360 1.639802 2241.147603
0.513595 0.006128 0.024815 0.007661 0.001329 0.440095 0.006377 1.640401 2249.408448
0.519033 0.005629 0.023527 0.007242 0.001299 0.436876 0.006394 1.640964 2256.981184
0.524372 0.005166 0.022355 0.006849 0.001267 0.433580 0.006412 1.641501 2266.338297
0.529779 0.004752 0.021168 0.006447 0.001236 0.430189 0.006428 1.641972 2275.121162
0.535043 0.004349 0.020084 0.006099 0.001199 0.426783 0.006442 1.642435 2284.325896
0.540298 0.004001 0.019002 0.005747 0.001168 0.423326 0.006458 1.642839 2292.462363
0.545482 0.003679 0.017963 0.005426 0.001141 0.419837 0.006472 1.643210 2301.486822
0.550737 0.003381 0.016983 0.005109 0.001112 0.416195 0.006484 1.643552 2309.254410
0.555916 0.003109 0.016074 0.004797 0.001081 0.412527 0.006496 1.643867 2316.986687
0.560993 0.002866 0.015226 0.004525 0.001055 0.408825 0.006510 1.644161 2324.674529
0.566031 0.002647 0.014399 0.004257 0.001022 0.405118 0.006524 1.644422 2333.411940
0.571031 0.002431 0.013583 0.004000 0.000999 0.401419 0.006536 1.644678 2341.232106
0.576036 0.002245 0.012829 0.003765 0.000975 0.397603 0.006547 1.644898 2348.158323
0.580979 0.002070 0.012093 0.003553 0.000948 0.393796 0.006561 1.645104 2355.907769
0.585831 0.001897 0.011401 0.003360 0.000921 0.390017 0.006573 1.645305 2364.172614
0.590706 0.001743 0.010758 0.003159 0.000895 0.386155 0.006584 1.645487 2371.044269
0.595506 0.001613 0.010134 0.002981 0.000870 0.382299 0.006597 1.645649 2378.062542
0.600266 0.001483 0.009566 0.002821 0.000846 0.378411 0.006607 1.645807 2385.093586
0.604907 0.001371 0.008988 0.002650 0.000819 0.374645 0.006621 1.645949 2392.694355
0.609564 0.001269 0.008464 0.002489 0.000797 0.370785 0.006631 1.646078 2399.422106
0.614099 0.001174 0.007967 0.002337 0.000776 0.367008 0.006639 1.646197 2406.872083
0.618606 0.001081 0.007516 0.002207 0.000754 0.363185 0.006652 1.646310 2413.635027
0.623084 0.001002 0.007062 0.002077 0.000728 0.359385 0.006662 1.646410 2420.713571
0.627465 0.000930 0.006638 0.001960 0.000702 0.355632 0.006674 1.646502 2428.137691
0.631921 0.000852 0.006256 0.001841 0.000678 0.351772 0.006681 1.646596 2434.626557
0.636281 0.000792 0.005890 0.001729 0.000662 0.347959 0.006688 1.646674 2439.098230
0.640610 0.000726 0.005555 0.001631 0.000644 0.344138 0.006696 1.646758 2444.574816
0.644843 0.000682 0.005219 0.001533 0.000622 0.340395 0.006705 1.646820 2451.160640
0.649094 0.000641 0.004905 0.001448 0.000599 0.336599 0.006714 1.646880 2457.877478
0.653288 0.000600 0.004602 0.001360 0.000575 0.332853 0.006723 1.646938 2464.405076
0.657455 0.000557 0.004339 0.001268 0.000553 0.329098 0.006730 1.646992 2470.728468
0.661542 0.000518 0.004098 0.001187 0.000536 0.325380 0.006737 1.647046 2476.828882
0.665523 0.000485 0.003846 0.001113 0.000521 0.321769 0.006745 1.647094 2481.271634
0.669544 0.000448 0.003601 0.001044 0.000502 0.318109 0.006753 1.647145 2487.173435
0.673497 0.000411 0.003410 0.000981 0.000484 0.314457 0.006761 1.647192 2492.449501
0.677364 0.000384 0.003192 0.000930 0.000470 0.310893 0.006768 1.647230 2497.187876
0.681210 0.000355 0.003003 0.000875 0.000450 0.307329 0.006777 1.647269 2503.683567
0.685017 0.000331 0.002825 0.000822 0.000436 0.303785 0.006784 1.647303 2507.469113
0.688774 0.000309 0.002649 0.000770 0.000421 0.300289 0.006788 1.647334 2512.201867
0.692485 0.000290 0.002495 0.000726 0.000404 0.296805 0.006796 1.647361 2518.262003
0.696126 0.000273 0.002344 0.000682 0.000389 0.293386 0.006801 1.647390 2522.653175
0.699737 0.000257 0.002210 0.000640 0.000377 0.289973 0.006806 1.647413 2527.152115
0.703343 0.000242 0.002074 0.000609 0.000364 0.286556 0.006813 1.647437 2531.458496
0.706924 0.000228 0.001946 0.000570 0.000350 0.283164 0.006818 1.647458 2535.302511
0.710460 0.000216 0.001829 0.000538 0.000340 0.279795 0.006822 1.647478 2538.447261
0.713913 0.000201 0.001732 0.000507 0.000326 0.276494 0.006827 1.647503 2542.993160
0.717356 0.000185 0.001632 0.000476 0.000316 0.273206 0.006831 1.647524 2546.994946
0.720750 0.000173 0.001530 0.000449 0.000307 0.269957 0.006834 1.647541 2550.112280
0.724143 0.000159 0.001444 0.000426 0.000298 0.266692 0.006837 1.647559 2553.256183
0.727419 0.000147 0.001362 0.000401 0.000290 0.263540 0.006841 1.647577 2556.369505
0.730694 0.000140 0.001272 0.000373 0.000281 0.260395 0.006845 1.647591 2559.317084
0.733849 0.000134 0.001201 0.000354 0.000272 0.257342 0.006849 1.647603 2562.823294
0.737038 0.000128 0.001123 0.000335 0.000263 0.254260 0.006854 1.647614 2565.445922
0.740212 0.000119 0.001047 0.000317 0.000254 0.251195 0.006857 1.647627 2568.788363
0.743349 0.000117 0.000979 0.000296 0.000243 0.248154 0.006862 1.647635 2573.069485
0.746440 0.000113 0.000919 0.000280 0.000233 0.245151 0.006866 1.647645 2576.678852
0.749505 0.000106 0.000857 0.000263 0.000229 0.242173 0.006868 1.647655 2578.144887
0.752487 0.000103 0.000804 0.000247 0.000219 0.239269 0.006873 1.647666 2581.865441
0.755419 0.000095 0.000755 0.000234 0.000210 0.236411 0.006877 1.647677 2585.229534
0.758338 0.000089 0.000711 0.000219 0.000204 0.233560 0.006880 1.647686 2587.967204
0.761228 0.000083 0.000668 0.000208 0.000198 0.230733 0.006883 1.647696 2590.641193
0.764129 0.000079 0.000625 0.000198 0.000190 0.227893 0.006886 1.647703 2593.542197
0.766928 0.000076 0.000587 0.000186 0.000183 0.225153 0.006888 1.647709 2596.773343
0.769674 0.000073 0.000556 0.000175 0.000178 0.222454 0.006890 1.647715 2598.870095
0.772441 0.000067 0.000523 0.000166 0.000173 0.219739 0.006891 1.647724 2600.704413
0.775175 0.000062 0.000491 0.000156 0.000168 0.217055 0.006895 1.647730 2602.662558
0.777867 0.000060 0.000460 0.000146 0.000161 0.214410 0.006898 1.647736 2604.912701
0.780512 0.000056 0.000435 0.000137 0.000155 0.211805 0.006901 1.647742 2607.390163
0.783103 0.000051 0.000408 0.000132 0.000148 0.209255 0.006903 1.647750 2609.964352
0.785673 0.000050 0.000387 0.000124 0.000144 0.206719 0.006904 1.647755 2611.498572
0.788262 0.000048 0.000366 0.000116 0.000141 0.204162 0.006905 1.647760 2613.037275
0.790818 0.000046 0.000348 0.000109 0.000134 0.201638 0.006908 1.647765 2615.705397
0.793282 0.000044 0.000329 0.000101 0.000130 0.199205 0.006909 1.647770 2617.163024
0.795775 0.000041 0.000304 0.000099 0.000125 0.196745 0.006911 1.647774 2619.300025
0.798202 0.000038 0.000285 0.000093 0.000121 0.194349 0.006913 1.647778 2621.138371
0.800586 0.000036 0.000264 0.000089 0.000118 0.191994 0.006915 1.647782 2622.902038
0.802928 0.000034 0.000248 0.000084 0.000114 0.189677 0.006916 1.647785 2624.675581
0.805261 0.000032 0.000234 0.000081 0.000109 0.187366 0.006917 1.647787 2626.487038
0.807546 0.000032 0.000219 0.000077 0.000105 0.185102 0.006919 1.647789 2628.372818
0.809765 0.000030 0.000206 0.000070 0.000102 0.182906 0.006920 1.647791 2629.749019
0.812007 0.000028 0.000193 0.000068 0.000098 0.180684 0.006922 1.647795 2631.404114
0.814164 0.000027 0.000179 0.000064 0.000094 0.178547 0.006925 1.647796 2633.256711
0.816283 0.000026 0.000171 0.000060 0.000089 0.176444 0.006927 1.647799 2635.615610
0.818330 0.000024 0.000160 0.000057 0.000087 0.174414 0.006928 1.647803 2636.467256
0.820343 0.000023 0.000153 0.000054 0.000085 0.172413 0.006929 1.647805 2637.729925
0.822354 0.000020 0.000148 0.000052 0.000080 0.170415 0.006931 1.647807 2640.010008
0.824341 0.000019 0.000137 0.000049 0.000078 0.168445 0.006932 1.647809 2641.726914
0.826265 0.000018 0.000127 0.000047 0.000072 0.166538 0.006934 1.647811 2644.061513
0.828165 0.000017 0.000121 0.000044 0.000070 0.164650 0.006935 1.647813 2645.181114
0.829999 0.000016 0.000115 0.000041 0.000067 0.162826 0.006936 1.647815 2646.744225
0.831740 0.000015 0.000108 0.000038 0.000065 0.161097 0.006937 1.647816 2647.643957
0.833474 0.000015 0.000102 0.000034 0.000064 0.159374 0.006938 1.647818 2648.745152
0.835107 0.000014 0.000096 0.000032 0.000061 0.157751 0.006939 1.647819 2650.269115
0.836720 0.000013 0.000091 0.000030 0.000058 0.156148 0.006939 1.647821 2651.256313
0.838341 0.000013 0.000087 0.000029 0.000056 0.154533 0.006941 1.647822 2652.558797
0.839867 0.000013 0.000084 0.000028 0.000054 0.153013 0.006941 1.647823 2653.464201
0.841369 0.000013 0.000079 0.000027 0.000052 0.151519 0.006942 1.647824 2654.796829
0.842793 0.000012 0.000078 0.000024 0.000050 0.150100 0.006942 1.647826 2655.583887
0.844175 0.000013 0.000072 0.000024 0.000048 0.148725 0.006943 1.647826 2656.331473
0.845478 0.000012 0.000067 0.000024 0.000047 0.147428 0.006944 1.647828 2657.207977
0.846722 0.000011 0.000063 0.000023 0.000045 0.146191 0.006945 1.647829 2658.085645
0.847933 0.000011 0.000060 0.000022 0.000044 0.144985 0.006945 1.647830 2658.760838
0.849068 0.000012 0.000055 0.000022 0.000043 0.143855 0.006946 1.647831 2659.313078
0.850164 0.000010 0.000052 0.000022 0.000042 0.142764 0.006946 1.647833 2659.773300
0.851258 0.000010 0.000049 0.000021 0.000040 0.141676 0.006947 1.647834 2660.307195
0.852296 0.000011 0.000046 0.000021 0.000039 0.140641 0.006947 1.647834 2660.983867
0.853313 0.000010 0.000044 0.000020 0.000038 0.139627 0.006947 1.647836 2661.374871
0.854249 0.000010 0.000041 0.000019 0.000037 0.138696 0.006948 1.647836 2662.114959
0.855149 0.000010 0.000039 0.000017 0.000035 0.137800 0.006949 1.647836 2663.155779
0.856048 0.000010 0.000037 0.000016 0.000034 0.136905 0.006949 1.647837 2663.950605
0.856897 0.000010 0.000035 0.000015 0.000032 0.136061 0.006950 1.647838 2664.826502
0.857714 0.000009 0.000034 0.000015 0.000031 0.135246 0.006951 1.647839 2665.209287
0.858507 0.000010 0.000032 0.000015 0.000031 0.134454 0.006951 1.647840 2665.659961
0.859265 0.000009 0.000031 0.000014 0.000029 0.133700 0.006952 1.647841 2666.872949
0.859989 0.000008 0.000030 0.000014 0.000028 0.132980 0.006952 1.647842 2667.016935
0.860680 0.000007 0.000028 0.000014 0.000028 0.132292 0.006952 1.647843 2667.559998
0.861326 0.000007 0.000027 0.000013 0.000026 0.131649 0.006952 1.647844 2668.316645
0.861969 0.000007 0.000026 0.000013 0.000026 0.131008 0.006952 1.647844 2668.604440
0.862571 0.000007 0.000025 0.000012 0.000025 0.130407 0.006953 1.647845 2668.900506
0.863182 0.000006 0.000024 0.000011 0.000025 0.129799 0.006953 1.647847 2668.941458
0.863716 0.000006 0.000023 0.000010 0.000023 0.129269 0.006954 1.647847 2670.451104
0.864261 0.000005 0.000023 0.000009 0.000022 0.128726 0.006955 1.647848 2670.919716
0.864755 0.000005 0.000021 0.000009 0.000021 0.128234 0.006955 1.647848 2671.443943
0.865238 0.000006 0.000021 0.000008 0.000019 0.127751 0.006956 1.647849 2672.329271
0.865683 0.000005 0.000020 0.000008 0.000019 0.127310 0.006956 1.647849 2672.529146
0.866125 0.000005 0.000018 0.000006 0.000019 0.126870 0.006956 1.647849 2672.529146
0.866568 0.000005 0.000018 0.000006 0.000019 0.126428 0.006956 1.647850 2672.686298
0.866983 0.000004 0.000018 0.000006 0.000019 0.126014 0.006957 1.647851 2673.069305
0.867362 0.000005 0.000017 0.000005 0.000017 0.125637 0.006957 1.647851 2673.823111
0.867731 0.000005 0.000016 0.000005 0.000017 0.125269 0.006957 1.647851 2674.267781
0.868090 0.000005 0.000015 0.000005 0.000016 0.124911 0.006958 1.647851 2674.774496
0.868419 0.000005 0.000015 0.000004 0.000015 0.124584 0.006958 1.647852 2675.089262
0.868734 0.000005 0.000014 0.000004 0.000015 0.124270 0.006958 1.647852 2675.513535
0.869034 0.000005 0.000013 0.000004 0.000015 0.123971 0.006958 1.647852 2675.679186
0.869314 0.000005 0.000014 0.000004 0.000014 0.123691 0.006958 1.647853 2675.824247
0.869586 0.000005 0.000012 0.000004 0.000014 0.123421 0.006958 1.647853 2676.208159
0.869844 0.000005 0.000011 0.000003 0.000013 0.123166 0.006959 1.647854 2676.497985
0.870091 0.000004 0.000010 0.000003 0.000013 0.122919 0.006959 1.647854 2676.497985
0.870339 0.000004 0.000010 0.000003 0.000013 0.122672 0.006959 1.647855 2676.510620
0.870567 0.000004 0.000009 0.000003 0.000013 0.122446 0.006959 1.647855 2676.703103
0.870792 0.000004 0.000009 0.000003 0.000012 0.122221 0.006959 1.647855 2677.213718
0.870999 0.000003 0.000007 0.000004 0.000011 0.122018 0.006959 1.647856 2677.701016
0.871183 0.000003 0.000007 0.000004 0.000011 0.121834 0.006959 1.647856 2677.928656
0.871365 0.000002 0.000007 0.000004 0.000011 0.121653 0.006959 1.647857 2677.928656
0.871531 0.000002 0.000006 0.000004 0.000010 0.121488 0.006959 1.647857 2678.394385
0.871694 0.000002 0.000006 0.000004 0.000010 0.121325 0.006959 1.647858 2678.394385
0.871846 0.000002 0.000005 0.000004 0.000010 0.121174 0.006959 1.647858 2678.394385
0.872000 0.000002 0.000005 0.000003 0.000010 0.121021 0.006959 1.647858 2678.805468
0.872139 0.000002 0.000005 0.000003 0.000010 0.120882 0.006959 1.647858 2678.805468
0.872285 0.000002 0.000005 0.000003 0.000010 0.120737 0.006960 1.647858 2679.031623
0.872413 0.000001 0.000004 0.000003 0.000009 0.120611 0.006960 1.647858 2679.640870
0.872530 0.000001 0.000004 0.000003 0.000008 0.120494 0.006960 1.647858 2680.071869
0.872626 0.000002 0.000004 0.000002 0.000007 0.120399 0.006960 1.647858 2680.552411
0.872723 0.000002 0.000003 0.000002 0.000007 0.120303 0.006960 1.647858 2680.552411
0.872822 0.000002 0.000003 0.000002 0.000006 0.120203 0.006961 1.647859 2681.058312
0.872906 0.000002 0.000003 0.000002 0.000006 0.120120 0.006961 1.647859 2681.467256
0.872975 0.000002 0.000003 0.000002 0.000006 0.120051 0.006961 1.647859 2681.467256
0.873053 0.000001 0.000003 0.000002 0.000006 0.119974 0.006961 1.647859 2681.467256
0.873126 0.000001 0.000003 0.000002 0.000006 0.119901 0.006962 1.647859 2681.680678
0.873196 0.000001 0.000002 0.000002 0.000006 0.119832 0.006962 1.647859 2681.680678
0.873254 0.000001 0.000002 0.000001 0.000005 0.119775 0.006962 1.647859 2681.892575
0.873314 0.000001 0.000002 0.000001 0.000005 0.119715 0.006962 1.647859 2682.083270
0.873373 0.000001 0.000003 0.000001 0.000005 0.119656 0.006962 1.647860 2682.083270
0.873439 0.000001 0.000003 0.000001 0.000005 0.119591 0.006962 1.647860 2682.304444
0.873490 0.000001 0.000003 0.000001 0.000004 0.119539 0.006962 1.647860 2682.771671
0.873542 0.000001 0.000003 0.000001 0.000004 0.119488 0.006962 1.647860 2682.771671
0.873593 0.000001 0.000003 0.000001 0.000004 0.119437 0.006962 1.647860 2682.994898
0.873636 0.000001 0.000002 0.000001 0.000004 0.119394 0.006962 1.647860 2682.994898
0.873683 0.000001 0.000002 0.000001 0.000004 0.119347 0.006962 1.647860 2683.240883
0.873727 0.000000 0.000002 0.000001 0.000004 0.119303 0.006962 1.647860 2683.240883
0.873765 0.000000 0.000002 0.000001 0.000003 0.119266 0.006962 1.647860 2683.437695
0.873802 0.000000 0.000002 0.000001 0.000003 0.119230 0.006962 1.647860 2683.662798
0.873832 0.000000 0.000002 0.000001 0.000003 0.119200 0.006962 1.647860 2683.662798
0.873867 0.000000 0.000002 0.000001 0.000003 0.119165 0.006962 1.647860 2683.662798
0.873902 0.000000 0.000002 0.000001 0.000003 0.119130 0.006962 1.647860 2683.662798
0.873932 0.000000 0.000002 0.000001 0.000002 0.119101 0.006963 1.647860 2684.137711
0.873958 0.000000 0.000002 0.000001 0.000002 0.119075 0.006963 1.647860 2684.137711
0.873981 0.000000 0.000002 0.000001 0.000002 0.119052 0.006963 1.647860 2684.137711
0.874001 0.000000 0.000001 0.000000 0.000002 0.119032 0.006963 1.647860 2684.179739
0.874021 0.000000 0.000001 0.000000 0.000002 0.119013 0.006963 1.647860 2684.309780
0.874036 0.000000 0.000001 0.000000 0.000001 0.118998 0.006963 1.647860 2684.449123
0.874048 0.000000 0.000001 0.000000 0.000001 0.118987 0.006963 1.647860 2684.486513
0.874058 0.000000 0.000001 0.000000 0.000001 0.118976 0.006963 1.647861 2684.486513
0.874069 0.000000 0.000001 0.000000 0.000001 0.118966 0.006963 1.647861 2684.486513
0.874079 0.000000 0.000001 0.000000 0.000001 0.118955 0.006963 1.647861 2684.486513
0.874093 0.000000 0.000001 0.000000 0.000001 0.118942 0.006963 1.647861 2684.486513
0.874104 0.000000 0.000001 0.000000 0.000001 0.118930 0.006963 1.647861 2684.486513
0.874113 0.000000 0.000000 0.000000 0.000001 0.118922 0.006963 1.647861 2684.486513
0.874124 0.000000 0.000000 0.000000 0.000001 0.118911 0.006963 1.647861 2684.637946
0.874133 0.000000 0.000000 0.000000 0.000001 0.118902 0.006963 1.647861 2684.637946
0.874143 0.000000 0.000000 0.000000 0.000001 0.118892 0.006963 1.647861 2684.637946
0.874150 0.000000 0.000000 0.000000 0.000000 0.118885 0.006963 1.647861 2684.666612
0.874156 0.000000 0.000000 0.000000 0.000000 0.118879 0.006963 1.647861 2684.666612
0.874163 0.000000 0.000000 0.000000 0.000000 0.118872 0.006963 1.647861 2684.666612
0.874167 0.000000 0.000000 0.000000 0.000000 0.118868 0.006963 1.647861 2684.666612
0.874174 0.000000 0.000000 0.000000 0.000000 0.118862 0.006963 1.647861 2684.666612
0.874178 0.000000 0.000000 0.000000 0.000000 0.118858 0.006963 1.647861 2684.666612
0.874183 0.000000 0.000000 0.000000 0.000000 0.118854 0.006963 1.647861 2684.666612
0.874185 0.000000 0.000000 0.000000 0.000000 0.118851 0.006963 1.647861 2684.666612
0.874188 0.000000 0.000000 0.000000 0.000000 0.118848 0.006963 1.647861 2684.704268
0.874192 0.000000 0.000000 0.000000 0.000000 0.118845 0.006963 1.647861 2684.704268
0.874193 0.000000 0.000000 0.000000 0.000000 0.118843 0.006963 1.647861 2684.704268
0.874196 0.000000 0.000000 0.000000 0.000000 0.118840 0.006963 1.647861 2684.704268
0.874198 0.000000 0.000000 0.000000 0.000000 0.118838 0.006963 1.647861 2684.704268
0.874200 0.000000 0.000000 0.000000 0.000000 0.118836 0.006963 1.647861 2684.704268
0.874201 0.000000 0.000000 0.000000 0.000000 0.118835 0.006963 1.647861 2684.704268
0.874203 0.000000 0.000000 0.000000 0.000000 0.118833 0.006963 1.647861 2684.704268
0.874207 0.000000 0.000000 0.000000 0.000000 0.118829 0.006963 1.647861 2684.704268
0.874209 0.000000 0.000000 0.000000 0.000000 0.118827 0.006963 1.647861 2684.704268
0.874211 0.000000 0.000000 0.000000 0.000000 0.118826 0.006964 1.647861 2684.797728
0.874211 0.000000 0.000000 0.000000 0.000000 0.118826 0.006964 1.647861 2684.797728
0.874211 0.000000 0.000000 0.000000 0.000000 0.118826 0.006964 1.647861 2684.797728
0.874211 0.000000 0.000000 0.000000 0.000000 0.118826 0.006964 1.647861 2684.797728
0.874211 0.000000 0.000000 0.000000 0.000000 0.118826 0.006964 1.647861 2684.797728
0.874211 0.000000 0.000000 0.000000 0.000000 0.118826 0.006964 1.647861 2684.797728
0.874211 0.000000 0.000000 0.000000 0.000000 0.118826 0.006964 1.647861 2684.797728
0.874211 0.000000 0.000000 0.000000 0.000000 0.118826 0.006964 1.647861 2684.797728
0.874211 0.000000 0.000000 0.000000 0.000000 0.118826 0.006964 1.647861 2684.797728
0.874211 0.000000 0.000000 0.000000 0.000000 0.118826 0.006964 1.647861 2684.797728
0.874211 0.000000 0.000000 0.000000 0.000000 0.118826 0.006964 1.647861 2684.797728
0.874211 0.000000 0.000000 0.000000 0.000000 0.118826 0.006964 1.647861 2684.797728
0.874211 0.000000 0.000000 0.000000 0.000000 0.118826 0.006964 1.647861 2684.797728
0.874211 0.000000 0.000000 0.000000 0.000000 0.118826 0.006964 1.647861 2684.797728
0.874211 0.000000 0.000000 0.000000 0.000000 0.118826 0.006964 1.647861 2684.797728
0.874211 0.000000 0.000000 0.000000 0.000000 0.118826 0.006964 1.647861 2684.797728
0.874211 0.000000 0.000000 0.000000 0.000000 0.118826 0.006964 1.647861 2684.797728
0.874211 0.000000 0.000000 0.000000 0.000000 0.118826 0.006964 1.647861 2684.797728
0.874211 0.000000 0.000000 0.000000 0.000000 0.118826 0.006964 1.647861 2684.797728
0.874211 0.000000 0.000000 0.000000 0.000000 0.118826 0.006964 1.647861 2684.797728
0.874211 0.000000 0.000000 0.000000 0.000000 0.118826 0.006964 1.647861 2684.797728
0.874211 0.000000 0.000000 0.000000 0.000000 0.118826 0.006964 1.647861 2684.797728
0.874211 0.000000 0.000000 0.000000 0.000000 0.118826 0.006964 1.647861 2684.797728
0.874211 0.000000 0.000000 0.000000 0.000000 0.118826 0.006964 1.647861 2684.797728
0.874211 0.000000 0.000000 0.000000 0.000000 0.118826 0.006964 1.647861 2684.797728
0.874211 0.000000 0.000000 0.000000 0.000000 0.118826 0.006964 1.647861 2684.797728
0.874211 0.000000 0.000000 0.000000 0.000000 0.118826 0.006964 1.647861 2684.797728
0.874211 0.000000 0.000000 0.000000 0.000000 0.118826 0.006964 1.647861 2684.797728
0.874211 0.000000 0.000000 0.000000 0.000000 0.118826 0.006964 1.647861 2684.797728
0.874211 0.000000 0.000000 0.000000 0.000000 0.118826 0.006964 1.647861 2684.797728
0.874211 0.000000 0.000000 0.000000 0.000000 0.118826 0.006964 1.647861 2684.797728
0.874211 0.000000 0.000000 0.000000 0.000000 0.118826 0.006964 1.647861 2684.797728
0.874211 0.000000 0.000000 0.000000 0.000000 0.118826 0.006964 1.647861 2684.797728
0.874211 0.000000 0.000000 0.000000 0.000000 0.118826 0.006964 1.647861 2684.797728
0.874211 0.000000 0.000000 0.000000 0.000000 0.118826 0.006964 1.647861 2684.797728
0.874211 0.000000 0.000000 0.000000 0.000000 0.118826 0.006964 1.647861 2684.797728
0.874211 0.000000 0.000000 0.000000 0.000000 0.118826 0.006964 1.647861 2684.797728
0.874211 0.000000 0.000000 0.000000 0.000000 0.118826 0.006964 1.647861 2684.797728
0.874211 0.000000 0.000000 0.000000 0.000000 0.118826 0.006964 1.647861 2684.797728
0.874211 0.000000 0.000000 0.000000 0.000000 0.118826 0.006964 1.647861 2684.797728
0.874211 0.000000 0.000000 0.000000 0.000000 0.118826 0.006964 1.647861 2684.797728
0.874211 0.000000 0.000000 0.000000 0.000000 0.118826 0.006964 1.647861 2684.797728
0.874211 0.000000 0.000000 0.000000 0.000000 0.118826 0.006964 1.647861 2684.797728
0.874211 0.000000 0.000000 0.000000 0.000000 0.118826 0.006964 1.647861 2684.797728
0.874211 0.000000 0.000000 0.000000 0.000000 0.118826 0.006964 1.647861 2684.797728
0.874211 0.000000 0.000000 0.000000 0.000000 0.118826 0.006964 1.647861 2684.797728
0.874211 0.000000 0.000000 0.000000 0.000000 0.118826 0.006964 1.647861 2684.797728
0.874211 0.000000 0.000000 0.000000 0.000000 0.118826 0.006964 1.647861 2684.797728
0.874211 0.000000 0.000000 0.000000 0.000000 0.118826 0.006964 1.647861 2684.797728
0.874211 0.000000 0.000000 0.000000 0.000000 0.118826 0.006964 1.647861 2684.797728
0.874211 0.000000 0.000000 0.000000 0.000000 0.118826 0.006964 1.647861 2684.797728
0.874211 0.000000 0.000000 0.000000 0.000000 0.118826 0.006964 1.647861 2684.797728
0.874211 0.000000 0.000000 0.000000 0.000000 0.118826 0.006964 1.647861 2684.797728
0.874211 0.000000 0.000000 0.000000 0.000000 0.118826 0.006964 1.647861 2684.797728
0.874211 0.000000 0.000000 0.000000 0.000000 0.118826 0.006964 1.647861 2684.797728
0.874211 0.000000 0.000000 0.000000 0.000000 0.118826 0.006964 1.647861 2684.797728
0.874211 0.000000 0.000000 0.000000 0.000000 0.118826 0.006964 1.647861 2684.797728
0.874211 0.000000 0.000000 0.000000 0.000000 0.118826 0.006964 1.647861 2684.797728
0.874211 0.000000 0.000000 0.000000 0.000000 0.118826 0.006964 1.647861 2684.797728
0.874211 0.000000 0.000000 0.000000 0.000000 0.118826 0.006964 1.647861 2684.797728
0.874211 0.000000 0.000000 0.000000 0.000000 0.118826 0.006964 1.647861 2684.797728
0.874211 0.000000 0.000000 0.000000 0.000000 0.118826 0.006964 1.647861 2684.797728
0.874211 0.000000 0.000000 0.000000 0.000000 0.118826 0.006964 1.647861 2684.797728
0.874211 0.000000 0.000000 0.000000 0.000000 0.118826 0.006964 1.647861 2684.797728
0.874211 0.000000 0.000000 0.000000 0.000000 0.118826 0.006964 1.647861 2684.797728
0.874211 0.000000 0.000000 0.000000 0.000000 0.118826 0.006964 1.647861 2684.797728
0.874211 0.000000 0.000000 0.000000 0.000000 0.118826 0.006964 1.647861 2684.797728
0.874211 0.000000 0.000000 0.000000 0.000000 0.118826 0.006964 1.647861 2684.797728
0.874211 0.000000 0.000000 0.000000 0.000000 0.118826 0.006964 1.647861 2684.797728
0.874211 0.000000 0.000000 0.000000 0.000000 0.118826 0.006964 1.647861 2684.797728
0.874211 0.000000 0.000000 0.000000 0.000000 0.118826 0.006964 1.647861 2684.797728
0.874211 0.000000 0.000000 0.000000 0.000000 0.118826 0.006964 1.647861 2684.797728
0.874211 0.000000 0.000000 0.000000 0.000000 0.118826 0.006964 1.647861 2684.797728
0.874211 0.000000 0.000000 0.000000 0.000000 0.118826 0.006964 1.647861 2684.797728
0.874211 0.000000 0.000000 0.000000 0.000000 0.118826 0.006964 1.647861 2684.797728
0.874211 0.000000 0.000000 0.000000 0.000000 0.118826 0.006964 1.647861 2684.797728
0.874211 0.000000 0.000000 0.000000 0.000000 0.118826 0.006964 1.647861 2684.797728
0.874211 0.000000 0.000000 0.000000 0.000000 0.118826 0.006964 1.647861 2684.797728
0.874211 0.000000 0.000000 0.000000 0.000000 0.118826 0.006964 1.647861 2684.797728
0.874211 0.000000 0.000000 0.000000 0.000000 0.118826 0.006964 1.647861 2684.797728
0.874211 0.000000 0.000000 0.000000 0.000000 0.118826 0.006964 1.647861 2684.797728
0.874211 0.000000 0.000000 0.000000 0.000000 0.118826 0.006964 1.647861 2684.797728
0.874211 0.000000 0.000000 0.000000 0.000000 0.118826 0.006964 1.647861 2684.797728
0.874211 0.000000 0.000000 0.000000 0.000000 0.118826 0.006964 1.647861 2684.797728
0.874211 0.000000 0.000000 0.000000 0.000000 0.118826 0.006964 1.647861 2684.797728
0.874211 0.000000 0.000000 0.000000 0.000000 0.118826 0.006964 1.647861 2684.797728
0.874211 0.000000 0.000000 0.000000 0.000000 0.118826 0.006964 1.647861 2684.797728
0.874211 0.000000 0.000000 0.000000 0.000000 0.118826 0.006964 1.647861 2684.797728
0.874211 0.000000 0.000000 0.000000 0.000000 0.118826 0.006964 1.647861 2684.797728
0.874211 0.000000 0.000000 0.000000 0.000000 0.118826 0.006964 1.647861 2684.797728
0.874211 0.000000 0.000000 0.000000 0.000000 0.118826 0.006964 1.647861 2684.797728
0.874211 0.000000 0.000000 0.000000 0.000000 0.118826 0.006964 1.647861 2684.797728
0.874211 0.000000 0.000000 0.000000 0.000000 0.118826 0.006964 1.647861 2684.797728
0.874211 0.000000 0.000000 0.000000 0.000000 0.118826 0.006964 1.647861 2684.797728
0.874211 0.000000 0.000000 0.000000 0.000000 0.118826 0.006964 1.647861 2684.797728
0.874211 0.000000 0.000000 0.000000 0.000000 0.118826 0.006964 1.647861 2684.797728
0.874211 0.000000 0.000000 0.000000 0.000000 0.118826 0.006964 1.647861 2684.797728
0.874211 0.000000 0.000000 0.000000 0.000000 0.118826 0.006964 1.647861 2684.797728
0.874211 0.000000 0.000000 0.000000 0.000000 0.118826 0.006964 1.647861 2684.797728
0.874211 0.000000 0.000000 0.000000 0.000000 0.118826 0.006964 1.647861 2684.797728
0.874211 0.000000 0.000000 0.000000 0.000000 0.118826 0.006964 1.647861 2684.797728
0.874211 0.000000 0.000000 0.000000 0.000000 0.118826 0.006964 1.647861 2684.797728
0.874211 0.000000 0.000000 0.000000 0.000000 0.118826 0.006964 1.647861 2684.797728
0.874211 0.000000 0.000000 0.000000 0.000000 0.118826 0.006964 1.647861 2684.797728
0.874211 0.000000 0.000000 0.000000 0.000000 0.118826 0.006964 1.647861 2684.797728
0.874211 0.000000 0.000000 0.000000 0.000000 0.118826 0.006964 1.647861 2684.797728
0.874211 0.000000 0.000000 0.000000 0.000000 0.118826 0.006964 1.647861 2684.797728
0.874211 0.000000 0.000000 0.000000 0.000000 0.118826 0.006964 1.647861 2684.797728
0.874211 0.000000 0.000000 0.000000 0.000000 0.118826 0.006964 1.647861 2684.797728
0.874211 0.000000 0.000000 0.000000 0.000000 0.118826 0.006964 1.647861 2684.797728
0.874211 0.000000 0.000000 0.000000 0.000000 0.118826 0.006964 1.647861 2684.797728
0.874211 0.000000 0.000000 0.000000 0.000000 0.118826 0.006964 1.647861 2684.797728
0.874211 0.000000 0.000000 0.000000 0.000000 0.118826 0.006964 1.647861 2684.797728
0.874211 0.000000 0.000000 0.000000 0.000000 0.118826 0.006964 1.647861 2684.797728
0.874211 0.000000 0.000000 0.000000 0.000000 0.118826 0.006964 1.647861 2684.797728
0.874211 0.000000 0.000000 0.000000 0.000000 0.118826 0.006964 1.647861 2684.797728
0.874211 0.000000 0.000000 0.000000 0.000000 0.118826 0.006964 1.647861 2684.797728
0.874211 0.000000 0.000000 0.000000 0.000000 0.118826 0.006964 1.647861 2684.797728
0.874211 0.000000 0.000000 0.000000 0.000000 0.118826 0.006964 1.647861 2684.797728
0.874211 0.000000 0.000000 0.000000 0.000000 0.118826 0.006964 1.647861 2684.797728
0.874211 0.000000 0.000000 0.000000 0.000000 0.118826 0.006964 1.647861 2684.797728
0.874211 0.000000 0.000000 0.000000 0.000000 0.118826 0.006964 1.647861 2684.797728
0.874211 0.000000 0.000000 0.000000 0.000000 0.118826 0.006964 1.647861 2684.797728
0.874211 0.000000 0.000000 0.000000 0.000000 0.118826 0.006964 1.647861 2684.797728
0.874211 0.000000 0.000000 0.000000 0.000000 0.118826 0.006964 1.647861 2684.797728
0.874211 0.000000 0.000000 0.000000 0.000000 0.118826 0.006964 1.647861 2684.797728
0.874211 0.000000 0.000000 0.000000 0.000000 0.118826 0.006964 1.647861 2684.797728
0.874211 0.000000 0.000000 0.000000 0.000000 0.118826 0.006964 1.647861 2684.797728
0.874211 0.000000 0.000000 0.000000 0.000000 0.118826 0.006964 1.647861 2684.797728
0.874211 0.000000 0.000000 0.000000 0.000000 0.118826 0.006964 1.647861 2684.797728
0.874211 0.000000 0.000000 0.000000 0.000000 0.118826 0.006964 1.647861 2684.797728
0.874211 0.000000 0.000000 0.000000 0.000000 0.118826 0.006964 1.647861 2684.797728
0.874211 0.000000 0.000000 0.000000 0.000000 0.118826 0.006964 1.647861 2684.797728
0.874211 0.000000 0.000000 0.000000 0.000000 0.118826 0.006964 1.647861 2684.797728
0.874211 0.000000 0.000000 0.000000 0.000000 0.118826 0.006964 1.647861 2684.797728
0.874211 0.000000 0.000000 0.000000 0.000000 0.118826 0.006964 1.647861 2684.797728
0.874211 0.000000 0.000000 0.000000 0.000000 0.118826 0.006964 1.647861 2684.797728
0.874211 0.000000 0.000000 0.000000 0.000000 0.118826 0.006964 1.647861 2684.797728
0.874211 0.000000 0.000000 0.000000 0.000000 0.118826 0.006964 1.647861 2684.797728
0.874211 0.000000 0.000000 0.000000 0.000000 0.118826 0.006964 1.647861 2684.797728
0.874211 0.000000 0.000000 0.000000 0.000000 0.118826 0.006964 1.647861 2684.797728
0.874211 0.000000 0.000000 0.000000 0.000000 0.118826 0.006964 1.647861 2684.797728
0.874211 0.000000 0.000000 0.000000 0.000000 0.118826 0.006964 1.647861 2684.797728
0.874211 0.000000 0.000000 0.000000 0.000000 0.118826 0.006964 1.647861 2684.797728
0.874211 0.000000 0.000000 0.000000 0.000000 0.118826 0.006964 1.647861 2684.797728
0.874211 0.000000 0.000000 0.000000 0.000000 0.118826 0.006964 1.647861 2684.797728
0.874211 0.000000 0.000000 0.000000 0.000000 0.118826 0.006964 1.647861 2684.797728
0.874211 0.000000 0.000000 0.000000 0.000000 0.118826 0.006964 1.647861 2684.797728
0.874211 0.000000 0.000000 0.000000 0.000000 0.118826 0.006964 1.647861 2684.797728
0.874211 0.000000 0.000000 0.000000 0.000000 0.118826 0.006964 1.647861 2684.797728
0.874211 0.000000 0.000000 0.000000 0.000000 0.118826 0.006964 1.647861 2684.797728
0.874211 0.000000 0.000000 0.000000 0.000000 0.118826 0.006964 1.647861 2684.797728
0.874211 0.000000 0.000000 0.000000 0.000000 0.118826 0.006964 1.647861 2684.797728
0.874211 0.000000 0.000000 0.000000 0.000000 0.118826 0.006964 1.647861 2684.797728
0.874211 0.000000 0.000000 0.000000 0.000000 0.118826 0.006964 1.647861 2684.797728
0.874211 0.000000 0.000000 0.000000 0.000000 0.118826 0.006964 1.647861 2684.797728
0.874211 0.000000 0.000000 0.000000 0.000000 0.118826 0.006964 1.647861 2684.797728
0.874211 0.000000 0.000000 0.000000 0.000000 0.118826 0.006964 1.647861 2684.797728
0.874211 0.000000 0.000000 0.000000 0.000000 0.118826 0.006964 1.647861 2684.797728
0.874211 0.000000 0.000000 0.000000 0.000000 0.118826 0.006964 1.647861 2684.797728
0.874211 0.000000 0.000000 0.000000 0.000000 0.118826 0.006964 1.647861 2684.797728
0.874211 0.000000 0.000000 0.000000 0.000000 0.118826 0.006964 1.647861 2684.797728
0.874211 0.000000 0.000000 0.000000 0.000000 0.118826 0.006964 1.647861 2684.797728
0.874211 0.000000 0.000000 0.000000 0.000000 0.118826 0.006964 1.647861 2684.797728
0.874211 0.000000 0.000000 0.000000 0.000000 0.118826 0.006964 1.647861 2684.797728
0.874211 0.000000 0.000000 0.000000 0.000000 0.118826 0.006964 1.647861 2684.797728
0.874211 0.000000 0.000000 0.000000 0.000000 0.118826 0.006964 1.647861 2684.797728
0.874211 0.000000 0.000000 0.000000 0.000000 0.118826 0.006964 1.647861 2684.797728
0.874211 0.000000 0.000000 0.000000 0.000000 0.118826 0.006964 1.647861 2684.797728
0.874211 0.000000 0.000000 0.000000 0.000000 0.118826 0.006964 1.647861 2684.797728
0.874211 0.000000 0.000000 0.000000 0.000000 0.118826 0.006964 1.647861 2684.797728
0.874211 0.000000 0.000000 0.000000 0.000000 0.118826 0.006964 1.647861 2684.797728
0.874211 0.000000 0.000000 0.000000 0.000000 0.118826 0.006964 1.647861 2684.797728
0.874211 0.000000 0.000000 0.000000 0.000000 0.118826 0.006964 1.647861 2684.797728
0.874211 0.000000 0.000000 0.000000 0.000000 0.118826 0.006964 1.647861 2684.797728
0.874211 0.000000 0.000000 0.000000 0.000000 0.118826 0.006964 1.647861 2684.797728
0.874211 0.000000 0.000000 0.000000 0.000000 0.118826 0.006964 1.647861 2684.797728
0.874211 0.000000 0.000000 0.000000 0.000000 0.118826 0.006964 1.647861 2684.797728
0.874211 0.000000 0.000000 0.000000 0.000000 0.118826 0.006964 1.647861 2684.797728
0.874211 0.000000 0.000000 0.000000 0.000000 0.118826 0.006964 1.647861 2684.797728
0.874211 0.000000 0.000000 0.000000 0.000000 0.118826 0.006964 1.647861 2684.797728
0.874211 0.000000 0.000000 0.000000 0.000000 0.118826 0.006964 1.647861 2684.797728
0.874211 0.000000 0.000000 0.000000 0.000000 0.118826 0.006964 1.647861 2684.797728
0.874211 0.000000 0.000000 0.000000 0.000000 0.118826 0.006964 1.647861 2684.797728
0.874211 0.000000 0.000000 0.000000 0.000000 0.118826 0.006964 1.647861 2684.797728
0.874211 0.000000 0.000000 0.000000 0.000000 0.118826 0.006964 1.647861 2684.797728
0.874211 0.000000 0.000000 0.000000 0.000000 0.118826 0.006964 1.647861 2684.797728
0.874211 0.000000 0.000000 0.000000 0.000000 0.118826 0.006964 1.647861 2684.797728
0.874211 0.000000 0.000000 0.000000 0.000000 0.118826 0.006964 1.647861 2684.797728
0.874211 0.000000 0.000000 0.000000 0.000000 0.118826 0.006964 1.647861 2684.797728
0.874211 0.000000 0.000000 0.000000 0.000000 0.118826 0.006964 1.647861 2684.797728
0.874211 0.000000 0.000000 0.000000 0.000000 0.118826 0.006964 1.647861 2684.797728
0.874211 0.000000 0.000000 0.000000 0.000000 0.118826 0.006964 1.647861 2684.797728
0.874211 0.000000 0.000000 0.000000 0.000000 0.118826 0.006964 1.647861 2684.797728
0.874211 0.000000 0.000000 0.000000 0.000000 0.118826 0.006964 1.647861 2684.797728
0.874211 0.000000 0.000000 0.000000 0.000000 0.118826 0.006964 1.647861 2684.797728
0.874211 0.000000 0.000000 0.000000 0.000000 0.118826 0.006964 1.647861 2684.797728
0.874211 0.000000 0.000000 0.000000 0.000000 0.118826 0.006964 1.647861 2684.797728
0.874211 0.000000 0.000000 0.000000 0.000000 0.118826 0.006964 1.647861 2684.797728
0.874211 0.000000 0.000000 0.000000 0.000000 0.118826 0.006964 1.647861 2684.797728
0.874211 0.000000 0.000000 0.000000 0.000000 0.118826 0.006964 1.647861 2684.797728
0.874211 0.000000 0.000000 0.000000 0.000000 0.118826 0.006964 1.647861 2684.797728
0.874211 0.000000 0.000000 0.000000 0.000000 0.118826 0.006964 1.647861 2684.797728
0.874211 0.000000 0.000000 0.000000 0.000000 0.118826 0.006964 1.647861 2684.797728
0.874211 0.000000 0.000000 0.000000 0.000000 0.118826 0.006964 1.647861 2684.797728
0.874211 0.000000 0.000000 0.000000 0.000000 0.118826 0.006964 1.647861 2684.797728
0.874211 0.000000 0.000000 0.000000 0.000000 0.118826 0.006964 1.647861 2684.797728
0.874211 0.000000 0.000000 0.000000 0.000000 0.118826 0.006964 1.647861 2684.797728
0.874211 0.000000 0.000000 0.000000 0.000000 0.118826 0.006964 1.647861 2684.797728
0.874211 0.000000 0.000000 0.000000 0.000000 0.118826 0.006964 1.647861 2684.797728
0.874211 0.000000 0.000000 0.000000 0.000000 0.118826 0.006964 1.647861 2684.797728
0.874211 0.000000 0.000000 0.000000 0.000000 0.118826 0.006964 1.647861 2684.797728
0.874211 0.000000 0.000000 0.000000 0.000000 0.118826 0.006964 1.647861 2684.797728
0.874211 0.000000 0.000000 0.000000 0.000000 0.118826 0.006964 1.647861 2684.797728
0.874211 0.000000 0.000000 0.000000 0.000000 0.118826 0.006964 1.647861 2684.797728
0.874211 0.000000 0.000000 0.000000 0.000000 0.118826 0.006964 1.647861 2684.797728
0.874211 0.000000 0.000000 0.000000 0.000000 0.118826 0.006964 1.647861 2684.797728
0.874211 0.000000 0.000000 0.000000 0.000000 0.118826 0.006964 1.647861 2684.797728
0.874211 0.000000 0.000000 0.000000 0.000000 0.118826 0.006964 1.647861 2684.797728
0.874211 0.000000 0.000000 0.000000 0.000000 0.118826 0.006964 1.647861 2684.797728
0.874211 0.000000 0.000000 0.000000 0.000000 0.118826 0.006964 1.647861 2684.797728
0.874211 0.000000 0.000000 0.000000 0.000000 0.118826 0.006964 1.647861 2684.797728
0.874211 0.000000 0.000000 0.000000 0.000000 0.118826 0.006964 1.647861 2684.797728
0.874211 0.000000 0.000000 0.000000 0.000000 0.118826 0.006964 1.647861 2684.797728
0.874211 0.000000 0.000000 0.000000 0.000000 0.118826 0.006964 1.647861 2684.797728
0.874211 0.000000 0.000000 0.000000 0.000000 0.118826 0.006964 1.647861 2684.797728
0.874211 0.000000 0.000000 0.000000 0.000000 0.118826 0.006964 1.647861 2684.797728
0.874211 0.000000 0.000000 0.000000 0.000000 0.118826 0.006964 1.647861 2684.797728
0.874211 0.000000 0.000000 0.000000 0.000000 0.118826 0.006964 1.647861 2684.797728
0.874211 0.000000 0.000000 0.000000 0.000000 0.118826 0.006964 1.647861 2684.797728
0.874211 0.000000 0.000000 0.000000 0.000000 0.118826 0.006964 1.647861 2684.797728
0.874211 0.000000 0.000000 0.000000 0.000000 0.118826 0.006964 1.647861 2684.797728
0.874211 0.000000 0.000000 0.000000 0.000000 0.118826 0.006964 1.647861 2684.797728
0.874211 0.000000 0.000000 0.000000 0.000000 0.118826 0.006964 1.647861 2684.797728
0.874211 0.000000 0.000000 0.000000 0.000000 0.118826 0.006964 1.647861 2684.797728
0.874211 0.000000 0.000000 0.000000 0.000000 0.118826 0.006964 1.647861 2684.797728
0.874211 0.000000 0.000000 0.000000 0.000000 0.118826 0.006964 1.647861 2684.797728
0.874211 0.000000 0.000000 0.000000 0.000000 0.118826 0.006964 1.647861 2684.797728
0.874211 0.000000 0.000000 0.000000 0.000000 0.118826 0.006964 1.647861 2684.797728
0.874211 0.000000 0.000000 0.000000 0.000000 0.118826 0.006964 1.647861 2684.797728
0.874211 0.000000 0.000000 0.000000 0.000000 0.118826 0.006964 1.647861 2684.797728
0.874211 0.000000 0.000000 0.000000 0.000000 0.118826 0.006964 1.647861 2684.797728
0.874211 0.000000 0.000000 0.000000 0.000000 0.118826 0.006964 1.647861 2684.797728
0.874211 0.000000 0.000000 0.000000 0.000000 0.118826 0.006964 1.647861 2684.797728
0.874211 0.000000 0.000000 0.000000 0.000000 0.118826 0.006964 1.647861 2684.797728
0.874211 0.000000 0.000000 0.000000 0.000000 0.118826 0.006964 1.647861 2684.797728
0.874211 0.000000 0.000000 0.000000 0.000000 0.118826 0.006964 1.647861 2684.797728
0.874211 0.000000 0.000000 0.000000 0.000000 0.118826 0.006964 1.647861 2684.797728
0.874211 0.000000 0.000000 0.000000 0.000000 0.118826 0.006964 1.647861 2684.797728
0.874211 0.000000 0.000000 0.000000 0.000000 0.118826 0.006964 1.647861 2684.797728
0.874211 0.000000 0.000000 0.000000 0.000000 0.118826 0.006964 1.647861 2684.797728
0.874211 0.000000 0.000000 0.000000 0.000000 0.118826 0.006964 1.647861 2684.797728
0.874211 0.000000 0.000000 0.000000 0.000000 0.118826 0.006964 1.647861 2684.797728
0.874211 0.000000 0.000000 0.000000 0.000000 0.118826 0.006964 1.647861 2684.797728
0.874211 0.000000 0.000000 0.000000 0.000000 0.118826 0.006964 1.647861 2684.797728
0.874211 0.000000 0.000000 0.000000 0.000000 0.118826 0.006964 1.647861 2684.797728
0.874211 0.000000 0.000000 0.000000 0.000000 0.118826 0.006964 1.647861 2684.797728
0.874211 0.000000 0.000000 0.000000 0.000000 0.118826 0.006964 1.647861 2684.797728
0.874211 0.000000 0.000000 0.000000 0.000000 0.118826 0.006964 1.647861 2684.797728
0.874211 0.000000 0.000000 0.000000 0.000000 0.118826 0.006964 1.647861 2684.797728
0.874211 0.000000 0.000000 0.000000 0.000000 0.118826 0.006964 1.647861 2684.797728
0.874211 0.000000 0.000000 0.000000 0.000000 0.118826 0.006964 1.647861 2684.797728
0.874211 0.000000 0.000000 0.000000 0.000000 0.118826 0.006964 1.647861 2684.797728
0.874211 0.000000 0.000000 0.000000 0.000000 0.118826 0.006964 1.647861 2684.797728
0.874211 0.000000 0.000000 0.000000 0.000000 0.118826 0.006964 1.647861 2684.797728
0.874211 0.000000 0.000000 0.000000 0.000000 0.118826 0.006964 1.647861 2684.797728
0.874211 0.000000 0.000000 0.000000 0.000000 0.118826 0.006964 1.647861 2684.797728
0.874211 0.000000 0.000000 0.000000 0.000000 0.118826 0.006964 1.647861 2684.797728
0.874211 0.000000 0.000000 0.000000 0.000000 0.118826 0.006964 1.647861 2684.797728
0.874211 0.000000 0.000000 0.000000 0.000000 0.118826 0.006964 1.647861 2684.797728
0.874211 0.000000 0.000000 0.000000 0.000000 0.118826 0.006964 1.647861 2684.797728
0.874211 0.000000 0.000000 0.000000 0.000000 0.118826 0.006964 1.647861 2684.797728
0.874211 0.000000 0.000000 0.000000 0.000000 0.118826 0.006964 1.647861 2684.797728
0.874211 0.000000 0.000000 0.000000 0.000000 0.118826 0.006964 1.647861 2684.797728
0.874211 0.000000 0.000000 0.000000 0.000000 0.118826 0.006964 1.647861 2684.797728
0.874211 0.000000 0.000000 0.000000 0.000000 0.118826 0.006964 1.647861 2684.797728
0.874211 0.000000 0.000000 0.000000 0.000000 0.118826 0.006964 1.647861 2684.797728
0.874211 0.000000 0.000000 0.000000 0.000000 0.118826 0.006964 1.647861 2684.797728
0.874211 0.000000 0.000000 0.000000 0.000000 0.118826 0.006964 1.647861 2684.797728
0.874211 0.000000 0.000000 0.000000 0.000000 0.118826 0.006964 1.647861 2684.797728
0.874211 0.000000 0.000000 0.000000 0.000000 0.118826 0.006964 1.647861 2684.797728
0.874211 0.000000 0.000000 0.000000 0.000000 0.118826 0.006964 1.647861 2684.797728
0.874211 0.000000 0.000000 0.000000 0.000000 0.118826 0.006964 1.647861 2684.797728
0.874211 0.000000 0.000000 0.000000 0.000000 0.118826 0.006964 1.647861 2684.797728
0.874211 0.000000 0.000000 0.000000 0.000000 0.118826 0.006964 1.647861 2684.797728
0.874211 0.000000 0.000000 0.000000 0.000000 0.118826 0.006964 1.647861 2684.797728
0.874211 0.000000 0.000000 0.000000 0.000000 0.118826 0.006964 1.647861 2684.797728
0.874211 0.000000 0.000000 0.000000 0.000000 0.118826 0.006964 1.647861 2684.797728
0.874211 0.000000 0.000000 0.000000 0.000000 0.118826 0.006964 1.647861 2684.797728
0.874211 0.000000 0.000000 0.000000 0.000000 0.118826 0.006964 1.647861 2684.797728
0.874211 0.000000 0.000000 0.000000 0.000000 0.118826 0.006964 1.647861 2684.797728
0.874211 0.000000 0.000000 0.000000 0.000000 0.118826 0.006964 1.647861 2684.797728
0.874211 0.000000 0.000000 0.000000 0.000000 0.118826 0.006964 1.647861 2684.797728
0.874211 0.000000 0.000000 0.000000 0.000000 0.118826 0.006964 1.647861 2684.797728
0.874211 0.000000 0.000000 0.000000 0.000000 0.118826 0.006964 1.647861 2684.797728
0.874211 0.000000 0.000000 0.000000 0.000000 0.118826 0.006964 1.647861 2684.797728
0.874211 0.000000 0.000000 0.000000 0.000000 0.118826 0.006964 1.647861 2684.797728
0.874211 0.000000 0.000000 0.000000 0.000000 0.118826 0.006964 1.647861 2684.797728
0.874211 0.000000 0.000000 0.000000 0.000000 0.118826 0.006964 1.647861 2684.797728
0.874211 0.000000 0.000000 0.000000 0.000000 0.118826 0.006964 1.647861 2684.797728
0.874211 0.000000 0.000000 0.000000 0.000000 0.118826 0.006964 1.647861 2684.797728
0.874211 0.000000 0.000000 0.000000 0.000000 0.118826 0.006964 1.647861 2684.797728
0.874211 0.000000 0.000000 0.000000 0.000000 0.118826 0.006964 1.647861 2684.797728
0.874211 0.000000 0.000000 0.000000 0.000000 0.118826 0.006964 1.647861 2684.797728
0.874211 0.000000 0.000000 0.000000 0.000000 0.118826 0.006964 1.647861 2684.797728
0.874211 0.000000 0.000000 0.000000 0.000000 0.118826 0.006964 1.647861 2684.797728
0.874211 0.000000 0.000000 0.000000 0.000000 0.118826 0.006964 1.647861 2684.797728
0.874211 0.000000 0.000000 0.000000 0.000000 0.118826 0.006964 1.647861 2684.797728
0.874211 0.000000 0.000000 0.000000 0.000000 0.118826 0.006964 1.647861 2684.797728
0.874211 0.000000 0.000000 0.000000 0.000000 0.118826 0.006964 1.647861 2684.797728
0.874211 0.000000 0.000000 0.000000 0.000000 0.118826 0.006964 1.647861 2684.797728
0.874211 0.000000 0.000000 0.000000 0.000000 0.118826 0.006964 1.647861 2684.797728
0.874211 0.000000 0.000000 0.000000 0.000000 0.118826 0.006964 1.647861 2684.797728
0.874211 0.000000 0.000000 0.000000 0.000000 0.118826 0.006964 1.647861 2684.797728
0.874211 0.000000 0.000000 0.000000 0.000000 0.118826 0.006964 1.647861 2684.797728
0.874211 0.000000 0.000000 0.000000 0.000000 0.118826 0.006964 1.647861 2684.797728
0.874211 0.000000 0.000000 0.000000 0.000000 0.118826 0.006964 1.647861 2684.797728
0.874211 0.000000 0.000000 0.000000 0.000000 0.118826 0.006964 1.647861 2684.797728
0.874211 0.000000 0.000000 0.000000 0.000000 0.118826 0.006964 1.647861 2684.797728
0.874211 0.000000 0.000000 0.000000 0.000000 0.118826 0.006964 1.647861 2684.797728
0.874211 0.000000 0.000000 0.000000 0.000000 0.118826 0.006964 1.647861 2684.797728
0.874211 0.000000 0.000000 0.000000 0.000000 0.118826 0.006964 1.647861 2684.797728
0.874211 0.000000 0.000000 0.000000 0.000000 0.118826 0.006964 1.647861 2684.797728
0.874211 0.000000 0.000000 0.000000 0.000000 0.118826 0.006964 1.647861 2684.797728
0.874211 0.000000 0.000000 0.000000 0.000000 0.118826 0.006964 1.647861 2684.797728
0.874211 0.000000 0.000000 0.000000 0.000000 0.118826 0.006964 1.647861 2684.797728
0.874211 0.000000 0.000000 0.000000 0.000000 0.118826 0.006964 1.647861 2684.797728
0.874211 0.000000 0.000000 0.000000 0.000000 0.118826 0.006964 1.647861 2684.797728
0.874211 0.000000 0.000000 0.000000 0.000000 0.118826 0.006964 1.647861 2684.797728
0.874211 0.000000 0.000000 0.000000 0.000000 0.118826 0.006964 1.647861 2684.797728
0.874211 0.000000 0.000000 0.000000 0.000000 0.118826 0.006964 1.647861 2684.797728
0.874211 0.000000 0.000000 0.000000 0.000000 0.118826 0.006964 1.647861 2684.797728
0.874211 0.000000 0.000000 0.000000 0.000000 0.118826 0.006964 1.647861 2684.797728
0.874211 0.000000 0.000000 0.000000 0.000000 0.118826 0.006964 1.647861 2684.797728
0.874211 0.000000 0.000000 0.000000 0.000000 0.118826 0.006964 1.647861 2684.797728
0.874211 0.000000 0.000000 0.000000 0.000000 0.118826 0.006964 1.647861 2684.797728
0.874211 0.000000 0.000000 0.000000 0.000000 0.118826 0.006964 1.647861 2684.797728
0.874211 0.000000 0.000000 0.000000 0.000000 0.118826 0.006964 1.647861 2684.797728
0.874211 0.000000 0.000000 0.000000 0.000000 0.118826 0.006964 1.647861 2684.797728
0.874211 0.000000 0.000000 0.000000 0.000000 0.118826 0.006964 1.647861 2684.797728
0.874211 0.000000 0.000000 0.000000 0.000000 0.118826 0.006964 1.647861 2684.797728
0.874211 0.000000 0.000000 0.000000 0.000000 0.118826 0.006964 1.647861 2684.797728
0.874211 0.000000 0.000000 0.000000 0.000000 0.118826 0.006964 1.647861 2684.797728
0.874211 0.000000 0.000000 0.000000 0.000000 0.118826 0.006964 1.647861 2684.797728
0.874211 0.000000 0.000000 0.000000 0.000000 0.118826 0.006964 1.647861 2684.797728
0.874211 0.000000 0.000000 0.000000 0.000000 0.118826 0.006964 1.647861 2684.797728
0.874211 0.000000 0.000000 0.000000 0.000000 0.118826 0.006964 1.647861 2684.797728
0.874211 0.000000 0.000000 0.000000 0.000000 0.118826 0.006964 1.647861 2684.797728
0.874211 0.000000 0.000000 0.000000 0.000000 0.118826 0.006964 1.647861 2684.797728
0.874211 0.000000 0.000000 0.000000 0.000000 0.118826 0.006964 1.647861 2684.797728
0.874211 0.000000 0.000000 0.000000 0.000000 0.118826 0.006964 1.647861 2684.797728
0.874211 0.000000 0.000000 0.000000 0.000000 0.118826 0.006964 1.647861 2684.797728
0.874211 0.000000 0.000000 0.000000 0.000000 0.118826 0.006964 1.647861 2684.797728
0.874211 0.000000 0.000000 0.000000 0.000000 0.118826 0.006964 1.647861 2684.797728
0.874211 0.000000 0.000000 0.000000 0.000000 0.118826 0.006964 1.647861 2684.797728
0.874211 0.000000 0.000000 0.000000 0.000000 0.118826 0.006964 1.647861 2684.797728
0.874211 0.000000 0.000000 0.000000 0.000000 0.118826 0.006964 1.647861 2684.797728
0.874211 0.000000 0.000000 0.000000 0.000000 0.118826 0.006964 1.647861 2684.797728
0.874211 0.000000 0.000000 0.000000 0.000000 0.118826 0.006964 1.647861 2684.797728
0.874211 0.000000 0.000000 0.000000 0.000000 0.118826 0.006964 1.647861 2684.797728
0.874211 0.000000 0.000000 0.000000 0.000000 0.118826 0.006964 1.647861 2684.797728
0.874211 0.000000 0.000000 0.000000 0.000000 0.118826 0.006964 1.647861 2684.797728
0.874211 0.000000 0.000000 0.000000 0.000000 0.118826 0.006964 1.647861 2684.797728
0.874211 0.000000 0.000000 0.000000 0.000000 0.118826 0.006964 1.647861 2684.797728
0.874211 0.000000 0.000000 0.000000 0.000000 0.118826 0.006964 1.647861 2684.797728
0.874211 0.000000 0.000000 0.000000 0.000000 0.118826 0.006964 1.647861 2684.797728
0.874211 0.000000 0.000000 0.000000 0.000000 0.118826 0.006964 1.647861 2684.797728
0.874211 0.000000 0.000000 0.000000 0.000000 0.118826 0.006964 1.647861 2684.797728
0.874211 0.000000 0.000000 0.000000 0.000000 0.118826 0.006964 1.647861 2684.797728
0.874211 0.000000 0.000000 0.000000 0.000000 0.118826 0.006964 1.647861 2684.797728
0.874211 0.000000 0.000000 0.000000 0.000000 0.118826 0.006964 1.647861 2684.797728
0.874211 0.000000 0.000000 0.000000 0.000000 0.118826 0.006964 1.647861 2684.797728
0.874211 0.000000 0.000000 0.000000 0.000000 0.118826 0.006964 1.647861 2684.797728
0.874211 0.000000 0.000000 0.000000 0.000000 0.118826 0.006964 1.647861 2684.797728
0.874211 0.000000 0.000000 0.000000 0.000000 0.118826 0.006964 1.647861 2684.797728
0.874211 0.000000 0.000000 0.000000 0.000000 0.118826 0.006964 1.647861 2684.797728
0.874211 0.000000 0.000000 0.000000 0.000000 0.118826 0.006964 1.647861 2684.797728
0.874211 0.000000 0.000000 0.000000 0.000000 0.118826 0.006964 1.647861 2684.797728
0.874211 0.000000 0.000000 0.000000 0.000000 0.118826 0.006964 1.647861 2684.797728
0.874211 0.000000 0.000000 0.000000 0.000000 0.118826 0.006964 1.647861 2684.797728
0.874211 0.000000 0.000000 0.000000 0.000000 0.118826 0.006964 1.647861 2684.797728
0.874211 0.000000 0.000000 0.000000 0.000000 0.118826 0.006964 1.647861 2684.797728
0.874211 0.000000 0.000000 0.000000 0.000000 0.118826 0.006964 1.647861 2684.797728
0.874211 0.000000 0.000000 0.000000 0.000000 0.118826 0.006964 1.647861 2684.797728
0.874211 0.000000 0.000000 0.000000 0.000000 0.118826 0.006964 1.647861 2684.797728
0.874211 0.000000 0.000000 0.000000 0.000000 0.118826 0.006964 1.647861 2684.797728
0.874211 0.000000 0.000000 0.000000 0.000000 0.118826 0.006964 1.647861 2684.797728
0.874211 0.000000 0.000000 0.000000 0.000000 0.118826 0.006964 1.647861 2684.797728
0.874211 0.000000 0.000000 0.000000 0.000000 0.118826 0.006964 1.647861 2684.797728
0.874211 0.000000 0.000000 0.000000 0.000000 0.118826 0.006964 1.647861 2684.797728
0.874211 0.000000 0.000000 0.000000 0.000000 0.118826 0.006964 1.647861 2684.797728
0.874211 0.000000 0.000000 0.000000 0.000000 0.118826 0.006964 1.647861 2684.797728
0.874211 0.000000 0.000000 0.000000 0.000000 0.118826 0.006964 1.647861 2684.797728
0.874211 0.000000 0.000000 0.000000 0.000000 0.118826 0.006964 1.647861 2684.797728
0.874211 0.000000 0.000000 0.000000 0.000000 0.118826 0.006964 1.647861 2684.797728
0.874211 0.000000 0.000000 0.000000 0.000000 0.118826 0.006964 1.647861 2684.797728
0.874211 0.000000 0.000000 0.000000 0.000000 0.118826 0.006964 1.647861 2684.797728
0.874211 0.000000 0.000000 0.000000 0.000000 0.118826 0.006964 1.647861 2684.797728
0.874211 0.000000 0.000000 0.000000 0.000000 0.118826 0.006964 1.647861 2684.797728
0.874211 0.000000 0.000000 0.000000 0.000000 0.118826 0.006964 1.647861 2684.797728
0.874211 0.000000 0.000000 0.000000 0.000000 0.118826 0.006964 1.647861 2684.797728
0.874211 0.000000 0.000000 0.000000 0.000000 0.118826 0.006964 1.647861 2684.797728
0.874211 0.000000 0.000000 0.000000 0.000000 0.118826 0.006964 1.647861 2684.797728
0.874211 0.000000 0.000000 0.000000 0.000000 0.118826 0.006964 1.647861 2684.797728
0.874211 0.000000 0.000000 0.000000 0.000000 0.118826 0.006964 1.647861 2684.797728
0.874211 0.000000 0.000000 0.000000 0.000000 0.118826 0.006964 1.647861 2684.797728
0.874211 0.000000 0.000000 0.000000 0.000000 0.118826 0.006964 1.647861 2684.797728
0.874211 0.000000 0.000000 0.000000 0.000000 0.118826 0.006964 1.647861 2684.797728
0.874211 0.000000 0.000000 0.000000 0.000000 0.118826 0.006964 1.647861 2684.797728
0.874211 0.000000 0.000000 0.000000 0.000000 0.118826 0.006964 1.647861 2684.797728
0.874211 0.000000 0.000000 0.000000 0.000000 0.118826 0.006964 1.647861 2684.797728
0.874211 0.000000 0.000000 0.000000 0.000000 0.118826 0.006964 1.647861 2684.797728
0.874211 0.000000 0.000000 0.000000 0.000000 0.118826 0.006964 1.647861 2684.797728
0.874211 0.000000 0.000000 0.000000 0.000000 0.118826 0.006964 1.647861 2684.797728
0.874211 0.000000 0.000000 0.000000 0.000000 0.118826 0.006964 1.647861 2684.797728
0.874211 0.000000 0.000000 0.000000 0.000000 0.118826 0.006964 1.647861 2684.797728
0.874211 0.000000 0.000000 0.000000 0.000000 0.118826 0.006964 1.647861 2684.797728
0.874211 0.000000 0.000000 0.000000 0.000000 0.118826 0.006964 1.647861 2684.797728
0.874211 0.000000 0.000000 0.000000 0.000000 0.118826 0.006964 1.647861 2684.797728
0.874211 0.000000 0.000000 0.000000 0.000000 0.118826 0.006964 1.647861 2684.797728
0.874211 0.000000 0.000000 0.000000 0.000000 0.118826 0.006964 1.647861 2684.797728
0.874211 0.000000 0.000000 0.000000 0.000000 0.118826 0.006964 1.647861 2684.797728
0.874211 0.000000 0.000000 0.000000 0.000000 0.118826 0.006964 1.647861 2684.797728
0.874211 0.000000 0.000000 0.000000 0.000000 0.118826 0.006964 1.647861 2684.797728
0.874211 0.000000 0.000000 0.000000 0.000000 0.118826 0.006964 1.647861 2684.797728
0.874211 0.000000 0.000000 0.000000 0.000000 0.118826 0.006964 1.647861 2684.797728
0.874211 0.000000 0.000000 0.000000 0.000000 0.118826 0.006964 1.647861 2684.797728
0.874211 0.000000 0.000000 0.000000 0.000000 0.118826 0.006964 1.647861 2684.797728
0.874211 0.000000 0.000000 0.000000 0.000000 0.118826 0.006964 1.647861 2684.797728
0.874211 0.000000 0.000000 0.000000 0.000000 0.118826 0.006964 1.647861 2684.797728
0.874211 0.000000 0.000000 0.000000 0.000000 0.118826 0.006964 1.647861 2684.797728
0.874211 0.000000 0.000000 0.000000 0.000000 0.118826 0.006964 1.647861 2684.797728
0.874211 0.000000 0.000000 0.000000 0.000000 0.118826 0.006964 1.647861 2684.797728
0.874211 0.000000 0.000000 0.000000 0.000000 0.118826 0.006964 1.647861 2684.797728
0.874211 0.000000 0.000000 0.000000 0.000000 0.118826 0.006964 1.647861 2684.797728
0.874211 0.000000 0.000000 0.000000 0.000000 0.118826 0.006964 1.647861 2684.797728
0.874211 0.000000 0.000000 0.000000 0.000000 0.118826 0.006964 1.647861 2684.797728
0.874211 0.000000 0.000000 0.000000 0.000000 0.118826 0.006964 1.647861 2684.797728
0.874211 0.000000 0.000000 0.000000 0.000000 0.118826 0.006964 1.647861 2684.797728
0.874211 0.000000 0.000000 0.000000 0.000000 0.118826 0.006964 1.647861 2684.797728
0.874211 0.000000 0.000000 0.000000 0.000000 0.118826 0.006964 1.647861 2684.797728
0.874211 0.000000 0.000000 0.000000 0.000000 0.118826 0.006964 1.647861 2684.797728
0.874211 0.000000 0.000000 0.000000 0.000000 0.118826 0.006964 1.647861 2684.797728
0.874211 0.000000 0.000000 0.000000 0.000000 0.118826 0.006964 1.647861 2684.797728
0.874211 0.000000 0.000000 0.000000 0.000000 0.118826 0.006964 1.647861 2684.797728
0.874211 0.000000 0.000000 0.000000 0.000000 0.118826 0.006964 1.647861 2684.797728
0.874211 0.000000 0.000000 0.000000 0.000000 0.118826 0.006964 1.647861 2684.797728
0.874211 0.000000 0.000000 0.000000 0.000000 0.118826 0.006964 1.647861 2684.797728
0.874211 0.000000 0.000000 0.000000 0.000000 0.118826 0.006964 1.647861 2684.797728
0.874211 0.000000 0.000000 0.000000 0.000000 0.118826 0.006964 1.647861 2684.797728
0.874211 0.000000 0.000000 0.000000 0.000000 0.118826 0.006964 1.647861 2684.797728
0.874211 0.000000 0.000000 0.000000 0.000000 0.118826 0.006964 1.647861 2684.797728
0.874211 0.000000 0.000000 0.000000 0.000000 0.118826 0.006964 1.647861 2684.797728
0.874211 0.000000 0.000000 0.000000 0.000000 0.118826 0.006964 1.647861 2684.797728
0.874211 0.000000 0.000000 0.000000 0.000000 0.118826 0.006964 1.647861 2684.797728
0.874211 0.000000 0.000000 0.000000 0.000000 0.118826 0.006964 1.647861 2684.797728
0.874211 0.000000 0.000000 0.000000 0.000000 0.118826 0.006964 1.647861 2684.797728
0.874211 0.000000 0.000000 0.000000 0.000000 0.118826 0.006964 1.647861 2684.797728
0.874211 0.000000 0.000000 0.000000 0.000000 0.118826 0.006964 1.647861 2684.797728
0.874211 0.000000 0.000000 0.000000 0.000000 0.118826 0.006964 1.647861 2684.797728
0.874211 0.000000 0.000000 0.000000 0.000000 0.118826 0.006964 1.647861 2684.797728
0.874211 0.000000 0.000000 0.000000 0.000000 0.118826 0.006964 1.647861 2684.797728
0.874211 0.000000 0.000000 0.000000 0.000000 0.118826 0.006964 1.647861 2684.797728
0.874211 0.000000 0.000000 0.000000 0.000000 0.118826 0.006964 1.647861 2684.797728
0.874211 0.000000 0.000000 0.000000 0.000000 0.118826 0.006964 1.647861 2684.797728
0.874211 0.000000 0.000000 0.000000 0.000000 0.118826 0.006964 1.647861 2684.797728
0.874211 0.000000 0.000000 0.000000 0.000000 0.118826 0.006964 1.647861 2684.797728
0.874211 0.000000 0.000000 0.000000 0.000000 0.118826 0.006964 1.647861 2684.797728
0.874211 0.000000 0.000000 0.000000 0.000000 0.118826 0.006964 1.647861 2684.797728
0.874211 0.000000 0.000000 0.000000 0.000000 0.118826 0.006964 1.647861 2684.797728
0.874211 0.000000 0.000000 0.000000 0.000000 0.118826 0.006964 1.647861 2684.797728
0.874211 0.000000 0.000000 0.000000 0.000000 0.118826 0.006964 1.647861 2684.797728
0.874211 0.000000 0.000000 0.000000 0.000000 0.118826 0.006964 1.647861 2684.797728
0.874211 0.000000 0.000000 0.000000 0.000000 0.118826 0.006964 1.647861 2684.797728
0.874211 0.000000 0.000000 0.000000 0.000000 0.118826 0.006964 1.647861 2684.797728
0.874211 0.000000 0.000000 0.000000 0.000000 0.118826 0.006964 1.647861 2684.797728
0.874211 0.000000 0.000000 0.000000 0.000000 0.118826 0.006964 1.647861 2684.797728
0.874211 0.000000 0.000000 0.000000 0.000000 0.118826 0.006964 1.647861 2684.797728
0.874211 0.000000 0.000000 0.000000 0.000000 0.118826 0.006964 1.647861 2684.797728
0.874211 0.000000 0.000000 0.000000 0.000000 0.118826 0.006964 1.647861 2684.797728
0.874211 0.000000 0.000000 0.000000 0.000000 0.118826 0.006964 1.647861 2684.797728
0.874211 0.000000 0.000000 0.000000 0.000000 0.118826 0.006964 1.647861 2684.797728
0.874211 0.000000 0.000000 0.000000 0.000000 0.118826 0.006964 1.647861 2684.797728
0.874211 0.000000 0.000000 0.000000 0.000000 0.118826 0.006964 1.647861 2684.797728
0.874211 0.000000 0.000000 0.000000 0.000000 0.118826 0.006964 1.647861 2684.797728
0.874211 0.000000 0.000000 0.000000 0.000000 0.118826 0.006964 1.647861 2684.797728
0.874211 0.000000 0.000000 0.000000 0.000000 0.118826 0.006964 1.647861 2684.797728
0.874211 0.000000 0.000000 0.000000 0.000000 0.118826 0.006964 1.647861 2684.797728
0.874211 0.000000 0.000000 0.000000 0.000000 0.118826 0.006964 1.647861 2684.797728
0.874211 0.000000 0.000000 0.000000 0.000000 0.118826 0.006964 1.647861 2684.797728
0.874211 0.000000 0.000000 0.000000 0.000000 0.118826 0.006964 1.647861 2684.797728
0.874211 0.000000 0.000000 0.000000 0.000000 0.118826 0.006964 1.647861 2684.797728
