0.371639 0.060773 0.053816 0.030537 0.001892 0.475819 0.005524 1.563497 1923.417066
0.372822 0.059674 0.054551 0.029585 0.001897 0.475926 0.005545 1.569366 1932.680411
0.375475 0.057221 0.055163 0.028728 0.001894 0.475949 0.005570 1.575082 1941.860862
0.378979 0.054107 0.055568 0.027880 0.001890 0.475980 0.005597 1.580603 1950.845796
0.383017 0.050862 0.055600 0.027048 0.001884 0.475964 0.005625 1.585784 1960.221453
0.387482 0.047628 0.055390 0.026215 0.001884 0.475751 0.005650 1.590582 1968.322025
0.392068 0.044469 0.054968 0.025400 0.001868 0.475552 0.005674 1.595067 1978.364423
0.396944 0.041374 0.054359 0.024608 0.001869 0.475151 0.005695 1.599277 1987.659356
0.401957 0.038420 0.053541 0.023771 0.001860 0.474734 0.005718 1.603212 1997.362338
0.407039 0.035653 0.052561 0.022945 0.001846 0.474215 0.005741 1.606853 2006.336656
0.412222 0.033082 0.051341 0.022178 0.001825 0.473585 0.005766 1.610214 2017.368490
0.417492 0.030663 0.050127 0.021363 0.001804 0.472762 0.005788 1.613331 2027.154873
0.422728 0.028419 0.048766 0.020588 0.001782 0.471901 0.005815 1.616215 2037.872706
0.428050 0.026281 0.047417 0.019767 0.001769 0.470879 0.005837 1.618935 2046.215494
0.433429 0.024333 0.046003 0.018996 0.001750 0.469630 0.005859 1.621427 2055.682528
0.438791 0.022574 0.044467 0.018218 0.001729 0.468335 0.005886 1.623711 2064.235913
0.444191 0.020934 0.042894 0.017494 0.001710 0.466868 0.005909 1.625837 2073.387054
0.449518 0.019377 0.041400 0.016791 0.001695 0.465292 0.005926 1.627844 2081.472368
0.454905 0.017966 0.039915 0.016081 0.001679 0.463506 0.005948 1.629680 2089.755454
0.460242 0.016693 0.038383 0.015387 0.001649 0.461677 0.005970 1.631354 2099.023343
0.465619 0.015513 0.036855 0.014722 0.001625 0.459672 0.005994 1.632914 2109.133620
0.471047 0.014367 0.035404 0.014082 0.001604 0.457480 0.006015 1.634413 2118.991158
0.476422 0.013354 0.033904 0.013478 0.001582 0.455222 0.006038 1.635768 2127.465903
0.481772 0.012405 0.032457 0.012874 0.001551 0.452879 0.006063 1.637040 2137.043381
0.487133 0.011551 0.030971 0.012286 0.001532 0.450449 0.006079 1.638204 2144.807342
0.492425 0.010754 0.029614 0.011726 0.001500 0.447883 0.006098 1.639312 2152.580793
0.497664 0.010030 0.028266 0.011190 0.001477 0.445257 0.006116 1.640323 2162.454645
0.503014 0.009328 0.026970 0.010677 0.001461 0.442416 0.006135 1.641304 2170.890125
0.508207 0.008695 0.025750 0.010185 0.001432 0.439578 0.006153 1.642199 2180.064504
0.513475 0.008123 0.024529 0.009694 0.001404 0.436599 0.006175 1.643017 2189.404400
0.518742 0.007592 0.023409 0.009239 0.001375 0.433446 0.006196 1.643784 2198.295868
0.523958 0.007089 0.022283 0.008803 0.001344 0.430311 0.006213 1.644525 2206.918990
0.529101 0.006639 0.021267 0.008377 0.001316 0.427070 0.006230 1.645201 2215.295686
0.534152 0.006239 0.020246 0.007962 0.001283 0.423866 0.006251 1.645815 2224.372187
0.539265 0.005858 0.019271 0.007577 0.001259 0.420507 0.006262 1.646401 2231.515060
0.544289 0.005504 0.018339 0.007198 0.001229 0.417160 0.006280 1.646961 2240.329775
0.549287 0.005169 0.017482 0.006839 0.001198 0.413728 0.006297 1.647497 2249.277532
0.554268 0.004883 0.016577 0.006507 0.001169 0.410279 0.006317 1.647971 2258.202844
0.559194 0.004584 0.015734 0.006175 0.001142 0.406838 0.006331 1.648440 2266.051022
0.564046 0.004312 0.014952 0.005892 0.001116 0.403333 0.006349 1.648880 2273.977376
0.568899 0.004051 0.014199 0.005618 0.001083 0.399788 0.006362 1.649300 2281.665511
0.573743 0.003819 0.013526 0.005336 0.001052 0.396148 0.006376 1.649690 2289.560497
0.578526 0.003602 0.012828 0.005050 0.001036 0.392571 0.006388 1.650056 2296.447122
0.583246 0.003371 0.012188 0.004811 0.001013 0.388969 0.006401 1.650427 2303.618715
0.587956 0.003193 0.011587 0.004578 0.000990 0.385282 0.006412 1.650748 2310.624707
0.592620 0.003032 0.010996 0.004358 0.000962 0.381608 0.006425 1.651043 2318.660914
0.597284 0.002885 0.010451 0.004150 0.000940 0.377852 0.006438 1.651327 2325.050663
0.601855 0.002731 0.009912 0.003960 0.000915 0.374179 0.006447 1.651606 2332.795819
0.606415 0.002596 0.009389 0.003769 0.000894 0.370475 0.006461 1.651861 2340.362627
0.610930 0.002463 0.008912 0.003583 0.000868 0.366772 0.006473 1.652107 2348.476387
0.615346 0.002347 0.008452 0.003397 0.000847 0.363129 0.006481 1.652342 2354.656546
0.619732 0.002235 0.007999 0.003236 0.000824 0.359482 0.006492 1.652557 2361.593774
0.624067 0.002127 0.007579 0.003093 0.000806 0.355826 0.006502 1.652774 2368.022392
0.628422 0.002026 0.007189 0.002936 0.000786 0.352127 0.006515 1.652979 2374.713997
0.632673 0.001938 0.006835 0.002798 0.000762 0.348466 0.006528 1.653169 2381.733734
0.636851 0.001856 0.006502 0.002646 0.000745 0.344862 0.006538 1.653356 2387.992245
0.641076 0.001768 0.006157 0.002519 0.000723 0.341207 0.006549 1.653542 2394.205303
0.645323 0.001700 0.005832 0.002399 0.000701 0.337485 0.006560 1.653702 2401.097310
0.649414 0.001627 0.005522 0.002287 0.000684 0.333896 0.006570 1.653862 2407.906855
0.653500 0.001542 0.005235 0.002185 0.000659 0.330294 0.006584 1.654028 2414.714857
0.657536 0.001464 0.004992 0.002081 0.000639 0.326695 0.006593 1.654191 2420.806323
0.661531 0.001408 0.004730 0.001983 0.000621 0.323127 0.006601 1.654329 2426.264642
0.665408 0.001348 0.004498 0.001897 0.000602 0.319636 0.006610 1.654478 2431.014814
0.669341 0.001294 0.004256 0.001805 0.000586 0.316099 0.006618 1.654605 2436.098230
0.673171 0.001230 0.004052 0.001714 0.000575 0.312633 0.006625 1.654734 2439.855215
0.676973 0.001183 0.003853 0.001633 0.000560 0.309166 0.006631 1.654852 2444.626526
0.680770 0.001135 0.003663 0.001567 0.000544 0.305681 0.006641 1.654969 2450.001069
0.684515 0.001093 0.003479 0.001491 0.000527 0.302249 0.006645 1.655073 2454.880162
0.688183 0.001062 0.003302 0.001422 0.000510 0.298866 0.006654 1.655174 2460.849250
0.691830 0.001018 0.003143 0.001353 0.000496 0.295498 0.006661 1.655276 2465.041487
0.695397 0.000975 0.002992 0.001293 0.000480 0.292196 0.006668 1.655378 2469.597213
0.698983 0.000948 0.002842 0.001238 0.000463 0.288852 0.006675 1.655466 2474.852832
0.702559 0.000913 0.002705 0.001176 0.000446 0.285517 0.006684 1.655554 2479.738500
0.706030 0.000870 0.002581 0.001123 0.000434 0.282273 0.006689 1.655652 2483.711710
0.709510 0.000847 0.002463 0.001068 0.000422 0.278996 0.006694 1.655734 2488.298075
0.712934 0.000808 0.002347 0.001024 0.000411 0.275777 0.006699 1.655823 2491.704153
0.716363 0.000781 0.002243 0.000977 0.000398 0.272534 0.006705 1.655904 2496.089754
0.719657 0.000765 0.002137 0.000934 0.000388 0.269407 0.006711 1.655974 2499.801956
0.722933 0.000741 0.002033 0.000887 0.000378 0.266311 0.006716 1.656043 2503.081482
0.726172 0.000714 0.001944 0.000842 0.000366 0.263240 0.006723 1.656118 2507.157633
0.729405 0.000691 0.001849 0.000804 0.000353 0.260169 0.006729 1.656190 2511.645829
0.732623 0.000666 0.001763 0.000768 0.000341 0.257104 0.006735 1.656261 2516.021587
0.735811 0.000636 0.001690 0.000734 0.000331 0.254059 0.006739 1.656324 2519.888337
0.738929 0.000612 0.001609 0.000702 0.000318 0.251087 0.006744 1.656379 2523.611377
0.741990 0.000591 0.001542 0.000671 0.000311 0.248148 0.006748 1.656441 2526.554198
0.745017 0.000580 0.001475 0.000642 0.000302 0.245233 0.006751 1.656493 2530.296801
0.748052 0.000562 0.001403 0.000613 0.000290 0.242322 0.006756 1.656545 2534.141660
0.751004 0.000543 0.001347 0.000592 0.000281 0.239475 0.006759 1.656601 2537.604736
0.753977 0.000525 0.001280 0.000569 0.000273 0.236613 0.006763 1.656651 2541.304296
0.756842 0.000509 0.001228 0.000544 0.000262 0.233848 0.006767 1.656700 2544.843987
0.759723 0.000490 0.001185 0.000516 0.000255 0.231062 0.006770 1.656749 2546.967477
0.762583 0.000471 0.001128 0.000490 0.000248 0.228306 0.006773 1.656798 2549.448649
0.765369 0.000451 0.001075 0.000471 0.000239 0.225617 0.006778 1.656846 2552.767110
0.768159 0.000434 0.001025 0.000459 0.000231 0.222911 0.006781 1.656895 2555.681185
0.770909 0.000422 0.000984 0.000439 0.000226 0.220236 0.006786 1.656939 2558.479403
0.773641 0.000412 0.000942 0.000418 0.000217 0.217580 0.006790 1.656979 2562.221310
0.776379 0.000402 0.000901 0.000402 0.000208 0.214915 0.006793 1.657015 2565.351819
0.779015 0.000392 0.000861 0.000386 0.000203 0.212348 0.006795 1.657054 2567.253910
0.781604 0.000385 0.000831 0.000375 0.000194 0.209811 0.006799 1.657090 2570.108131
0.784192 0.000376 0.000794 0.000362 0.000189 0.207284 0.006803 1.657124 2572.990235
0.786764 0.000367 0.000757 0.000351 0.000183 0.204774 0.006806 1.657159 2575.068880
0.789295 0.000360 0.000731 0.000340 0.000179 0.202287 0.006808 1.657192 2576.984842
0.791788 0.000346 0.000697 0.000330 0.000171 0.199856 0.006811 1.657227 2579.947356
0.794270 0.000339 0.000673 0.000315 0.000166 0.197422 0.006814 1.657258 2582.277924
0.796690 0.000325 0.000649 0.000308 0.000161 0.195050 0.006817 1.657294 2583.840471
0.799085 0.000313 0.000626 0.000297 0.000158 0.192702 0.006820 1.657327 2585.505593
0.801454 0.000304 0.000601 0.000287 0.000155 0.190378 0.006822 1.657356 2586.752808
0.803810 0.000293 0.000578 0.000282 0.000151 0.188063 0.006824 1.657385 2588.080685
0.806083 0.000290 0.000549 0.000269 0.000144 0.185837 0.006827 1.657407 2590.445630
0.808397 0.000281 0.000527 0.000263 0.000139 0.183566 0.006828 1.657433 2591.918627
0.810694 0.000274 0.000509 0.000248 0.000136 0.181310 0.006829 1.657457 2593.089199
0.812933 0.000266 0.000491 0.000237 0.000131 0.179110 0.006832 1.657485 2594.843388
0.815134 0.000256 0.000474 0.000229 0.000127 0.176948 0.006833 1.657514 2596.412762
0.817301 0.000257 0.000455 0.000218 0.000125 0.174810 0.006835 1.657533 2597.344934
0.819420 0.000248 0.000444 0.000210 0.000122 0.172720 0.006837 1.657558 2598.868637
0.821485 0.000237 0.000430 0.000206 0.000120 0.170684 0.006838 1.657586 2599.918815
0.823567 0.000230 0.000414 0.000199 0.000119 0.168632 0.006839 1.657610 2601.329877
0.825600 0.000227 0.000398 0.000192 0.000115 0.166626 0.006840 1.657629 2602.843579
0.827643 0.000222 0.000382 0.000185 0.000113 0.164614 0.006843 1.657650 2604.312622
0.829667 0.000214 0.000369 0.000181 0.000109 0.162616 0.006845 1.657672 2606.261310
0.831628 0.000211 0.000356 0.000176 0.000107 0.160676 0.006847 1.657692 2607.481145
0.833563 0.000205 0.000344 0.000170 0.000102 0.158767 0.006849 1.657713 2609.536258
0.835426 0.000199 0.000335 0.000166 0.000099 0.156925 0.006850 1.657730 2610.724623
0.837310 0.000196 0.000323 0.000160 0.000095 0.155065 0.006852 1.657747 2612.608351
0.839148 0.000192 0.000315 0.000155 0.000092 0.153247 0.006852 1.657766 2613.751846
0.841005 0.000183 0.000306 0.000151 0.000089 0.151413 0.006853 1.657787 2615.140273
0.842765 0.000178 0.000297 0.000144 0.000087 0.149677 0.006854 1.657805 2616.401198
0.844589 0.000170 0.000288 0.000138 0.000082 0.147877 0.006856 1.657821 2618.301908
0.846320 0.000167 0.000273 0.000132 0.000079 0.146171 0.006858 1.657834 2620.137262
0.848052 0.000158 0.000267 0.000124 0.000076 0.144463 0.006859 1.657853 2621.076659
0.849751 0.000152 0.000260 0.000121 0.000073 0.142781 0.006861 1.657869 2622.507998
0.851397 0.000146 0.000254 0.000119 0.000071 0.141150 0.006862 1.657886 2623.389595
0.853047 0.000142 0.000247 0.000116 0.000069 0.139516 0.006862 1.657900 2624.239941
0.854643 0.000143 0.000235 0.000111 0.000067 0.137939 0.006863 1.657912 2625.397910
0.856222 0.000140 0.000229 0.000107 0.000065 0.136373 0.006864 1.657923 2626.292633
0.857762 0.000138 0.000218 0.000106 0.000062 0.134848 0.006866 1.657934 2627.646426
0.859278 0.000135 0.000207 0.000106 0.000059 0.133349 0.006867 1.657947 2628.269206
0.860769 0.000131 0.000203 0.000103 0.000057 0.131867 0.006868 1.657958 2629.225767
0.862259 0.000128 0.000199 0.000103 0.000056 0.130385 0.006869 1.657971 2630.129995
0.863707 0.000122 0.000193 0.000104 0.000055 0.128951 0.006870 1.657987 2630.659679
0.865138 0.000118 0.000187 0.000102 0.000053 0.127531 0.006870 1.657998 2631.621166
0.866522 0.000115 0.000180 0.000100 0.000052 0.126159 0.006871 1.658009 2632.130718
0.867855 0.000113 0.000172 0.000096 0.000050 0.124842 0.006872 1.658018 2633.221156
0.869132 0.000111 0.000167 0.000093 0.000049 0.123575 0.006873 1.658029 2633.515325
0.870419 0.000112 0.000162 0.000093 0.000047 0.122294 0.006873 1.658036 2634.249002
0.871700 0.000110 0.000157 0.000090 0.000046 0.121023 0.006874 1.658047 2634.874395
0.872886 0.000108 0.000153 0.000085 0.000044 0.119849 0.006875 1.658058 2635.446090
0.874051 0.000104 0.000151 0.000083 0.000042 0.118693 0.006876 1.658068 2636.781596
0.875210 0.000100 0.000144 0.000080 0.000041 0.117547 0.006877 1.658078 2637.370467
0.876346 0.000096 0.000141 0.000081 0.000040 0.116418 0.006878 1.658089 2638.274658
0.877458 0.000092 0.000137 0.000077 0.000038 0.115319 0.006878 1.658100 2638.844172
0.878536 0.000087 0.000135 0.000076 0.000036 0.114250 0.006879 1.658111 2639.770427
0.879508 0.000081 0.000133 0.000073 0.000034 0.113290 0.006880 1.658120 2640.691935
0.880500 0.000080 0.000130 0.000070 0.000033 0.112306 0.006881 1.658127 2641.906064
0.881468 0.000080 0.000130 0.000067 0.000031 0.111342 0.006882 1.658135 2642.757661
0.882379 0.000079 0.000127 0.000064 0.000030 0.110439 0.006882 1.658143 2643.526124
0.883266 0.000077 0.000120 0.000062 0.000029 0.109563 0.006883 1.658151 2644.230232
0.884126 0.000073 0.000114 0.000063 0.000028 0.108713 0.006883 1.658159 2644.903326
0.884945 0.000070 0.000113 0.000059 0.000027 0.107902 0.006884 1.658166 2645.441204
0.885788 0.000066 0.000107 0.000057 0.000026 0.107071 0.006884 1.658172 2645.862506
0.886581 0.000065 0.000102 0.000056 0.000025 0.106286 0.006885 1.658178 2646.599096
0.887354 0.000065 0.000098 0.000055 0.000025 0.105518 0.006885 1.658185 2646.651973
0.888112 0.000066 0.000096 0.000052 0.000024 0.104765 0.006885 1.658189 2646.941941
0.888844 0.000063 0.000095 0.000049 0.000024 0.104041 0.006885 1.658197 2647.269141
0.889566 0.000061 0.000092 0.000048 0.000023 0.103324 0.006885 1.658203 2647.491462
0.890278 0.000060 0.000088 0.000049 0.000022 0.102617 0.006886 1.658209 2648.101852
0.890960 0.000061 0.000084 0.000049 0.000021 0.101938 0.006887 1.658213 2648.335606
0.891600 0.000059 0.000082 0.000046 0.000020 0.101304 0.006887 1.658219 2648.864062
0.892235 0.000056 0.000077 0.000046 0.000020 0.100678 0.006888 1.658226 2649.037684
0.892838 0.000054 0.000076 0.000046 0.000020 0.100078 0.006888 1.658232 2649.234520
0.893430 0.000052 0.000075 0.000043 0.000020 0.099491 0.006889 1.658238 2649.748628
0.893969 0.000054 0.000071 0.000041 0.000019 0.098955 0.006889 1.658241 2649.914185
0.894529 0.000052 0.000070 0.000041 0.000019 0.098399 0.006889 1.658248 2650.294197
0.895054 0.000049 0.000070 0.000038 0.000019 0.097879 0.006889 1.658253 2650.467349
0.895569 0.000047 0.000069 0.000037 0.000018 0.097370 0.006890 1.658259 2650.986192
0.896061 0.000047 0.000068 0.000036 0.000017 0.096881 0.006890 1.658263 2651.621974
0.896538 0.000044 0.000067 0.000034 0.000017 0.096410 0.006891 1.658268 2652.290983
0.897007 0.000043 0.000065 0.000034 0.000016 0.095944 0.006891 1.658274 2652.628070
0.897445 0.000042 0.000063 0.000032 0.000015 0.095510 0.006892 1.658278 2652.765115
0.897888 0.000041 0.000063 0.000030 0.000015 0.095071 0.006892 1.658280 2653.080539
0.898324 0.000040 0.000060 0.000029 0.000015 0.094639 0.006892 1.658284 2653.080539
0.898739 0.000040 0.000057 0.000028 0.000014 0.094230 0.006892 1.658287 2653.458097
0.899134 0.000039 0.000054 0.000028 0.000014 0.093839 0.006892 1.658291 2653.689789
0.899513 0.000037 0.000053 0.000026 0.000013 0.093463 0.006893 1.658296 2653.926817
0.899875 0.000034 0.000053 0.000027 0.000013 0.093105 0.006893 1.658302 2654.204355
0.900243 0.000033 0.000052 0.000025 0.000012 0.092741 0.006893 1.658305 2654.414950
0.900570 0.000033 0.000051 0.000024 0.000013 0.092416 0.006893 1.658307 2654.414950
0.900903 0.000032 0.000048 0.000023 0.000012 0.092088 0.006893 1.658310 2654.603150
0.901224 0.000030 0.000047 0.000023 0.000012 0.091770 0.006893 1.658314 2654.603150
0.901522 0.000029 0.000045 0.000023 0.000012 0.091475 0.006893 1.658317 2654.603150
0.901810 0.000028 0.000045 0.000023 0.000012 0.091188 0.006893 1.658321 2654.761345
0.902100 0.000028 0.000044 0.000023 0.000012 0.090899 0.006893 1.658324 2654.761345
0.902391 0.000028 0.000040 0.000022 0.000011 0.090613 0.006894 1.658325 2655.273439
0.902661 0.000028 0.000039 0.000022 0.000011 0.090345 0.006894 1.658329 2655.273439
0.902930 0.000026 0.000039 0.000022 0.000011 0.090078 0.006894 1.658331 2655.273439
0.903180 0.000025 0.000038 0.000019 0.000011 0.089832 0.006894 1.658335 2655.273439
0.903424 0.000024 0.000038 0.000019 0.000010 0.089591 0.006894 1.658338 2655.591806
0.903658 0.000021 0.000039 0.000018 0.000010 0.089358 0.006895 1.658341 2655.757101
0.903887 0.000023 0.000038 0.000017 0.000010 0.089130 0.006895 1.658343 2655.815621
0.904119 0.000026 0.000037 0.000017 0.000010 0.088896 0.006895 1.658343 2655.815621
0.904333 0.000028 0.000036 0.000017 0.000009 0.088681 0.006895 1.658345 2656.263571
0.904538 0.000025 0.000037 0.000017 0.000009 0.088479 0.006895 1.658349 2656.409691
0.904763 0.000025 0.000037 0.000017 0.000009 0.088254 0.006895 1.658352 2656.488567
0.904962 0.000023 0.000037 0.000017 0.000008 0.088057 0.006896 1.658355 2656.631244
0.905161 0.000023 0.000035 0.000014 0.000008 0.087864 0.006896 1.658357 2656.640440
0.905347 0.000025 0.000034 0.000012 0.000007 0.087678 0.006896 1.658358 2656.921763
0.905531 0.000024 0.000034 0.000012 0.000007 0.087496 0.006896 1.658361 2656.921763
0.905709 0.000024 0.000033 0.000012 0.000007 0.087319 0.006896 1.658363 2656.921763
0.905889 0.000024 0.000032 0.000011 0.000007 0.087141 0.006896 1.658365 2657.172786
0.906059 0.000024 0.000030 0.000010 0.000007 0.086972 0.006896 1.658366 2657.238203
0.906226 0.000023 0.000029 0.000010 0.000007 0.086808 0.006896 1.658369 2657.238203
0.906382 0.000022 0.000029 0.000011 0.000006 0.086653 0.006897 1.658371 2658.280737
0.906529 0.000024 0.000027 0.000010 0.000006 0.086506 0.006897 1.658372 2658.280737
0.906675 0.000021 0.000029 0.000011 0.000006 0.086361 0.006897 1.658375 2658.280737
0.906822 0.000022 0.000028 0.000010 0.000006 0.086215 0.006897 1.658377 2658.280737
0.906957 0.000022 0.000027 0.000010 0.000006 0.086081 0.006897 1.658378 2658.280737
0.907082 0.000022 0.000026 0.000009 0.000006 0.085958 0.006897 1.658379 2658.475448
0.907205 0.000022 0.000025 0.000009 0.000005 0.085836 0.006898 1.658380 2658.758412
0.907316 0.000021 0.000025 0.000009 0.000005 0.085726 0.006898 1.658382 2658.758412
0.907426 0.000021 0.000025 0.000009 0.000005 0.085616 0.006898 1.658384 2658.966184
0.907537 0.000021 0.000026 0.000009 0.000005 0.085505 0.006898 1.658387 2658.966184
0.907636 0.000018 0.000025 0.000009 0.000006 0.085408 0.006898 1.658391 2658.966184
0.907735 0.000018 0.000025 0.000009 0.000005 0.085309 0.006898 1.658393 2659.159520
0.907821 0.000018 0.000024 0.000008 0.000005 0.085225 0.006898 1.658394 2659.235850
0.907914 0.000016 0.000024 0.000009 0.000005 0.085134 0.006898 1.658398 2659.369675
0.908003 0.000015 0.000024 0.000009 0.000005 0.085046 0.006898 1.658399 2659.550113
0.908083 0.000015 0.000023 0.000009 0.000005 0.084966 0.006898 1.658401 2659.550113
0.908172 0.000016 0.000023 0.000008 0.000005 0.084878 0.006898 1.658402 2659.550113
0.908267 0.000015 0.000022 0.000008 0.000004 0.084785 0.006898 1.658403 2659.599251
0.908343 0.000015 0.000021 0.000008 0.000004 0.084709 0.006898 1.658404 2659.599251
0.908423 0.000015 0.000021 0.000008 0.000004 0.084630 0.006898 1.658405 2659.599251
0.908497 0.000015 0.000020 0.000009 0.000004 0.084556 0.006898 1.658407 2659.599251
0.908566 0.000014 0.000020 0.000009 0.000004 0.084487 0.006899 1.658409 2659.855100
0.908638 0.000014 0.000019 0.000009 0.000004 0.084417 0.006899 1.658409 2659.855100
0.908716 0.000013 0.000018 0.000009 0.000004 0.084341 0.006899 1.658411 2659.855100
0.908781 0.000013 0.000019 0.000008 0.000004 0.084277 0.006899 1.658413 2659.896436
0.908851 0.000013 0.000017 0.000007 0.000004 0.084209 0.006899 1.658413 2659.896436
0.908915 0.000013 0.000017 0.000008 0.000004 0.084145 0.006899 1.658414 2659.980719
0.908973 0.000012 0.000016 0.000006 0.000004 0.084090 0.006899 1.658415 2659.980719
0.909026 0.000011 0.000016 0.000006 0.000004 0.084038 0.006899 1.658416 2659.980719
0.909081 0.000011 0.000015 0.000006 0.000004 0.083984 0.006899 1.658416 2659.980719
0.909138 0.000009 0.000016 0.000006 0.000004 0.083928 0.006899 1.658419 2659.980719
0.909190 0.000008 0.000014 0.000006 0.000003 0.083879 0.006899 1.658420 2660.007297
0.909239 0.000008 0.000014 0.000006 0.000003 0.083831 0.006899 1.658421 2660.007297
0.909293 0.000007 0.000013 0.000005 0.000003 0.083779 0.006899 1.658421 2660.030942
0.909341 0.000006 0.000012 0.000006 0.000003 0.083732 0.006899 1.658423 2660.030942
0.909389 0.000007 0.000012 0.000006 0.000003 0.083684 0.006899 1.658423 2660.030942
0.909428 0.000006 0.000011 0.000006 0.000003 0.083647 0.006899 1.658424 2660.030942
0.909475 0.000006 0.000010 0.000006 0.000003 0.083601 0.006899 1.658425 2660.030942
0.909512 0.000006 0.000009 0.000006 0.000003 0.083565 0.006899 1.658425 2660.030942
0.909556 0.000007 0.000008 0.000005 0.000003 0.083521 0.006899 1.658425 2660.049467
0.909590 0.000008 0.000008 0.000005 0.000003 0.083486 0.006899 1.658425 2660.049467
0.909631 0.000008 0.000008 0.000005 0.000003 0.083446 0.006900 1.658425 2660.341287
0.909675 0.000008 0.000008 0.000004 0.000003 0.083403 0.006900 1.658426 2660.341287
0.909710 0.000008 0.000007 0.000004 0.000003 0.083368 0.006900 1.658427 2660.444617
0.909740 0.000007 0.000007 0.000005 0.000003 0.083339 0.006900 1.658428 2660.444617
0.909774 0.000007 0.000008 0.000005 0.000003 0.083304 0.006900 1.658429 2660.444617
0.909810 0.000006 0.000007 0.000005 0.000003 0.083269 0.006900 1.658430 2660.444617
0.909840 0.000007 0.000007 0.000005 0.000003 0.083238 0.006900 1.658430 2660.444617
0.909869 0.000008 0.000007 0.000004 0.000003 0.083210 0.006900 1.658431 2660.444617
0.909896 0.000007 0.000006 0.000005 0.000003 0.083184 0.006900 1.658432 2660.444617
0.909924 0.000007 0.000006 0.000005 0.000003 0.083156 0.006900 1.658433 2660.504419
0.909948 0.000007 0.000006 0.000006 0.000002 0.083132 0.006900 1.658434 2660.722598
0.909971 0.000006 0.000006 0.000005 0.000002 0.083109 0.006900 1.658435 2660.722598
0.909996 0.000006 0.000006 0.000006 0.000002 0.083085 0.006900 1.658436 2661.036841
0.910019 0.000006 0.000006 0.000006 0.000002 0.083062 0.006900 1.658436 2661.036841
0.910040 0.000005 0.000006 0.000005 0.000002 0.083042 0.006900 1.658437 2661.036841
0.910060 0.000005 0.000006 0.000005 0.000002 0.083022 0.006900 1.658437 2661.036841
0.910077 0.000005 0.000006 0.000005 0.000002 0.083005 0.006900 1.658437 2661.036841
0.910091 0.000005 0.000006 0.000005 0.000002 0.082991 0.006900 1.658438 2661.036841
0.910108 0.000006 0.000006 0.000005 0.000002 0.082974 0.006900 1.658439 2661.061258
0.910124 0.000006 0.000006 0.000005 0.000002 0.082958 0.006900 1.658440 2661.061258
0.910141 0.000006 0.000006 0.000005 0.000002 0.082941 0.006900 1.658440 2661.354176
0.910157 0.000005 0.000007 0.000005 0.000002 0.082926 0.006900 1.658441 2661.363118
0.910170 0.000005 0.000006 0.000005 0.000001 0.082913 0.006900 1.658441 2661.468024
0.910185 0.000006 0.000006 0.000005 0.000001 0.082897 0.006900 1.658442 2661.468024
0.910199 0.000005 0.000005 0.000006 0.000001 0.082884 0.006900 1.658442 2661.468024
0.910212 0.000006 0.000005 0.000006 0.000001 0.082871 0.006900 1.658443 2661.468024
0.910222 0.000006 0.000005 0.000005 0.000002 0.082860 0.006900 1.658443 2661.468024
0.910238 0.000006 0.000005 0.000005 0.000001 0.082844 0.006900 1.658444 2661.483486
0.910250 0.000006 0.000005 0.000005 0.000001 0.082833 0.006900 1.658444 2661.601437
0.910263 0.000006 0.000005 0.000005 0.000001 0.082820 0.006900 1.658445 2661.601437
0.910276 0.000005 0.000005 0.000005 0.000001 0.082809 0.006900 1.658445 2661.601437
0.910289 0.000005 0.000005 0.000005 0.000001 0.082796 0.006900 1.658446 2661.601967
0.910299 0.000005 0.000005 0.000004 0.000001 0.082787 0.006900 1.658447 2661.601967
0.910308 0.000005 0.000005 0.000004 0.000001 0.082777 0.006900 1.658447 2661.601967
0.910318 0.000005 0.000005 0.000004 0.000001 0.082767 0.006900 1.658447 2661.601967
0.910326 0.000005 0.000005 0.000004 0.000001 0.082758 0.006901 1.658448 2661.687154
0.910334 0.000005 0.000005 0.000004 0.000001 0.082751 0.006901 1.658448 2661.687154
0.910341 0.000005 0.000005 0.000003 0.000001 0.082745 0.006901 1.658449 2661.687154
0.910348 0.000005 0.000004 0.000003 0.000001 0.082738 0.006901 1.658450 2661.687154
0.910355 0.000005 0.000004 0.000003 0.000001 0.082731 0.006901 1.658450 2661.687154
0.910363 0.000005 0.000004 0.000003 0.000001 0.082723 0.006901 1.658451 2661.687154
0.910368 0.000004 0.000005 0.000003 0.000001 0.082719 0.006901 1.658452 2661.687154
0.910374 0.000004 0.000005 0.000003 0.000001 0.082712 0.006901 1.658452 2661.687154
0.910384 0.000004 0.000005 0.000003 0.000001 0.082702 0.006901 1.658453 2661.687154
0.910391 0.000004 0.000004 0.000003 0.000001 0.082697 0.006901 1.658453 2661.687154
0.910396 0.000003 0.000005 0.000003 0.000001 0.082692 0.006901 1.658454 2661.687154
0.910400 0.000004 0.000005 0.000003 0.000001 0.082686 0.006901 1.658454 2661.687154
0.910406 0.000004 0.000005 0.000003 0.000001 0.082680 0.006901 1.658455 2661.687154
0.910413 0.000003 0.000005 0.000003 0.000001 0.082674 0.006901 1.658455 2661.687154
0.910418 0.000003 0.000006 0.000003 0.000001 0.082669 0.006901 1.658456 2661.687154
0.910424 0.000004 0.000006 0.000002 0.000001 0.082662 0.006901 1.658456 2661.687154
0.910430 0.000003 0.000006 0.000002 0.000001 0.082657 0.006901 1.658457 2661.687154
0.910436 0.000003 0.000005 0.000002 0.000001 0.082652 0.006901 1.658457 2661.687154
0.910441 0.000003 0.000005 0.000002 0.000001 0.082648 0.006901 1.658457 2661.687154
0.910447 0.000003 0.000005 0.000002 0.000001 0.082642 0.006901 1.658458 2661.704489
0.910452 0.000003 0.000005 0.000002 0.000001 0.082637 0.006901 1.658458 2661.704489
0.910455 0.000004 0.000005 0.000001 0.000000 0.082634 0.006901 1.658458 2661.742718
0.910460 0.000003 0.000006 0.000002 0.000000 0.082629 0.006901 1.658459 2661.742718
0.910464 0.000003 0.000005 0.000001 0.000000 0.082625 0.006901 1.658459 2661.742718
0.910468 0.000004 0.000005 0.000001 0.000000 0.082621 0.006901 1.658459 2661.742718
0.910472 0.000004 0.000005 0.000001 0.000000 0.082617 0.006901 1.658460 2661.742718
0.910476 0.000004 0.000005 0.000001 0.000000 0.082613 0.006901 1.658460 2661.742718
0.910481 0.000005 0.000004 0.000001 0.000000 0.082608 0.006901 1.658460 2661.742718
0.910486 0.000005 0.000005 0.000001 0.000000 0.082602 0.006901 1.658461 2661.742718
0.910491 0.000004 0.000005 0.000002 0.000000 0.082597 0.006901 1.658462 2661.742718
0.910495 0.000004 0.000005 0.000001 0.000000 0.082593 0.006901 1.658462 2661.742718
0.910500 0.000004 0.000005 0.000001 0.000000 0.082589 0.006901 1.658462 2661.742718
0.910503 0.000004 0.000005 0.000001 0.000000 0.082585 0.006901 1.658463 2661.742718
0.910504 0.000005 0.000005 0.000001 0.000000 0.082584 0.006901 1.658463 2661.742718
0.910509 0.000005 0.000005 0.000001 0.000000 0.082579 0.006901 1.658463 2661.742718
0.910512 0.000005 0.000004 0.000002 0.000000 0.082577 0.006901 1.658464 2661.742718
0.910515 0.000005 0.000003 0.000001 0.000000 0.082574 0.006901 1.658464 2661.742718
0.910516 0.000006 0.000003 0.000002 0.000000 0.082572 0.006901 1.658464 2661.742718
0.910518 0.000006 0.000004 0.000001 0.000000 0.082569 0.006901 1.658465 2661.742718
0.910523 0.000006 0.000003 0.000001 0.000000 0.082565 0.006901 1.658465 2661.742718
0.910527 0.000005 0.000004 0.000001 0.000000 0.082561 0.006901 1.658465 2661.742718
0.910530 0.000005 0.000003 0.000002 0.000000 0.082559 0.006901 1.658465 2661.742718
0.910533 0.000005 0.000003 0.000002 0.000000 0.082556 0.006901 1.658466 2661.742718
0.910535 0.000005 0.000003 0.000002 0.000000 0.082554 0.006901 1.658466 2661.742718
0.910538 0.000005 0.000003 0.000002 0.000000 0.082550 0.006901 1.658466 2661.742718
0.910542 0.000005 0.000003 0.000002 0.000000 0.082546 0.006901 1.658466 2661.742718
0.910545 0.000005 0.000003 0.000002 0.000000 0.082544 0.006901 1.658467 2661.742718
0.910548 0.000004 0.000003 0.000002 0.000000 0.082541 0.006901 1.658468 2661.742718
0.910551 0.000004 0.000003 0.000002 0.000000 0.082538 0.006901 1.658468 2661.742718
0.910552 0.000004 0.000003 0.000002 0.000000 0.082537 0.006901 1.658468 2661.742718
0.910555 0.000004 0.000004 0.000002 0.000000 0.082534 0.006901 1.658469 2661.742718
0.910557 0.000003 0.000003 0.000002 0.000000 0.082533 0.006901 1.658469 2661.742718
0.910559 0.000003 0.000003 0.000002 0.000000 0.082531 0.006901 1.658470 2661.742718
0.910561 0.000003 0.000003 0.000002 0.000000 0.082529 0.006901 1.658470 2661.742718
0.910564 0.000003 0.000004 0.000002 0.000000 0.082526 0.006901 1.658470 2661.742718
0.910565 0.000003 0.000003 0.000002 0.000000 0.082524 0.006901 1.658471 2661.742718
0.910567 0.000003 0.000003 0.000002 0.000000 0.082523 0.006901 1.658471 2662.077209
0.910569 0.000003 0.000003 0.000002 0.000000 0.082521 0.006901 1.658471 2662.077209
0.910572 0.000003 0.000004 0.000001 0.000000 0.082519 0.006901 1.658471 2662.077209
0.910573 0.000003 0.000003 0.000001 0.000000 0.082518 0.006901 1.658471 2662.077209
0.910575 0.000004 0.000003 0.000001 0.000000 0.082517 0.006901 1.658471 2662.077209
0.910576 0.000003 0.000003 0.000001 0.000000 0.082515 0.006901 1.658472 2662.077209
0.910579 0.000003 0.000003 0.000000 0.000000 0.082513 0.006901 1.658473 2662.077209
0.910581 0.000003 0.000003 0.000000 0.000000 0.082510 0.006901 1.658473 2662.077209
0.910583 0.000003 0.000003 0.000000 0.000000 0.082508 0.006901 1.658473 2662.077209
0.910584 0.000003 0.000003 0.000001 0.000000 0.082508 0.006901 1.658473 2662.077209
0.910585 0.000003 0.000003 0.000001 0.000000 0.082507 0.006901 1.658474 2662.077209
0.910586 0.000003 0.000003 0.000001 0.000000 0.082505 0.006901 1.658474 2662.077209
0.910588 0.000003 0.000003 0.000001 0.000000 0.082504 0.006901 1.658474 2662.077209
0.910589 0.000003 0.000003 0.000001 0.000000 0.082502 0.006901 1.658475 2662.077209
0.910590 0.000003 0.000003 0.000001 0.000000 0.082501 0.006901 1.658475 2662.295675
0.910592 0.000003 0.000003 0.000001 0.000000 0.082500 0.006901 1.658476 2662.295675
0.910593 0.000002 0.000003 0.000001 0.000000 0.082499 0.006901 1.658476 2662.295675
0.910594 0.000002 0.000003 0.000001 0.000000 0.082498 0.006901 1.658477 2662.295675
0.910596 0.000002 0.000003 0.000001 0.000000 0.082497 0.006901 1.658477 2662.295675
0.910598 0.000002 0.000003 0.000001 0.000000 0.082495 0.006901 1.658477 2662.295675
0.910600 0.000002 0.000003 0.000001 0.000000 0.082493 0.006901 1.658477 2662.295675
0.910601 0.000002 0.000003 0.000001 0.000000 0.082492 0.006901 1.658477 2662.295675
0.910603 0.000001 0.000003 0.000002 0.000000 0.082491 0.006901 1.658478 2662.295675
0.910603 0.000002 0.000003 0.000002 0.000000 0.082490 0.006901 1.658478 2662.295675
0.910603 0.000002 0.000003 0.000002 0.000000 0.082489 0.006901 1.658478 2662.295675
0.910605 0.000002 0.000003 0.000002 0.000000 0.082487 0.006901 1.658479 2662.295675
0.910605 0.000002 0.000003 0.000001 0.000000 0.082487 0.006901 1.658479 2662.295675
0.910607 0.000002 0.000003 0.000001 0.000000 0.082486 0.006901 1.658479 2662.295675
0.910608 0.000001 0.000004 0.000001 0.000000 0.082485 0.006901 1.658479 2662.295675
0.910609 0.000001 0.000004 0.000001 0.000000 0.082484 0.006901 1.658479 2662.295675
0.910611 0.000001 0.000004 0.000001 0.000000 0.082482 0.006901 1.658479 2662.295675
0.910612 0.000001 0.000004 0.000001 0.000000 0.082481 0.006901 1.658479 2662.295675
0.910613 0.000002 0.000004 0.000001 0.000000 0.082480 0.006901 1.658479 2662.295675
0.910613 0.000002 0.000003 0.000000 0.000000 0.082481 0.006901 1.658479 2662.295675
0.910614 0.000002 0.000003 0.000001 0.000000 0.082480 0.006901 1.658480 2662.295675
0.910614 0.000002 0.000003 0.000000 0.000000 0.082480 0.006901 1.658480 2662.295675
0.910615 0.000001 0.000003 0.000000 0.000000 0.082479 0.006901 1.658480 2662.295675
0.910615 0.000002 0.000003 0.000000 0.000000 0.082478 0.006901 1.658480 2662.295675
0.910615 0.000001 0.000003 0.000001 0.000000 0.082479 0.006901 1.658481 2662.295675
0.910617 0.000001 0.000003 0.000001 0.000000 0.082478 0.006901 1.658481 2662.295675
0.910618 0.000001 0.000003 0.000001 0.000000 0.082476 0.006901 1.658481 2662.295675
0.910619 0.000001 0.000003 0.000001 0.000000 0.082475 0.006901 1.658481 2662.295675
0.910620 0.000001 0.000003 0.000001 0.000000 0.082474 0.006901 1.658481 2662.295675
0.910620 0.000001 0.000002 0.000001 0.000000 0.082474 0.006901 1.658481 2662.295675
0.910622 0.000001 0.000002 0.000000 0.000000 0.082473 0.006901 1.658481 2662.295675
0.910622 0.000001 0.000002 0.000000 0.000000 0.082473 0.006901 1.658481 2662.295675
0.910624 0.000001 0.000002 0.000000 0.000000 0.082472 0.006901 1.658481 2662.295675
0.910624 0.000001 0.000002 0.000000 0.000000 0.082472 0.006901 1.658481 2662.295675
0.910626 0.000001 0.000002 0.000000 0.000000 0.082470 0.006901 1.658481 2662.295675
0.910627 0.000001 0.000001 0.000000 0.000000 0.082470 0.006901 1.658482 2662.295675
0.910628 0.000000 0.000001 0.000000 0.000000 0.082469 0.006901 1.658482 2662.295675
0.910628 0.000001 0.000001 0.000000 0.000000 0.082469 0.006901 1.658482 2662.295675
0.910628 0.000000 0.000001 0.000000 0.000000 0.082468 0.006901 1.658482 2662.295675
0.910629 0.000000 0.000001 0.000000 0.000000 0.082467 0.006901 1.658482 2662.295675
0.910630 0.000000 0.000001 0.000000 0.000000 0.082467 0.006901 1.658482 2662.295675
0.910631 0.000000 0.000001 0.000000 0.000000 0.082466 0.006901 1.658482 2662.295675
0.910632 0.000000 0.000001 0.000000 0.000000 0.082465 0.006901 1.658482 2662.295675
0.910633 0.000000 0.000000 0.000000 0.000000 0.082465 0.006901 1.658482 2662.295675
0.910634 0.000000 0.000000 0.000000 0.000000 0.082464 0.006901 1.658482 2662.295675
0.910634 0.000000 0.000000 0.000000 0.000000 0.082463 0.006901 1.658482 2662.295675
0.910635 0.000000 0.000000 0.000000 0.000000 0.082462 0.006901 1.658482 2662.295675
0.910636 0.000000 0.000001 0.000000 0.000000 0.082461 0.006901 1.658483 2662.295675
0.910636 0.000000 0.000000 0.000000 0.000000 0.082462 0.006901 1.658483 2662.295675
0.910637 0.000000 0.000000 0.000000 0.000000 0.082461 0.006901 1.658483 2662.295675
0.910637 0.000000 0.000000 0.000000 0.000000 0.082461 0.006901 1.658483 2662.295675
0.910637 0.000000 0.000000 0.000000 0.000000 0.082461 0.006901 1.658483 2662.295675
0.910637 0.000000 0.000000 0.000000 0.000000 0.082461 0.006901 1.658483 2662.295675
0.910637 0.000000 0.000000 0.000000 0.000000 0.082461 0.006901 1.658483 2662.295675
0.910637 0.000000 0.000000 0.000000 0.000000 0.082460 0.006901 1.658483 2662.295675
0.910638 0.000000 0.000000 0.000000 0.000000 0.082460 0.006901 1.658483 2662.295675
0.910638 0.000000 0.000000 0.000000 0.000000 0.082460 0.006901 1.658483 2662.295675
0.910638 0.000000 0.000000 0.000000 0.000000 0.082460 0.006901 1.658483 2662.295675
0.910638 0.000000 0.000000 0.000000 0.000000 0.082460 0.006901 1.658483 2662.295675
0.910639 0.000000 0.000000 0.000000 0.000000 0.082459 0.006901 1.658483 2662.295675
0.910639 0.000000 0.000000 0.000000 0.000000 0.082459 0.006901 1.658483 2662.295675
0.910639 0.000000 0.000000 0.000000 0.000000 0.082459 0.006901 1.658483 2662.295675
0.910639 0.000000 0.000000 0.000000 0.000000 0.082459 0.006901 1.658483 2662.295675
0.910639 0.000000 0.000000 0.000000 0.000000 0.082459 0.006901 1.658483 2662.295675
0.910639 0.000000 0.000000 0.000000 0.000000 0.082459 0.006901 1.658483 2662.295675
0.910639 0.000000 0.000000 0.000000 0.000000 0.082459 0.006901 1.658483 2662.295675
0.910639 0.000000 0.000000 0.000000 0.000000 0.082459 0.006901 1.658483 2662.295675
0.910639 0.000000 0.000000 0.000000 0.000000 0.082459 0.006901 1.658483 2662.295675
0.910639 0.000000 0.000000 0.000000 0.000000 0.082459 0.006901 1.658483 2662.295675
0.910639 0.000000 0.000000 0.000000 0.000000 0.082459 0.006901 1.658483 2662.295675
0.910639 0.000000 0.000000 0.000000 0.000000 0.082459 0.006901 1.658483 2662.295675
0.910639 0.000000 0.000000 0.000000 0.000000 0.082459 0.006901 1.658483 2662.295675
0.910639 0.000000 0.000000 0.000000 0.000000 0.082459 0.006901 1.658483 2662.295675
0.910639 0.000000 0.000000 0.000000 0.000000 0.082459 0.006901 1.658483 2662.295675
0.910639 0.000000 0.000000 0.000000 0.000000 0.082459 0.006901 1.658483 2662.295675
0.910639 0.000000 0.000000 0.000000 0.000000 0.082459 0.006901 1.658483 2662.295675
0.910639 0.000000 0.000000 0.000000 0.000000 0.082459 0.006901 1.658483 2662.295675
0.910639 0.000000 0.000000 0.000000 0.000000 0.082459 0.006901 1.658483 2662.295675
0.910639 0.000000 0.000000 0.000000 0.000000 0.082459 0.006901 1.658483 2662.295675
0.910639 0.000000 0.000000 0.000000 0.000000 0.082459 0.006901 1.658483 2662.295675
0.910639 0.000000 0.000000 0.000000 0.000000 0.082459 0.006901 1.658483 2662.295675
0.910639 0.000000 0.000000 0.000000 0.000000 0.082459 0.006901 1.658483 2662.295675
0.910639 0.000000 0.000000 0.000000 0.000000 0.082459 0.006901 1.658483 2662.295675
0.910639 0.000000 0.000000 0.000000 0.000000 0.082459 0.006901 1.658483 2662.295675
0.910639 0.000000 0.000000 0.000000 0.000000 0.082459 0.006901 1.658483 2662.295675
0.910639 0.000000 0.000000 0.000000 0.000000 0.082459 0.006901 1.658483 2662.295675
0.910639 0.000000 0.000000 0.000000 0.000000 0.082459 0.006901 1.658483 2662.295675
0.910639 0.000000 0.000000 0.000000 0.000000 0.082459 0.006901 1.658483 2662.295675
0.910639 0.000000 0.000000 0.000000 0.000000 0.082459 0.006901 1.658483 2662.295675
0.910639 0.000000 0.000000 0.000000 0.000000 0.082459 0.006901 1.658483 2662.295675
0.910639 0.000000 0.000000 0.000000 0.000000 0.082459 0.006901 1.658483 2662.295675
0.910639 0.000000 0.000000 0.000000 0.000000 0.082459 0.006901 1.658483 2662.295675
0.910639 0.000000 0.000000 0.000000 0.000000 0.082459 0.006901 1.658483 2662.295675
0.910639 0.000000 0.000000 0.000000 0.000000 0.082459 0.006901 1.658483 2662.295675
0.910639 0.000000 0.000000 0.000000 0.000000 0.082459 0.006901 1.658483 2662.295675
0.910639 0.000000 0.000000 0.000000 0.000000 0.082459 0.006901 1.658483 2662.295675
0.910639 0.000000 0.000000 0.000000 0.000000 0.082459 0.006901 1.658483 2662.295675
0.910639 0.000000 0.000000 0.000000 0.000000 0.082459 0.006901 1.658483 2662.295675
0.910639 0.000000 0.000000 0.000000 0.000000 0.082459 0.006901 1.658483 2662.295675
0.910639 0.000000 0.000000 0.000000 0.000000 0.082459 0.006901 1.658483 2662.295675
0.910639 0.000000 0.000000 0.000000 0.000000 0.082459 0.006901 1.658483 2662.295675
0.910639 0.000000 0.000000 0.000000 0.000000 0.082459 0.006901 1.658483 2662.295675
0.910639 0.000000 0.000000 0.000000 0.000000 0.082459 0.006901 1.658483 2662.295675
0.910639 0.000000 0.000000 0.000000 0.000000 0.082459 0.006901 1.658483 2662.295675
0.910639 0.000000 0.000000 0.000000 0.000000 0.082459 0.006901 1.658483 2662.295675
0.910639 0.000000 0.000000 0.000000 0.000000 0.082459 0.006901 1.658483 2662.295675
0.910639 0.000000 0.000000 0.000000 0.000000 0.082459 0.006901 1.658483 2662.295675
0.910639 0.000000 0.000000 0.000000 0.000000 0.082459 0.006901 1.658483 2662.295675
0.910639 0.000000 0.000000 0.000000 0.000000 0.082459 0.006901 1.658483 2662.295675
0.910639 0.000000 0.000000 0.000000 0.000000 0.082459 0.006901 1.658483 2662.295675
0.910639 0.000000 0.000000 0.000000 0.000000 0.082459 0.006901 1.658483 2662.295675
0.910639 0.000000 0.000000 0.000000 0.000000 0.082459 0.006901 1.658483 2662.295675
0.910639 0.000000 0.000000 0.000000 0.000000 0.082459 0.006901 1.658483 2662.295675
0.910639 0.000000 0.000000 0.000000 0.000000 0.082459 0.006901 1.658483 2662.295675
0.910639 0.000000 0.000000 0.000000 0.000000 0.082459 0.006901 1.658483 2662.295675
0.910639 0.000000 0.000000 0.000000 0.000000 0.082459 0.006901 1.658483 2662.295675
0.910639 0.000000 0.000000 0.000000 0.000000 0.082459 0.006901 1.658483 2662.295675
0.910639 0.000000 0.000000 0.000000 0.000000 0.082459 0.006901 1.658483 2662.295675
0.910639 0.000000 0.000000 0.000000 0.000000 0.082459 0.006901 1.658483 2662.295675
0.910639 0.000000 0.000000 0.000000 0.000000 0.082459 0.006901 1.658483 2662.295675
0.910639 0.000000 0.000000 0.000000 0.000000 0.082459 0.006901 1.658483 2662.295675
0.910639 0.000000 0.000000 0.000000 0.000000 0.082459 0.006901 1.658483 2662.295675
0.910639 0.000000 0.000000 0.000000 0.000000 0.082459 0.006901 1.658483 2662.295675
0.910639 0.000000 0.000000 0.000000 0.000000 0.082459 0.006901 1.658483 2662.295675
0.910639 0.000000 0.000000 0.000000 0.000000 0.082459 0.006901 1.658483 2662.295675
0.910639 0.000000 0.000000 0.000000 0.000000 0.082459 0.006901 1.658483 2662.295675
0.910639 0.000000 0.000000 0.000000 0.000000 0.082459 0.006901 1.658483 2662.295675
0.910639 0.000000 0.000000 0.000000 0.000000 0.082459 0.006901 1.658483 2662.295675
0.910639 0.000000 0.000000 0.000000 0.000000 0.082459 0.006901 1.658483 2662.295675
0.910639 0.000000 0.000000 0.000000 0.000000 0.082459 0.006901 1.658483 2662.295675
0.910639 0.000000 0.000000 0.000000 0.000000 0.082459 0.006901 1.658483 2662.295675
0.910639 0.000000 0.000000 0.000000 0.000000 0.082459 0.006901 1.658483 2662.295675
0.910639 0.000000 0.000000 0.000000 0.000000 0.082459 0.006901 1.658483 2662.295675
0.910639 0.000000 0.000000 0.000000 0.000000 0.082459 0.006901 1.658483 2662.295675
0.910639 0.000000 0.000000 0.000000 0.000000 0.082459 0.006901 1.658483 2662.295675
0.910639 0.000000 0.000000 0.000000 0.000000 0.082459 0.006901 1.658483 2662.295675
0.910639 0.000000 0.000000 0.000000 0.000000 0.082459 0.006901 1.658483 2662.295675
0.910639 0.000000 0.000000 0.000000 0.000000 0.082459 0.006901 1.658483 2662.295675
0.910639 0.000000 0.000000 0.000000 0.000000 0.082459 0.006901 1.658483 2662.295675
0.910639 0.000000 0.000000 0.000000 0.000000 0.082459 0.006901 1.658483 2662.295675
0.910639 0.000000 0.000000 0.000000 0.000000 0.082459 0.006901 1.658483 2662.295675
0.910639 0.000000 0.000000 0.000000 0.000000 0.082459 0.006901 1.658483 2662.295675
0.910639 0.000000 0.000000 0.000000 0.000000 0.082459 0.006901 1.658483 2662.295675
0.910639 0.000000 0.000000 0.000000 0.000000 0.082459 0.006901 1.658483 2662.295675
0.910639 0.000000 0.000000 0.000000 0.000000 0.082459 0.006901 1.658483 2662.295675
0.910639 0.000000 0.000000 0.000000 0.000000 0.082459 0.006901 1.658483 2662.295675
0.910639 0.000000 0.000000 0.000000 0.000000 0.082459 0.006901 1.658483 2662.295675
0.910639 0.000000 0.000000 0.000000 0.000000 0.082459 0.006901 1.658483 2662.295675
0.910639 0.000000 0.000000 0.000000 0.000000 0.082459 0.006901 1.658483 2662.295675
0.910639 0.000000 0.000000 0.000000 0.000000 0.082459 0.006901 1.658483 2662.295675
0.910639 0.000000 0.000000 0.000000 0.000000 0.082459 0.006901 1.658483 2662.295675
0.910639 0.000000 0.000000 0.000000 0.000000 0.082459 0.006901 1.658483 2662.295675
0.910639 0.000000 0.000000 0.000000 0.000000 0.082459 0.006901 1.658483 2662.295675
0.910639 0.000000 0.000000 0.000000 0.000000 0.082459 0.006901 1.658483 2662.295675
0.910639 0.000000 0.000000 0.000000 0.000000 0.082459 0.006901 1.658483 2662.295675
0.910639 0.000000 0.000000 0.000000 0.000000 0.082459 0.006901 1.658483 2662.295675
0.910639 0.000000 0.000000 0.000000 0.000000 0.082459 0.006901 1.658483 2662.295675
0.910639 0.000000 0.000000 0.000000 0.000000 0.082459 0.006901 1.658483 2662.295675
0.910639 0.000000 0.000000 0.000000 0.000000 0.082459 0.006901 1.658483 2662.295675
0.910639 0.000000 0.000000 0.000000 0.000000 0.082459 0.006901 1.658483 2662.295675
0.910639 0.000000 0.000000 0.000000 0.000000 0.082459 0.006901 1.658483 2662.295675
0.910639 0.000000 0.000000 0.000000 0.000000 0.082459 0.006901 1.658483 2662.295675
0.910639 0.000000 0.000000 0.000000 0.000000 0.082459 0.006901 1.658483 2662.295675
0.910639 0.000000 0.000000 0.000000 0.000000 0.082459 0.006901 1.658483 2662.295675
0.910639 0.000000 0.000000 0.000000 0.000000 0.082459 0.006901 1.658483 2662.295675
0.910639 0.000000 0.000000 0.000000 0.000000 0.082459 0.006901 1.658483 2662.295675
0.910639 0.000000 0.000000 0.000000 0.000000 0.082459 0.006901 1.658483 2662.295675
0.910639 0.000000 0.000000 0.000000 0.000000 0.082459 0.006901 1.658483 2662.295675
0.910639 0.000000 0.000000 0.000000 0.000000 0.082459 0.006901 1.658483 2662.295675
0.910639 0.000000 0.000000 0.000000 0.000000 0.082459 0.006901 1.658483 2662.295675
0.910639 0.000000 0.000000 0.000000 0.000000 0.082459 0.006901 1.658483 2662.295675
0.910639 0.000000 0.000000 0.000000 0.000000 0.082459 0.006901 1.658483 2662.295675
0.910639 0.000000 0.000000 0.000000 0.000000 0.082459 0.006901 1.658483 2662.295675
0.910639 0.000000 0.000000 0.000000 0.000000 0.082459 0.006901 1.658483 2662.295675
0.910639 0.000000 0.000000 0.000000 0.000000 0.082459 0.006901 1.658483 2662.295675
0.910639 0.000000 0.000000 0.000000 0.000000 0.082459 0.006901 1.658483 2662.295675
0.910639 0.000000 0.000000 0.000000 0.000000 0.082459 0.006901 1.658483 2662.295675
0.910639 0.000000 0.000000 0.000000 0.000000 0.082459 0.006901 1.658483 2662.295675
0.910639 0.000000 0.000000 0.000000 0.000000 0.082459 0.006901 1.658483 2662.295675
0.910639 0.000000 0.000000 0.000000 0.000000 0.082459 0.006901 1.658483 2662.295675
0.910639 0.000000 0.000000 0.000000 0.000000 0.082459 0.006901 1.658483 2662.295675
0.910639 0.000000 0.000000 0.000000 0.000000 0.082459 0.006901 1.658483 2662.295675
0.910639 0.000000 0.000000 0.000000 0.000000 0.082459 0.006901 1.658483 2662.295675
0.910639 0.000000 0.000000 0.000000 0.000000 0.082459 0.006901 1.658483 2662.295675
0.910639 0.000000 0.000000 0.000000 0.000000 0.082459 0.006901 1.658483 2662.295675
0.910639 0.000000 0.000000 0.000000 0.000000 0.082459 0.006901 1.658483 2662.295675
0.910639 0.000000 0.000000 0.000000 0.000000 0.082459 0.006901 1.658483 2662.295675
0.910639 0.000000 0.000000 0.000000 0.000000 0.082459 0.006901 1.658483 2662.295675
0.910639 0.000000 0.000000 0.000000 0.000000 0.082459 0.006901 1.658483 2662.295675
0.910639 0.000000 0.000000 0.000000 0.000000 0.082459 0.006901 1.658483 2662.295675
0.910639 0.000000 0.000000 0.000000 0.000000 0.082459 0.006901 1.658483 2662.295675
0.910639 0.000000 0.000000 0.000000 0.000000 0.082459 0.006901 1.658483 2662.295675
0.910639 0.000000 0.000000 0.000000 0.000000 0.082459 0.006901 1.658483 2662.295675
0.910639 0.000000 0.000000 0.000000 0.000000 0.082459 0.006901 1.658483 2662.295675
0.910639 0.000000 0.000000 0.000000 0.000000 0.082459 0.006901 1.658483 2662.295675
0.910639 0.000000 0.000000 0.000000 0.000000 0.082459 0.006901 1.658483 2662.295675
0.910639 0.000000 0.000000 0.000000 0.000000 0.082459 0.006901 1.658483 2662.295675
0.910639 0.000000 0.000000 0.000000 0.000000 0.082459 0.006901 1.658483 2662.295675
0.910639 0.000000 0.000000 0.000000 0.000000 0.082459 0.006901 1.658483 2662.295675
0.910639 0.000000 0.000000 0.000000 0.000000 0.082459 0.006901 1.658483 2662.295675
0.910639 0.000000 0.000000 0.000000 0.000000 0.082459 0.006901 1.658483 2662.295675
0.910639 0.000000 0.000000 0.000000 0.000000 0.082459 0.006901 1.658483 2662.295675
0.910639 0.000000 0.000000 0.000000 0.000000 0.082459 0.006901 1.658483 2662.295675
0.910639 0.000000 0.000000 0.000000 0.000000 0.082459 0.006901 1.658483 2662.295675
0.910639 0.000000 0.000000 0.000000 0.000000 0.082459 0.006901 1.658483 2662.295675
0.910639 0.000000 0.000000 0.000000 0.000000 0.082459 0.006901 1.658483 2662.295675
0.910639 0.000000 0.000000 0.000000 0.000000 0.082459 0.006901 1.658483 2662.295675
0.910639 0.000000 0.000000 0.000000 0.000000 0.082459 0.006901 1.658483 2662.295675
0.910639 0.000000 0.000000 0.000000 0.000000 0.082459 0.006901 1.658483 2662.295675
0.910639 0.000000 0.000000 0.000000 0.000000 0.082459 0.006901 1.658483 2662.295675
0.910639 0.000000 0.000000 0.000000 0.000000 0.082459 0.006901 1.658483 2662.295675
0.910639 0.000000 0.000000 0.000000 0.000000 0.082459 0.006901 1.658483 2662.295675
0.910639 0.000000 0.000000 0.000000 0.000000 0.082459 0.006901 1.658483 2662.295675
0.910639 0.000000 0.000000 0.000000 0.000000 0.082459 0.006901 1.658483 2662.295675
0.910639 0.000000 0.000000 0.000000 0.000000 0.082459 0.006901 1.658483 2662.295675
0.910639 0.000000 0.000000 0.000000 0.000000 0.082459 0.006901 1.658483 2662.295675
0.910639 0.000000 0.000000 0.000000 0.000000 0.082459 0.006901 1.658483 2662.295675
0.910639 0.000000 0.000000 0.000000 0.000000 0.082459 0.006901 1.658483 2662.295675
0.910639 0.000000 0.000000 0.000000 0.000000 0.082459 0.006901 1.658483 2662.295675
0.910639 0.000000 0.000000 0.000000 0.000000 0.082459 0.006901 1.658483 2662.295675
0.910639 0.000000 0.000000 0.000000 0.000000 0.082459 0.006901 1.658483 2662.295675
0.910639 0.000000 0.000000 0.000000 0.000000 0.082459 0.006901 1.658483 2662.295675
0.910639 0.000000 0.000000 0.000000 0.000000 0.082459 0.006901 1.658483 2662.295675
0.910639 0.000000 0.000000 0.000000 0.000000 0.082459 0.006901 1.658483 2662.295675
0.910639 0.000000 0.000000 0.000000 0.000000 0.082459 0.006901 1.658483 2662.295675
0.910639 0.000000 0.000000 0.000000 0.000000 0.082459 0.006901 1.658483 2662.295675
0.910639 0.000000 0.000000 0.000000 0.000000 0.082459 0.006901 1.658483 2662.295675
0.910639 0.000000 0.000000 0.000000 0.000000 0.082459 0.006901 1.658483 2662.295675
0.910639 0.000000 0.000000 0.000000 0.000000 0.082459 0.006901 1.658483 2662.295675
0.910639 0.000000 0.000000 0.000000 0.000000 0.082459 0.006901 1.658483 2662.295675
0.910639 0.000000 0.000000 0.000000 0.000000 0.082459 0.006901 1.658483 2662.295675
0.910639 0.000000 0.000000 0.000000 0.000000 0.082459 0.006901 1.658483 2662.295675
0.910639 0.000000 0.000000 0.000000 0.000000 0.082459 0.006901 1.658483 2662.295675
0.910639 0.000000 0.000000 0.000000 0.000000 0.082459 0.006901 1.658483 2662.295675
0.910639 0.000000 0.000000 0.000000 0.000000 0.082459 0.006901 1.658483 2662.295675
0.910639 0.000000 0.000000 0.000000 0.000000 0.082459 0.006901 1.658483 2662.295675
0.910639 0.000000 0.000000 0.000000 0.000000 0.082459 0.006901 1.658483 2662.295675
0.910639 0.000000 0.000000 0.000000 0.000000 0.082459 0.006901 1.658483 2662.295675
0.910639 0.000000 0.000000 0.000000 0.000000 0.082459 0.006901 1.658483 2662.295675
0.910639 0.000000 0.000000 0.000000 0.000000 0.082459 0.006901 1.658483 2662.295675
0.910639 0.000000 0.000000 0.000000 0.000000 0.082459 0.006901 1.658483 2662.295675
0.910639 0.000000 0.000000 0.000000 0.000000 0.082459 0.006901 1.658483 2662.295675
0.910639 0.000000 0.000000 0.000000 0.000000 0.082459 0.006901 1.658483 2662.295675
0.910639 0.000000 0.000000 0.000000 0.000000 0.082459 0.006901 1.658483 2662.295675
0.910639 0.000000 0.000000 0.000000 0.000000 0.082459 0.006901 1.658483 2662.295675
0.910639 0.000000 0.000000 0.000000 0.000000 0.082459 0.006901 1.658483 2662.295675
0.910639 0.000000 0.000000 0.000000 0.000000 0.082459 0.006901 1.658483 2662.295675
0.910639 0.000000 0.000000 0.000000 0.000000 0.082459 0.006901 1.658483 2662.295675
0.910639 0.000000 0.000000 0.000000 0.000000 0.082459 0.006901 1.658483 2662.295675
0.910639 0.000000 0.000000 0.000000 0.000000 0.082459 0.006901 1.658483 2662.295675
0.910639 0.000000 0.000000 0.000000 0.000000 0.082459 0.006901 1.658483 2662.295675
0.910639 0.000000 0.000000 0.000000 0.000000 0.082459 0.006901 1.658483 2662.295675
0.910639 0.000000 0.000000 0.000000 0.000000 0.082459 0.006901 1.658483 2662.295675
0.910639 0.000000 0.000000 0.000000 0.000000 0.082459 0.006901 1.658483 2662.295675
0.910639 0.000000 0.000000 0.000000 0.000000 0.082459 0.006901 1.658483 2662.295675
0.910639 0.000000 0.000000 0.000000 0.000000 0.082459 0.006901 1.658483 2662.295675
0.910639 0.000000 0.000000 0.000000 0.000000 0.082459 0.006901 1.658483 2662.295675
0.910639 0.000000 0.000000 0.000000 0.000000 0.082459 0.006901 1.658483 2662.295675
0.910639 0.000000 0.000000 0.000000 0.000000 0.082459 0.006901 1.658483 2662.295675
0.910639 0.000000 0.000000 0.000000 0.000000 0.082459 0.006901 1.658483 2662.295675
0.910639 0.000000 0.000000 0.000000 0.000000 0.082459 0.006901 1.658483 2662.295675
0.910639 0.000000 0.000000 0.000000 0.000000 0.082459 0.006901 1.658483 2662.295675
0.910639 0.000000 0.000000 0.000000 0.000000 0.082459 0.006901 1.658483 2662.295675
0.910639 0.000000 0.000000 0.000000 0.000000 0.082459 0.006901 1.658483 2662.295675
0.910639 0.000000 0.000000 0.000000 0.000000 0.082459 0.006901 1.658483 2662.295675
0.910639 0.000000 0.000000 0.000000 0.000000 0.082459 0.006901 1.658483 2662.295675
0.910639 0.000000 0.000000 0.000000 0.000000 0.082459 0.006901 1.658483 2662.295675
0.910639 0.000000 0.000000 0.000000 0.000000 0.082459 0.006901 1.658483 2662.295675
0.910639 0.000000 0.000000 0.000000 0.000000 0.082459 0.006901 1.658483 2662.295675
0.910639 0.000000 0.000000 0.000000 0.000000 0.082459 0.006901 1.658483 2662.295675
0.910639 0.000000 0.000000 0.000000 0.000000 0.082459 0.006901 1.658483 2662.295675
0.910639 0.000000 0.000000 0.000000 0.000000 0.082459 0.006901 1.658483 2662.295675
0.910639 0.000000 0.000000 0.000000 0.000000 0.082459 0.006901 1.658483 2662.295675
0.910639 0.000000 0.000000 0.000000 0.000000 0.082459 0.006901 1.658483 2662.295675
0.910639 0.000000 0.000000 0.000000 0.000000 0.082459 0.006901 1.658483 2662.295675
0.910639 0.000000 0.000000 0.000000 0.000000 0.082459 0.006901 1.658483 2662.295675
0.910639 0.000000 0.000000 0.000000 0.000000 0.082459 0.006901 1.658483 2662.295675
0.910639 0.000000 0.000000 0.000000 0.000000 0.082459 0.006901 1.658483 2662.295675
0.910639 0.000000 0.000000 0.000000 0.000000 0.082459 0.006901 1.658483 2662.295675
0.910639 0.000000 0.000000 0.000000 0.000000 0.082459 0.006901 1.658483 2662.295675
0.910639 0.000000 0.000000 0.000000 0.000000 0.082459 0.006901 1.658483 2662.295675
0.910639 0.000000 0.000000 0.000000 0.000000 0.082459 0.006901 1.658483 2662.295675
0.910639 0.000000 0.000000 0.000000 0.000000 0.082459 0.006901 1.658483 2662.295675
0.910639 0.000000 0.000000 0.000000 0.000000 0.082459 0.006901 1.658483 2662.295675
0.910639 0.000000 0.000000 0.000000 0.000000 0.082459 0.006901 1.658483 2662.295675
0.910639 0.000000 0.000000 0.000000 0.000000 0.082459 0.006901 1.658483 2662.295675
0.910639 0.000000 0.000000 0.000000 0.000000 0.082459 0.006901 1.658483 2662.295675
0.910639 0.000000 0.000000 0.000000 0.000000 0.082459 0.006901 1.658483 2662.295675
0.910639 0.000000 0.000000 0.000000 0.000000 0.082459 0.006901 1.658483 2662.295675
0.910639 0.000000 0.000000 0.000000 0.000000 0.082459 0.006901 1.658483 2662.295675
0.910639 0.000000 0.000000 0.000000 0.000000 0.082459 0.006901 1.658483 2662.295675
0.910639 0.000000 0.000000 0.000000 0.000000 0.082459 0.006901 1.658483 2662.295675
0.910639 0.000000 0.000000 0.000000 0.000000 0.082459 0.006901 1.658483 2662.295675
0.910639 0.000000 0.000000 0.000000 0.000000 0.082459 0.006901 1.658483 2662.295675
0.910639 0.000000 0.000000 0.000000 0.000000 0.082459 0.006901 1.658483 2662.295675
0.910639 0.000000 0.000000 0.000000 0.000000 0.082459 0.006901 1.658483 2662.295675
0.910639 0.000000 0.000000 0.000000 0.000000 0.082459 0.006901 1.658483 2662.295675
0.910639 0.000000 0.000000 0.000000 0.000000 0.082459 0.006901 1.658483 2662.295675
0.910639 0.000000 0.000000 0.000000 0.000000 0.082459 0.006901 1.658483 2662.295675
0.910639 0.000000 0.000000 0.000000 0.000000 0.082459 0.006901 1.658483 2662.295675
0.910639 0.000000 0.000000 0.000000 0.000000 0.082459 0.006901 1.658483 2662.295675
0.910639 0.000000 0.000000 0.000000 0.000000 0.082459 0.006901 1.658483 2662.295675
0.910639 0.000000 0.000000 0.000000 0.000000 0.082459 0.006901 1.658483 2662.295675
0.910639 0.000000 0.000000 0.000000 0.000000 0.082459 0.006901 1.658483 2662.295675
0.910639 0.000000 0.000000 0.000000 0.000000 0.082459 0.006901 1.658483 2662.295675
0.910639 0.000000 0.000000 0.000000 0.000000 0.082459 0.006901 1.658483 2662.295675
0.910639 0.000000 0.000000 0.000000 0.000000 0.082459 0.006901 1.658483 2662.295675
0.910639 0.000000 0.000000 0.000000 0.000000 0.082459 0.006901 1.658483 2662.295675
0.910639 0.000000 0.000000 0.000000 0.000000 0.082459 0.006901 1.658483 2662.295675
0.910639 0.000000 0.000000 0.000000 0.000000 0.082459 0.006901 1.658483 2662.295675
0.910639 0.000000 0.000000 0.000000 0.000000 0.082459 0.006901 1.658483 2662.295675
0.910639 0.000000 0.000000 0.000000 0.000000 0.082459 0.006901 1.658483 2662.295675
0.910639 0.000000 0.000000 0.000000 0.000000 0.082459 0.006901 1.658483 2662.295675
0.910639 0.000000 0.000000 0.000000 0.000000 0.082459 0.006901 1.658483 2662.295675
0.910639 0.000000 0.000000 0.000000 0.000000 0.082459 0.006901 1.658483 2662.295675
0.910639 0.000000 0.000000 0.000000 0.000000 0.082459 0.006901 1.658483 2662.295675
0.910639 0.000000 0.000000 0.000000 0.000000 0.082459 0.006901 1.658483 2662.295675
0.910639 0.000000 0.000000 0.000000 0.000000 0.082459 0.006901 1.658483 2662.295675
0.910639 0.000000 0.000000 0.000000 0.000000 0.082459 0.006901 1.658483 2662.295675
0.910639 0.000000 0.000000 0.000000 0.000000 0.082459 0.006901 1.658483 2662.295675
0.910639 0.000000 0.000000 0.000000 0.000000 0.082459 0.006901 1.658483 2662.295675
0.910639 0.000000 0.000000 0.000000 0.000000 0.082459 0.006901 1.658483 2662.295675
0.910639 0.000000 0.000000 0.000000 0.000000 0.082459 0.006901 1.658483 2662.295675
0.910639 0.000000 0.000000 0.000000 0.000000 0.082459 0.006901 1.658483 2662.295675
0.910639 0.000000 0.000000 0.000000 0.000000 0.082459 0.006901 1.658483 2662.295675
0.910639 0.000000 0.000000 0.000000 0.000000 0.082459 0.006901 1.658483 2662.295675
0.910639 0.000000 0.000000 0.000000 0.000000 0.082459 0.006901 1.658483 2662.295675
0.910639 0.000000 0.000000 0.000000 0.000000 0.082459 0.006901 1.658483 2662.295675
0.910639 0.000000 0.000000 0.000000 0.000000 0.082459 0.006901 1.658483 2662.295675
0.910639 0.000000 0.000000 0.000000 0.000000 0.082459 0.006901 1.658483 2662.295675
0.910639 0.000000 0.000000 0.000000 0.000000 0.082459 0.006901 1.658483 2662.295675
0.910639 0.000000 0.000000 0.000000 0.000000 0.082459 0.006901 1.658483 2662.295675
0.910639 0.000000 0.000000 0.000000 0.000000 0.082459 0.006901 1.658483 2662.295675
0.910639 0.000000 0.000000 0.000000 0.000000 0.082459 0.006901 1.658483 2662.295675
0.910639 0.000000 0.000000 0.000000 0.000000 0.082459 0.006901 1.658483 2662.295675
0.910639 0.000000 0.000000 0.000000 0.000000 0.082459 0.006901 1.658483 2662.295675
0.910639 0.000000 0.000000 0.000000 0.000000 0.082459 0.006901 1.658483 2662.295675
0.910639 0.000000 0.000000 0.000000 0.000000 0.082459 0.006901 1.658483 2662.295675
0.910639 0.000000 0.000000 0.000000 0.000000 0.082459 0.006901 1.658483 2662.295675
0.910639 0.000000 0.000000 0.000000 0.000000 0.082459 0.006901 1.658483 2662.295675
0.910639 0.000000 0.000000 0.000000 0.000000 0.082459 0.006901 1.658483 2662.295675
0.910639 0.000000 0.000000 0.000000 0.000000 0.082459 0.006901 1.658483 2662.295675
0.910639 0.000000 0.000000 0.000000 0.000000 0.082459 0.006901 1.658483 2662.295675
0.910639 0.000000 0.000000 0.000000 0.000000 0.082459 0.006901 1.658483 2662.295675
0.910639 0.000000 0.000000 0.000000 0.000000 0.082459 0.006901 1.658483 2662.295675
0.910639 0.000000 0.000000 0.000000 0.000000 0.082459 0.006901 1.658483 2662.295675
0.910639 0.000000 0.000000 0.000000 0.000000 0.082459 0.006901 1.658483 2662.295675
0.910639 0.000000 0.000000 0.000000 0.000000 0.082459 0.006901 1.658483 2662.295675
0.910639 0.000000 0.000000 0.000000 0.000000 0.082459 0.006901 1.658483 2662.295675
0.910639 0.000000 0.000000 0.000000 0.000000 0.082459 0.006901 1.658483 2662.295675
0.910639 0.000000 0.000000 0.000000 0.000000 0.082459 0.006901 1.658483 2662.295675
0.910639 0.000000 0.000000 0.000000 0.000000 0.082459 0.006901 1.658483 2662.295675
0.910639 0.000000 0.000000 0.000000 0.000000 0.082459 0.006901 1.658483 2662.295675
0.910639 0.000000 0.000000 0.000000 0.000000 0.082459 0.006901 1.658483 2662.295675
0.910639 0.000000 0.000000 0.000000 0.000000 0.082459 0.006901 1.658483 2662.295675
0.910639 0.000000 0.000000 0.000000 0.000000 0.082459 0.006901 1.658483 2662.295675
0.910639 0.000000 0.000000 0.000000 0.000000 0.082459 0.006901 1.658483 2662.295675
0.910639 0.000000 0.000000 0.000000 0.000000 0.082459 0.006901 1.658483 2662.295675
0.910639 0.000000 0.000000 0.000000 0.000000 0.082459 0.006901 1.658483 2662.295675
0.910639 0.000000 0.000000 0.000000 0.000000 0.082459 0.006901 1.658483 2662.295675
0.910639 0.000000 0.000000 0.000000 0.000000 0.082459 0.006901 1.658483 2662.295675
0.910639 0.000000 0.000000 0.000000 0.000000 0.082459 0.006901 1.658483 2662.295675
0.910639 0.000000 0.000000 0.000000 0.000000 0.082459 0.006901 1.658483 2662.295675
0.910639 0.000000 0.000000 0.000000 0.000000 0.082459 0.006901 1.658483 2662.295675
0.910639 0.000000 0.000000 0.000000 0.000000 0.082459 0.006901 1.658483 2662.295675
0.910639 0.000000 0.000000 0.000000 0.000000 0.082459 0.006901 1.658483 2662.295675
0.910639 0.000000 0.000000 0.000000 0.000000 0.082459 0.006901 1.658483 2662.295675
0.910639 0.000000 0.000000 0.000000 0.000000 0.082459 0.006901 1.658483 2662.295675
0.910639 0.000000 0.000000 0.000000 0.000000 0.082459 0.006901 1.658483 2662.295675
0.910639 0.000000 0.000000 0.000000 0.000000 0.082459 0.006901 1.658483 2662.295675
0.910639 0.000000 0.000000 0.000000 0.000000 0.082459 0.006901 1.658483 2662.295675
0.910639 0.000000 0.000000 0.000000 0.000000 0.082459 0.006901 1.658483 2662.295675
0.910639 0.000000 0.000000 0.000000 0.000000 0.082459 0.006901 1.658483 2662.295675
