0.368459 0.061071 0.054042 0.030771 0.001945 0.478211 0.005503 1.571493 1925.389124
0.369368 0.060220 0.054733 0.030041 0.001942 0.478169 0.005528 1.577462 1933.581712
0.371223 0.058529 0.055244 0.029280 0.001936 0.478239 0.005549 1.583263 1944.914370
0.373754 0.056433 0.055505 0.028587 0.001935 0.478214 0.005572 1.588855 1953.662615
0.376692 0.053995 0.055796 0.027836 0.001922 0.478164 0.005596 1.594351 1962.754599
0.379834 0.051593 0.055819 0.027120 0.001911 0.478105 0.005618 1.599579 1973.780779
0.383175 0.049263 0.055561 0.026397 0.001898 0.478057 0.005649 1.604547 1983.568136
0.386737 0.046996 0.055216 0.025706 0.001878 0.477792 0.005675 1.609270 1993.729553
0.390243 0.044910 0.054693 0.025027 0.001856 0.477569 0.005701 1.613801 2003.409511
0.393884 0.042898 0.054091 0.024339 0.001839 0.477226 0.005722 1.618110 2012.111050
0.397583 0.041013 0.053339 0.023669 0.001816 0.476831 0.005749 1.622205 2021.920168
0.401289 0.039209 0.052510 0.023048 0.001796 0.476379 0.005770 1.626193 2031.042210
0.405137 0.037588 0.051566 0.022446 0.001775 0.475697 0.005790 1.629964 2040.483864
0.408960 0.036072 0.050647 0.021776 0.001748 0.474983 0.005814 1.633598 2050.134217
0.412779 0.034732 0.049587 0.021157 0.001731 0.474178 0.005836 1.637005 2058.534851
0.416641 0.033474 0.048506 0.020550 0.001697 0.473269 0.005863 1.640301 2068.809826
0.420523 0.032285 0.047471 0.019945 0.001673 0.472218 0.005885 1.643528 2078.769538
0.424425 0.031217 0.046298 0.019408 0.001650 0.471098 0.005904 1.646580 2089.154946
0.428318 0.030196 0.045244 0.018839 0.001625 0.469854 0.005923 1.649596 2099.016570
0.432279 0.029252 0.044207 0.018290 0.001604 0.468428 0.005940 1.652529 2107.532962
0.436168 0.028437 0.043048 0.017817 0.001573 0.466996 0.005962 1.655326 2117.453442
0.440005 0.027700 0.042009 0.017330 0.001549 0.465429 0.005978 1.658060 2125.751733
0.443833 0.026980 0.040969 0.016877 0.001523 0.463822 0.005996 1.660747 2134.719752
0.447713 0.026287 0.039942 0.016417 0.001498 0.462129 0.006014 1.663349 2144.121705
0.451488 0.025753 0.038946 0.015973 0.001459 0.460345 0.006035 1.665876 2153.901641
0.455241 0.025293 0.037922 0.015577 0.001431 0.458483 0.006053 1.668361 2162.572891
0.459046 0.024804 0.036986 0.015203 0.001392 0.456498 0.006072 1.670816 2172.611209
0.462779 0.024369 0.036073 0.014856 0.001359 0.454473 0.006090 1.673207 2181.437348
0.466482 0.023952 0.035173 0.014519 0.001325 0.452440 0.006108 1.675601 2191.016820
0.470190 0.023580 0.034373 0.014197 0.001293 0.450242 0.006124 1.677935 2200.106166
0.473851 0.023237 0.033555 0.013868 0.001267 0.448079 0.006142 1.680208 2207.929090
0.477453 0.022934 0.032749 0.013577 0.001233 0.445895 0.006160 1.682490 2216.761447
0.481021 0.022690 0.032056 0.013279 0.001208 0.443570 0.006176 1.684719 2225.137674
0.484524 0.022472 0.031334 0.013004 0.001180 0.441292 0.006193 1.686943 2233.732882
0.488061 0.022248 0.030691 0.012747 0.001152 0.438894 0.006206 1.689141 2241.442893
0.491518 0.022112 0.030032 0.012504 0.001131 0.436482 0.006220 1.691294 2248.758228
0.494957 0.021976 0.029381 0.012295 0.001106 0.434051 0.006233 1.693452 2256.204615
0.498328 0.021891 0.028838 0.012051 0.001083 0.431563 0.006245 1.695583 2262.825478
0.501673 0.021814 0.028280 0.011875 0.001058 0.429043 0.006258 1.697713 2270.296467
0.505000 0.021696 0.027801 0.011677 0.001033 0.426523 0.006268 1.699870 2277.747261
0.508186 0.021648 0.027318 0.011518 0.001005 0.424047 0.006277 1.702001 2285.632891
0.511358 0.021571 0.026838 0.011378 0.000985 0.421583 0.006287 1.704145 2291.931830
0.514516 0.021558 0.026419 0.011233 0.000968 0.419010 0.006296 1.706272 2299.680752
0.517709 0.021523 0.025995 0.011069 0.000945 0.416451 0.006309 1.708382 2306.310990
0.520807 0.021478 0.025595 0.010926 0.000929 0.413945 0.006320 1.710503 2313.267887
0.523853 0.021486 0.025225 0.010787 0.000907 0.411409 0.006332 1.712604 2321.182954
0.526810 0.021531 0.024893 0.010673 0.000887 0.408863 0.006343 1.714713 2327.332702
0.529775 0.021540 0.024585 0.010563 0.000862 0.406319 0.006356 1.716832 2335.829113
0.532654 0.021632 0.024279 0.010479 0.000837 0.403751 0.006368 1.718920 2343.324487
0.535496 0.021665 0.024049 0.010391 0.000819 0.401203 0.006377 1.721055 2349.276196
0.538306 0.021745 0.023815 0.010317 0.000794 0.398635 0.006388 1.723169 2356.603747
0.541069 0.021844 0.023590 0.010234 0.000774 0.396092 0.006398 1.725282 2363.032139
0.543787 0.021949 0.023396 0.010168 0.000754 0.393540 0.006407 1.727394 2370.548608
0.546474 0.022054 0.023170 0.010106 0.000737 0.391044 0.006416 1.729524 2377.048897
0.549116 0.022114 0.023044 0.010061 0.000722 0.388519 0.006424 1.731691 2382.327253
0.551649 0.022254 0.022880 0.010016 0.000703 0.386066 0.006432 1.733848 2388.099107
0.554202 0.022281 0.022793 0.009996 0.000688 0.383602 0.006439 1.736074 2394.496593
0.556750 0.022365 0.022667 0.009990 0.000675 0.381109 0.006445 1.738263 2399.778926
0.559164 0.022548 0.022545 0.009959 0.000658 0.378674 0.006452 1.740438 2406.358587
0.561552 0.022661 0.022436 0.009945 0.000643 0.376307 0.006456 1.742652 2411.528368
0.563877 0.022764 0.022406 0.009922 0.000629 0.373938 0.006465 1.744867 2417.606546
0.566138 0.022906 0.022365 0.009870 0.000616 0.371634 0.006472 1.747098 2423.906474
0.568455 0.023016 0.022282 0.009879 0.000602 0.369286 0.006481 1.749345 2429.076116
0.570576 0.023164 0.022280 0.009888 0.000589 0.367015 0.006487 1.751631 2433.131285
0.572712 0.023322 0.022218 0.009911 0.000570 0.364772 0.006495 1.753877 2439.186892
0.574863 0.023433 0.022185 0.009922 0.000563 0.362533 0.006501 1.756188 2443.316652
0.576931 0.023543 0.022184 0.009938 0.000554 0.360343 0.006507 1.758531 2447.841365
0.579014 0.023655 0.022209 0.009945 0.000541 0.358124 0.006511 1.760885 2453.105040
0.580996 0.023762 0.022266 0.009977 0.000532 0.355952 0.006516 1.763228 2457.913145
0.582958 0.023953 0.022248 0.009977 0.000521 0.353821 0.006523 1.765521 2462.289506
0.584799 0.024029 0.022318 0.010027 0.000514 0.351787 0.006527 1.767929 2465.587100
0.586725 0.024164 0.022338 0.010070 0.000506 0.349664 0.006533 1.770287 2470.280723
0.588601 0.024293 0.022401 0.010116 0.000489 0.347560 0.006540 1.772688 2475.917631
0.590417 0.024443 0.022435 0.010144 0.000482 0.345535 0.006544 1.775076 2478.994880
0.592144 0.024541 0.022569 0.010216 0.000473 0.343510 0.006548 1.777544 2483.644859
0.593829 0.024732 0.022617 0.010227 0.000465 0.341576 0.006554 1.779953 2487.431545
0.595530 0.024861 0.022639 0.010265 0.000454 0.339690 0.006560 1.782368 2492.699343
0.597180 0.025041 0.022662 0.010313 0.000449 0.337792 0.006564 1.784794 2496.326813
0.598719 0.025223 0.022713 0.010336 0.000443 0.335996 0.006570 1.787250 2501.304087
0.600304 0.025326 0.022829 0.010367 0.000435 0.334167 0.006574 1.789734 2504.919707
0.601849 0.025430 0.022892 0.010411 0.000427 0.332413 0.006579 1.792247 2508.864214
0.603383 0.025500 0.022974 0.010468 0.000417 0.330674 0.006584 1.794793 2513.588472
0.604892 0.025669 0.023046 0.010484 0.000413 0.328908 0.006588 1.797280 2517.382076
0.606322 0.025776 0.023117 0.010530 0.000409 0.327255 0.006592 1.799797 2520.594728
0.607779 0.025897 0.023153 0.010565 0.000403 0.325608 0.006595 1.802307 2524.428665
0.609098 0.026043 0.023243 0.010625 0.000399 0.323995 0.006598 1.804871 2527.527696
0.610327 0.026214 0.023356 0.010653 0.000392 0.322453 0.006605 1.807455 2531.065167
0.611745 0.026274 0.023462 0.010690 0.000384 0.320835 0.006609 1.810028 2534.590154
0.613083 0.026367 0.023523 0.010756 0.000382 0.319278 0.006611 1.812619 2538.015178
0.614356 0.026456 0.023656 0.010788 0.000376 0.317753 0.006615 1.815229 2541.427547
0.615581 0.026604 0.023768 0.010793 0.000373 0.316265 0.006618 1.817807 2544.160681
0.616786 0.026755 0.023874 0.010821 0.000371 0.314771 0.006621 1.820406 2546.766825
0.617979 0.026886 0.023941 0.010854 0.000365 0.313351 0.006624 1.823019 2550.373526
0.619099 0.026986 0.024065 0.010899 0.000357 0.311965 0.006628 1.825686 2554.549845
0.620246 0.027140 0.024145 0.010949 0.000352 0.310535 0.006633 1.828294 2557.431555
0.621370 0.027215 0.024238 0.010984 0.000352 0.309205 0.006636 1.830972 2560.095432
0.622460 0.027324 0.024309 0.011016 0.000341 0.307910 0.006640 1.833633 2564.135203
0.623490 0.027427 0.024404 0.011080 0.000335 0.306621 0.006643 1.836324 2566.949134
0.624530 0.027533 0.024479 0.011150 0.000331 0.305330 0.006648 1.839013 2569.615081
0.625594 0.027572 0.024585 0.011210 0.000328 0.304059 0.006651 1.841748 2571.891765
0.626582 0.027703 0.024680 0.011262 0.000324 0.302795 0.006655 1.844454 2575.183915
0.627587 0.027780 0.024769 0.011284 0.000321 0.301600 0.006658 1.847174 2578.370538
0.628498 0.027894 0.024862 0.011307 0.000317 0.300462 0.006660 1.849893 2581.265910
0.629477 0.027902 0.024983 0.011362 0.000319 0.299294 0.006662 1.852662 2583.312559
0.630416 0.027986 0.025086 0.011407 0.000319 0.298123 0.006665 1.855395 2585.538756
0.631282 0.028082 0.025169 0.011477 0.000314 0.297008 0.006668 1.858165 2588.172004
0.632145 0.028127 0.025287 0.011546 0.000312 0.295913 0.006670 1.860948 2590.850478
0.632983 0.028225 0.025371 0.011559 0.000314 0.294876 0.006672 1.863696 2592.802387
0.633831 0.028271 0.025467 0.011572 0.000314 0.293870 0.006674 1.866474 2594.672001
0.634732 0.028313 0.025538 0.011612 0.000311 0.292817 0.006676 1.869239 2597.087287
0.635435 0.028406 0.025643 0.011638 0.000310 0.291888 0.006679 1.872024 2599.857199
0.636210 0.028452 0.025687 0.011714 0.000306 0.290950 0.006681 1.874795 2602.311659
0.636995 0.028468 0.025829 0.011709 0.000305 0.290011 0.006683 1.877598 2605.228648
0.637805 0.028464 0.025880 0.011783 0.000304 0.289079 0.006685 1.880413 2607.088560
0.638616 0.028454 0.025973 0.011804 0.000310 0.288159 0.006685 1.883230 2608.236962
0.639410 0.028439 0.026022 0.011859 0.000306 0.287278 0.006687 1.886041 2610.115892
0.640175 0.028514 0.026077 0.011873 0.000302 0.286372 0.006688 1.888809 2612.120152
0.640877 0.028576 0.026158 0.011881 0.000301 0.285515 0.006691 1.891576 2614.331949
0.641600 0.028578 0.026227 0.011917 0.000305 0.284680 0.006693 1.894372 2615.925651
0.642294 0.028592 0.026267 0.011966 0.000303 0.283881 0.006696 1.897190 2618.273245
0.643002 0.028593 0.026356 0.012017 0.000306 0.283029 0.006699 1.900032 2619.570509
0.643731 0.028612 0.026439 0.012027 0.000305 0.282184 0.006701 1.902851 2621.760036
0.644406 0.028655 0.026510 0.012041 0.000308 0.281377 0.006704 1.905659 2624.121044
0.645075 0.028705 0.026476 0.012062 0.000304 0.280672 0.006706 1.908456 2626.734781
0.645726 0.028680 0.026586 0.012057 0.000304 0.279938 0.006710 1.911301 2629.651371
0.646418 0.028669 0.026622 0.012075 0.000303 0.279202 0.006712 1.914121 2631.772796
0.647056 0.028704 0.026678 0.012076 0.000303 0.278470 0.006713 1.916929 2633.468620
0.647737 0.028691 0.026735 0.012065 0.000304 0.277752 0.006716 1.919746 2634.974101
0.648395 0.028710 0.026748 0.012074 0.000302 0.277053 0.006718 1.922544 2636.327695
0.649081 0.028715 0.026766 0.012110 0.000301 0.276307 0.006720 1.925364 2638.696980
0.649711 0.028684 0.026781 0.012144 0.000301 0.275655 0.006723 1.928200 2640.976559
0.650320 0.028713 0.026779 0.012123 0.000304 0.275036 0.006724 1.931002 2642.702140
0.650913 0.028736 0.026809 0.012115 0.000306 0.274397 0.006725 1.933818 2644.740669
0.651517 0.028728 0.026830 0.012135 0.000305 0.273758 0.006726 1.936639 2646.382993
0.652240 0.028641 0.026881 0.012138 0.000306 0.273066 0.006728 1.939467 2648.171491
0.652874 0.028544 0.026921 0.012171 0.000307 0.272454 0.006729 1.942318 2649.801548
0.653555 0.028450 0.026932 0.012206 0.000304 0.271822 0.006731 1.945140 2651.060076
0.654150 0.028463 0.026880 0.012190 0.000304 0.271282 0.006732 1.947894 2652.799711
0.654768 0.028481 0.026894 0.012166 0.000307 0.270651 0.006733 1.950656 2654.229274
0.655360 0.028466 0.026836 0.012180 0.000309 0.270116 0.006734 1.953424 2655.555680
0.655909 0.028483 0.026828 0.012172 0.000307 0.269566 0.006736 1.956180 2657.696662
0.656497 0.028478 0.026845 0.012176 0.000301 0.268965 0.006737 1.958951 2660.206935
0.657075 0.028441 0.026859 0.012177 0.000298 0.268410 0.006739 1.961741 2661.881269
0.657730 0.028430 0.026843 0.012137 0.000292 0.267824 0.006743 1.964499 2664.637982
0.658271 0.028443 0.026852 0.012123 0.000290 0.267276 0.006745 1.967251 2666.363365
0.658827 0.028449 0.026881 0.012117 0.000292 0.266688 0.006747 1.970009 2667.675238
0.659368 0.028458 0.026892 0.012133 0.000291 0.266110 0.006748 1.972799 2669.319677
0.659936 0.028416 0.026922 0.012146 0.000287 0.265544 0.006749 1.975579 2671.714169
0.660491 0.028380 0.026915 0.012128 0.000288 0.265047 0.006751 1.978351 2672.924778
0.661038 0.028382 0.026944 0.012104 0.000291 0.264488 0.006752 1.981111 2674.299629
0.661562 0.028324 0.026939 0.012110 0.000289 0.264023 0.006754 1.983923 2675.815834
0.662107 0.028305 0.026949 0.012132 0.000291 0.263461 0.006755 1.986670 2677.811991
0.662646 0.028234 0.026982 0.012105 0.000294 0.262984 0.006756 1.989464 2679.507144
0.663212 0.028217 0.026977 0.012096 0.000292 0.262448 0.006759 1.992215 2681.597554
0.663715 0.028195 0.026958 0.012080 0.000295 0.261996 0.006761 1.994955 2683.245551
0.664170 0.028208 0.026957 0.012078 0.000297 0.261528 0.006763 1.997723 2684.888001
0.664682 0.028170 0.026923 0.012059 0.000294 0.261108 0.006765 2.000481 2687.136543
0.665173 0.028175 0.026897 0.012051 0.000291 0.260647 0.006767 2.003219 2689.420314
0.665680 0.028120 0.026898 0.012042 0.000291 0.260201 0.006768 2.006000 2690.662727
0.666138 0.028110 0.026866 0.012014 0.000289 0.259813 0.006771 2.008759 2692.939904
0.666655 0.028020 0.026911 0.011990 0.000288 0.259363 0.006772 2.011562 2694.037004
0.667158 0.027995 0.026873 0.011996 0.000292 0.258913 0.006773 2.014326 2695.335082
0.667663 0.027939 0.026882 0.012004 0.000289 0.258447 0.006775 2.017103 2697.753864
0.668136 0.027936 0.026833 0.011989 0.000287 0.258043 0.006777 2.019849 2699.475280
0.668718 0.027889 0.026784 0.011944 0.000290 0.257596 0.006779 2.022575 2700.641952
0.669214 0.027835 0.026763 0.011926 0.000291 0.257190 0.006782 2.025302 2701.978542
0.669736 0.027833 0.026753 0.011920 0.000293 0.256683 0.006783 2.028035 2703.179257
0.670224 0.027825 0.026700 0.011901 0.000295 0.256270 0.006785 2.030726 2704.482567
0.670664 0.027838 0.026664 0.011880 0.000295 0.255871 0.006788 2.033405 2706.596239
0.671175 0.027842 0.026653 0.011885 0.000298 0.255357 0.006790 2.036104 2707.498629
0.671677 0.027805 0.026635 0.011882 0.000296 0.254915 0.006791 2.038816 2708.740986
0.672078 0.027835 0.026619 0.011885 0.000297 0.254492 0.006793 2.041533 2710.021459
0.672509 0.027807 0.026661 0.011869 0.000301 0.254056 0.006796 2.044274 2711.458262
0.672967 0.027770 0.026655 0.011869 0.000300 0.253642 0.006797 2.047004 2712.844314
0.673401 0.027782 0.026592 0.011860 0.000296 0.253270 0.006799 2.049701 2714.770753
0.673843 0.027798 0.026542 0.011908 0.000294 0.252814 0.006801 2.052431 2716.632045
0.674325 0.027774 0.026493 0.011908 0.000294 0.252404 0.006803 2.055157 2718.123645
0.674836 0.027721 0.026518 0.011879 0.000291 0.251951 0.006804 2.057876 2719.693356
0.675235 0.027765 0.026478 0.011838 0.000292 0.251587 0.006806 2.060572 2721.463182
0.675627 0.027774 0.026443 0.011850 0.000290 0.251208 0.006807 2.063288 2723.466166
0.676064 0.027690 0.026454 0.011848 0.000286 0.250850 0.006808 2.066056 2725.057617
0.676517 0.027697 0.026438 0.011855 0.000289 0.250394 0.006810 2.068769 2726.257686
0.676974 0.027633 0.026468 0.011869 0.000291 0.249954 0.006812 2.071522 2727.853029
0.677349 0.027655 0.026426 0.011854 0.000290 0.249611 0.006815 2.074216 2729.978417
0.677707 0.027689 0.026424 0.011852 0.000290 0.249222 0.006816 2.076929 2731.754983
0.678129 0.027716 0.026392 0.011820 0.000292 0.248833 0.006818 2.079618 2733.291256
0.678557 0.027741 0.026396 0.011804 0.000294 0.248389 0.006820 2.082313 2734.376813
0.678957 0.027751 0.026346 0.011802 0.000294 0.248029 0.006821 2.085013 2735.750123
0.679334 0.027747 0.026310 0.011777 0.000293 0.247717 0.006822 2.087719 2736.956758
0.679681 0.027821 0.026286 0.011755 0.000292 0.247342 0.006823 2.090399 2738.599762
0.680110 0.027819 0.026307 0.011742 0.000291 0.246906 0.006825 2.093121 2740.012308
0.680476 0.027790 0.026324 0.011722 0.000285 0.246578 0.006826 2.095844 2741.998705
0.680848 0.027780 0.026296 0.011738 0.000282 0.246229 0.006828 2.098545 2743.747468
0.681255 0.027820 0.026224 0.011722 0.000279 0.245872 0.006829 2.101213 2745.225731
0.681561 0.027896 0.026202 0.011720 0.000278 0.245512 0.006831 2.103902 2746.514121
0.681888 0.027898 0.026178 0.011760 0.000280 0.245163 0.006833 2.106617 2747.740839
0.682223 0.027889 0.026210 0.011754 0.000281 0.244809 0.006834 2.109341 2748.932933
0.682542 0.027876 0.026194 0.011777 0.000279 0.244495 0.006837 2.112060 2750.595772
0.682885 0.027910 0.026213 0.011773 0.000281 0.244100 0.006839 2.114781 2751.888057
0.683197 0.027926 0.026261 0.011762 0.000280 0.243734 0.006841 2.117533 2753.724033
0.683533 0.027896 0.026272 0.011809 0.000281 0.243366 0.006843 2.120286 2755.317173
0.683877 0.027900 0.026267 0.011818 0.000280 0.243013 0.006845 2.123030 2757.133951
0.684197 0.027942 0.026289 0.011799 0.000276 0.242650 0.006848 2.125749 2758.470606
0.684506 0.027953 0.026339 0.011782 0.000278 0.242293 0.006849 2.128505 2759.829742
0.684901 0.027884 0.026332 0.011758 0.000279 0.241997 0.006850 2.131263 2760.992027
0.685160 0.027978 0.026296 0.011743 0.000277 0.241694 0.006851 2.133932 2762.612922
0.685426 0.027978 0.026354 0.011769 0.000280 0.241341 0.006852 2.136691 2763.848953
0.685686 0.027969 0.026411 0.011743 0.000282 0.241055 0.006854 2.139426 2765.344628
0.685926 0.027975 0.026384 0.011754 0.000281 0.240827 0.006855 2.142183 2766.447100
0.686211 0.027961 0.026427 0.011789 0.000281 0.240474 0.006858 2.144950 2767.670159
0.686458 0.027947 0.026430 0.011803 0.000285 0.240219 0.006858 2.147722 2769.095722
0.686728 0.027966 0.026434 0.011851 0.000285 0.239877 0.006860 2.150461 2770.466530
0.686955 0.028006 0.026399 0.011840 0.000286 0.239654 0.006861 2.153173 2771.890800
0.687174 0.028079 0.026405 0.011822 0.000286 0.239372 0.006862 2.155871 2773.354935
0.687431 0.028080 0.026405 0.011831 0.000283 0.239106 0.006864 2.158576 2774.937780
0.687656 0.028046 0.026395 0.011882 0.000284 0.238871 0.006866 2.161373 2776.056133
0.687827 0.028140 0.026402 0.011877 0.000289 0.238597 0.006868 2.164096 2777.148518
0.688013 0.028148 0.026426 0.011866 0.000290 0.238387 0.006870 2.166846 2778.355901
0.688228 0.028152 0.026380 0.011852 0.000289 0.238229 0.006871 2.169584 2779.539011
0.688422 0.028173 0.026353 0.011902 0.000287 0.237989 0.006875 2.172326 2781.025281
0.688680 0.028128 0.026386 0.011948 0.000288 0.237693 0.006877 2.175106 2781.936256
0.688891 0.028150 0.026405 0.011951 0.000289 0.237435 0.006878 2.177869 2782.956889
0.689060 0.028174 0.026423 0.011946 0.000295 0.237223 0.006880 2.180634 2784.436286
0.689205 0.028203 0.026479 0.011990 0.000296 0.236947 0.006881 2.183434 2785.495362
0.689427 0.028193 0.026542 0.011982 0.000295 0.236678 0.006882 2.186201 2787.024342
0.689686 0.028142 0.026551 0.011962 0.000292 0.236482 0.006884 2.188941 2788.591572
0.689919 0.028087 0.026566 0.011982 0.000289 0.236271 0.006886 2.191699 2790.174393
0.690131 0.028078 0.026598 0.011982 0.000288 0.236035 0.006887 2.194439 2791.597909
0.690289 0.028161 0.026624 0.011971 0.000294 0.235773 0.006888 2.197181 2792.522707
0.690457 0.028172 0.026649 0.011982 0.000291 0.235557 0.006891 2.199939 2794.049546
0.690590 0.028187 0.026635 0.011950 0.000291 0.235453 0.006894 2.202715 2795.378904
0.690755 0.028094 0.026663 0.011975 0.000291 0.235326 0.006895 2.205534 2796.854611
0.690971 0.028076 0.026646 0.011944 0.000289 0.235176 0.006897 2.208271 2798.511307
0.691077 0.028103 0.026595 0.011969 0.000289 0.235069 0.006899 2.211027 2800.224463
0.691242 0.028161 0.026592 0.011952 0.000291 0.234861 0.006901 2.213754 2801.762036
0.691376 0.028228 0.026589 0.011942 0.000294 0.234667 0.006904 2.216476 2802.729472
0.691596 0.028204 0.026584 0.011924 0.000293 0.234494 0.006905 2.219217 2803.716972
0.691786 0.028144 0.026608 0.011945 0.000293 0.234318 0.006906 2.222005 2805.522068
0.691978 0.028151 0.026649 0.011945 0.000291 0.234077 0.006909 2.224782 2807.016018
0.692129 0.028137 0.026617 0.011939 0.000291 0.233975 0.006912 2.227546 2808.227169
0.692324 0.028119 0.026578 0.011974 0.000289 0.233802 0.006914 2.230304 2809.860545
0.692455 0.028175 0.026533 0.011994 0.000290 0.233639 0.006915 2.233038 2811.642635
0.692624 0.028189 0.026537 0.012033 0.000290 0.233411 0.006916 2.235788 2813.260493
0.692790 0.028127 0.026589 0.012042 0.000289 0.233243 0.006919 2.238584 2814.965636
0.693005 0.028053 0.026580 0.012054 0.000290 0.233096 0.006921 2.241350 2816.207850
0.693100 0.028087 0.026599 0.012076 0.000292 0.232922 0.006922 2.244111 2818.002931
0.693276 0.028039 0.026617 0.012089 0.000291 0.232764 0.006924 2.246879 2819.520157
0.693460 0.028072 0.026664 0.012053 0.000288 0.232537 0.006926 2.249636 2821.010119
0.693659 0.028060 0.026614 0.012036 0.000291 0.232413 0.006926 2.252388 2822.371918
0.693815 0.028020 0.026687 0.012018 0.000292 0.232240 0.006927 2.255153 2823.376051
0.693930 0.028040 0.026702 0.011993 0.000295 0.232111 0.006929 2.257877 2824.280039
0.694051 0.028060 0.026717 0.011980 0.000295 0.231965 0.006930 2.260625 2825.753063
0.694140 0.028111 0.026717 0.011980 0.000295 0.231823 0.006933 2.263367 2827.177521
0.694233 0.028141 0.026707 0.011951 0.000293 0.231740 0.006934 2.266093 2828.801692
0.694367 0.028141 0.026712 0.011983 0.000293 0.231568 0.006936 2.268878 2830.630329
0.694512 0.028164 0.026751 0.011977 0.000294 0.231362 0.006941 2.271640 2832.890919
0.694688 0.028112 0.026742 0.012018 0.000296 0.231202 0.006942 2.274408 2833.912412
0.694795 0.028113 0.026672 0.012029 0.000294 0.231153 0.006945 2.277181 2835.419933
0.694926 0.028100 0.026687 0.012030 0.000290 0.231020 0.006947 2.279961 2836.715141
0.695008 0.028138 0.026667 0.012004 0.000292 0.230943 0.006949 2.282698 2837.884914
0.695139 0.028116 0.026648 0.011994 0.000293 0.230860 0.006951 2.285456 2839.181510
0.695296 0.028075 0.026675 0.012018 0.000293 0.230692 0.006952 2.288244 2840.550442
0.695444 0.028034 0.026677 0.012006 0.000292 0.230594 0.006954 2.291010 2842.515834
0.695538 0.028055 0.026651 0.011980 0.000296 0.230525 0.006955 2.293722 2844.015538
0.695622 0.028084 0.026649 0.011926 0.000293 0.230468 0.006957 2.296433 2845.556321
0.695738 0.028097 0.026652 0.011902 0.000295 0.230357 0.006959 2.299175 2846.859816
0.695878 0.028047 0.026700 0.011902 0.000295 0.230216 0.006962 2.301955 2848.095586
0.696031 0.027997 0.026753 0.011871 0.000294 0.230091 0.006963 2.304710 2849.623637
0.696191 0.028024 0.026728 0.011841 0.000297 0.229955 0.006964 2.307411 2850.942837
0.696441 0.027977 0.026685 0.011844 0.000303 0.229785 0.006966 2.310153 2852.142675
0.696535 0.027998 0.026673 0.011847 0.000304 0.229674 0.006968 2.312879 2853.212659
0.696659 0.027988 0.026662 0.011827 0.000306 0.229588 0.006970 2.315624 2854.621346
0.696764 0.028021 0.026665 0.011795 0.000305 0.229477 0.006972 2.318320 2856.019100
0.696842 0.028039 0.026655 0.011776 0.000304 0.229410 0.006974 2.321074 2857.302847
0.696976 0.028018 0.026673 0.011788 0.000306 0.229263 0.006976 2.323802 2858.614580
0.697119 0.027992 0.026681 0.011831 0.000304 0.229095 0.006977 2.326574 2860.072110
0.697222 0.028045 0.026640 0.011864 0.000301 0.228949 0.006979 2.329285 2861.647708
0.697361 0.028027 0.026610 0.011869 0.000299 0.228854 0.006981 2.332021 2863.507299
0.697490 0.028009 0.026570 0.011843 0.000300 0.228807 0.006981 2.334771 2864.607959
0.697608 0.027984 0.026558 0.011852 0.000296 0.228718 0.006984 2.337506 2866.539706
0.697748 0.027933 0.026538 0.011890 0.000298 0.228608 0.006987 2.340271 2867.562309
0.697821 0.027936 0.026532 0.011915 0.000300 0.228509 0.006988 2.343018 2868.805343
0.697948 0.027962 0.026542 0.011907 0.000300 0.228350 0.006991 2.345759 2870.472136
0.698055 0.027980 0.026514 0.011888 0.000300 0.228271 0.006993 2.348470 2872.164747
0.698185 0.027999 0.026504 0.011881 0.000304 0.228133 0.006994 2.351196 2873.570979
0.698274 0.027985 0.026518 0.011887 0.000302 0.228038 0.006997 2.353959 2875.060593
0.698420 0.027964 0.026500 0.011903 0.000304 0.227911 0.006999 2.356686 2876.981993
0.698636 0.027948 0.026460 0.011919 0.000306 0.227732 0.007000 2.359423 2877.715395
0.698699 0.027950 0.026530 0.011901 0.000307 0.227611 0.007002 2.362181 2879.598046
0.698800 0.027926 0.026564 0.011928 0.000304 0.227474 0.007005 2.364949 2881.233018
0.698984 0.027958 0.026514 0.011906 0.000304 0.227329 0.007006 2.367656 2882.862045
0.699053 0.028023 0.026493 0.011899 0.000301 0.227225 0.007007 2.370351 2884.788763
0.699110 0.028004 0.026477 0.011914 0.000299 0.227186 0.007009 2.373117 2886.090991
0.699189 0.028067 0.026475 0.011895 0.000296 0.227065 0.007011 2.375826 2887.434476
0.699284 0.028132 0.026461 0.011867 0.000296 0.226946 0.007013 2.378532 2888.690887
0.699316 0.028117 0.026480 0.011879 0.000298 0.226897 0.007014 2.381313 2890.207518
0.699393 0.028161 0.026470 0.011895 0.000297 0.226769 0.007015 2.384072 2891.825116
0.699389 0.028201 0.026430 0.011912 0.000292 0.226759 0.007017 2.386828 2893.677249
0.699483 0.028204 0.026431 0.011912 0.000290 0.226662 0.007020 2.389567 2895.796794
0.699600 0.028224 0.026427 0.011906 0.000287 0.226535 0.007021 2.392298 2897.436189
0.699679 0.028208 0.026493 0.011891 0.000290 0.226415 0.007023 2.395087 2898.842143
0.699769 0.028127 0.026556 0.011908 0.000294 0.226322 0.007025 2.397900 2899.892265
0.699852 0.028106 0.026576 0.011913 0.000292 0.226235 0.007027 2.400669 2901.443703
0.699947 0.028109 0.026573 0.011937 0.000296 0.226109 0.007028 2.403434 2902.496816
0.700026 0.028085 0.026583 0.011935 0.000294 0.226048 0.007030 2.406201 2904.642834
0.700093 0.028088 0.026579 0.011940 0.000293 0.225974 0.007033 2.408972 2906.308870
0.700126 0.028121 0.026570 0.011975 0.000291 0.225883 0.007035 2.411731 2907.629078
0.700180 0.028122 0.026577 0.011979 0.000293 0.225813 0.007037 2.414497 2909.359946
0.700249 0.028166 0.026576 0.011965 0.000295 0.225712 0.007039 2.417219 2910.599259
0.700331 0.028153 0.026610 0.011948 0.000296 0.225622 0.007040 2.419959 2911.800973
0.700329 0.028165 0.026661 0.011926 0.000300 0.225578 0.007041 2.422750 2912.722227
0.700407 0.028162 0.026690 0.011897 0.000301 0.225500 0.007043 2.425508 2914.325537
0.700459 0.028129 0.026713 0.011927 0.000304 0.225423 0.007045 2.428299 2915.554670
0.700543 0.028081 0.026749 0.011939 0.000303 0.225338 0.007047 2.431096 2917.412250
0.700557 0.028206 0.026664 0.011933 0.000303 0.225290 0.007048 2.433798 2918.411794
0.700579 0.028199 0.026695 0.011930 0.000303 0.225244 0.007049 2.436570 2919.749230
0.700578 0.028271 0.026701 0.011941 0.000305 0.225154 0.007050 2.439327 2921.057896
0.700617 0.028231 0.026708 0.011945 0.000307 0.225140 0.007051 2.442119 2922.549286
0.700632 0.028273 0.026734 0.011933 0.000309 0.225068 0.007053 2.444882 2924.604883
0.700716 0.028258 0.026761 0.011920 0.000311 0.224980 0.007055 2.447651 2925.923588
0.700749 0.028231 0.026765 0.011935 0.000310 0.224954 0.007057 2.450465 2927.590963
0.700788 0.028209 0.026731 0.011959 0.000306 0.224950 0.007059 2.453229 2929.387149
0.700828 0.028252 0.026718 0.011974 0.000305 0.224863 0.007060 2.455949 2930.744284
0.700824 0.028258 0.026737 0.011983 0.000307 0.224830 0.007061 2.458725 2932.011047
0.700828 0.028224 0.026758 0.012005 0.000306 0.224815 0.007063 2.461527 2933.311021
0.700821 0.028262 0.026741 0.012000 0.000308 0.224805 0.007064 2.464304 2935.365843
0.700842 0.028285 0.026712 0.012012 0.000308 0.224775 0.007066 2.467059 2936.973696
0.700839 0.028298 0.026708 0.011998 0.000308 0.224781 0.007068 2.469816 2938.421102
0.700842 0.028356 0.026709 0.012023 0.000303 0.224696 0.007070 2.472597 2939.739724
0.700833 0.028350 0.026721 0.012052 0.000303 0.224668 0.007073 2.475415 2940.942964
0.700876 0.028352 0.026757 0.012047 0.000304 0.224589 0.007074 2.478196 2942.732316
0.700890 0.028330 0.026809 0.012008 0.000301 0.224587 0.007076 2.480989 2944.854895
0.700925 0.028341 0.026766 0.012021 0.000297 0.224573 0.007077 2.483766 2946.625543
0.700934 0.028393 0.026768 0.012010 0.000299 0.224517 0.007079 2.486513 2947.753845
0.700954 0.028360 0.026794 0.012029 0.000303 0.224480 0.007080 2.489327 2949.033179
0.700922 0.028409 0.026784 0.012010 0.000303 0.224490 0.007082 2.492082 2949.966252
0.700920 0.028409 0.026814 0.012012 0.000308 0.224453 0.007084 2.494903 2951.351096
0.701002 0.028426 0.026840 0.012002 0.000309 0.224337 0.007085 2.497656 2952.491339
0.701044 0.028401 0.026818 0.012014 0.000312 0.224324 0.007086 2.500450 2953.793894
0.701048 0.028357 0.026892 0.012027 0.000313 0.224274 0.007089 2.503282 2955.197708
0.701050 0.028362 0.026909 0.012020 0.000310 0.224259 0.007090 2.506086 2956.643165
0.701084 0.028308 0.026931 0.012021 0.000311 0.224252 0.007093 2.508890 2958.657733
0.701072 0.028273 0.026917 0.012027 0.000309 0.224307 0.007094 2.511684 2959.832004
0.701089 0.028242 0.026903 0.012067 0.000306 0.224298 0.007095 2.514466 2961.042402
0.701123 0.028230 0.026879 0.012062 0.000308 0.224302 0.007097 2.517245 2962.821839
0.701118 0.028228 0.026854 0.012071 0.000305 0.224325 0.007098 2.520045 2964.355947
0.701211 0.028202 0.026870 0.012062 0.000303 0.224252 0.007100 2.522789 2966.550619
0.701270 0.028174 0.026868 0.012059 0.000302 0.224226 0.007102 2.525547 2968.700344
0.701388 0.028122 0.026845 0.012074 0.000303 0.224167 0.007102 2.528317 2969.783387
0.701429 0.028140 0.026855 0.012054 0.000302 0.224115 0.007105 2.531057 2971.442112
0.701440 0.028156 0.026844 0.012038 0.000307 0.224109 0.007106 2.533809 2972.805456
0.701504 0.028191 0.026858 0.012020 0.000304 0.224017 0.007108 2.536560 2974.391082
0.701528 0.028202 0.026829 0.011998 0.000302 0.224031 0.007110 2.539312 2976.144695
0.701548 0.028217 0.026799 0.011969 0.000306 0.224050 0.007111 2.542051 2977.392199
0.701511 0.028248 0.026788 0.011993 0.000306 0.224041 0.007113 2.544833 2978.706517
0.701617 0.028199 0.026786 0.011994 0.000303 0.223988 0.007115 2.547631 2980.519420
0.701702 0.028114 0.026831 0.011984 0.000303 0.223949 0.007117 2.550431 2982.473367
0.701768 0.028129 0.026806 0.011982 0.000302 0.223896 0.007118 2.553176 2983.931086
0.701784 0.028089 0.026821 0.012028 0.000303 0.223857 0.007120 2.555988 2985.603173
0.701835 0.028097 0.026810 0.012024 0.000298 0.223813 0.007122 2.558719 2987.342000
0.701888 0.028095 0.026804 0.012036 0.000299 0.223752 0.007124 2.561462 2989.354293
0.701991 0.028112 0.026740 0.012038 0.000300 0.223693 0.007125 2.564170 2991.257623
0.702042 0.028074 0.026781 0.012023 0.000299 0.223655 0.007126 2.566958 2992.834181
0.702126 0.028040 0.026752 0.012016 0.000297 0.223641 0.007128 2.569703 2994.107497
0.702176 0.028091 0.026677 0.012027 0.000296 0.223603 0.007130 2.572415 2995.352444
0.702218 0.028125 0.026661 0.012001 0.000297 0.223567 0.007132 2.575150 2996.649428
0.702270 0.028117 0.026683 0.011957 0.000294 0.223545 0.007134 2.577880 2998.495023
0.702306 0.028160 0.026690 0.011912 0.000298 0.223499 0.007135 2.580610 2999.787952
0.702355 0.028167 0.026668 0.011929 0.000300 0.223444 0.007137 2.583381 3000.889558
0.702411 0.028121 0.026646 0.011964 0.000299 0.223420 0.007139 2.586176 3002.266777
0.702472 0.028171 0.026637 0.011926 0.000296 0.223357 0.007142 2.588890 3004.506230
0.702461 0.028163 0.026644 0.011946 0.000297 0.223345 0.007143 2.591659 3005.824024
0.702464 0.028146 0.026674 0.011943 0.000295 0.223332 0.007146 2.594433 3007.526400
0.702484 0.028145 0.026636 0.011957 0.000295 0.223336 0.007147 2.597172 3008.925848
0.702476 0.028115 0.026666 0.011987 0.000294 0.223314 0.007148 2.599989 3010.368211
0.702467 0.028038 0.026675 0.012031 0.000297 0.223342 0.007150 2.602813 3011.889516
0.702484 0.028016 0.026680 0.012044 0.000298 0.223326 0.007151 2.605629 3013.369831
0.702532 0.028008 0.026722 0.012011 0.000297 0.223276 0.007154 2.608366 3015.084681
0.702551 0.028077 0.026689 0.011970 0.000296 0.223261 0.007155 2.611086 3016.647905
0.702583 0.028186 0.026638 0.011926 0.000294 0.223217 0.007157 2.613766 3018.608200
0.702679 0.028162 0.026605 0.011923 0.000297 0.223177 0.007158 2.616514 3019.916043
0.702725 0.028122 0.026612 0.011932 0.000300 0.223149 0.007159 2.619294 3020.986198
0.702765 0.028173 0.026606 0.011927 0.000300 0.223069 0.007161 2.622051 3022.557452
0.702816 0.028206 0.026596 0.011913 0.000304 0.223003 0.007162 2.624758 3023.922030
0.702872 0.028172 0.026564 0.011914 0.000306 0.223007 0.007165 2.627503 3025.237613
0.702904 0.028233 0.026509 0.011913 0.000302 0.222972 0.007167 2.630200 3026.944520
0.702894 0.028234 0.026523 0.011945 0.000302 0.222935 0.007168 2.632983 3028.518691
0.702937 0.028212 0.026529 0.011926 0.000306 0.222921 0.007170 2.635722 3029.641714
0.703001 0.028167 0.026505 0.011907 0.000307 0.222943 0.007171 2.638480 3031.113685
0.703038 0.028141 0.026474 0.011910 0.000304 0.222959 0.007174 2.641221 3032.750533
0.703112 0.028142 0.026505 0.011866 0.000303 0.222896 0.007176 2.643966 3034.023758
0.703168 0.028155 0.026536 0.011858 0.000302 0.222803 0.007177 2.646695 3035.382803
0.703223 0.028157 0.026562 0.011871 0.000298 0.222710 0.007180 2.649468 3036.765868
0.703242 0.028116 0.026596 0.011907 0.000296 0.222660 0.007183 2.652278 3038.474468
0.703247 0.028163 0.026590 0.011895 0.000297 0.222623 0.007185 2.655017 3040.025688
0.703300 0.028147 0.026530 0.011904 0.000297 0.222636 0.007186 2.657764 3042.121152
0.703340 0.028161 0.026539 0.011931 0.000298 0.222542 0.007189 2.660512 3043.495495
0.703366 0.028132 0.026535 0.011957 0.000295 0.222523 0.007192 2.663291 3045.296240
0.703331 0.028179 0.026556 0.011925 0.000299 0.222519 0.007193 2.666045 3046.394605
0.703350 0.028209 0.026525 0.011901 0.000300 0.222522 0.007195 2.668793 3047.901611
0.703356 0.028152 0.026569 0.011904 0.000296 0.222525 0.007198 2.671580 3049.499977
0.703414 0.028135 0.026609 0.011890 0.000296 0.222455 0.007201 2.674342 3050.923283
0.703476 0.028152 0.026569 0.011871 0.000293 0.222438 0.007202 2.677068 3052.483993
0.703440 0.028149 0.026579 0.011877 0.000290 0.222460 0.007205 2.679833 3054.102598
0.703515 0.028089 0.026577 0.011888 0.000289 0.222435 0.007207 2.682610 3055.878556
0.703566 0.028104 0.026554 0.011865 0.000289 0.222413 0.007208 2.685361 3057.526360
0.703541 0.028115 0.026559 0.011913 0.000291 0.222371 0.007211 2.688128 3059.317768
0.703512 0.028176 0.026535 0.011913 0.000293 0.222358 0.007212 2.690850 3060.753144
0.703496 0.028201 0.026540 0.011919 0.000295 0.222334 0.007214 2.693606 3062.148641
0.703503 0.028171 0.026565 0.011948 0.000296 0.222301 0.007216 2.696419 3063.645801
0.703502 0.028145 0.026603 0.011966 0.000293 0.222273 0.007217 2.699208 3065.394020
0.703572 0.028170 0.026628 0.011957 0.000296 0.222159 0.007219 2.701941 3066.404865
0.703560 0.028223 0.026565 0.011975 0.000296 0.222160 0.007221 2.704691 3067.722365
0.703619 0.028177 0.026613 0.011964 0.000298 0.222107 0.007223 2.707479 3069.548155
0.703614 0.028186 0.026615 0.011993 0.000297 0.222070 0.007225 2.710248 3070.811124
0.703616 0.028160 0.026624 0.011970 0.000292 0.222111 0.007226 2.713009 3072.558348
0.703646 0.028189 0.026622 0.011968 0.000291 0.222058 0.007227 2.715754 3073.963322
0.703696 0.028090 0.026692 0.011973 0.000294 0.222028 0.007227 2.718573 3075.127269
0.703642 0.028100 0.026731 0.012009 0.000293 0.221998 0.007228 2.721376 3076.561226
0.703648 0.028074 0.026751 0.012028 0.000294 0.221975 0.007230 2.724179 3077.805386
0.703618 0.028140 0.026696 0.012039 0.000295 0.221981 0.007231 2.726901 3078.961883
0.703666 0.028112 0.026675 0.012051 0.000294 0.221969 0.007233 2.729690 3080.363920
0.703607 0.028215 0.026645 0.012013 0.000295 0.221990 0.007235 2.732400 3081.924207
0.703561 0.028249 0.026633 0.012022 0.000297 0.222003 0.007236 2.735177 3083.226156
0.703525 0.028227 0.026667 0.012025 0.000298 0.222023 0.007237 2.737967 3084.295177
0.703566 0.028215 0.026686 0.012019 0.000296 0.221980 0.007238 2.740736 3085.598735
0.703591 0.028195 0.026682 0.012000 0.000301 0.221993 0.007240 2.743500 3087.435589
0.703616 0.028173 0.026729 0.011980 0.000301 0.221959 0.007242 2.746276 3088.897083
0.703599 0.028207 0.026726 0.012013 0.000296 0.221915 0.007243 2.749055 3091.215033
0.703662 0.028194 0.026718 0.012019 0.000299 0.221865 0.007244 2.751825 3092.552333
0.703674 0.028188 0.026729 0.012045 0.000304 0.221814 0.007246 2.754584 3093.745933
0.703700 0.028230 0.026672 0.012016 0.000306 0.221830 0.007247 2.757323 3094.796973
0.703657 0.028245 0.026718 0.012015 0.000304 0.221813 0.007250 2.760101 3096.925765
0.703687 0.028222 0.026740 0.012021 0.000305 0.221774 0.007251 2.762866 3098.561227
0.703625 0.028247 0.026756 0.012011 0.000303 0.221805 0.007254 2.765648 3100.604216
0.703626 0.028207 0.026761 0.011988 0.000305 0.221859 0.007254 2.768454 3101.985163
0.703591 0.028313 0.026733 0.011979 0.000301 0.221826 0.007257 2.771153 3104.215162
0.703619 0.028299 0.026758 0.011987 0.000303 0.221777 0.007258 2.773948 3105.377627
0.703592 0.028268 0.026785 0.011984 0.000300 0.221810 0.007260 2.776745 3107.143071
0.703647 0.028233 0.026845 0.011994 0.000303 0.221717 0.007262 2.779525 3108.234455
0.703668 0.028220 0.026762 0.012014 0.000303 0.221771 0.007263 2.782278 3109.749902
0.703637 0.028265 0.026787 0.011995 0.000300 0.221750 0.007264 2.785014 3111.118880
0.703672 0.028227 0.026797 0.012025 0.000298 0.221716 0.007266 2.787813 3112.466986
0.703637 0.028259 0.026754 0.012000 0.000296 0.221786 0.007267 2.790566 3113.611576
0.703629 0.028308 0.026748 0.012012 0.000297 0.221738 0.007268 2.793325 3114.706457
0.703661 0.028271 0.026754 0.012014 0.000296 0.221735 0.007270 2.796118 3116.302039
0.703617 0.028279 0.026788 0.012027 0.000297 0.221721 0.007271 2.798905 3118.074995
0.703608 0.028291 0.026766 0.012017 0.000300 0.221747 0.007273 2.801644 3119.714992
0.703632 0.028239 0.026773 0.012044 0.000301 0.221737 0.007274 2.804433 3120.720930
0.703605 0.028283 0.026742 0.012004 0.000306 0.221787 0.007274 2.807172 3121.799858
0.703595 0.028298 0.026777 0.012003 0.000305 0.221746 0.007276 2.809926 3123.067626
0.703554 0.028327 0.026783 0.012029 0.000301 0.221730 0.007278 2.812705 3125.142305
0.703585 0.028286 0.026807 0.012012 0.000303 0.221728 0.007279 2.815503 3126.747459
0.703565 0.028301 0.026859 0.012027 0.000302 0.221666 0.007281 2.818302 3128.698141
0.703617 0.028272 0.026879 0.012004 0.000304 0.221641 0.007283 2.821076 3130.592761
0.703542 0.028262 0.026952 0.011968 0.000308 0.221685 0.007284 2.823860 3131.691209
0.703557 0.028264 0.026967 0.011934 0.000308 0.221684 0.007286 2.826622 3133.446037
0.703565 0.028242 0.027007 0.011957 0.000310 0.221633 0.007286 2.829447 3134.984452
0.703569 0.028249 0.026961 0.011971 0.000313 0.221649 0.007289 2.832202 3136.510741
0.703584 0.028258 0.026919 0.011947 0.000309 0.221692 0.007291 2.834957 3138.099866
0.703518 0.028303 0.026888 0.011965 0.000309 0.221725 0.007293 2.837727 3139.408441
0.703508 0.028348 0.026876 0.011939 0.000311 0.221724 0.007295 2.840461 3141.165543
0.703500 0.028323 0.026864 0.011949 0.000312 0.221757 0.007296 2.843224 3142.610786
0.703433 0.028335 0.026882 0.011963 0.000313 0.221777 0.007298 2.846018 3143.587301
0.703462 0.028290 0.026871 0.011986 0.000310 0.221782 0.007299 2.848817 3145.150438
0.703487 0.028325 0.026822 0.011989 0.000310 0.221766 0.007301 2.851538 3146.651792
0.703488 0.028320 0.026861 0.011951 0.000310 0.221769 0.007302 2.854320 3148.284925
0.703504 0.028352 0.026873 0.011955 0.000309 0.221702 0.007305 2.857062 3149.664643
0.703510 0.028342 0.026879 0.011920 0.000310 0.221733 0.007307 2.859839 3150.904634
0.703492 0.028329 0.026897 0.011913 0.000309 0.221751 0.007309 2.862631 3152.278938
0.703452 0.028325 0.026891 0.011913 0.000309 0.221800 0.007311 2.865402 3153.603329
0.703446 0.028333 0.026843 0.011893 0.000306 0.221865 0.007314 2.868153 3154.783553
0.703429 0.028323 0.026835 0.011908 0.000302 0.221887 0.007315 2.870931 3156.230456
0.703421 0.028285 0.026851 0.011943 0.000303 0.221880 0.007317 2.873743 3157.696852
0.703501 0.028253 0.026854 0.011960 0.000303 0.221809 0.007321 2.876530 3159.435790
0.703487 0.028234 0.026851 0.011960 0.000302 0.221846 0.007322 2.879332 3160.971400
0.703510 0.028228 0.026849 0.011982 0.000301 0.221809 0.007323 2.882077 3162.750162
0.703537 0.028239 0.026792 0.012004 0.000298 0.221804 0.007325 2.884796 3164.408919
0.703525 0.028232 0.026807 0.012013 0.000296 0.221800 0.007327 2.887586 3165.984654
0.703515 0.028209 0.026854 0.012011 0.000296 0.221787 0.007329 2.890402 3167.528816
0.703551 0.028216 0.026802 0.012002 0.000297 0.221804 0.007329 2.893142 3169.077339
0.703645 0.028208 0.026800 0.011994 0.000297 0.221726 0.007330 2.895906 3170.774395
0.703667 0.028220 0.026803 0.011970 0.000296 0.221713 0.007332 2.898631 3172.360735
0.703643 0.028234 0.026826 0.011971 0.000300 0.221695 0.007332 2.901381 3173.808181
0.703682 0.028219 0.026808 0.011964 0.000304 0.221690 0.007334 2.904147 3175.148802
0.703687 0.028243 0.026815 0.011971 0.000302 0.221647 0.007335 2.906903 3176.530723
0.703695 0.028268 0.026823 0.012009 0.000302 0.221568 0.007337 2.909666 3177.659341
0.703676 0.028305 0.026835 0.011993 0.000303 0.221549 0.007339 2.912406 3179.001913
0.703608 0.028343 0.026808 0.011983 0.000307 0.221612 0.007340 2.915164 3180.320200
0.703515 0.028375 0.026863 0.011951 0.000303 0.221652 0.007341 2.917956 3181.630817
0.703537 0.028382 0.026822 0.011953 0.000301 0.221662 0.007344 2.920685 3183.176754
0.703467 0.028407 0.026832 0.011930 0.000303 0.221716 0.007346 2.923489 3184.360777
0.703465 0.028358 0.026872 0.011978 0.000300 0.221679 0.007348 2.926312 3185.936353
0.703419 0.028351 0.026871 0.012026 0.000299 0.221686 0.007349 2.929120 3187.495488
0.703409 0.028367 0.026849 0.012028 0.000298 0.221698 0.007350 2.931874 3189.308784
0.703413 0.028350 0.026859 0.012038 0.000300 0.221688 0.007353 2.934665 3190.566070
0.703421 0.028378 0.026866 0.012031 0.000297 0.221653 0.007355 2.937418 3192.386944
0.703452 0.028351 0.026860 0.012015 0.000298 0.221669 0.007356 2.940200 3194.332274
0.703427 0.028400 0.026864 0.012031 0.000299 0.221621 0.007358 2.942959 3195.840951
0.703428 0.028342 0.026880 0.012046 0.000298 0.221645 0.007361 2.945775 3197.124768
0.703386 0.028317 0.026907 0.012070 0.000298 0.221660 0.007363 2.948589 3199.040309
0.703402 0.028254 0.026932 0.012099 0.000299 0.221651 0.007364 2.951393 3200.680522
0.703370 0.028261 0.026916 0.012099 0.000301 0.221687 0.007366 2.954154 3201.555664
0.703406 0.028211 0.026955 0.012078 0.000305 0.221680 0.007367 2.956954 3202.971881
0.703356 0.028230 0.026963 0.012072 0.000304 0.221708 0.007368 2.959743 3204.523641
0.703413 0.028254 0.026956 0.012068 0.000302 0.221637 0.007371 2.962469 3206.334883
0.703360 0.028255 0.026920 0.012057 0.000305 0.221731 0.007373 2.965259 3207.676650
0.703284 0.028282 0.026937 0.012043 0.000300 0.221780 0.007376 2.968039 3209.122241
0.703309 0.028236 0.026933 0.012062 0.000301 0.221781 0.007378 2.970847 3210.315717
0.703329 0.028224 0.026890 0.012059 0.000300 0.221818 0.007380 2.973608 3212.098713
0.703355 0.028245 0.026843 0.012066 0.000300 0.221810 0.007382 2.976338 3213.559340
0.703365 0.028283 0.026829 0.012039 0.000301 0.221801 0.007383 2.979104 3215.016532
0.703345 0.028297 0.026860 0.012035 0.000299 0.221778 0.007386 2.981878 3217.077310
0.703411 0.028262 0.026833 0.012004 0.000298 0.221804 0.007388 2.984640 3218.845148
0.703428 0.028262 0.026839 0.011991 0.000298 0.221792 0.007389 2.987404 3220.046893
0.703397 0.028283 0.026852 0.012010 0.000295 0.221772 0.007390 2.990164 3221.719541
0.703415 0.028273 0.026858 0.012015 0.000294 0.221753 0.007392 2.992948 3223.390789
0.703400 0.028260 0.026795 0.012045 0.000296 0.221810 0.007394 2.995723 3224.872603
0.703413 0.028245 0.026780 0.012031 0.000295 0.221839 0.007396 2.998472 3226.134594
0.703410 0.028215 0.026771 0.012041 0.000296 0.221867 0.007398 3.001275 3227.425099
0.703477 0.028209 0.026763 0.012070 0.000298 0.221784 0.007399 3.004033 3228.939386
0.703421 0.028266 0.026724 0.012070 0.000301 0.221818 0.007401 3.006786 3230.070188
0.703446 0.028204 0.026712 0.012085 0.000301 0.221849 0.007403 3.009585 3231.813568
0.703458 0.028193 0.026763 0.012069 0.000305 0.221809 0.007403 3.012356 3232.885273
0.703455 0.028252 0.026734 0.012057 0.000303 0.221793 0.007406 3.015069 3234.958272
0.703475 0.028230 0.026744 0.012052 0.000304 0.221789 0.007408 3.017840 3236.596020
0.703503 0.028240 0.026764 0.012035 0.000303 0.221745 0.007410 3.020605 3238.150888
0.703509 0.028194 0.026791 0.012040 0.000303 0.221753 0.007411 3.023416 3239.799540
0.703514 0.028208 0.026810 0.012014 0.000300 0.221740 0.007413 3.026183 3241.380986
0.703582 0.028204 0.026749 0.012019 0.000298 0.221734 0.007415 3.028923 3243.291005
0.703584 0.028218 0.026740 0.011997 0.000294 0.221751 0.007416 3.031662 3245.698026
0.703618 0.028244 0.026717 0.011989 0.000300 0.221715 0.007418 3.034390 3246.628607
0.703635 0.028203 0.026755 0.012005 0.000298 0.221684 0.007419 3.037180 3248.236810
0.703681 0.028167 0.026712 0.012014 0.000299 0.221705 0.007422 3.039932 3249.675099
0.703687 0.028191 0.026721 0.012006 0.000299 0.221673 0.007423 3.042702 3251.489254
0.703761 0.028174 0.026668 0.012008 0.000297 0.221668 0.007425 3.045458 3253.102722
0.703808 0.028173 0.026662 0.012008 0.000295 0.221626 0.007429 3.048230 3254.816903
0.703800 0.028226 0.026687 0.011945 0.000295 0.221616 0.007430 3.050980 3256.252914
0.703829 0.028222 0.026703 0.011935 0.000292 0.221588 0.007432 3.053746 3257.883750
0.703833 0.028203 0.026682 0.011977 0.000289 0.221583 0.007434 3.056530 3259.573708
0.703843 0.028219 0.026671 0.011992 0.000285 0.221555 0.007436 3.059272 3261.333211
0.703775 0.028264 0.026733 0.011985 0.000282 0.221524 0.007438 3.062054 3262.846562
0.703826 0.028251 0.026757 0.011961 0.000285 0.221483 0.007439 3.064797 3263.773634
0.703807 0.028175 0.026824 0.011985 0.000287 0.221485 0.007439 3.067616 3265.314019
0.703808 0.028129 0.026798 0.012034 0.000289 0.221501 0.007440 3.070379 3267.134787
0.703873 0.028099 0.026811 0.012041 0.000293 0.221441 0.007442 3.073132 3268.920665
0.703873 0.028121 0.026822 0.012044 0.000291 0.221406 0.007444 3.075902 3270.704818
0.703905 0.028047 0.026840 0.012040 0.000293 0.221427 0.007447 3.078711 3271.991052
0.703902 0.028021 0.026869 0.012033 0.000296 0.221430 0.007449 3.081472 3273.122250
0.703952 0.027999 0.026854 0.012004 0.000299 0.221442 0.007451 3.084199 3274.703358
0.703966 0.028024 0.026818 0.011995 0.000298 0.221446 0.007452 3.086937 3276.133649
0.704000 0.028058 0.026775 0.011996 0.000301 0.221418 0.007453 3.089636 3277.037149
0.704068 0.028010 0.026819 0.011965 0.000301 0.221383 0.007454 3.092439 3278.476164
0.704051 0.028092 0.026772 0.011925 0.000300 0.221404 0.007456 3.095149 3280.404956
0.704102 0.028105 0.026693 0.011916 0.000296 0.221431 0.007458 3.097881 3281.968978
0.704139 0.028047 0.026715 0.011926 0.000294 0.221419 0.007460 3.100647 3283.604872
0.704119 0.028097 0.026687 0.011910 0.000295 0.221433 0.007461 3.103379 3285.302078
0.704200 0.028056 0.026678 0.011913 0.000289 0.221401 0.007463 3.106124 3287.642471
0.704211 0.028041 0.026652 0.011915 0.000290 0.221426 0.007465 3.108902 3288.970417
0.704255 0.028042 0.026637 0.011926 0.000287 0.221385 0.007467 3.111663 3290.396073
0.704302 0.028043 0.026647 0.011916 0.000291 0.221334 0.007468 3.114388 3291.510935
0.704322 0.028044 0.026593 0.011948 0.000285 0.221338 0.007471 3.117153 3293.227401
0.704357 0.028004 0.026616 0.011960 0.000289 0.221302 0.007472 3.119919 3294.161186
0.704416 0.028000 0.026586 0.011967 0.000288 0.221270 0.007473 3.122633 3295.716822
0.704440 0.028039 0.026568 0.011958 0.000288 0.221233 0.007473 3.125358 3297.559284
0.704419 0.028067 0.026542 0.011949 0.000286 0.221261 0.007475 3.128108 3299.352967
0.704446 0.028079 0.026517 0.011936 0.000285 0.221262 0.007476 3.130838 3300.899621
0.704447 0.028083 0.026498 0.011930 0.000289 0.221276 0.007477 3.133586 3301.905801
0.704539 0.028008 0.026492 0.011919 0.000292 0.221271 0.007479 3.136376 3303.125526
0.704575 0.028030 0.026478 0.011921 0.000293 0.221224 0.007480 3.139122 3304.698846
0.704512 0.028033 0.026529 0.011885 0.000292 0.221265 0.007482 3.141864 3305.743808
0.704525 0.028033 0.026542 0.011902 0.000290 0.221222 0.007486 3.144607 3307.540075
0.704505 0.028105 0.026577 0.011882 0.000290 0.221154 0.007487 3.147355 3308.990358
0.704479 0.028153 0.026574 0.011842 0.000290 0.221175 0.007488 3.150083 3310.271606
0.704524 0.028216 0.026570 0.011834 0.000288 0.221078 0.007490 3.152802 3311.878203
0.704479 0.028228 0.026583 0.011839 0.000289 0.221091 0.007491 3.155555 3313.151189
0.704499 0.028221 0.026588 0.011850 0.000289 0.221061 0.007492 3.158319 3314.284388
0.704520 0.028168 0.026593 0.011893 0.000289 0.221044 0.007494 3.161110 3315.786299
0.704499 0.028107 0.026643 0.011895 0.000291 0.221071 0.007496 3.163920 3316.782961
0.704527 0.028044 0.026678 0.011903 0.000283 0.221065 0.007499 3.166732 3318.369381
0.704470 0.028069 0.026643 0.011922 0.000281 0.221115 0.007501 3.169523 3319.689017
0.704520 0.028072 0.026649 0.011943 0.000280 0.221033 0.007502 3.172260 3321.244893
0.704505 0.028075 0.026647 0.011931 0.000282 0.221056 0.007504 3.175018 3322.469010
0.704555 0.028067 0.026682 0.011918 0.000284 0.220989 0.007504 3.177762 3323.901989
0.704519 0.028092 0.026630 0.011911 0.000288 0.221055 0.007505 3.180494 3325.157100
0.704622 0.028028 0.026640 0.011896 0.000289 0.221017 0.007508 3.183257 3326.267534
0.704632 0.028016 0.026604 0.011896 0.000289 0.221054 0.007509 3.186011 3327.613212
0.704595 0.028055 0.026594 0.011898 0.000287 0.221061 0.007510 3.188743 3329.026765
0.704575 0.028057 0.026602 0.011870 0.000282 0.221102 0.007513 3.191497 3330.493259
0.704592 0.028038 0.026600 0.011893 0.000285 0.221079 0.007514 3.194263 3331.465920
0.704583 0.028046 0.026583 0.011885 0.000283 0.221103 0.007517 3.197023 3332.721247
0.704620 0.028024 0.026589 0.011893 0.000282 0.221072 0.007519 3.199794 3334.308299
0.704614 0.028050 0.026611 0.011914 0.000280 0.221009 0.007523 3.202541 3335.978072
0.704629 0.028085 0.026627 0.011888 0.000281 0.220966 0.007524 3.205274 3337.391728
0.704600 0.028134 0.026595 0.011875 0.000278 0.220993 0.007526 3.208005 3338.812940
0.704519 0.028237 0.026576 0.011883 0.000277 0.220981 0.007527 3.210730 3340.201461
0.704518 0.028164 0.026589 0.011904 0.000281 0.221016 0.007529 3.213503 3341.387853
0.704469 0.028165 0.026622 0.011909 0.000282 0.221023 0.007531 3.216253 3342.944728
0.704415 0.028208 0.026639 0.011907 0.000283 0.221016 0.007532 3.219011 3344.316165
0.704334 0.028269 0.026641 0.011901 0.000284 0.221035 0.007535 3.221769 3345.445917
0.704339 0.028308 0.026597 0.011942 0.000286 0.220993 0.007537 3.224513 3347.036400
0.704279 0.028316 0.026609 0.011961 0.000287 0.221010 0.007539 3.227316 3348.668738
0.704218 0.028377 0.026562 0.011944 0.000285 0.221073 0.007541 3.230043 3350.282530
0.704212 0.028318 0.026607 0.011969 0.000284 0.221066 0.007543 3.232878 3351.793869
0.704117 0.028355 0.026629 0.011980 0.000284 0.221090 0.007545 3.235657 3353.454301
0.704096 0.028379 0.026616 0.011981 0.000289 0.221092 0.007546 3.238418 3354.230572
0.704102 0.028342 0.026684 0.011985 0.000289 0.221050 0.007547 3.241206 3355.657766
0.704145 0.028275 0.026712 0.011992 0.000288 0.221039 0.007549 3.244011 3357.448961
0.704145 0.028217 0.026731 0.011987 0.000293 0.221078 0.007550 3.246800 3358.274019
0.704134 0.028237 0.026760 0.011994 0.000295 0.221029 0.007552 3.249568 3359.826264
0.704142 0.028234 0.026725 0.012017 0.000294 0.221034 0.007554 3.252338 3361.029837
0.704125 0.028229 0.026747 0.012032 0.000295 0.221015 0.007557 3.255132 3362.553545
0.704085 0.028250 0.026746 0.012016 0.000292 0.221052 0.007559 3.257868 3364.671378
0.704051 0.028286 0.026717 0.012010 0.000293 0.221083 0.007560 3.260619 3365.811700
0.704009 0.028229 0.026761 0.012011 0.000297 0.221130 0.007563 3.263473 3367.082795
0.704019 0.028172 0.026820 0.012009 0.000296 0.221119 0.007565 3.266277 3369.170601
0.703995 0.028194 0.026764 0.012003 0.000298 0.221181 0.007567 3.269019 3370.399967
0.703995 0.028166 0.026808 0.011999 0.000301 0.221163 0.007568 3.271803 3371.717787
0.703967 0.028205 0.026789 0.011980 0.000300 0.221190 0.007571 3.274538 3373.478313
0.703966 0.028228 0.026780 0.011953 0.000297 0.221204 0.007572 3.277284 3374.761302
0.703956 0.028220 0.026781 0.011964 0.000298 0.221208 0.007573 3.280048 3376.384408
0.703943 0.028280 0.026739 0.011970 0.000298 0.221194 0.007576 3.282778 3377.877682
0.703948 0.028242 0.026706 0.011984 0.000299 0.221244 0.007577 3.285563 3378.899100
0.703946 0.028199 0.026730 0.011996 0.000301 0.221249 0.007579 3.288353 3380.176505
0.703942 0.028209 0.026652 0.012009 0.000305 0.221303 0.007580 3.291105 3381.359609
0.703924 0.028263 0.026664 0.011986 0.000305 0.221275 0.007582 3.293854 3382.733709
0.703920 0.028283 0.026620 0.012004 0.000304 0.221284 0.007585 3.296620 3383.800299
0.703932 0.028259 0.026647 0.011991 0.000305 0.221278 0.007588 3.299403 3385.101284
0.703946 0.028272 0.026620 0.011998 0.000306 0.221270 0.007590 3.302165 3386.371218
0.703965 0.028284 0.026656 0.011955 0.000309 0.221241 0.007591 3.304907 3387.907745
0.703890 0.028330 0.026689 0.011931 0.000306 0.221262 0.007593 3.307660 3389.254358
0.703903 0.028334 0.026672 0.011921 0.000306 0.221269 0.007594 3.310418 3390.461185
0.703914 0.028326 0.026666 0.011919 0.000307 0.221272 0.007596 3.313172 3392.565425
0.703846 0.028319 0.026690 0.011934 0.000310 0.221304 0.007598 3.315959 3394.492466
0.703876 0.028320 0.026682 0.011914 0.000307 0.221301 0.007600 3.318717 3396.194538
0.703895 0.028301 0.026696 0.011920 0.000308 0.221279 0.007602 3.321492 3397.347659
0.703965 0.028237 0.026698 0.011968 0.000305 0.221222 0.007605 3.324248 3398.846625
0.703915 0.028272 0.026671 0.011958 0.000303 0.221273 0.007608 3.327006 3400.123538
0.703905 0.028257 0.026724 0.011944 0.000302 0.221259 0.007611 3.329809 3401.789318
0.703801 0.028292 0.026723 0.011926 0.000304 0.221343 0.007612 3.332589 3402.942175
0.703812 0.028318 0.026749 0.011910 0.000303 0.221295 0.007614 3.335334 3404.965651
0.703863 0.028297 0.026750 0.011904 0.000305 0.221267 0.007615 3.338102 3406.266196
0.703917 0.028284 0.026729 0.011895 0.000302 0.221257 0.007617 3.340865 3408.117241
0.703909 0.028276 0.026745 0.011914 0.000302 0.221237 0.007618 3.343642 3409.601887
0.703915 0.028215 0.026779 0.011908 0.000303 0.221260 0.007620 3.346449 3411.397260
0.703863 0.028270 0.026760 0.011886 0.000301 0.221297 0.007621 3.349185 3413.245852
0.703936 0.028230 0.026711 0.011911 0.000303 0.221285 0.007623 3.351939 3414.843929
0.703917 0.028226 0.026690 0.011873 0.000304 0.221365 0.007624 3.354673 3416.489052
0.703872 0.028310 0.026685 0.011896 0.000302 0.221309 0.007627 3.357415 3418.270436
0.703878 0.028308 0.026683 0.011888 0.000302 0.221312 0.007629 3.360169 3419.783561
0.703830 0.028355 0.026707 0.011885 0.000305 0.221287 0.007631 3.362930 3420.982139
0.703802 0.028319 0.026754 0.011885 0.000303 0.221305 0.007632 3.365736 3422.294126
0.703787 0.028295 0.026752 0.011908 0.000308 0.221318 0.007632 3.368536 3423.389811
0.703808 0.028342 0.026728 0.011886 0.000306 0.221298 0.007633 3.371267 3425.069697
0.703809 0.028326 0.026689 0.011905 0.000305 0.221331 0.007635 3.374034 3426.413743
0.703845 0.028271 0.026736 0.011907 0.000308 0.221295 0.007638 3.376831 3427.742247
0.703839 0.028306 0.026720 0.011901 0.000310 0.221284 0.007640 3.379574 3429.159944
0.703847 0.028292 0.026770 0.011886 0.000307 0.221256 0.007642 3.382356 3430.697224
0.703844 0.028259 0.026709 0.011918 0.000308 0.221318 0.007643 3.385104 3432.084755
0.703821 0.028223 0.026734 0.011916 0.000315 0.221347 0.007644 3.387881 3433.210346
0.703886 0.028123 0.026752 0.011947 0.000315 0.221331 0.007646 3.390681 3434.427526
0.703906 0.028124 0.026755 0.011947 0.000314 0.221305 0.007649 3.393431 3436.002285
0.703919 0.028107 0.026763 0.011944 0.000314 0.221302 0.007651 3.396197 3437.206312
0.703884 0.028124 0.026771 0.011970 0.000314 0.221284 0.007652 3.398966 3438.581765
0.703924 0.028097 0.026754 0.011983 0.000316 0.221271 0.007655 3.401738 3440.484870
0.703878 0.028138 0.026725 0.011984 0.000318 0.221300 0.007657 3.404476 3441.535855
0.703909 0.028105 0.026719 0.012007 0.000315 0.221287 0.007658 3.407247 3443.407722
0.703922 0.028093 0.026710 0.011968 0.000318 0.221330 0.007659 3.409993 3444.328592
0.703993 0.028050 0.026702 0.011964 0.000312 0.221320 0.007660 3.412751 3446.073827
0.703965 0.028073 0.026681 0.011954 0.000315 0.221351 0.007663 3.415513 3447.193055
0.704038 0.028009 0.026726 0.011939 0.000314 0.221310 0.007665 3.418271 3448.576977
0.704107 0.027946 0.026744 0.011940 0.000313 0.221283 0.007667 3.421036 3450.259837
0.704105 0.027917 0.026750 0.011888 0.000314 0.221357 0.007668 3.423792 3451.414692
0.704115 0.027911 0.026765 0.011898 0.000313 0.221329 0.007670 3.426577 3452.697898
0.704074 0.027910 0.026741 0.011898 0.000312 0.221393 0.007673 3.429340 3454.406912
0.704136 0.027850 0.026762 0.011907 0.000310 0.221362 0.007674 3.432095 3456.411530
0.704201 0.027847 0.026749 0.011880 0.000308 0.221341 0.007675 3.434811 3458.072853
0.704261 0.027804 0.026745 0.011848 0.000309 0.221357 0.007675 3.437568 3459.710892
0.704224 0.027890 0.026675 0.011863 0.000308 0.221364 0.007677 3.440247 3461.688289
0.704246 0.027874 0.026719 0.011836 0.000308 0.221340 0.007678 3.443001 3463.200730
0.704217 0.027898 0.026657 0.011880 0.000302 0.221366 0.007680 3.445731 3465.113355
0.704232 0.027888 0.026699 0.011888 0.000303 0.221309 0.007682 3.448475 3466.918783
0.704269 0.027915 0.026711 0.011881 0.000305 0.221236 0.007683 3.451231 3468.180552
0.704271 0.027890 0.026726 0.011870 0.000303 0.221255 0.007685 3.454000 3469.821545
0.704227 0.027976 0.026650 0.011869 0.000301 0.221291 0.007687 3.456700 3471.432333
0.704284 0.027964 0.026580 0.011880 0.000298 0.221307 0.007688 3.459431 3473.122640
0.704243 0.027988 0.026614 0.011897 0.000292 0.221277 0.007689 3.462217 3475.287349
0.704286 0.028017 0.026613 0.011868 0.000290 0.221236 0.007691 3.464915 3477.043574
0.704296 0.028039 0.026579 0.011844 0.000291 0.221258 0.007694 3.467646 3477.884705
0.704283 0.028134 0.026526 0.011838 0.000291 0.221234 0.007695 3.470307 3479.077451
0.704358 0.028097 0.026517 0.011839 0.000293 0.221198 0.007697 3.473074 3480.626034
0.704305 0.028130 0.026517 0.011879 0.000290 0.221180 0.007700 3.475831 3482.554650
0.704299 0.028152 0.026475 0.011884 0.000290 0.221198 0.007702 3.478564 3484.378465
0.704339 0.028160 0.026484 0.011879 0.000289 0.221144 0.007704 3.481294 3485.832907
0.704383 0.028135 0.026486 0.011881 0.000291 0.221120 0.007705 3.484058 3486.998091
0.704413 0.028129 0.026497 0.011875 0.000291 0.221088 0.007707 3.486807 3488.334840
0.704406 0.028110 0.026478 0.011876 0.000289 0.221132 0.007709 3.489565 3489.810872
0.704456 0.028051 0.026485 0.011901 0.000290 0.221109 0.007710 3.492321 3491.315055
0.704519 0.028089 0.026496 0.011893 0.000290 0.221000 0.007712 3.495048 3492.975868
0.704525 0.028064 0.026520 0.011897 0.000289 0.220991 0.007714 3.497830 3494.992533
0.704493 0.028056 0.026549 0.011925 0.000288 0.220975 0.007715 3.500598 3495.978534
0.704471 0.028123 0.026516 0.011884 0.000288 0.221003 0.007715 3.503320 3497.059201
0.704446 0.028179 0.026494 0.011887 0.000290 0.220988 0.007717 3.506031 3498.245658
0.704445 0.028170 0.026479 0.011899 0.000291 0.220998 0.007718 3.508778 3500.012208
0.704462 0.028165 0.026502 0.011878 0.000291 0.220982 0.007719 3.511521 3501.421591
0.704392 0.028240 0.026474 0.011905 0.000298 0.220971 0.007721 3.514250 3503.049155
0.704354 0.028261 0.026523 0.011915 0.000299 0.220925 0.007723 3.517030 3504.585557
0.704417 0.028217 0.026530 0.011905 0.000301 0.220905 0.007726 3.519791 3506.179895
0.704423 0.028238 0.026536 0.011917 0.000299 0.220859 0.007728 3.522572 3508.278835
0.704402 0.028258 0.026525 0.011914 0.000296 0.220874 0.007732 3.525325 3509.895040
0.704417 0.028256 0.026530 0.011903 0.000295 0.220865 0.007734 3.528086 3511.890718
0.704457 0.028205 0.026580 0.011904 0.000296 0.220820 0.007737 3.530882 3513.152061
0.704458 0.028183 0.026628 0.011907 0.000294 0.220791 0.007739 3.533660 3514.456081
0.704457 0.028224 0.026598 0.011897 0.000297 0.220788 0.007740 3.536394 3515.919870
0.704434 0.028240 0.026607 0.011895 0.000297 0.220786 0.007742 3.539110 3517.603331
0.704493 0.028206 0.026625 0.011896 0.000296 0.220741 0.007743 3.541874 3519.799450
0.704484 0.028137 0.026692 0.011902 0.000295 0.220745 0.007745 3.544708 3521.238083
0.704557 0.028104 0.026724 0.011894 0.000295 0.220678 0.007747 3.547474 3522.603641
0.704552 0.028113 0.026760 0.011929 0.000293 0.220605 0.007749 3.550262 3524.421452
0.704525 0.028159 0.026725 0.011923 0.000295 0.220622 0.007751 3.553006 3525.813825
0.704488 0.028174 0.026724 0.011928 0.000294 0.220640 0.007753 3.555765 3527.513760
0.704467 0.028163 0.026747 0.011941 0.000294 0.220635 0.007754 3.558540 3529.007783
0.704446 0.028137 0.026764 0.011973 0.000296 0.220630 0.007755 3.561327 3530.229945
0.704427 0.028171 0.026735 0.011958 0.000297 0.220656 0.007756 3.564077 3531.668005
0.704415 0.028179 0.026700 0.011983 0.000298 0.220667 0.007758 3.566830 3532.802986
0.704355 0.028236 0.026688 0.011941 0.000298 0.220723 0.007760 3.569572 3533.980605
0.704371 0.028187 0.026697 0.011942 0.000299 0.220742 0.007761 3.572351 3535.086589
0.704375 0.028139 0.026724 0.011977 0.000298 0.220724 0.007762 3.575158 3536.441157
0.704330 0.028168 0.026739 0.011958 0.000299 0.220741 0.007764 3.577925 3537.406449
0.704384 0.028163 0.026689 0.011953 0.000298 0.220747 0.007766 3.580659 3539.394442
