0.346412 0.063155 0.055948 0.032071 0.002125 0.494284 0.006005 1.613866 2075.189114
0.347534 0.062071 0.056720 0.031195 0.002126 0.494327 0.006027 1.620016 2084.996748
0.349919 0.059829 0.057284 0.030372 0.002111 0.494430 0.006055 1.625971 2096.662402
0.353281 0.056941 0.057649 0.029560 0.002098 0.494389 0.006082 1.631734 2106.568821
0.357035 0.053929 0.057656 0.028715 0.002085 0.494468 0.006111 1.637119 2118.301778
0.361181 0.050871 0.057454 0.027895 0.002076 0.494381 0.006142 1.642207 2128.779927
0.365573 0.047802 0.057108 0.027113 0.002069 0.494171 0.006164 1.647070 2138.658638
0.370114 0.044875 0.056508 0.026256 0.002053 0.494001 0.006193 1.651589 2149.059365
0.374860 0.042067 0.055739 0.025384 0.002040 0.493689 0.006221 1.655852 2159.899452
0.379711 0.039409 0.054840 0.024565 0.002016 0.493216 0.006243 1.659859 2170.189598
0.384644 0.036884 0.053808 0.023735 0.001995 0.492666 0.006269 1.663615 2179.719977
0.389528 0.034614 0.052647 0.022897 0.001976 0.492044 0.006294 1.667079 2190.684549
0.394565 0.032451 0.051420 0.022099 0.001948 0.491196 0.006320 1.670361 2202.384896
0.399715 0.030424 0.050115 0.021285 0.001923 0.490195 0.006343 1.673450 2212.131010
0.404777 0.028606 0.048683 0.020477 0.001888 0.489204 0.006365 1.676289 2222.666650
0.409945 0.026808 0.047272 0.019697 0.001855 0.488033 0.006390 1.679039 2233.797061
0.415021 0.025208 0.045896 0.018966 0.001821 0.486678 0.006409 1.681609 2245.003105
0.420160 0.023796 0.044446 0.018236 0.001789 0.485142 0.006431 1.683960 2255.968965
0.425385 0.022381 0.042993 0.017562 0.001754 0.483467 0.006459 1.686244 2266.904575
0.430546 0.021139 0.041525 0.016866 0.001717 0.481727 0.006480 1.688349 2277.635858
0.435700 0.019973 0.040126 0.016173 0.001684 0.479845 0.006500 1.690354 2288.520613
0.440821 0.018908 0.038722 0.015518 0.001659 0.477853 0.006518 1.692250 2298.605921
0.446059 0.017889 0.037358 0.014878 0.001627 0.475651 0.006538 1.694055 2307.860325
0.451183 0.017012 0.035985 0.014248 0.001590 0.473420 0.006562 1.695728 2317.742632
0.456299 0.016171 0.034632 0.013682 0.001548 0.471085 0.006584 1.697345 2328.646246
0.461319 0.015419 0.033329 0.013151 0.001509 0.468669 0.006605 1.698872 2339.957258
0.466388 0.014713 0.032036 0.012638 0.001477 0.466126 0.006624 1.700334 2348.067412
0.471391 0.014056 0.030833 0.012139 0.001444 0.463493 0.006644 1.701729 2357.141726
0.476397 0.013411 0.029674 0.011651 0.001414 0.460796 0.006659 1.703109 2366.152089
0.481435 0.012840 0.028513 0.011151 0.001382 0.458004 0.006675 1.704407 2376.110867
0.486392 0.012324 0.027420 0.010706 0.001349 0.455117 0.006693 1.705640 2385.548073
0.491339 0.011817 0.026342 0.010311 0.001317 0.452166 0.006708 1.706832 2393.937626
0.496272 0.011372 0.025291 0.009921 0.001287 0.449135 0.006723 1.707982 2402.412300
0.501237 0.010944 0.024296 0.009525 0.001251 0.446005 0.006742 1.709077 2411.454129
0.506085 0.010578 0.023357 0.009159 0.001222 0.442842 0.006757 1.710128 2418.603791
0.510977 0.010228 0.022432 0.008791 0.001195 0.439602 0.006774 1.711130 2427.070816
0.515795 0.009903 0.021591 0.008460 0.001170 0.436293 0.006787 1.712106 2434.862175
0.520612 0.009628 0.020745 0.008114 0.001148 0.432954 0.006800 1.713040 2442.285325
0.525339 0.009349 0.019975 0.007817 0.001116 0.429592 0.006812 1.713978 2450.788647
0.529964 0.009109 0.019188 0.007530 0.001088 0.426294 0.006827 1.714872 2458.439477
0.534622 0.008875 0.018461 0.007249 0.001057 0.422894 0.006843 1.715745 2467.342084
0.539308 0.008664 0.017745 0.006993 0.001024 0.419411 0.006855 1.716585 2476.002668
0.543881 0.008474 0.017105 0.006734 0.000993 0.415945 0.006869 1.717425 2484.937269
0.548406 0.008268 0.016467 0.006507 0.000963 0.412506 0.006883 1.718242 2492.717705
0.552869 0.008098 0.015853 0.006303 0.000930 0.409052 0.006895 1.719024 2499.913182
0.557406 0.007919 0.015298 0.006101 0.000901 0.405468 0.006907 1.719804 2509.007848
0.561830 0.007733 0.014741 0.005916 0.000882 0.401982 0.006916 1.720572 2515.219936
0.566195 0.007564 0.014242 0.005731 0.000861 0.398479 0.006926 1.721349 2521.335017
0.570514 0.007398 0.013792 0.005564 0.000839 0.394956 0.006938 1.722113 2527.792747
0.574803 0.007293 0.013319 0.005394 0.000823 0.391419 0.006948 1.722829 2533.377217
0.579188 0.007173 0.012877 0.005228 0.000799 0.387778 0.006958 1.723542 2541.130205
0.583387 0.007080 0.012455 0.005059 0.000778 0.384273 0.006968 1.724243 2548.110549
0.587642 0.006975 0.012066 0.004905 0.000756 0.380677 0.006979 1.724916 2554.486346
0.591856 0.006873 0.011685 0.004782 0.000732 0.377082 0.006989 1.725589 2561.421030
0.595999 0.006815 0.011300 0.004659 0.000711 0.373520 0.006997 1.726244 2566.324359
0.600060 0.006729 0.011004 0.004521 0.000693 0.369987 0.007006 1.726917 2572.848055
0.604096 0.006647 0.010717 0.004381 0.000673 0.366472 0.007014 1.727577 2579.228701
0.608087 0.006583 0.010424 0.004261 0.000655 0.362968 0.007023 1.728228 2585.256717
0.612053 0.006494 0.010144 0.004162 0.000634 0.359481 0.007031 1.728881 2591.778485
0.615994 0.006443 0.009876 0.004068 0.000619 0.355964 0.007036 1.729501 2597.103156
0.619879 0.006400 0.009584 0.003970 0.000605 0.352518 0.007043 1.730118 2602.098082
0.623742 0.006375 0.009319 0.003875 0.000587 0.349050 0.007051 1.730729 2608.762224
0.627479 0.006294 0.009108 0.003798 0.000569 0.345693 0.007059 1.731361 2614.025351
0.631194 0.006250 0.008880 0.003708 0.000557 0.342346 0.007064 1.731968 2617.949286
0.634880 0.006236 0.008653 0.003632 0.000541 0.338988 0.007070 1.732541 2623.410945
0.638562 0.006169 0.008498 0.003560 0.000525 0.335608 0.007077 1.733173 2628.702933
0.642100 0.006137 0.008331 0.003480 0.000509 0.332358 0.007086 1.733789 2634.473861
0.645683 0.006093 0.008150 0.003411 0.000495 0.329076 0.007092 1.734390 2639.787389
0.649158 0.006077 0.007994 0.003345 0.000478 0.325851 0.007098 1.734976 2644.579184
0.652681 0.006048 0.007831 0.003266 0.000461 0.322608 0.007105 1.735572 2650.449487
0.656134 0.006028 0.007686 0.003217 0.000449 0.319376 0.007111 1.736154 2655.518835
0.659511 0.006027 0.007564 0.003153 0.000436 0.316189 0.007119 1.736739 2660.375996
0.662880 0.006014 0.007423 0.003102 0.000425 0.313032 0.007124 1.737315 2664.639385
0.666166 0.005998 0.007312 0.003063 0.000407 0.309923 0.007130 1.737907 2670.399023
0.669485 0.005977 0.007217 0.003030 0.000396 0.306762 0.007133 1.738509 2674.383250
0.672760 0.005978 0.007090 0.002998 0.000384 0.303654 0.007136 1.739083 2678.385246
0.675959 0.005985 0.007004 0.002968 0.000372 0.300569 0.007144 1.739674 2682.924341
0.679157 0.005992 0.006887 0.002936 0.000361 0.297520 0.007147 1.740243 2686.136033
0.682281 0.005982 0.006807 0.002893 0.000349 0.294537 0.007151 1.740818 2690.332815
0.685375 0.005977 0.006734 0.002867 0.000341 0.291552 0.007153 1.741398 2693.336601
0.688428 0.005975 0.006683 0.002836 0.000329 0.288591 0.007158 1.741990 2697.446745
0.691448 0.005993 0.006596 0.002811 0.000326 0.285664 0.007161 1.742550 2699.916706
0.694360 0.005980 0.006562 0.002795 0.000314 0.282823 0.007166 1.743144 2704.372522
0.697301 0.005990 0.006470 0.002779 0.000307 0.279984 0.007170 1.743708 2707.743132
0.700220 0.005990 0.006435 0.002764 0.000299 0.277120 0.007174 1.744313 2711.969683
0.703024 0.006010 0.006369 0.002753 0.000289 0.274377 0.007179 1.744892 2715.671880
0.705795 0.006046 0.006316 0.002734 0.000280 0.271646 0.007183 1.745470 2719.334294
0.708625 0.006047 0.006274 0.002689 0.000273 0.268906 0.007186 1.746062 2723.187109
0.711365 0.006096 0.006254 0.002668 0.000263 0.266167 0.007187 1.746646 2726.661682
0.714016 0.006113 0.006232 0.002640 0.000256 0.263552 0.007191 1.747236 2730.475176
0.716668 0.006148 0.006191 0.002637 0.000250 0.260912 0.007194 1.747827 2733.281658
0.719267 0.006193 0.006162 0.002618 0.000244 0.258320 0.007196 1.748428 2736.760346
0.721896 0.006197 0.006138 0.002619 0.000237 0.255715 0.007198 1.749041 2739.393930
0.724399 0.006246 0.006126 0.002624 0.000231 0.253174 0.007201 1.749644 2742.163460
0.726859 0.006266 0.006118 0.002622 0.000224 0.250709 0.007203 1.750263 2745.156752
0.729335 0.006279 0.006105 0.002631 0.000219 0.248226 0.007205 1.750886 2747.426345
0.731830 0.006334 0.006078 0.002614 0.000212 0.245725 0.007207 1.751475 2750.535854
0.734271 0.006354 0.006080 0.002610 0.000208 0.243269 0.007209 1.752102 2752.793360
0.736600 0.006373 0.006095 0.002611 0.000207 0.240903 0.007210 1.752735 2754.875231
0.738903 0.006434 0.006090 0.002613 0.000203 0.238545 0.007212 1.753356 2756.706271
0.741177 0.006482 0.006104 0.002621 0.000201 0.236199 0.007215 1.753996 2758.661703
0.743457 0.006551 0.006104 0.002625 0.000195 0.233851 0.007217 1.754613 2761.015208
0.745662 0.006617 0.006137 0.002640 0.000192 0.231534 0.007219 1.755259 2763.224129
0.747822 0.006678 0.006140 0.002650 0.000189 0.229300 0.007221 1.755913 2765.159522
0.750026 0.006749 0.006121 0.002636 0.000185 0.227059 0.007224 1.756537 2767.147119
0.752116 0.006776 0.006124 0.002651 0.000181 0.224927 0.007225 1.757204 2769.366241
0.754202 0.006795 0.006165 0.002675 0.000176 0.222759 0.007228 1.757887 2771.807594
0.756282 0.006820 0.006213 0.002694 0.000172 0.220588 0.007232 1.758590 2774.000361
0.758300 0.006864 0.006244 0.002688 0.000168 0.218502 0.007234 1.759259 2775.780772
0.760268 0.006941 0.006261 0.002714 0.000164 0.216417 0.007235 1.759925 2778.283796
0.762186 0.006981 0.006305 0.002726 0.000159 0.214405 0.007237 1.760617 2780.884264
0.764083 0.007041 0.006302 0.002746 0.000154 0.212435 0.007240 1.761300 2782.678029
0.765988 0.007109 0.006322 0.002757 0.000150 0.210432 0.007242 1.761986 2784.949453
0.767855 0.007180 0.006354 0.002758 0.000147 0.208462 0.007243 1.762684 2786.487981
0.769651 0.007238 0.006390 0.002792 0.000148 0.206538 0.007244 1.763411 2788.044285
0.771434 0.007272 0.006438 0.002810 0.000146 0.204654 0.007246 1.764145 2789.706349
0.773181 0.007367 0.006449 0.002840 0.000144 0.202773 0.007246 1.764845 2790.965911
0.774852 0.007437 0.006489 0.002869 0.000141 0.200964 0.007249 1.765579 2792.941825
0.776537 0.007512 0.006503 0.002873 0.000140 0.199185 0.007249 1.766283 2794.285198
0.778197 0.007569 0.006553 0.002891 0.000139 0.197401 0.007251 1.767029 2794.861309
0.779817 0.007650 0.006622 0.002909 0.000134 0.195615 0.007253 1.767778 2797.247120
0.781452 0.007704 0.006668 0.002944 0.000132 0.193845 0.007255 1.768551 2798.697979
0.783034 0.007807 0.006706 0.002968 0.000129 0.192098 0.007257 1.769299 2800.410631
0.784561 0.007902 0.006754 0.002997 0.000128 0.190401 0.007258 1.770066 2801.180747
0.786089 0.007958 0.006804 0.003032 0.000126 0.188732 0.007259 1.770863 2802.711987
0.787611 0.008054 0.006829 0.003039 0.000124 0.187082 0.007262 1.771619 2804.866362
0.789106 0.008117 0.006879 0.003054 0.000122 0.185458 0.007263 1.772395 2806.030975
0.790483 0.008217 0.006927 0.003098 0.000120 0.183891 0.007264 1.773194 2807.855647
0.791911 0.008271 0.007006 0.003124 0.000118 0.182306 0.007265 1.774020 2809.351020
0.793294 0.008343 0.007080 0.003157 0.000116 0.180744 0.007267 1.774857 2811.089423
0.794663 0.008428 0.007151 0.003188 0.000114 0.179188 0.007268 1.775686 2812.268735
0.795951 0.008543 0.007214 0.003216 0.000112 0.177695 0.007268 1.776507 2813.171404
0.797224 0.008668 0.007283 0.003220 0.000112 0.176224 0.007269 1.777326 2814.235458
0.798483 0.008757 0.007362 0.003242 0.000111 0.174776 0.007270 1.778203 2815.532001
0.799629 0.008905 0.007419 0.003272 0.000110 0.173395 0.007270 1.779053 2816.760709
0.800782 0.009024 0.007492 0.003284 0.000108 0.172039 0.007271 1.779920 2817.811491
0.801937 0.009118 0.007570 0.003333 0.000107 0.170661 0.007273 1.780822 2819.167073
0.803047 0.009210 0.007659 0.003385 0.000107 0.169318 0.007273 1.781736 2820.056541
0.804124 0.009338 0.007747 0.003437 0.000108 0.167973 0.007274 1.782642 2820.837251
0.805184 0.009465 0.007827 0.003474 0.000107 0.166667 0.007276 1.783542 2822.224261
0.806197 0.009614 0.007894 0.003502 0.000106 0.165411 0.007276 1.784457 2822.888751
0.807135 0.009718 0.008023 0.003562 0.000107 0.164179 0.007277 1.785425 2823.468298
0.808068 0.009801 0.008115 0.003597 0.000106 0.163036 0.007278 1.786394 2824.627503
0.809040 0.009942 0.008212 0.003628 0.000102 0.161797 0.007279 1.787347 2826.185373
0.809888 0.010099 0.008304 0.003651 0.000101 0.160677 0.007281 1.788313 2827.012205
0.810790 0.010202 0.008386 0.003706 0.000100 0.159534 0.007281 1.789312 2827.730373
0.811633 0.010338 0.008512 0.003746 0.000100 0.158388 0.007283 1.790308 2829.462028
0.812425 0.010470 0.008610 0.003791 0.000102 0.157318 0.007284 1.791337 2830.553909
0.813236 0.010575 0.008726 0.003831 0.000102 0.156245 0.007285 1.792373 2831.196370
0.813975 0.010698 0.008810 0.003884 0.000105 0.155242 0.007286 1.793423 2831.773424
0.814736 0.010825 0.008909 0.003913 0.000105 0.154226 0.007287 1.794458 2832.457894
0.815485 0.010927 0.009028 0.003958 0.000105 0.153209 0.007288 1.795549 2833.462321
0.816181 0.011077 0.009091 0.004011 0.000106 0.152245 0.007288 1.796620 2834.013847
0.816886 0.011197 0.009184 0.004062 0.000109 0.151272 0.007289 1.797725 2834.503360
0.817551 0.011318 0.009283 0.004114 0.000108 0.150337 0.007290 1.798825 2834.959354
0.818197 0.011468 0.009400 0.004158 0.000105 0.149382 0.007290 1.799914 2836.132979
0.818815 0.011594 0.009500 0.004195 0.000104 0.148500 0.007291 1.801036 2836.861962
0.819346 0.011729 0.009629 0.004224 0.000107 0.147673 0.007292 1.802184 2837.755293
0.819924 0.011832 0.009762 0.004254 0.000107 0.146829 0.007292 1.803343 2838.233742
0.820445 0.011957 0.009865 0.004293 0.000109 0.146038 0.007293 1.804483 2838.882204
0.821002 0.012084 0.009943 0.004339 0.000110 0.145229 0.007294 1.805633 2839.652319
0.821518 0.012193 0.010075 0.004393 0.000111 0.144414 0.007295 1.806823 2840.191825
0.821973 0.012378 0.010172 0.004431 0.000114 0.143638 0.007295 1.807982 2840.460468
0.822424 0.012502 0.010306 0.004499 0.000111 0.142864 0.007295 1.809215 2841.368785
0.822780 0.012648 0.010452 0.004569 0.000112 0.142143 0.007296 1.810462 2842.032992
0.823144 0.012785 0.010558 0.004619 0.000110 0.141485 0.007298 1.811691 2843.274641
0.823513 0.012922 0.010646 0.004666 0.000110 0.140845 0.007298 1.812939 2844.381827
0.823858 0.013045 0.010781 0.004713 0.000111 0.140192 0.007299 1.814201 2844.871096
0.824210 0.013160 0.010891 0.004778 0.000110 0.139552 0.007300 1.815503 2845.697813
0.824544 0.013262 0.010996 0.004840 0.000112 0.138946 0.007300 1.816792 2845.933008
0.824817 0.013378 0.011135 0.004888 0.000116 0.138367 0.007300 1.818105 2846.534583
0.825159 0.013503 0.011252 0.004930 0.000116 0.137739 0.007301 1.819398 2847.394759
0.825460 0.013606 0.011365 0.004989 0.000118 0.137159 0.007303 1.820720 2848.074893
0.825742 0.013723 0.011466 0.005038 0.000118 0.136611 0.007303 1.822027 2848.661844
0.825974 0.013854 0.011560 0.005074 0.000119 0.136116 0.007303 1.823358 2849.581090
0.826203 0.013979 0.011657 0.005121 0.000120 0.135616 0.007304 1.824704 2850.178704
0.826414 0.014121 0.011778 0.005158 0.000118 0.135105 0.007306 1.826050 2851.812330
0.826616 0.014250 0.011880 0.005226 0.000119 0.134602 0.007307 1.827410 2852.480955
0.826800 0.014359 0.012013 0.005275 0.000121 0.134125 0.007308 1.828825 2853.006122
0.826957 0.014413 0.012150 0.005366 0.000123 0.133682 0.007308 1.830270 2853.260139
0.827088 0.014490 0.012273 0.005402 0.000126 0.133312 0.007309 1.831686 2853.677469
0.827242 0.014586 0.012356 0.005440 0.000126 0.132941 0.007310 1.833102 2854.029163
0.827320 0.014719 0.012457 0.005480 0.000129 0.132586 0.007311 1.834528 2854.437108
0.827417 0.014765 0.012589 0.005528 0.000132 0.132258 0.007311 1.836013 2855.314243
0.827497 0.014863 0.012684 0.005577 0.000133 0.131934 0.007312 1.837461 2855.689495
0.827570 0.014969 0.012810 0.005609 0.000132 0.131597 0.007314 1.838932 2857.259336
0.827687 0.015053 0.012873 0.005669 0.000133 0.131270 0.007315 1.840385 2858.097134
0.827770 0.015094 0.013011 0.005715 0.000136 0.130958 0.007316 1.841895 2858.903512
0.827824 0.015165 0.013147 0.005754 0.000135 0.130658 0.007317 1.843394 2859.410606
0.827877 0.015275 0.013255 0.005797 0.000137 0.130341 0.007318 1.844880 2859.940901
0.827891 0.015389 0.013307 0.005840 0.000142 0.130111 0.007320 1.846371 2860.270786
0.827906 0.015445 0.013421 0.005902 0.000145 0.129861 0.007321 1.847923 2860.638382
0.827973 0.015508 0.013495 0.005942 0.000147 0.129614 0.007321 1.849413 2861.310523
0.827983 0.015617 0.013594 0.005964 0.000148 0.129371 0.007322 1.850926 2861.651444
0.827978 0.015714 0.013656 0.005987 0.000149 0.129193 0.007323 1.852446 2862.348115
0.828025 0.015780 0.013711 0.006002 0.000151 0.129007 0.007324 1.853962 2862.976069
0.828073 0.015801 0.013799 0.006045 0.000150 0.128807 0.007325 1.855509 2863.657453
0.828067 0.015840 0.013897 0.006082 0.000152 0.128636 0.007326 1.857061 2864.449796
0.828068 0.015887 0.013958 0.006148 0.000153 0.128460 0.007327 1.858611 2865.220874
0.828006 0.015952 0.014066 0.006190 0.000154 0.128304 0.007328 1.860193 2865.881608
0.827987 0.015992 0.014158 0.006214 0.000157 0.128165 0.007329 1.861781 2866.404116
0.827958 0.016085 0.014221 0.006228 0.000160 0.128018 0.007330 1.863335 2866.843506
0.827908 0.016121 0.014330 0.006277 0.000158 0.127875 0.007332 1.864936 2867.973466
0.827825 0.016185 0.014394 0.006334 0.000159 0.127770 0.007333 1.866529 2868.471853
0.827798 0.016223 0.014464 0.006356 0.000159 0.127665 0.007334 1.868101 2869.192640
0.827755 0.016274 0.014555 0.006381 0.000161 0.127539 0.007335 1.869692 2869.700492
0.827695 0.016344 0.014609 0.006416 0.000161 0.127440 0.007335 1.871276 2870.303667
0.827630 0.016388 0.014708 0.006418 0.000163 0.127356 0.007337 1.872867 2871.070293
0.827583 0.016384 0.014757 0.006463 0.000164 0.127309 0.007339 1.874489 2871.795250
0.827521 0.016412 0.014831 0.006481 0.000163 0.127253 0.007339 1.876098 2872.388410
0.827430 0.016441 0.014902 0.006509 0.000164 0.127213 0.007340 1.877723 2873.060059
0.827383 0.016469 0.014979 0.006521 0.000162 0.127144 0.007341 1.879348 2873.672759
0.827311 0.016486 0.015025 0.006564 0.000160 0.127111 0.007343 1.880976 2874.737732
0.827209 0.016540 0.015085 0.006574 0.000164 0.127085 0.007344 1.882587 2875.199595
0.827107 0.016601 0.015099 0.006600 0.000164 0.127084 0.007345 1.884189 2875.824305
0.827032 0.016614 0.015181 0.006620 0.000166 0.127042 0.007346 1.885814 2876.774790
0.826961 0.016657 0.015224 0.006638 0.000163 0.127010 0.007347 1.887431 2877.936210
0.826905 0.016670 0.015242 0.006681 0.000164 0.126991 0.007348 1.889087 2878.900531
0.826769 0.016730 0.015296 0.006703 0.000168 0.126986 0.007349 1.890707 2879.400946
0.826637 0.016781 0.015355 0.006708 0.000167 0.127002 0.007351 1.892331 2880.128034
0.826559 0.016753 0.015431 0.006734 0.000170 0.127001 0.007352 1.894007 2880.719802
0.826504 0.016777 0.015468 0.006736 0.000170 0.126992 0.007354 1.895624 2881.442443
0.826427 0.016774 0.015543 0.006755 0.000171 0.126976 0.007354 1.897291 2881.965212
0.826384 0.016742 0.015612 0.006776 0.000173 0.126959 0.007355 1.898970 2882.510240
0.826332 0.016737 0.015663 0.006742 0.000171 0.126998 0.007356 1.900633 2883.434674
0.826283 0.016780 0.015664 0.006745 0.000167 0.127003 0.007359 1.902252 2884.338762
0.826218 0.016745 0.015712 0.006765 0.000169 0.127030 0.007360 1.903935 2885.649590
0.826153 0.016793 0.015722 0.006787 0.000170 0.127014 0.007361 1.905561 2886.301789
0.826069 0.016822 0.015767 0.006804 0.000168 0.127008 0.007361 1.907194 2887.592476
0.826064 0.016801 0.015791 0.006822 0.000168 0.126991 0.007362 1.908840 2888.446229
0.826027 0.016814 0.015834 0.006810 0.000170 0.126982 0.007363 1.910482 2888.877631
0.825978 0.016807 0.015867 0.006834 0.000167 0.126982 0.007364 1.912119 2889.781588
0.825920 0.016825 0.015878 0.006827 0.000168 0.127017 0.007365 1.913752 2890.645103
0.825896 0.016822 0.015883 0.006807 0.000171 0.127055 0.007366 1.915390 2891.099544
0.825827 0.016810 0.015927 0.006817 0.000174 0.127079 0.007367 1.917036 2891.623122
0.825812 0.016794 0.015928 0.006841 0.000175 0.127080 0.007369 1.918682 2892.336750
0.825804 0.016782 0.015950 0.006858 0.000176 0.127060 0.007370 1.920313 2892.778733
0.825695 0.016808 0.015946 0.006864 0.000178 0.127139 0.007370 1.921934 2893.485361
0.825620 0.016811 0.015958 0.006885 0.000177 0.127178 0.007371 1.923569 2894.545357
0.825624 0.016779 0.015963 0.006900 0.000178 0.127183 0.007372 1.925224 2895.103857
0.825622 0.016723 0.015997 0.006894 0.000183 0.127210 0.007373 1.926884 2895.786068
0.825605 0.016726 0.015978 0.006899 0.000182 0.127235 0.007375 1.928502 2896.767871
0.825587 0.016668 0.016012 0.006905 0.000187 0.127266 0.007375 1.930166 2897.154730
0.825557 0.016639 0.016027 0.006882 0.000189 0.127330 0.007377 1.931813 2897.504977
0.825525 0.016619 0.016001 0.006899 0.000187 0.127390 0.007378 1.933435 2898.305935
0.825512 0.016579 0.015990 0.006912 0.000186 0.127442 0.007378 1.935077 2899.133302
0.825508 0.016554 0.016020 0.006897 0.000184 0.127459 0.007379 1.936701 2900.168692
0.825540 0.016477 0.016013 0.006913 0.000183 0.127495 0.007380 1.938346 2901.102015
0.825513 0.016430 0.016027 0.006923 0.000186 0.127541 0.007381 1.940004 2902.036658
0.825530 0.016409 0.016015 0.006933 0.000185 0.127547 0.007382 1.941609 2902.976071
0.825546 0.016365 0.016013 0.006928 0.000184 0.127579 0.007384 1.943237 2903.989588
0.825601 0.016378 0.015930 0.006891 0.000182 0.127632 0.007386 1.944782 2905.154778
0.825671 0.016322 0.015933 0.006901 0.000183 0.127603 0.007387 1.946407 2906.113422
0.825780 0.016254 0.015904 0.006907 0.000183 0.127585 0.007388 1.948002 2906.956307
0.825837 0.016199 0.015901 0.006886 0.000183 0.127605 0.007389 1.949614 2907.613658
0.825866 0.016162 0.015848 0.006895 0.000182 0.127656 0.007390 1.951206 2908.407467
0.825905 0.016152 0.015794 0.006884 0.000180 0.127693 0.007392 1.952779 2909.603120
0.825951 0.016078 0.015752 0.006901 0.000180 0.127744 0.007394 1.954397 2910.555178
0.826010 0.016015 0.015748 0.006896 0.000179 0.127758 0.007394 1.955980 2911.654235
0.826108 0.015981 0.015728 0.006879 0.000177 0.127731 0.007395 1.957542 2912.710164
0.826126 0.015959 0.015703 0.006861 0.000179 0.127777 0.007396 1.959111 2913.352192
0.826189 0.015904 0.015672 0.006848 0.000179 0.127811 0.007397 1.960676 2914.146486
0.826268 0.015836 0.015660 0.006843 0.000176 0.127819 0.007398 1.962239 2915.028236
0.826383 0.015751 0.015630 0.006843 0.000176 0.127820 0.007398 1.963799 2915.939533
0.826470 0.015728 0.015555 0.006827 0.000175 0.127845 0.007400 1.965336 2916.657817
0.826560 0.015690 0.015528 0.006796 0.000175 0.127849 0.007401 1.966874 2917.911328
0.826697 0.015620 0.015494 0.006793 0.000175 0.127818 0.007402 1.968416 2918.573956
0.826796 0.015562 0.015457 0.006779 0.000177 0.127825 0.007404 1.969963 2919.001579
0.826886 0.015559 0.015456 0.006722 0.000177 0.127795 0.007405 1.971485 2920.350638
0.826981 0.015532 0.015403 0.006691 0.000175 0.127812 0.007406 1.973001 2920.781480
0.827110 0.015468 0.015362 0.006666 0.000174 0.127813 0.007407 1.974525 2921.786426
0.827272 0.015388 0.015343 0.006637 0.000175 0.127776 0.007408 1.976040 2923.009130
0.827435 0.015311 0.015333 0.006605 0.000175 0.127731 0.007410 1.977568 2923.843208
0.827609 0.015269 0.015295 0.006605 0.000175 0.127634 0.007411 1.979062 2924.619913
0.827751 0.015178 0.015255 0.006593 0.000177 0.127633 0.007412 1.980592 2925.553848
0.827930 0.015110 0.015203 0.006586 0.000176 0.127582 0.007413 1.982099 2926.395635
0.828060 0.015042 0.015165 0.006565 0.000177 0.127578 0.007414 1.983615 2927.316367
0.828220 0.015036 0.015066 0.006550 0.000177 0.127535 0.007416 1.985083 2928.202868
0.828346 0.015015 0.015048 0.006552 0.000175 0.127447 0.007418 1.986571 2929.250737
0.828533 0.014959 0.015006 0.006530 0.000177 0.127376 0.007419 1.988038 2930.051567
0.828664 0.014957 0.014931 0.006488 0.000178 0.127362 0.007420 1.989488 2930.838472
0.828849 0.014909 0.014880 0.006458 0.000181 0.127302 0.007422 1.990956 2931.368990
0.829024 0.014905 0.014801 0.006453 0.000179 0.127215 0.007423 1.992399 2932.668439
0.829254 0.014825 0.014762 0.006454 0.000180 0.127102 0.007423 1.993848 2933.105861
0.829421 0.014801 0.014728 0.006442 0.000182 0.127003 0.007424 1.995296 2933.805591
0.829621 0.014743 0.014715 0.006421 0.000183 0.126891 0.007425 1.996768 2934.915492
0.829838 0.014675 0.014667 0.006409 0.000183 0.126802 0.007427 1.998220 2935.766543
0.830024 0.014642 0.014585 0.006386 0.000182 0.126754 0.007428 1.999649 2936.765848
0.830183 0.014626 0.014521 0.006367 0.000183 0.126692 0.007429 2.001073 2937.797455
0.830409 0.014578 0.014482 0.006339 0.000180 0.126581 0.007430 2.002488 2938.876269
0.830571 0.014565 0.014420 0.006317 0.000183 0.126513 0.007431 2.003904 2939.258308
0.830758 0.014525 0.014379 0.006307 0.000182 0.126417 0.007432 2.005326 2940.598838
0.830946 0.014448 0.014340 0.006320 0.000182 0.126330 0.007434 2.006752 2941.357112
0.831129 0.014397 0.014306 0.006300 0.000181 0.126253 0.007435 2.008185 2942.585551
0.831386 0.014345 0.014270 0.006276 0.000181 0.126106 0.007436 2.009595 2943.493387
0.831565 0.014293 0.014259 0.006248 0.000179 0.126019 0.007438 2.011017 2944.511375
0.831794 0.014218 0.014230 0.006239 0.000184 0.125896 0.007439 2.012431 2945.480081
0.831974 0.014221 0.014174 0.006210 0.000186 0.125796 0.007440 2.013794 2945.978731
0.832250 0.014158 0.014143 0.006194 0.000183 0.125630 0.007441 2.015188 2947.133865
0.832406 0.014107 0.014128 0.006176 0.000184 0.125557 0.007442 2.016597 2947.881440
0.832650 0.014078 0.014064 0.006170 0.000186 0.125409 0.007444 2.017970 2948.542531
0.832917 0.013988 0.014030 0.006153 0.000183 0.125284 0.007446 2.019390 2949.603820
0.833139 0.013948 0.013955 0.006139 0.000184 0.125188 0.007447 2.020750 2950.101142
0.833385 0.013876 0.013911 0.006119 0.000182 0.125078 0.007448 2.022126 2950.919516
0.833604 0.013843 0.013871 0.006112 0.000181 0.124940 0.007450 2.023506 2952.088535
0.833902 0.013798 0.013785 0.006095 0.000176 0.124791 0.007452 2.024845 2953.691224
0.834116 0.013783 0.013711 0.006075 0.000179 0.124684 0.007452 2.026189 2954.402695
0.834368 0.013721 0.013695 0.006067 0.000179 0.124517 0.007454 2.027562 2955.065349
0.834611 0.013681 0.013673 0.006050 0.000178 0.124352 0.007455 2.028924 2956.106271
0.834855 0.013670 0.013632 0.006006 0.000178 0.124204 0.007456 2.030251 2956.747635
0.835151 0.013628 0.013595 0.005973 0.000179 0.124018 0.007457 2.031580 2957.836840
0.835403 0.013590 0.013597 0.005925 0.000180 0.123847 0.007457 2.032930 2958.403831
0.835562 0.013604 0.013574 0.005922 0.000181 0.123698 0.007458 2.034279 2959.358531
0.835795 0.013590 0.013519 0.005894 0.000182 0.123560 0.007460 2.035601 2960.124912
0.835993 0.013581 0.013502 0.005863 0.000178 0.123422 0.007461 2.036924 2961.622960
0.836197 0.013594 0.013473 0.005853 0.000177 0.123243 0.007463 2.038259 2962.744168
0.836415 0.013570 0.013450 0.005823 0.000176 0.123101 0.007464 2.039598 2963.729600
0.836654 0.013535 0.013420 0.005795 0.000179 0.122951 0.007466 2.040919 2964.530295
0.836875 0.013513 0.013382 0.005784 0.000178 0.122802 0.007467 2.042234 2965.444483
0.837132 0.013490 0.013358 0.005782 0.000175 0.122594 0.007468 2.043567 2966.533392
0.837343 0.013479 0.013321 0.005769 0.000176 0.122442 0.007469 2.044880 2967.395593
0.837584 0.013485 0.013275 0.005774 0.000177 0.122235 0.007471 2.046177 2968.274922
0.837782 0.013509 0.013245 0.005768 0.000175 0.122048 0.007474 2.047489 2969.244110
0.837997 0.013494 0.013240 0.005748 0.000174 0.121871 0.007476 2.048805 2970.245021
0.838230 0.013483 0.013202 0.005724 0.000172 0.121711 0.007478 2.050090 2971.288606
0.838408 0.013459 0.013200 0.005705 0.000173 0.121577 0.007478 2.051418 2972.327609
0.838632 0.013426 0.013191 0.005715 0.000171 0.121386 0.007479 2.052741 2972.985913
0.838894 0.013390 0.013138 0.005718 0.000174 0.121205 0.007480 2.054058 2973.487383
0.839126 0.013402 0.013118 0.005676 0.000172 0.121024 0.007482 2.055335 2974.259575
0.839341 0.013398 0.013092 0.005684 0.000173 0.120829 0.007484 2.056637 2974.826798
0.839515 0.013406 0.013046 0.005681 0.000171 0.120696 0.007485 2.057934 2975.777341
0.839658 0.013405 0.013054 0.005646 0.000171 0.120580 0.007486 2.059256 2976.263213
0.839825 0.013428 0.013027 0.005640 0.000172 0.120421 0.007487 2.060544 2977.105264
0.839991 0.013436 0.013040 0.005613 0.000171 0.120261 0.007488 2.061860 2977.617443
0.840225 0.013399 0.013017 0.005622 0.000172 0.120076 0.007489 2.063202 2978.601832
0.840427 0.013341 0.013021 0.005632 0.000171 0.119917 0.007490 2.064538 2979.421506
0.840683 0.013319 0.012978 0.005623 0.000173 0.119733 0.007491 2.065841 2980.323081
0.840873 0.013272 0.012962 0.005653 0.000172 0.119577 0.007493 2.067174 2980.965644
0.841074 0.013280 0.012916 0.005646 0.000169 0.119419 0.007496 2.068465 2982.236879
0.841225 0.013346 0.012906 0.005627 0.000168 0.119229 0.007498 2.069739 2983.085471
0.841427 0.013323 0.012930 0.005620 0.000168 0.119033 0.007499 2.071059 2983.950908
0.841615 0.013318 0.012923 0.005615 0.000166 0.118862 0.007501 2.072366 2984.819685
0.841784 0.013333 0.012881 0.005623 0.000164 0.118715 0.007501 2.073668 2985.601019
0.841984 0.013319 0.012879 0.005635 0.000164 0.118516 0.007502 2.074981 2986.368695
0.842160 0.013267 0.012857 0.005635 0.000164 0.118414 0.007503 2.076314 2987.242296
0.842400 0.013233 0.012842 0.005623 0.000166 0.118232 0.007504 2.077595 2987.643624
0.842575 0.013263 0.012804 0.005621 0.000167 0.118066 0.007505 2.078874 2988.390885
0.842771 0.013241 0.012833 0.005585 0.000169 0.117896 0.007506 2.080178 2989.048944
0.842948 0.013243 0.012811 0.005582 0.000165 0.117745 0.007507 2.081475 2990.350425
0.843087 0.013267 0.012811 0.005578 0.000165 0.117584 0.007508 2.082770 2991.451361
0.843275 0.013226 0.012780 0.005590 0.000168 0.117453 0.007509 2.084061 2992.127059
0.843452 0.013240 0.012815 0.005576 0.000167 0.117240 0.007510 2.085361 2992.591306
0.843620 0.013254 0.012800 0.005591 0.000161 0.117062 0.007512 2.086662 2993.780472
0.843793 0.013205 0.012823 0.005597 0.000164 0.116907 0.007512 2.087996 2994.615163
0.843955 0.013169 0.012780 0.005604 0.000163 0.116814 0.007514 2.089297 2995.399835
0.844114 0.013184 0.012747 0.005608 0.000160 0.116671 0.007516 2.090588 2996.333291
0.844282 0.013157 0.012775 0.005603 0.000157 0.116508 0.007518 2.091927 2997.445056
0.844447 0.013165 0.012769 0.005598 0.000156 0.116345 0.007520 2.093228 2998.196951
0.844573 0.013159 0.012792 0.005608 0.000155 0.116192 0.007522 2.094542 2999.104125
0.844687 0.013159 0.012771 0.005613 0.000155 0.116093 0.007524 2.095857 3000.000559
0.844847 0.013194 0.012772 0.005608 0.000154 0.115901 0.007524 2.097155 3000.765148
0.845002 0.013210 0.012730 0.005594 0.000156 0.115783 0.007525 2.098431 3001.582865
0.845146 0.013207 0.012707 0.005619 0.000154 0.115640 0.007527 2.099722 3002.637892
0.845247 0.013256 0.012665 0.005615 0.000155 0.115532 0.007528 2.100990 3003.352034
0.845350 0.013277 0.012660 0.005585 0.000155 0.115442 0.007530 2.102314 3004.232615
0.845476 0.013276 0.012677 0.005616 0.000156 0.115269 0.007531 2.103643 3005.082486
0.845623 0.013277 0.012680 0.005600 0.000156 0.115132 0.007533 2.104939 3005.979059
0.845702 0.013300 0.012705 0.005590 0.000155 0.115014 0.007533 2.106250 3006.693684
0.845834 0.013310 0.012698 0.005596 0.000156 0.114872 0.007534 2.107549 3007.402531
0.846004 0.013327 0.012689 0.005602 0.000155 0.114688 0.007535 2.108841 3008.233728
0.846128 0.013314 0.012701 0.005607 0.000158 0.114557 0.007535 2.110162 3008.677623
0.846195 0.013365 0.012712 0.005601 0.000159 0.114433 0.007536 2.111455 3009.304190
0.846286 0.013377 0.012725 0.005601 0.000158 0.114316 0.007538 2.112770 3010.183114
0.846402 0.013393 0.012742 0.005606 0.000159 0.114159 0.007540 2.114088 3011.177815
0.846514 0.013406 0.012732 0.005611 0.000158 0.114037 0.007541 2.115399 3012.558309
0.846574 0.013469 0.012743 0.005597 0.000160 0.113915 0.007543 2.116690 3013.302054
0.846665 0.013454 0.012765 0.005606 0.000161 0.113806 0.007544 2.118025 3014.037014
0.846685 0.013492 0.012775 0.005601 0.000161 0.113741 0.007544 2.119350 3014.848020
0.846772 0.013537 0.012769 0.005581 0.000161 0.113634 0.007547 2.120635 3015.997649
0.846846 0.013549 0.012805 0.005574 0.000158 0.113521 0.007547 2.121974 3016.980312
0.846961 0.013560 0.012782 0.005601 0.000159 0.113389 0.007549 2.123293 3017.738767
0.847021 0.013549 0.012810 0.005593 0.000162 0.113316 0.007549 2.124633 3018.321521
0.847083 0.013551 0.012840 0.005574 0.000163 0.113239 0.007550 2.125958 3019.008637
0.847156 0.013558 0.012861 0.005558 0.000161 0.113153 0.007552 2.127286 3020.120845
0.847283 0.013566 0.012841 0.005578 0.000161 0.113018 0.007554 2.128601 3020.604427
0.847348 0.013543 0.012865 0.005557 0.000163 0.112969 0.007556 2.129949 3021.699178
0.847430 0.013519 0.012889 0.005568 0.000163 0.112876 0.007556 2.131285 3022.298362
0.847516 0.013526 0.012892 0.005575 0.000163 0.112771 0.007557 2.132603 3023.213889
0.847562 0.013524 0.012904 0.005587 0.000163 0.112701 0.007558 2.133944 3023.924489
0.847632 0.013527 0.012928 0.005581 0.000161 0.112612 0.007560 2.135274 3024.982582
0.847712 0.013543 0.012925 0.005590 0.000162 0.112507 0.007561 2.136588 3025.377109
0.847766 0.013561 0.012931 0.005593 0.000165 0.112422 0.007563 2.137917 3026.256354
0.847871 0.013539 0.012946 0.005606 0.000163 0.112311 0.007564 2.139259 3027.091860
0.847974 0.013512 0.012941 0.005606 0.000166 0.112236 0.007565 2.140592 3027.840657
0.848034 0.013494 0.012956 0.005620 0.000164 0.112167 0.007565 2.141945 3028.995412
0.848074 0.013542 0.012945 0.005601 0.000167 0.112106 0.007566 2.143250 3029.560957
0.848113 0.013584 0.012948 0.005592 0.000164 0.112033 0.007567 2.144586 3030.515888
0.848210 0.013591 0.012939 0.005620 0.000163 0.111907 0.007569 2.145905 3031.202321
0.848261 0.013591 0.012946 0.005619 0.000162 0.111852 0.007570 2.147249 3032.197388
0.848296 0.013603 0.012951 0.005623 0.000160 0.111797 0.007570 2.148578 3033.058849
0.848346 0.013601 0.012973 0.005623 0.000159 0.111725 0.007572 2.149921 3033.670598
0.848426 0.013608 0.012934 0.005649 0.000156 0.111654 0.007572 2.151248 3034.579293
0.848479 0.013592 0.012935 0.005679 0.000155 0.111586 0.007574 2.152600 3035.773363
0.848529 0.013579 0.012959 0.005678 0.000157 0.111524 0.007574 2.153973 3036.701243
0.848590 0.013613 0.012930 0.005690 0.000157 0.111445 0.007576 2.155297 3037.866388
0.848591 0.013649 0.012913 0.005698 0.000155 0.111418 0.007576 2.156637 3038.615638
0.848621 0.013668 0.012896 0.005707 0.000154 0.111376 0.007577 2.157968 3039.349247
0.848605 0.013717 0.012892 0.005702 0.000151 0.111356 0.007579 2.159301 3040.158928
0.848639 0.013738 0.012891 0.005693 0.000151 0.111309 0.007580 2.160618 3040.909926
0.848695 0.013696 0.012943 0.005682 0.000153 0.111252 0.007580 2.161986 3041.695690
0.848696 0.013739 0.012966 0.005673 0.000153 0.111192 0.007581 2.163325 3042.598870
0.848779 0.013709 0.013026 0.005674 0.000156 0.111075 0.007581 2.164687 3043.365294
0.848803 0.013697 0.013052 0.005684 0.000158 0.111026 0.007581 2.166050 3044.157239
0.848872 0.013697 0.013064 0.005680 0.000162 0.110942 0.007583 2.167385 3044.623641
0.848921 0.013706 0.013086 0.005683 0.000158 0.110861 0.007585 2.168733 3045.508649
0.848953 0.013686 0.013097 0.005698 0.000156 0.110824 0.007586 2.170118 3046.544903
0.848988 0.013670 0.013108 0.005711 0.000157 0.110780 0.007587 2.171474 3047.165037
0.848980 0.013719 0.013089 0.005704 0.000155 0.110764 0.007588 2.172807 3047.762798
0.849061 0.013721 0.013068 0.005691 0.000154 0.110717 0.007589 2.174145 3048.526598
0.849073 0.013723 0.013075 0.005688 0.000153 0.110698 0.007591 2.175492 3049.313915
0.849102 0.013689 0.013117 0.005703 0.000151 0.110647 0.007592 2.176877 3050.405062
0.849105 0.013699 0.013101 0.005709 0.000153 0.110639 0.007593 2.178218 3051.050476
0.849098 0.013738 0.013087 0.005713 0.000154 0.110616 0.007595 2.179557 3051.807664
0.849113 0.013769 0.013081 0.005705 0.000155 0.110582 0.007596 2.180908 3052.303156
0.849120 0.013827 0.013067 0.005692 0.000155 0.110543 0.007597 2.182213 3053.042853
0.849142 0.013839 0.013065 0.005699 0.000153 0.110504 0.007598 2.183586 3053.857098
0.849165 0.013865 0.013057 0.005699 0.000156 0.110460 0.007599 2.184918 3054.781457
0.849178 0.013837 0.013082 0.005734 0.000153 0.110414 0.007601 2.186287 3055.938604
0.849171 0.013872 0.013058 0.005730 0.000153 0.110413 0.007602 2.187634 3056.688962
0.849178 0.013889 0.013080 0.005718 0.000153 0.110379 0.007603 2.189005 3057.645281
0.849226 0.013867 0.013091 0.005750 0.000156 0.110306 0.007604 2.190387 3058.227806
0.849247 0.013853 0.013109 0.005779 0.000157 0.110250 0.007605 2.191754 3058.786641
0.849230 0.013858 0.013138 0.005786 0.000157 0.110226 0.007606 2.193122 3059.680746
0.849242 0.013839 0.013134 0.005806 0.000158 0.110213 0.007607 2.194504 3060.121121
0.849313 0.013819 0.013152 0.005817 0.000160 0.110132 0.007608 2.195870 3060.835074
0.849308 0.013867 0.013190 0.005786 0.000160 0.110080 0.007610 2.197201 3061.653208
0.849331 0.013873 0.013190 0.005768 0.000159 0.110068 0.007612 2.198567 3062.130959
0.849416 0.013858 0.013184 0.005782 0.000156 0.109993 0.007613 2.199917 3062.849071
0.849459 0.013850 0.013183 0.005748 0.000155 0.109991 0.007615 2.201262 3063.833964
0.849498 0.013856 0.013166 0.005726 0.000157 0.109981 0.007616 2.202589 3064.321948
0.849495 0.013830 0.013159 0.005765 0.000158 0.109977 0.007616 2.203959 3065.033704
0.849548 0.013781 0.013186 0.005775 0.000157 0.109936 0.007617 2.205347 3066.021967
0.849533 0.013777 0.013163 0.005757 0.000157 0.109993 0.007619 2.206686 3066.940862
0.849524 0.013787 0.013154 0.005749 0.000159 0.110007 0.007620 2.208042 3067.632576
0.849519 0.013777 0.013143 0.005760 0.000160 0.110020 0.007622 2.209419 3068.321284
0.849521 0.013821 0.013131 0.005761 0.000158 0.109984 0.007624 2.210752 3069.060659
0.849543 0.013793 0.013159 0.005775 0.000160 0.109945 0.007624 2.212134 3069.470286
0.849526 0.013853 0.013166 0.005740 0.000162 0.109928 0.007625 2.213460 3070.346665
0.849514 0.013876 0.013165 0.005743 0.000161 0.109913 0.007627 2.214817 3071.687274
0.849524 0.013875 0.013220 0.005759 0.000161 0.109832 0.007629 2.216192 3072.720187
0.849545 0.013870 0.013220 0.005779 0.000158 0.109798 0.007631 2.217560 3073.784620
0.849497 0.013906 0.013235 0.005758 0.000156 0.109817 0.007632 2.218918 3074.512673
0.849488 0.013857 0.013273 0.005788 0.000157 0.109804 0.007632 2.220329 3075.282481
0.849482 0.013888 0.013254 0.005802 0.000159 0.109783 0.007633 2.221690 3076.026643
0.849463 0.013923 0.013272 0.005817 0.000157 0.109735 0.007634 2.223050 3076.953331
0.849457 0.013940 0.013277 0.005820 0.000154 0.109717 0.007636 2.224415 3078.026730
0.849424 0.013938 0.013278 0.005826 0.000152 0.109746 0.007636 2.225798 3078.811451
0.849377 0.013969 0.013295 0.005806 0.000154 0.109761 0.007637 2.227177 3079.366537
0.849382 0.013987 0.013300 0.005794 0.000154 0.109744 0.007639 2.228550 3080.190663
0.849377 0.014029 0.013314 0.005798 0.000158 0.109684 0.007639 2.229913 3080.631167
0.849345 0.014053 0.013305 0.005806 0.000155 0.109695 0.007640 2.231290 3081.685839
0.849321 0.014056 0.013319 0.005821 0.000152 0.109689 0.007642 2.232681 3082.728685
0.849238 0.014118 0.013309 0.005814 0.000154 0.109725 0.007643 2.234053 3083.424443
0.849230 0.014119 0.013355 0.005814 0.000155 0.109684 0.007643 2.235436 3084.270170
0.849205 0.014103 0.013413 0.005797 0.000158 0.109680 0.007644 2.236832 3084.759375
0.849160 0.014105 0.013452 0.005805 0.000161 0.109672 0.007645 2.238236 3085.554597
0.849112 0.014113 0.013461 0.005820 0.000159 0.109689 0.007646 2.239621 3086.483612
0.849088 0.014110 0.013434 0.005813 0.000159 0.109750 0.007646 2.240993 3087.199411
0.849031 0.014158 0.013432 0.005821 0.000157 0.109755 0.007647 2.242363 3087.762322
0.848976 0.014175 0.013470 0.005844 0.000156 0.109731 0.007648 2.243760 3088.602309
0.848935 0.014242 0.013458 0.005850 0.000155 0.109710 0.007651 2.245125 3089.703599
0.848936 0.014274 0.013435 0.005853 0.000154 0.109696 0.007652 2.246490 3090.474256
0.848894 0.014247 0.013468 0.005868 0.000151 0.109717 0.007655 2.247899 3091.422078
0.848877 0.014282 0.013489 0.005856 0.000151 0.109689 0.007656 2.249258 3092.180024
0.848859 0.014349 0.013472 0.005855 0.000153 0.109655 0.007657 2.250609 3093.128298
0.848846 0.014331 0.013486 0.005897 0.000156 0.109627 0.007658 2.252028 3093.597334
0.848781 0.014360 0.013499 0.005909 0.000158 0.109634 0.007659 2.253435 3094.303500
0.848733 0.014384 0.013479 0.005927 0.000155 0.109661 0.007660 2.254830 3095.321258
0.848667 0.014409 0.013496 0.005926 0.000153 0.109688 0.007661 2.256237 3096.185864
0.848580 0.014432 0.013520 0.005955 0.000153 0.109698 0.007662 2.257653 3096.868968
0.848505 0.014436 0.013545 0.005970 0.000154 0.109728 0.007662 2.259082 3097.576755
0.848461 0.014412 0.013561 0.005967 0.000156 0.109779 0.007664 2.260496 3098.284511
0.848415 0.014423 0.013566 0.005973 0.000153 0.109805 0.007665 2.261908 3099.423291
0.848367 0.014431 0.013597 0.005977 0.000151 0.109811 0.007666 2.263328 3100.290454
0.848305 0.014436 0.013616 0.005979 0.000150 0.109848 0.007667 2.264741 3101.021830
0.848254 0.014419 0.013641 0.005973 0.000151 0.109894 0.007668 2.266172 3101.963708
0.848179 0.014431 0.013653 0.005979 0.000152 0.109939 0.007668 2.267591 3102.538680
0.848145 0.014473 0.013650 0.005971 0.000152 0.109940 0.007669 2.268989 3103.282289
0.848095 0.014485 0.013653 0.005974 0.000154 0.109970 0.007671 2.270401 3103.903685
0.848070 0.014483 0.013664 0.005967 0.000153 0.109991 0.007671 2.271824 3104.849068
0.848046 0.014485 0.013653 0.005958 0.000154 0.110035 0.007671 2.273230 3105.563714
0.848029 0.014483 0.013658 0.005963 0.000157 0.110038 0.007672 2.274635 3106.264887
0.847992 0.014439 0.013683 0.005969 0.000158 0.110087 0.007673 2.276075 3106.678088
0.847960 0.014427 0.013691 0.005956 0.000159 0.110134 0.007673 2.277506 3107.132749
0.847882 0.014444 0.013711 0.005960 0.000158 0.110171 0.007674 2.278926 3107.941278
0.847816 0.014424 0.013735 0.005976 0.000156 0.110217 0.007676 2.280382 3108.680010
0.847793 0.014424 0.013746 0.005960 0.000159 0.110241 0.007678 2.281778 3109.434385
0.847788 0.014380 0.013765 0.005956 0.000160 0.110272 0.007679 2.283213 3109.985716
0.847727 0.014381 0.013779 0.005969 0.000162 0.110302 0.007680 2.284633 3110.841183
0.847689 0.014374 0.013806 0.006002 0.000163 0.110285 0.007681 2.286074 3111.501549
0.847670 0.014350 0.013803 0.006010 0.000163 0.110323 0.007682 2.287498 3112.217688
0.847650 0.014383 0.013822 0.005975 0.000163 0.110323 0.007684 2.288876 3112.669783
0.847623 0.014387 0.013825 0.005984 0.000164 0.110331 0.007685 2.290291 3113.455616
0.847579 0.014393 0.013849 0.005993 0.000165 0.110336 0.007686 2.291702 3114.191529
0.847510 0.014391 0.013831 0.005998 0.000164 0.110419 0.007688 2.293119 3115.070867
0.847490 0.014384 0.013819 0.005987 0.000165 0.110468 0.007688 2.294526 3115.467663
0.847456 0.014381 0.013796 0.005992 0.000163 0.110523 0.007689 2.295931 3115.963658
0.847387 0.014359 0.013808 0.006012 0.000165 0.110581 0.007689 2.297373 3116.551651
0.847330 0.014385 0.013795 0.006021 0.000165 0.110615 0.007691 2.298784 3117.349703
0.847276 0.014416 0.013808 0.006018 0.000167 0.110624 0.007691 2.300176 3118.086926
0.847224 0.014411 0.013817 0.006032 0.000165 0.110659 0.007693 2.301607 3118.975725
0.847165 0.014438 0.013844 0.006018 0.000163 0.110677 0.007695 2.303029 3119.881637
0.847135 0.014415 0.013864 0.006040 0.000166 0.110684 0.007696 2.304457 3120.398983
0.847122 0.014400 0.013846 0.006010 0.000167 0.110758 0.007697 2.305855 3121.144720
0.847114 0.014370 0.013853 0.006015 0.000167 0.110783 0.007698 2.307275 3122.023493
0.847056 0.014376 0.013809 0.006033 0.000168 0.110858 0.007699 2.308688 3122.850067
0.846996 0.014360 0.013833 0.006039 0.000169 0.110904 0.007700 2.310136 3123.600353
0.846940 0.014390 0.013820 0.006044 0.000166 0.110939 0.007701 2.311551 3124.768922
0.846939 0.014341 0.013789 0.006037 0.000166 0.111026 0.007702 2.312955 3125.522453
0.846955 0.014302 0.013803 0.006044 0.000167 0.111027 0.007702 2.314376 3126.313448
0.846958 0.014293 0.013754 0.006051 0.000162 0.111078 0.007703 2.315772 3127.403259
0.846996 0.014269 0.013733 0.006069 0.000164 0.111064 0.007705 2.317174 3128.431595
0.846998 0.014260 0.013731 0.006036 0.000164 0.111104 0.007706 2.318571 3129.444731
0.846990 0.014312 0.013693 0.006008 0.000165 0.111124 0.007707 2.319922 3130.285378
0.846998 0.014321 0.013701 0.005978 0.000166 0.111128 0.007708 2.321314 3131.110154
0.847008 0.014329 0.013684 0.005974 0.000171 0.111125 0.007709 2.322700 3131.667954
0.846968 0.014349 0.013652 0.005953 0.000168 0.111198 0.007712 2.324091 3132.812317
0.846975 0.014345 0.013619 0.005960 0.000168 0.111220 0.007713 2.325488 3133.689883
0.846967 0.014317 0.013642 0.005935 0.000169 0.111255 0.007714 2.326902 3134.616001
0.846915 0.014365 0.013633 0.005927 0.000167 0.111277 0.007716 2.328296 3135.624052
0.846897 0.014332 0.013683 0.005931 0.000165 0.111274 0.007718 2.329737 3136.607106
0.846923 0.014319 0.013692 0.005937 0.000163 0.111248 0.007719 2.331135 3137.485606
0.846915 0.014325 0.013665 0.005923 0.000164 0.111289 0.007720 2.332523 3138.169281
0.846890 0.014316 0.013674 0.005901 0.000166 0.111332 0.007720 2.333905 3138.848612
0.846871 0.014291 0.013650 0.005917 0.000167 0.111383 0.007721 2.335306 3139.946270
0.846894 0.014289 0.013633 0.005936 0.000171 0.111356 0.007722 2.336696 3140.835208
0.846869 0.014275 0.013604 0.005955 0.000172 0.111403 0.007723 2.338107 3141.315181
0.846864 0.014295 0.013598 0.005938 0.000172 0.111410 0.007724 2.339489 3141.999859
0.846844 0.014299 0.013608 0.005918 0.000169 0.111437 0.007726 2.340886 3142.804471
0.846852 0.014248 0.013622 0.005942 0.000167 0.111443 0.007727 2.342308 3143.406741
0.846833 0.014265 0.013594 0.005942 0.000165 0.111473 0.007729 2.343683 3144.232098
0.846876 0.014234 0.013617 0.005939 0.000165 0.111440 0.007730 2.345083 3145.257073
0.846935 0.014194 0.013620 0.005930 0.000167 0.111424 0.007731 2.346471 3145.927191
0.846922 0.014162 0.013635 0.005940 0.000168 0.111441 0.007733 2.347893 3146.476310
0.846942 0.014137 0.013635 0.005941 0.000170 0.111442 0.007733 2.349293 3147.298215
0.846975 0.014146 0.013650 0.005942 0.000170 0.111383 0.007734 2.350672 3148.038422
0.846991 0.014146 0.013655 0.005931 0.000171 0.111372 0.007735 2.352059 3148.816722
0.846969 0.014133 0.013664 0.005917 0.000173 0.111410 0.007735 2.353460 3149.498570
0.847022 0.014117 0.013637 0.005905 0.000171 0.111411 0.007736 2.354826 3150.325608
0.847029 0.014131 0.013613 0.005906 0.000171 0.111412 0.007736 2.356210 3150.903761
0.847055 0.014133 0.013610 0.005887 0.000171 0.111408 0.007736 2.357584 3151.521513
0.847088 0.014118 0.013578 0.005895 0.000172 0.111412 0.007738 2.358961 3152.412629
0.847077 0.014106 0.013609 0.005905 0.000173 0.111391 0.007740 2.360360 3153.354759
0.847095 0.014143 0.013605 0.005891 0.000170 0.111354 0.007741 2.361728 3154.340497
0.847121 0.014178 0.013583 0.005873 0.000169 0.111334 0.007742 2.363092 3154.694038
0.847110 0.014151 0.013623 0.005862 0.000169 0.111343 0.007743 2.364514 3155.412984
0.847100 0.014195 0.013557 0.005880 0.000168 0.111357 0.007744 2.365862 3156.370843
0.847071 0.014204 0.013582 0.005866 0.000169 0.111364 0.007745 2.367252 3157.464217
0.847065 0.014206 0.013579 0.005869 0.000169 0.111367 0.007746 2.368654 3158.447442
0.847086 0.014218 0.013601 0.005867 0.000166 0.111315 0.007748 2.370050 3159.293525
0.847091 0.014251 0.013582 0.005838 0.000165 0.111324 0.007749 2.371420 3160.222172
0.847099 0.014213 0.013576 0.005876 0.000164 0.111321 0.007750 2.372839 3161.127937
0.847088 0.014250 0.013567 0.005880 0.000164 0.111301 0.007750 2.374216 3161.924592
0.847096 0.014233 0.013586 0.005876 0.000159 0.111299 0.007751 2.375597 3162.721166
0.847087 0.014240 0.013613 0.005852 0.000157 0.111297 0.007753 2.377003 3163.806275
0.847123 0.014205 0.013626 0.005854 0.000157 0.111280 0.007754 2.378403 3164.524472
0.847137 0.014232 0.013606 0.005857 0.000155 0.111258 0.007755 2.379771 3165.227301
0.847091 0.014264 0.013585 0.005849 0.000156 0.111300 0.007756 2.381145 3165.848818
0.847160 0.014241 0.013553 0.005860 0.000155 0.111274 0.007758 2.382542 3166.765155
0.847147 0.014251 0.013554 0.005874 0.000156 0.111259 0.007759 2.383936 3167.436638
0.847166 0.014281 0.013556 0.005883 0.000158 0.111197 0.007760 2.385318 3168.226558
0.847154 0.014287 0.013557 0.005877 0.000158 0.111207 0.007761 2.386727 3168.970007
0.847123 0.014278 0.013563 0.005866 0.000157 0.111248 0.007764 2.388116 3170.329316
0.847130 0.014301 0.013534 0.005859 0.000159 0.111252 0.007765 2.389475 3171.738786
0.847066 0.014360 0.013536 0.005869 0.000156 0.111247 0.007766 2.390848 3172.640997
0.847049 0.014358 0.013527 0.005862 0.000154 0.111282 0.007768 2.392238 3173.676765
0.847045 0.014372 0.013543 0.005851 0.000154 0.111267 0.007768 2.393610 3174.279511
0.847051 0.014358 0.013584 0.005854 0.000153 0.111231 0.007768 2.395011 3175.290974
0.847024 0.014352 0.013588 0.005831 0.000154 0.111282 0.007769 2.396424 3176.094414
0.846993 0.014394 0.013579 0.005838 0.000154 0.111271 0.007771 2.397815 3176.886145
0.846997 0.014374 0.013585 0.005838 0.000155 0.111279 0.007772 2.399221 3177.663440
0.846987 0.014347 0.013633 0.005824 0.000155 0.111280 0.007773 2.400630 3178.459070
0.846976 0.014323 0.013691 0.005841 0.000159 0.111237 0.007774 2.402060 3179.196026
0.846984 0.014290 0.013686 0.005873 0.000159 0.111232 0.007775 2.403494 3180.019140
0.846958 0.014284 0.013683 0.005873 0.000159 0.111267 0.007776 2.404914 3181.079819
0.846974 0.014253 0.013701 0.005884 0.000158 0.111253 0.007777 2.406329 3182.008502
0.846987 0.014245 0.013713 0.005855 0.000158 0.111263 0.007779 2.407710 3182.748157
0.846959 0.014265 0.013705 0.005858 0.000156 0.111276 0.007781 2.409105 3183.854761
0.846956 0.014288 0.013707 0.005867 0.000157 0.111244 0.007781 2.410501 3184.582826
0.846924 0.014311 0.013668 0.005868 0.000157 0.111291 0.007782 2.411880 3185.440214
0.846894 0.014338 0.013678 0.005864 0.000157 0.111286 0.007783 2.413270 3186.212278
0.846873 0.014332 0.013646 0.005873 0.000157 0.111334 0.007784 2.414669 3186.967558
0.846852 0.014350 0.013642 0.005880 0.000154 0.111336 0.007786 2.416051 3188.077946
0.846849 0.014335 0.013666 0.005915 0.000154 0.111294 0.007788 2.417471 3188.930614
0.846823 0.014332 0.013650 0.005904 0.000156 0.111347 0.007789 2.418859 3189.790419
0.846814 0.014327 0.013664 0.005893 0.000154 0.111358 0.007790 2.420254 3190.614005
0.846807 0.014313 0.013642 0.005886 0.000153 0.111409 0.007791 2.421661 3191.767116
0.846787 0.014293 0.013628 0.005902 0.000150 0.111449 0.007791 2.423076 3192.718915
0.846768 0.014312 0.013603 0.005909 0.000149 0.111466 0.007793 2.424462 3193.636657
0.846817 0.014324 0.013573 0.005898 0.000153 0.111443 0.007793 2.425823 3194.149201
0.846795 0.014382 0.013586 0.005868 0.000152 0.111423 0.007794 2.427201 3194.634300
0.846816 0.014356 0.013570 0.005880 0.000150 0.111434 0.007795 2.428596 3195.393213
0.846848 0.014335 0.013607 0.005871 0.000151 0.111393 0.007796 2.429995 3195.899592
0.846844 0.014318 0.013610 0.005896 0.000155 0.111380 0.007797 2.431393 3196.588859
0.846855 0.014285 0.013634 0.005926 0.000158 0.111346 0.007798 2.432823 3197.069696
0.846867 0.014251 0.013653 0.005926 0.000161 0.111345 0.007798 2.434254 3197.672195
0.846931 0.014181 0.013669 0.005929 0.000161 0.111331 0.007799 2.435667 3198.250902
0.846961 0.014184 0.013654 0.005941 0.000161 0.111300 0.007800 2.437036 3198.966968
0.846966 0.014193 0.013622 0.005935 0.000161 0.111322 0.007801 2.438424 3199.936659
0.846933 0.014180 0.013598 0.005934 0.000159 0.111394 0.007802 2.439821 3200.726125
0.846948 0.014181 0.013595 0.005942 0.000161 0.111370 0.007804 2.441199 3201.125046
0.846970 0.014152 0.013644 0.005937 0.000165 0.111329 0.007804 2.442608 3201.831550
0.846978 0.014127 0.013684 0.005915 0.000166 0.111326 0.007805 2.444004 3202.877402
0.846956 0.014125 0.013641 0.005909 0.000163 0.111400 0.007807 2.445388 3203.901505
0.846952 0.014158 0.013601 0.005909 0.000164 0.111408 0.007808 2.446754 3204.606106
0.846946 0.014157 0.013594 0.005919 0.000163 0.111410 0.007810 2.448141 3205.292556
0.846954 0.014170 0.013548 0.005944 0.000161 0.111411 0.007811 2.449503 3206.281918
0.846974 0.014182 0.013540 0.005926 0.000160 0.111405 0.007813 2.450889 3206.993947
0.846949 0.014203 0.013539 0.005916 0.000159 0.111421 0.007814 2.452262 3207.863870
0.846904 0.014189 0.013561 0.005919 0.000158 0.111454 0.007815 2.453692 3208.765088
0.846936 0.014163 0.013538 0.005917 0.000160 0.111470 0.007816 2.455071 3209.609792
0.846931 0.014163 0.013564 0.005915 0.000159 0.111451 0.007818 2.456444 3210.723350
0.846914 0.014165 0.013550 0.005941 0.000159 0.111451 0.007819 2.457837 3211.373896
0.846956 0.014118 0.013549 0.005929 0.000160 0.111468 0.007821 2.459221 3212.093700
0.846994 0.014117 0.013530 0.005916 0.000161 0.111461 0.007822 2.460588 3212.744381
0.846976 0.014112 0.013507 0.005919 0.000161 0.111502 0.007824 2.461974 3213.429567
0.846967 0.014111 0.013510 0.005912 0.000161 0.111516 0.007824 2.463362 3214.205661
0.846989 0.014111 0.013476 0.005882 0.000159 0.111556 0.007826 2.464718 3215.148847
0.847021 0.014128 0.013467 0.005874 0.000159 0.111522 0.007828 2.466074 3215.924007
0.847082 0.014144 0.013491 0.005857 0.000162 0.111436 0.007829 2.467429 3216.326185
0.847076 0.014139 0.013490 0.005863 0.000162 0.111440 0.007831 2.468805 3217.207651
0.847122 0.014111 0.013491 0.005857 0.000159 0.111429 0.007832 2.470183 3218.017119
0.847143 0.014082 0.013503 0.005847 0.000161 0.111431 0.007833 2.471582 3218.654100
0.847136 0.014091 0.013490 0.005853 0.000160 0.111436 0.007834 2.472967 3219.478617
0.847183 0.014057 0.013476 0.005860 0.000159 0.111430 0.007835 2.474331 3220.122616
0.847232 0.014043 0.013471 0.005838 0.000161 0.111420 0.007836 2.475698 3220.775433
0.847193 0.014057 0.013440 0.005855 0.000159 0.111460 0.007837 2.477067 3221.755925
0.847198 0.014055 0.013428 0.005842 0.000159 0.111479 0.007838 2.478433 3222.368090
0.847234 0.014045 0.013404 0.005829 0.000160 0.111488 0.007839 2.479793 3223.033335
0.847303 0.014031 0.013419 0.005813 0.000158 0.111438 0.007840 2.481157 3223.774534
0.847356 0.013953 0.013440 0.005801 0.000158 0.111452 0.007840 2.482567 3224.856616
0.847362 0.013962 0.013433 0.005810 0.000156 0.111435 0.007841 2.483926 3226.000120
0.847379 0.013935 0.013449 0.005797 0.000157 0.111441 0.007842 2.485300 3226.713506
0.847414 0.013964 0.013452 0.005785 0.000159 0.111383 0.007843 2.486652 3227.559413
0.847441 0.013928 0.013431 0.005805 0.000159 0.111393 0.007844 2.488035 3228.329940
0.847443 0.013936 0.013448 0.005790 0.000158 0.111379 0.007846 2.489411 3229.198761
0.847447 0.013936 0.013465 0.005788 0.000154 0.111365 0.007846 2.490802 3230.508440
0.847512 0.013939 0.013451 0.005776 0.000154 0.111320 0.007847 2.492155 3231.523104
0.847532 0.013944 0.013422 0.005757 0.000153 0.111342 0.007849 2.493536 3232.785580
0.847561 0.013933 0.013449 0.005766 0.000155 0.111286 0.007849 2.494913 3233.236147
0.847573 0.013874 0.013492 0.005775 0.000155 0.111281 0.007851 2.496327 3233.966565
0.847616 0.013871 0.013468 0.005781 0.000156 0.111257 0.007852 2.497692 3234.947480
0.847661 0.013849 0.013493 0.005758 0.000155 0.111231 0.007853 2.499057 3235.959009
0.847685 0.013872 0.013462 0.005766 0.000154 0.111207 0.007854 2.500402 3236.745468
0.847718 0.013854 0.013475 0.005751 0.000154 0.111193 0.007855 2.501768 3237.657923
0.847721 0.013869 0.013434 0.005754 0.000155 0.111212 0.007856 2.503117 3238.163869
0.847756 0.013864 0.013383 0.005761 0.000152 0.111227 0.007857 2.504467 3239.662510
0.847806 0.013873 0.013383 0.005737 0.000156 0.111187 0.007859 2.505810 3240.454236
0.847832 0.013835 0.013374 0.005753 0.000158 0.111189 0.007859 2.507194 3241.283478
0.847860 0.013839 0.013387 0.005746 0.000153 0.111155 0.007861 2.508554 3242.402738
0.847878 0.013858 0.013355 0.005746 0.000152 0.111149 0.007862 2.509906 3243.186843
0.847948 0.013807 0.013354 0.005772 0.000155 0.111101 0.007863 2.511280 3243.618118
0.847972 0.013796 0.013327 0.005767 0.000156 0.111120 0.007864 2.512636 3244.139429
0.848020 0.013811 0.013299 0.005767 0.000156 0.111084 0.007865 2.513959 3244.869042
0.848080 0.013804 0.013283 0.005767 0.000155 0.111046 0.007865 2.515300 3245.161313
0.848135 0.013764 0.013273 0.005789 0.000157 0.111015 0.007867 2.516668 3245.741639
0.848157 0.013806 0.013269 0.005769 0.000156 0.110976 0.007868 2.517998 3246.721372
0.848213 0.013783 0.013266 0.005777 0.000157 0.110935 0.007869 2.519373 3247.359684
0.848199 0.013858 0.013209 0.005768 0.000156 0.110940 0.007871 2.520665 3248.080871
0.848226 0.013857 0.013236 0.005760 0.000155 0.110894 0.007872 2.522029 3248.852389
0.848226 0.013919 0.013231 0.005745 0.000155 0.110850 0.007873 2.523357 3249.554465
0.848238 0.013873 0.013243 0.005749 0.000159 0.110863 0.007875 2.524749 3250.139293
0.848302 0.013869 0.013260 0.005743 0.000158 0.110792 0.007876 2.526103 3250.808510
0.848328 0.013863 0.013253 0.005741 0.000159 0.110782 0.007877 2.527461 3251.458413
0.848354 0.013908 0.013217 0.005756 0.000158 0.110730 0.007877 2.528804 3251.896620
0.848366 0.013918 0.013195 0.005729 0.000158 0.110755 0.007879 2.530150 3252.684916
0.848403 0.013934 0.013224 0.005713 0.000155 0.110691 0.007880 2.531511 3254.259175
0.848421 0.013906 0.013240 0.005720 0.000152 0.110680 0.007881 2.532895 3255.197301
0.848488 0.013855 0.013268 0.005747 0.000151 0.110609 0.007882 2.534280 3255.814019
0.848544 0.013833 0.013237 0.005764 0.000151 0.110587 0.007883 2.535637 3256.466449
0.848537 0.013884 0.013232 0.005763 0.000153 0.110548 0.007883 2.536989 3256.950727
0.848603 0.013849 0.013264 0.005760 0.000153 0.110487 0.007884 2.538359 3257.813003
0.848647 0.013843 0.013218 0.005766 0.000156 0.110485 0.007885 2.539699 3258.620925
0.848658 0.013847 0.013218 0.005767 0.000157 0.110468 0.007886 2.541059 3259.199184
0.848692 0.013873 0.013164 0.005760 0.000158 0.110466 0.007887 2.542390 3259.781269
0.848690 0.013870 0.013165 0.005774 0.000158 0.110453 0.007889 2.543745 3260.241060
0.848700 0.013876 0.013200 0.005741 0.000159 0.110433 0.007890 2.545106 3261.125652
0.848712 0.013902 0.013198 0.005731 0.000158 0.110408 0.007892 2.546465 3262.011076
0.848735 0.013892 0.013212 0.005747 0.000154 0.110367 0.007893 2.547834 3262.688441
0.848722 0.013916 0.013243 0.005741 0.000154 0.110329 0.007895 2.549196 3263.536603
0.848735 0.013893 0.013255 0.005749 0.000157 0.110315 0.007896 2.550578 3264.342190
0.848736 0.013892 0.013240 0.005745 0.000155 0.110334 0.007898 2.551947 3265.715770
0.848766 0.013877 0.013242 0.005756 0.000155 0.110305 0.007898 2.553312 3266.440612
0.848721 0.013905 0.013233 0.005760 0.000154 0.110329 0.007899 2.554670 3267.199835
0.848719 0.013911 0.013220 0.005779 0.000155 0.110318 0.007899 2.556040 3268.007930
0.848729 0.013928 0.013230 0.005762 0.000156 0.110295 0.007900 2.557395 3268.862968
0.848732 0.013925 0.013257 0.005758 0.000154 0.110272 0.007901 2.558778 3269.586841
0.848762 0.013873 0.013278 0.005754 0.000154 0.110277 0.007902 2.560163 3270.236392
0.848735 0.013925 0.013270 0.005745 0.000155 0.110269 0.007902 2.561507 3270.881484
0.848703 0.013929 0.013268 0.005761 0.000154 0.110283 0.007904 2.562887 3271.981667
0.848758 0.013904 0.013319 0.005765 0.000156 0.110193 0.007905 2.564279 3272.645610
0.848726 0.013915 0.013323 0.005744 0.000157 0.110229 0.007906 2.565638 3273.171585
0.848713 0.013942 0.013331 0.005760 0.000157 0.110190 0.007907 2.566995 3273.914588
0.848744 0.013915 0.013329 0.005774 0.000159 0.110172 0.007909 2.568379 3274.345814
0.848752 0.013938 0.013311 0.005780 0.000158 0.110151 0.007910 2.569724 3275.235315
0.848787 0.013969 0.013314 0.005755 0.000163 0.110102 0.007911 2.571048 3275.837863
0.848774 0.014004 0.013295 0.005749 0.000163 0.110105 0.007912 2.572394 3276.477975
0.848791 0.014027 0.013272 0.005748 0.000167 0.110081 0.007913 2.573739 3277.139811
0.848799 0.013997 0.013286 0.005781 0.000167 0.110056 0.007914 2.575137 3277.976370
0.848789 0.014030 0.013320 0.005772 0.000167 0.110007 0.007915 2.576481 3278.711728
0.848761 0.014013 0.013327 0.005802 0.000168 0.110013 0.007916 2.577889 3279.475387
0.848711 0.014072 0.013336 0.005785 0.000165 0.110012 0.007917 2.579245 3280.459122
0.848734 0.014085 0.013336 0.005775 0.000167 0.109984 0.007919 2.580616 3281.595341
0.848826 0.014041 0.013344 0.005783 0.000167 0.109918 0.007921 2.581973 3282.521166
0.848837 0.014005 0.013363 0.005796 0.000166 0.109911 0.007922 2.583363 3283.323398
0.848910 0.013997 0.013361 0.005772 0.000165 0.109872 0.007923 2.584708 3284.184473
0.848934 0.013973 0.013364 0.005787 0.000165 0.109852 0.007925 2.586075 3284.939242
0.848964 0.013963 0.013327 0.005782 0.000166 0.109872 0.007926 2.587422 3285.653609
0.848936 0.014002 0.013302 0.005806 0.000163 0.109864 0.007927 2.588782 3286.473014
0.848952 0.013997 0.013292 0.005813 0.000164 0.109853 0.007929 2.590140 3287.587576
0.848934 0.014015 0.013309 0.005806 0.000163 0.109842 0.007931 2.591509 3288.575638
0.848958 0.014006 0.013314 0.005837 0.000163 0.109790 0.007932 2.592886 3289.256033
0.848955 0.013993 0.013349 0.005844 0.000163 0.109763 0.007933 2.594284 3289.961623
0.848938 0.013979 0.013376 0.005842 0.000165 0.109767 0.007934 2.595673 3290.418366
0.848956 0.013969 0.013393 0.005833 0.000166 0.109749 0.007934 2.597050 3291.033643
0.848950 0.014003 0.013392 0.005825 0.000165 0.109730 0.007935 2.598407 3291.784297
0.848951 0.014060 0.013360 0.005794 0.000163 0.109737 0.007936 2.599719 3292.538763
0.848954 0.014041 0.013387 0.005796 0.000161 0.109724 0.007938 2.601108 3293.787763
0.848887 0.014045 0.013407 0.005777 0.000164 0.109781 0.007939 2.602508 3294.537174
0.848826 0.014095 0.013368 0.005799 0.000163 0.109809 0.007939 2.603869 3295.537311
