0.373096 0.061038 0.054092 0.030968 0.001901 0.473470 0.005434 1.550090 1903.848633
0.374062 0.060090 0.054840 0.030136 0.001908 0.473506 0.005459 1.556030 1913.912224
0.376362 0.058011 0.055329 0.029360 0.001908 0.473547 0.005482 1.561782 1922.792107
0.379280 0.055398 0.055661 0.028608 0.001903 0.473642 0.005508 1.567375 1932.653729
0.382692 0.052703 0.055757 0.027809 0.001892 0.473618 0.005529 1.572617 1942.520532
0.386431 0.049923 0.055629 0.026981 0.001880 0.473604 0.005553 1.577602 1951.643895
0.390261 0.047185 0.055345 0.026182 0.001870 0.473585 0.005572 1.582406 1960.208172
0.394387 0.044542 0.054876 0.025451 0.001852 0.473296 0.005596 1.586925 1970.788149
0.398492 0.042083 0.054148 0.024677 0.001827 0.473151 0.005623 1.591164 1980.648444
0.402824 0.039690 0.053363 0.023894 0.001809 0.472775 0.005646 1.595195 1990.258218
0.407073 0.037544 0.052492 0.023160 0.001783 0.472278 0.005670 1.599002 2000.628627
0.411439 0.035521 0.051438 0.022398 0.001760 0.471751 0.005693 1.602567 2009.839798
0.415865 0.033586 0.050340 0.021685 0.001740 0.471068 0.005716 1.605970 2018.317398
0.420279 0.031787 0.049175 0.020966 0.001720 0.470336 0.005737 1.609208 2028.340656
0.424693 0.030190 0.047935 0.020241 0.001689 0.469491 0.005760 1.612216 2037.928330
0.429237 0.028667 0.046709 0.019573 0.001666 0.468368 0.005780 1.615078 2046.669936
0.433773 0.027215 0.045457 0.018906 0.001638 0.467214 0.005798 1.617854 2056.023761
0.438324 0.025901 0.044118 0.018282 0.001620 0.465936 0.005818 1.620440 2064.577546
0.442837 0.024678 0.042823 0.017670 0.001599 0.464557 0.005837 1.622938 2072.860011
0.447361 0.023529 0.041584 0.017063 0.001572 0.463033 0.005859 1.625365 2081.361592
0.451960 0.022509 0.040275 0.016456 0.001540 0.461378 0.005882 1.627608 2092.119302
0.456420 0.021610 0.039019 0.015859 0.001519 0.459673 0.005901 1.629749 2100.126579
0.460957 0.020727 0.037787 0.015310 0.001487 0.457811 0.005920 1.631828 2110.201683
0.465437 0.019956 0.036574 0.014765 0.001455 0.455872 0.005942 1.633808 2120.372981
0.469976 0.019176 0.035421 0.014254 0.001420 0.453791 0.005962 1.635749 2128.913876
0.474439 0.018501 0.034306 0.013753 0.001393 0.451627 0.005980 1.637593 2137.245734
0.478961 0.017867 0.033176 0.013298 0.001355 0.449343 0.005999 1.639383 2147.874968
0.483418 0.017279 0.032071 0.012895 0.001321 0.447000 0.006017 1.641117 2157.669184
0.487905 0.016772 0.031031 0.012473 0.001297 0.444491 0.006031 1.642774 2166.114449
0.492291 0.016302 0.030007 0.012072 0.001270 0.442007 0.006051 1.644387 2174.439318
0.496676 0.015861 0.029026 0.011692 0.001242 0.439438 0.006065 1.645967 2182.683949
0.501025 0.015430 0.028065 0.011317 0.001212 0.436869 0.006083 1.647507 2191.194331
0.505397 0.015028 0.027132 0.010955 0.001190 0.434200 0.006097 1.648991 2198.813625
0.509670 0.014656 0.026260 0.010598 0.001162 0.431544 0.006112 1.650453 2207.439933
0.513900 0.014345 0.025439 0.010237 0.001134 0.428821 0.006124 1.651873 2214.798267
0.518157 0.014032 0.024606 0.009935 0.001103 0.426028 0.006139 1.653267 2222.465100
0.522363 0.013749 0.023860 0.009658 0.001080 0.423141 0.006148 1.654641 2229.235737
0.526487 0.013522 0.023146 0.009387 0.001050 0.420247 0.006161 1.655998 2237.096626
0.530575 0.013365 0.022419 0.009096 0.001020 0.417348 0.006178 1.657280 2245.861194
0.534702 0.013185 0.021772 0.008841 0.000996 0.414312 0.006191 1.658588 2253.347126
0.538714 0.013008 0.021145 0.008626 0.000968 0.411336 0.006203 1.659878 2261.673085
0.542772 0.012840 0.020553 0.008411 0.000942 0.408265 0.006218 1.661148 2269.065446
0.546761 0.012707 0.019960 0.008193 0.000921 0.405230 0.006228 1.662377 2276.154446
0.550741 0.012590 0.019394 0.007993 0.000894 0.402150 0.006239 1.663590 2283.401548
0.554723 0.012448 0.018860 0.007788 0.000868 0.399062 0.006252 1.664797 2290.587405
0.558562 0.012357 0.018348 0.007609 0.000844 0.396016 0.006264 1.665987 2296.413367
0.562378 0.012220 0.017891 0.007438 0.000824 0.392976 0.006273 1.667193 2302.799031
0.566174 0.012123 0.017461 0.007282 0.000801 0.389874 0.006284 1.668373 2308.765257
0.569904 0.012022 0.017045 0.007119 0.000780 0.386835 0.006295 1.669584 2315.351033
0.573580 0.011986 0.016637 0.006967 0.000760 0.383767 0.006303 1.670725 2322.169930
0.577220 0.011889 0.016305 0.006843 0.000739 0.380694 0.006311 1.671933 2328.951215
0.580896 0.011835 0.015987 0.006701 0.000717 0.377542 0.006322 1.673096 2335.639458
0.584449 0.011767 0.015671 0.006605 0.000698 0.374480 0.006331 1.674282 2342.293578
0.588011 0.011735 0.015348 0.006503 0.000677 0.371389 0.006338 1.675403 2348.392079
0.591545 0.011668 0.015067 0.006393 0.000660 0.368320 0.006348 1.676545 2354.385882
0.595005 0.011676 0.014783 0.006272 0.000645 0.365266 0.006353 1.677671 2358.854355
0.598467 0.011606 0.014538 0.006192 0.000634 0.362205 0.006359 1.678828 2362.751374
0.601893 0.011577 0.014318 0.006094 0.000613 0.359140 0.006366 1.679974 2369.327335
0.605243 0.011568 0.014092 0.005998 0.000597 0.356129 0.006371 1.681107 2374.526787
0.608557 0.011567 0.013924 0.005895 0.000583 0.353095 0.006379 1.682230 2380.811681
0.611758 0.011597 0.013731 0.005847 0.000568 0.350113 0.006386 1.683364 2385.641763
0.614956 0.011627 0.013547 0.005774 0.000550 0.347153 0.006394 1.684490 2391.496228
0.618141 0.011634 0.013378 0.005729 0.000537 0.344181 0.006400 1.685643 2396.936873
0.621183 0.011646 0.013229 0.005649 0.000523 0.341363 0.006407 1.686779 2401.550360
0.624285 0.011668 0.013057 0.005602 0.000511 0.338464 0.006414 1.687917 2406.567495
0.627357 0.011705 0.012893 0.005556 0.000498 0.335573 0.006419 1.689039 2411.155953
0.630341 0.011753 0.012755 0.005499 0.000486 0.332743 0.006424 1.690178 2416.146062
0.633265 0.011759 0.012634 0.005454 0.000475 0.329985 0.006429 1.691331 2419.799207
0.636222 0.011803 0.012564 0.005426 0.000462 0.327089 0.006433 1.692484 2424.650067
0.639061 0.011848 0.012468 0.005391 0.000450 0.324344 0.006437 1.693648 2428.763110
0.641893 0.011909 0.012352 0.005375 0.000439 0.321591 0.006441 1.694804 2433.024563
0.644709 0.011956 0.012294 0.005348 0.000427 0.318819 0.006447 1.695994 2437.421260
0.647436 0.012019 0.012212 0.005333 0.000419 0.316128 0.006453 1.697147 2441.608756
0.650228 0.012069 0.012164 0.005314 0.000405 0.313362 0.006458 1.698317 2446.860704
0.652870 0.012120 0.012107 0.005295 0.000395 0.310749 0.006464 1.699486 2451.687458
0.655457 0.012205 0.012014 0.005283 0.000385 0.308189 0.006468 1.700646 2455.178302
0.657945 0.012298 0.011975 0.005299 0.000376 0.305636 0.006471 1.701831 2458.277011
0.660444 0.012385 0.011926 0.005310 0.000367 0.303093 0.006476 1.703035 2462.384152
0.662928 0.012438 0.011958 0.005305 0.000354 0.300537 0.006482 1.704263 2466.978499
0.665342 0.012501 0.011976 0.005279 0.000345 0.298071 0.006485 1.705468 2470.566696
0.667785 0.012572 0.011927 0.005304 0.000336 0.295587 0.006489 1.706677 2474.121205
0.670187 0.012618 0.011952 0.005313 0.000326 0.293113 0.006492 1.707934 2477.425422
0.672513 0.012694 0.011939 0.005322 0.000320 0.290717 0.006495 1.709160 2480.349349
0.674741 0.012780 0.011945 0.005329 0.000314 0.288391 0.006500 1.710402 2483.655768
0.677016 0.012832 0.011969 0.005332 0.000308 0.286038 0.006504 1.711661 2486.896784
0.679171 0.012959 0.012014 0.005329 0.000301 0.283720 0.006507 1.712913 2490.584202
0.681394 0.013040 0.012033 0.005354 0.000295 0.281375 0.006509 1.714176 2493.442668
0.683434 0.013132 0.012058 0.005358 0.000288 0.279218 0.006512 1.715456 2497.084460
0.685561 0.013198 0.012095 0.005369 0.000285 0.276976 0.006516 1.716730 2499.946499
0.687611 0.013285 0.012120 0.005369 0.000278 0.274818 0.006518 1.718013 2503.191928
0.689646 0.013401 0.012167 0.005377 0.000270 0.272617 0.006522 1.719325 2506.692480
0.691638 0.013520 0.012172 0.005404 0.000263 0.270476 0.006527 1.720626 2509.884016
0.693609 0.013607 0.012214 0.005434 0.000255 0.268352 0.006530 1.721954 2513.382463
0.695504 0.013701 0.012243 0.005460 0.000250 0.266309 0.006533 1.723288 2516.426930
0.697346 0.013829 0.012265 0.005492 0.000248 0.264285 0.006535 1.724620 2518.256368
0.699172 0.013926 0.012314 0.005541 0.000246 0.262263 0.006537 1.725989 2520.289459
0.700944 0.014007 0.012374 0.005569 0.000244 0.260323 0.006538 1.727375 2522.201528
0.702657 0.014181 0.012418 0.005611 0.000237 0.258355 0.006541 1.728728 2524.675831
0.704330 0.014339 0.012511 0.005611 0.000234 0.256431 0.006545 1.730093 2526.808275
0.705999 0.014450 0.012597 0.005655 0.000229 0.254526 0.006546 1.731504 2529.252604
0.707609 0.014552 0.012706 0.005720 0.000226 0.252639 0.006547 1.732939 2530.920733
0.709194 0.014680 0.012801 0.005766 0.000225 0.250784 0.006549 1.734372 2533.146502
0.710739 0.014814 0.012836 0.005772 0.000224 0.249063 0.006552 1.735793 2535.410039
0.712285 0.014885 0.012939 0.005834 0.000221 0.247281 0.006554 1.737276 2536.979801
0.713785 0.014965 0.013021 0.005847 0.000221 0.245605 0.006557 1.738738 2539.807198
0.715204 0.015089 0.013130 0.005883 0.000217 0.243917 0.006559 1.740239 2542.700448
0.716618 0.015245 0.013195 0.005913 0.000212 0.242254 0.006562 1.741720 2544.456189
0.718076 0.015382 0.013292 0.005951 0.000209 0.240525 0.006565 1.743199 2546.020859
0.719451 0.015510 0.013339 0.005980 0.000207 0.238946 0.006567 1.744702 2547.648963
0.720761 0.015661 0.013431 0.006026 0.000205 0.237348 0.006568 1.746206 2549.469820
0.722062 0.015757 0.013541 0.006073 0.000199 0.235797 0.006571 1.747734 2551.769178
0.723252 0.015875 0.013652 0.006104 0.000197 0.234348 0.006573 1.749297 2553.811627
0.724465 0.015985 0.013717 0.006160 0.000197 0.232902 0.006575 1.750867 2555.359125
0.725686 0.016123 0.013795 0.006175 0.000199 0.231447 0.006576 1.752400 2556.925357
0.726938 0.016233 0.013876 0.006226 0.000197 0.229951 0.006578 1.753969 2558.252871
0.728063 0.016372 0.013979 0.006264 0.000195 0.228548 0.006579 1.755549 2560.335906
0.729226 0.016483 0.014087 0.006312 0.000195 0.227118 0.006580 1.757141 2561.070605
0.730379 0.016594 0.014167 0.006356 0.000194 0.225730 0.006581 1.758754 2563.079854
0.731446 0.016709 0.014264 0.006379 0.000191 0.224428 0.006583 1.760365 2564.466777
0.732475 0.016796 0.014395 0.006440 0.000191 0.223117 0.006585 1.762024 2566.108092
0.733541 0.016911 0.014483 0.006490 0.000190 0.221798 0.006586 1.763644 2567.438641
0.734510 0.017014 0.014609 0.006543 0.000191 0.220546 0.006587 1.765305 2569.012137
0.735427 0.017083 0.014757 0.006607 0.000188 0.219349 0.006589 1.767009 2571.079978
0.736333 0.017209 0.014872 0.006627 0.000188 0.218181 0.006590 1.768701 2572.430917
0.737232 0.017318 0.015002 0.006668 0.000186 0.217003 0.006593 1.770402 2574.804565
0.738135 0.017435 0.015072 0.006705 0.000186 0.215874 0.006594 1.772087 2575.965697
0.738952 0.017541 0.015202 0.006766 0.000182 0.214761 0.006595 1.773815 2577.583767
0.739770 0.017660 0.015335 0.006814 0.000181 0.213643 0.006597 1.775551 2579.371851
0.740542 0.017778 0.015481 0.006875 0.000182 0.212544 0.006598 1.777299 2581.266314
0.741397 0.017876 0.015558 0.006912 0.000181 0.211478 0.006599 1.779027 2582.731505
0.742187 0.017973 0.015660 0.006970 0.000179 0.210430 0.006601 1.780786 2584.767333
0.742942 0.018024 0.015750 0.007022 0.000179 0.209481 0.006602 1.782554 2585.824961
0.743674 0.018140 0.015839 0.007080 0.000178 0.208486 0.006603 1.784337 2587.049669
0.744397 0.018234 0.015914 0.007138 0.000176 0.207537 0.006604 1.786126 2588.373087
0.745173 0.018345 0.015978 0.007181 0.000173 0.206545 0.006605 1.787883 2590.002684
0.745880 0.018403 0.016092 0.007219 0.000172 0.205627 0.006607 1.789685 2591.223556
0.746546 0.018509 0.016207 0.007252 0.000171 0.204708 0.006608 1.791477 2592.779488
0.747151 0.018631 0.016269 0.007303 0.000168 0.203868 0.006611 1.793286 2593.838271
0.747787 0.018704 0.016349 0.007388 0.000166 0.202994 0.006612 1.795118 2594.825762
0.748405 0.018774 0.016464 0.007424 0.000166 0.202153 0.006613 1.796950 2595.505329
0.748937 0.018902 0.016558 0.007461 0.000168 0.201360 0.006614 1.798808 2596.553101
0.749529 0.018962 0.016633 0.007506 0.000172 0.200583 0.006616 1.800688 2597.266893
0.750070 0.019039 0.016716 0.007579 0.000171 0.199808 0.006617 1.802559 2598.824663
0.750630 0.019092 0.016838 0.007614 0.000174 0.199033 0.006619 1.804440 2599.783297
0.751085 0.019263 0.016888 0.007643 0.000173 0.198328 0.006620 1.806274 2600.955580
0.751573 0.019341 0.016975 0.007668 0.000172 0.197649 0.006621 1.808148 2601.954178
0.751943 0.019444 0.017077 0.007712 0.000172 0.197030 0.006623 1.810035 2602.928497
0.752412 0.019503 0.017186 0.007733 0.000176 0.196367 0.006623 1.811936 2604.133959
0.752870 0.019558 0.017246 0.007777 0.000178 0.195748 0.006624 1.813836 2604.886409
0.753358 0.019593 0.017322 0.007805 0.000178 0.195120 0.006626 1.815752 2606.492677
0.753742 0.019715 0.017394 0.007876 0.000179 0.194466 0.006627 1.817658 2607.407507
0.754193 0.019794 0.017451 0.007920 0.000176 0.193839 0.006629 1.819558 2609.061859
0.754635 0.019865 0.017515 0.007958 0.000177 0.193219 0.006630 1.821489 2610.193716
0.755028 0.019925 0.017583 0.008018 0.000179 0.192635 0.006631 1.823432 2611.257972
0.755427 0.020011 0.017668 0.008037 0.000183 0.192041 0.006633 1.825351 2611.988888
0.755845 0.020082 0.017710 0.008035 0.000187 0.191509 0.006633 1.827249 2612.711458
0.756219 0.020167 0.017781 0.008055 0.000188 0.190955 0.006634 1.829184 2613.609170
0.756665 0.020187 0.017912 0.008091 0.000190 0.190320 0.006635 1.831152 2615.002239
0.757046 0.020254 0.017984 0.008140 0.000191 0.189748 0.006637 1.833111 2616.030632
0.757390 0.020265 0.018112 0.008158 0.000192 0.189246 0.006637 1.835118 2616.955664
0.757707 0.020295 0.018194 0.008168 0.000197 0.188802 0.006638 1.837113 2617.540323
0.758028 0.020318 0.018287 0.008234 0.000194 0.188300 0.006641 1.839125 2618.836472
0.758363 0.020331 0.018343 0.008266 0.000195 0.187859 0.006642 1.841132 2619.585356
0.758700 0.020367 0.018413 0.008306 0.000196 0.187375 0.006643 1.843117 2620.811309
0.759082 0.020342 0.018446 0.008327 0.000196 0.186963 0.006645 1.845125 2621.779656
0.759439 0.020359 0.018509 0.008350 0.000194 0.186504 0.006646 1.847107 2623.206815
0.759770 0.020399 0.018535 0.008368 0.000196 0.186085 0.006647 1.849083 2623.946624
0.760097 0.020435 0.018574 0.008397 0.000199 0.185651 0.006649 1.851077 2624.780951
0.760424 0.020454 0.018653 0.008375 0.000197 0.185247 0.006650 1.853067 2626.332104
0.760713 0.020430 0.018730 0.008391 0.000199 0.184886 0.006651 1.855107 2626.974370
0.761058 0.020408 0.018751 0.008411 0.000200 0.184519 0.006653 1.857103 2627.549895
0.761396 0.020388 0.018812 0.008422 0.000198 0.184130 0.006654 1.859103 2629.077907
0.761640 0.020415 0.018852 0.008453 0.000198 0.183787 0.006655 1.861090 2629.915013
0.761935 0.020443 0.018880 0.008438 0.000197 0.183451 0.006656 1.863054 2631.101855
0.762184 0.020449 0.018936 0.008451 0.000196 0.183127 0.006657 1.865071 2632.399238
0.762469 0.020446 0.018950 0.008477 0.000195 0.182806 0.006658 1.867057 2633.561243
0.762754 0.020434 0.019013 0.008493 0.000198 0.182451 0.006658 1.869088 2634.770999
0.763026 0.020428 0.019034 0.008515 0.000195 0.182142 0.006660 1.871086 2635.992732
0.763244 0.020400 0.019073 0.008557 0.000197 0.181868 0.006661 1.873136 2637.247272
0.763521 0.020402 0.019059 0.008577 0.000202 0.181575 0.006663 1.875126 2638.318239
0.763822 0.020369 0.019099 0.008590 0.000203 0.181253 0.006665 1.877112 2639.282249
0.764070 0.020388 0.019124 0.008595 0.000201 0.180956 0.006667 1.879104 2640.885370
0.764352 0.020341 0.019174 0.008581 0.000202 0.180681 0.006669 1.881122 2642.123027
0.764585 0.020336 0.019215 0.008576 0.000198 0.180419 0.006672 1.883122 2643.258456
0.764821 0.020376 0.019197 0.008570 0.000193 0.180169 0.006674 1.885091 2644.569664
0.765077 0.020370 0.019237 0.008567 0.000194 0.179880 0.006675 1.887077 2645.276182
0.765390 0.020396 0.019225 0.008547 0.000196 0.179569 0.006677 1.889040 2646.416605
0.765665 0.020386 0.019244 0.008549 0.000197 0.179282 0.006678 1.891022 2647.335969
0.765931 0.020362 0.019268 0.008563 0.000197 0.178999 0.006679 1.893041 2647.972530
0.766230 0.020295 0.019287 0.008600 0.000196 0.178711 0.006681 1.895051 2648.974719
0.766462 0.020264 0.019279 0.008602 0.000198 0.178515 0.006682 1.897033 2649.733881
0.766726 0.020268 0.019294 0.008581 0.000201 0.178248 0.006683 1.899013 2650.759310
0.767010 0.020244 0.019295 0.008584 0.000201 0.177983 0.006684 1.901001 2651.897019
0.767254 0.020242 0.019301 0.008593 0.000202 0.177725 0.006684 1.902995 2652.901893
0.767531 0.020153 0.019324 0.008612 0.000202 0.177493 0.006686 1.905023 2653.879658
0.767789 0.020101 0.019315 0.008622 0.000202 0.177284 0.006688 1.907029 2654.787946
0.768074 0.020097 0.019285 0.008652 0.000204 0.177001 0.006688 1.908988 2655.390539
0.768362 0.020056 0.019246 0.008654 0.000205 0.176788 0.006689 1.910971 2656.118137
0.768619 0.019992 0.019250 0.008632 0.000202 0.176614 0.006691 1.912966 2657.319796
0.768869 0.019972 0.019181 0.008631 0.000202 0.176453 0.006693 1.914916 2658.196520
0.769045 0.020003 0.019143 0.008588 0.000203 0.176324 0.006694 1.916828 2658.974154
0.769307 0.019967 0.019174 0.008579 0.000207 0.176071 0.006696 1.918788 2660.091270
0.769625 0.019961 0.019170 0.008529 0.000210 0.175808 0.006697 1.920711 2660.973384
0.769893 0.019931 0.019110 0.008525 0.000209 0.175634 0.006698 1.922658 2662.101293
0.770207 0.019863 0.019109 0.008512 0.000207 0.175403 0.006700 1.924621 2663.316775
0.770454 0.019840 0.019059 0.008490 0.000210 0.175246 0.006701 1.926562 2664.150176
0.770735 0.019813 0.019033 0.008482 0.000209 0.175027 0.006701 1.928508 2665.066370
0.771009 0.019752 0.018991 0.008478 0.000212 0.174857 0.006702 1.930474 2665.970468
0.771268 0.019723 0.018963 0.008488 0.000210 0.174646 0.006703 1.932415 2667.052691
0.771551 0.019694 0.018915 0.008494 0.000209 0.174432 0.006703 1.934352 2667.778509
0.771826 0.019604 0.018969 0.008488 0.000209 0.174200 0.006705 1.936308 2668.769936
0.772158 0.019528 0.018943 0.008461 0.000208 0.173996 0.006707 1.938239 2669.812143
0.772481 0.019460 0.018924 0.008460 0.000207 0.173761 0.006708 1.940171 2670.480305
0.772778 0.019454 0.018845 0.008435 0.000209 0.173571 0.006708 1.942069 2671.336647
0.773066 0.019374 0.018843 0.008443 0.000211 0.173354 0.006709 1.944016 2672.250498
0.773367 0.019307 0.018864 0.008446 0.000212 0.173094 0.006711 1.945949 2673.071899
0.773662 0.019308 0.018833 0.008419 0.000211 0.172855 0.006712 1.947808 2674.356912
0.773904 0.019269 0.018822 0.008410 0.000212 0.172670 0.006713 1.949731 2675.224485
0.774180 0.019239 0.018760 0.008373 0.000210 0.172521 0.006716 1.951609 2676.589749
0.774469 0.019243 0.018716 0.008344 0.000213 0.172297 0.006718 1.953466 2677.287071
0.774800 0.019214 0.018655 0.008323 0.000213 0.172075 0.006719 1.955324 2678.127640
0.775074 0.019131 0.018649 0.008336 0.000210 0.171880 0.006721 1.957249 2679.364860
0.775369 0.019057 0.018645 0.008346 0.000212 0.171650 0.006721 1.959146 2679.973514
0.775670 0.019030 0.018617 0.008331 0.000213 0.171416 0.006722 1.961008 2680.791161
0.775980 0.019028 0.018561 0.008319 0.000213 0.171176 0.006723 1.962855 2681.829931
0.776249 0.018987 0.018547 0.008285 0.000212 0.170996 0.006724 1.964717 2683.097300
0.776571 0.018956 0.018526 0.008260 0.000212 0.170749 0.006727 1.966582 2684.396630
0.776851 0.018932 0.018480 0.008212 0.000212 0.170585 0.006728 1.968426 2685.344321
0.777204 0.018894 0.018420 0.008171 0.000208 0.170373 0.006730 1.970245 2686.754452
0.777502 0.018877 0.018387 0.008147 0.000211 0.170145 0.006732 1.972088 2687.678771
0.777798 0.018833 0.018333 0.008152 0.000207 0.169943 0.006734 1.973951 2688.730001
0.778108 0.018809 0.018323 0.008132 0.000210 0.169684 0.006735 1.975801 2690.034001
0.778446 0.018785 0.018320 0.008112 0.000208 0.169391 0.006737 1.977653 2691.306292
0.778743 0.018765 0.018264 0.008093 0.000206 0.169189 0.006740 1.979497 2692.657362
0.779017 0.018795 0.018218 0.008077 0.000209 0.168943 0.006741 1.981314 2693.352008
0.779340 0.018775 0.018169 0.008084 0.000207 0.168683 0.006742 1.983148 2694.619869
0.779647 0.018697 0.018186 0.008087 0.000206 0.168434 0.006743 1.985009 2695.594262
0.779927 0.018636 0.018167 0.008081 0.000205 0.168240 0.006744 1.986850 2696.221918
0.780234 0.018600 0.018175 0.008060 0.000209 0.167977 0.006745 1.988681 2696.717212
0.780514 0.018550 0.018128 0.008072 0.000207 0.167782 0.006747 1.990519 2697.638098
0.780784 0.018512 0.018126 0.008079 0.000210 0.167542 0.006747 1.992386 2698.417533
0.781109 0.018452 0.018093 0.008077 0.000209 0.167312 0.006748 1.994212 2699.327388
0.781403 0.018417 0.018071 0.008089 0.000206 0.167063 0.006751 1.996035 2700.266028
0.781676 0.018397 0.018043 0.008077 0.000208 0.166848 0.006751 1.997861 2700.991159
0.781997 0.018364 0.017967 0.008049 0.000209 0.166663 0.006752 1.999652 2701.915775
0.782252 0.018359 0.017950 0.008041 0.000209 0.166437 0.006753 2.001461 2703.055934
0.782507 0.018344 0.017926 0.008019 0.000206 0.166243 0.006755 2.003278 2703.921262
0.782762 0.018391 0.017885 0.008013 0.000208 0.165985 0.006756 2.005061 2704.857952
0.783044 0.018364 0.017850 0.008001 0.000213 0.165771 0.006757 2.006871 2705.525565
0.783311 0.018344 0.017843 0.007984 0.000216 0.165545 0.006758 2.008701 2706.297684
0.783576 0.018358 0.017795 0.007970 0.000215 0.165327 0.006759 2.010480 2707.328667
0.783823 0.018384 0.017792 0.007939 0.000217 0.165084 0.006761 2.012268 2708.110482
0.784082 0.018403 0.017775 0.007954 0.000216 0.164807 0.006762 2.014061 2709.513226
0.784283 0.018408 0.017807 0.007942 0.000217 0.164578 0.006764 2.015882 2710.622779
0.784567 0.018403 0.017780 0.007925 0.000220 0.164341 0.006765 2.017695 2711.218500
0.784788 0.018381 0.017755 0.007935 0.000221 0.164155 0.006766 2.019519 2712.131045
0.785054 0.018371 0.017754 0.007941 0.000226 0.163886 0.006767 2.021337 2713.221922
0.785316 0.018332 0.017743 0.007933 0.000223 0.163686 0.006768 2.023157 2714.506524
0.785550 0.018345 0.017733 0.007913 0.000221 0.163467 0.006770 2.024941 2715.401245
0.785791 0.018374 0.017691 0.007893 0.000223 0.163256 0.006772 2.026724 2716.593003
0.786053 0.018357 0.017698 0.007893 0.000223 0.163002 0.006774 2.028553 2717.462799
0.786376 0.018294 0.017687 0.007911 0.000223 0.162735 0.006774 2.030381 2718.283996
0.786605 0.018328 0.017639 0.007901 0.000221 0.162530 0.006776 2.032168 2719.661166
0.786833 0.018356 0.017616 0.007903 0.000219 0.162296 0.006777 2.033944 2720.807991
0.787057 0.018346 0.017613 0.007868 0.000217 0.162119 0.006779 2.035724 2721.942009
0.787281 0.018365 0.017583 0.007867 0.000216 0.161907 0.006780 2.037501 2723.322276
0.787513 0.018359 0.017592 0.007842 0.000220 0.161692 0.006781 2.039315 2724.464197
0.787728 0.018349 0.017552 0.007815 0.000218 0.161555 0.006782 2.041113 2725.499765
0.787978 0.018355 0.017542 0.007825 0.000218 0.161300 0.006783 2.042932 2726.127689
0.788229 0.018321 0.017505 0.007820 0.000220 0.161120 0.006785 2.044722 2726.899596
0.788488 0.018328 0.017506 0.007806 0.000221 0.160864 0.006786 2.046504 2727.872381
0.788693 0.018353 0.017459 0.007803 0.000222 0.160683 0.006787 2.048283 2729.214683
0.788936 0.018316 0.017481 0.007821 0.000219 0.160438 0.006790 2.050112 2730.172538
0.789069 0.018334 0.017479 0.007824 0.000218 0.160284 0.006791 2.051924 2731.314828
0.789220 0.018327 0.017504 0.007855 0.000215 0.160087 0.006793 2.053763 2732.525281
0.789419 0.018326 0.017488 0.007848 0.000216 0.159910 0.006794 2.055574 2733.799754
0.789547 0.018361 0.017479 0.007878 0.000215 0.159725 0.006795 2.057394 2735.205211
0.789706 0.018386 0.017493 0.007874 0.000215 0.159531 0.006796 2.059194 2736.199013
0.789872 0.018405 0.017473 0.007861 0.000219 0.159371 0.006798 2.060983 2736.971470
0.790018 0.018480 0.017494 0.007855 0.000219 0.159135 0.006798 2.062752 2738.377861
0.790177 0.018508 0.017529 0.007855 0.000217 0.158913 0.006800 2.064545 2739.779147
0.790373 0.018508 0.017555 0.007855 0.000219 0.158689 0.006801 2.066364 2740.821689
0.790509 0.018523 0.017587 0.007855 0.000217 0.158507 0.006803 2.068187 2742.383204
0.790615 0.018605 0.017583 0.007846 0.000214 0.158332 0.006804 2.069967 2743.866692
0.790766 0.018624 0.017580 0.007870 0.000210 0.158145 0.006806 2.071787 2745.557867
0.790929 0.018596 0.017600 0.007864 0.000209 0.157995 0.006807 2.073628 2746.764952
0.791082 0.018619 0.017583 0.007841 0.000204 0.157863 0.006809 2.075442 2748.381492
0.791235 0.018611 0.017544 0.007859 0.000204 0.157738 0.006810 2.077241 2749.109319
0.791409 0.018633 0.017563 0.007852 0.000201 0.157531 0.006811 2.079048 2750.418766
0.791580 0.018639 0.017578 0.007861 0.000199 0.157331 0.006813 2.080869 2751.894702
0.791671 0.018637 0.017608 0.007899 0.000196 0.157174 0.006814 2.082718 2752.799167
0.791787 0.018597 0.017655 0.007895 0.000198 0.157054 0.006815 2.084576 2753.721097
0.791900 0.018645 0.017657 0.007896 0.000198 0.156887 0.006817 2.086396 2754.963013
0.792026 0.018626 0.017668 0.007895 0.000200 0.156767 0.006819 2.088243 2756.154968
0.792143 0.018593 0.017684 0.007912 0.000202 0.156647 0.006819 2.090102 2756.901560
0.792239 0.018618 0.017670 0.007942 0.000204 0.156506 0.006821 2.091931 2757.818616
0.792343 0.018631 0.017668 0.007936 0.000205 0.156396 0.006822 2.093772 2758.708329
0.792447 0.018643 0.017688 0.007938 0.000204 0.156257 0.006824 2.095610 2759.907950
0.792605 0.018655 0.017654 0.007931 0.000205 0.156125 0.006826 2.097426 2760.855431
0.792692 0.018666 0.017675 0.007920 0.000208 0.156012 0.006827 2.099273 2761.468961
0.792776 0.018668 0.017691 0.007934 0.000206 0.155896 0.006829 2.101125 2762.725524
0.792837 0.018666 0.017732 0.007914 0.000205 0.155816 0.006830 2.102994 2763.404992
0.792927 0.018706 0.017742 0.007941 0.000203 0.155649 0.006832 2.104835 2764.397149
0.793037 0.018721 0.017731 0.007921 0.000204 0.155553 0.006833 2.106660 2765.362609
0.793141 0.018800 0.017711 0.007921 0.000203 0.155390 0.006835 2.108452 2766.263363
0.793153 0.018858 0.017737 0.007929 0.000201 0.155287 0.006835 2.110314 2767.584318
0.793244 0.018869 0.017770 0.007944 0.000203 0.155134 0.006836 2.112183 2768.655479
0.793239 0.018949 0.017759 0.007947 0.000204 0.155064 0.006838 2.114011 2769.734662
0.793318 0.018924 0.017793 0.007945 0.000202 0.154977 0.006839 2.115890 2770.750337
0.793393 0.018950 0.017804 0.007945 0.000206 0.154863 0.006840 2.117738 2771.223041
0.793466 0.018949 0.017804 0.007951 0.000206 0.154785 0.006840 2.119596 2771.982575
0.793499 0.018971 0.017834 0.007949 0.000204 0.154704 0.006840 2.121450 2773.120946
0.793555 0.019021 0.017852 0.007913 0.000203 0.154614 0.006842 2.123271 2774.192867
0.793603 0.019017 0.017879 0.007920 0.000205 0.154533 0.006843 2.125164 2775.121078
0.793629 0.018982 0.017901 0.007925 0.000204 0.154515 0.006845 2.127053 2776.487494
0.793691 0.018979 0.017892 0.007935 0.000203 0.154454 0.006846 2.128906 2777.659339
0.793754 0.019008 0.017911 0.007937 0.000202 0.154341 0.006847 2.130765 2778.869554
0.793808 0.019008 0.017912 0.007950 0.000200 0.154274 0.006849 2.132647 2779.689274
0.793877 0.019029 0.017915 0.007940 0.000201 0.154188 0.006850 2.134500 2780.546013
0.793854 0.019075 0.017977 0.007928 0.000202 0.154113 0.006851 2.136381 2781.511728
0.793921 0.019077 0.017994 0.007929 0.000205 0.154023 0.006852 2.138255 2782.368644
0.793953 0.019092 0.017996 0.007947 0.000201 0.153957 0.006854 2.140144 2783.358010
0.794019 0.019068 0.018012 0.007936 0.000202 0.153909 0.006855 2.142037 2784.319780
0.794081 0.019096 0.017963 0.007943 0.000201 0.153859 0.006857 2.143881 2785.485412
0.794137 0.019110 0.017951 0.007935 0.000201 0.153807 0.006859 2.145746 2786.427601
0.794193 0.019159 0.017954 0.007930 0.000203 0.153703 0.006859 2.147580 2786.947895
0.794224 0.019170 0.017944 0.007939 0.000204 0.153658 0.006861 2.149455 2788.039905
0.794280 0.019164 0.017919 0.007952 0.000202 0.153620 0.006862 2.151333 2789.218181
0.794378 0.019138 0.017945 0.007960 0.000200 0.153516 0.006863 2.153214 2790.903674
0.794440 0.019119 0.017968 0.007966 0.000196 0.153447 0.006864 2.155083 2791.849522
0.794480 0.019117 0.017976 0.007970 0.000197 0.153396 0.006865 2.156963 2792.803177
0.794472 0.019175 0.017985 0.007944 0.000196 0.153362 0.006867 2.158821 2793.767971
0.794537 0.019143 0.018044 0.007943 0.000197 0.153268 0.006869 2.160729 2795.049298
0.794569 0.019202 0.018078 0.007943 0.000194 0.153144 0.006870 2.162587 2796.263149
0.794610 0.019202 0.018056 0.007969 0.000193 0.153099 0.006872 2.164463 2797.819718
0.794606 0.019262 0.018041 0.007967 0.000196 0.153056 0.006872 2.166326 2798.400708
0.794623 0.019240 0.018069 0.007981 0.000198 0.153017 0.006874 2.168245 2799.123659
0.794665 0.019225 0.018052 0.007992 0.000200 0.152992 0.006874 2.170120 2799.819319
0.794682 0.019238 0.018054 0.007988 0.000203 0.152960 0.006876 2.171992 2800.857764
0.794738 0.019215 0.018081 0.007995 0.000206 0.152890 0.006877 2.173874 2801.768178
0.794744 0.019243 0.018098 0.008007 0.000204 0.152826 0.006879 2.175743 2803.225496
0.794714 0.019248 0.018078 0.008030 0.000205 0.152845 0.006880 2.177645 2804.332648
0.794761 0.019180 0.018135 0.008036 0.000207 0.152800 0.006881 2.179572 2805.501241
0.794750 0.019178 0.018129 0.008057 0.000208 0.152796 0.006882 2.181465 2806.490482
0.794812 0.019127 0.018145 0.008074 0.000209 0.152747 0.006884 2.183352 2807.556744
0.794852 0.019101 0.018181 0.008096 0.000209 0.152676 0.006885 2.185278 2808.573701
0.794912 0.019107 0.018168 0.008098 0.000210 0.152620 0.006886 2.187142 2809.541337
0.794941 0.019086 0.018176 0.008109 0.000213 0.152588 0.006887 2.189017 2810.398841
0.794979 0.019077 0.018187 0.008118 0.000213 0.152539 0.006888 2.190882 2811.382780
0.795027 0.019041 0.018198 0.008116 0.000213 0.152516 0.006890 2.192753 2812.653416
0.795082 0.019016 0.018191 0.008128 0.000209 0.152482 0.006893 2.194644 2814.076198
0.795124 0.018964 0.018220 0.008098 0.000207 0.152492 0.006894 2.196519 2815.238972
0.795160 0.018985 0.018207 0.008071 0.000204 0.152477 0.006896 2.198372 2816.047731
0.795213 0.018978 0.018204 0.008061 0.000203 0.152444 0.006897 2.200234 2816.989494
0.795203 0.019003 0.018174 0.008055 0.000203 0.152463 0.006899 2.202069 2818.065975
0.795238 0.018991 0.018179 0.008039 0.000205 0.152448 0.006900 2.203946 2819.078023
0.795293 0.019002 0.018162 0.008034 0.000205 0.152401 0.006903 2.205775 2820.219610
0.795296 0.019012 0.018167 0.008032 0.000206 0.152382 0.006905 2.207642 2821.217637
0.795298 0.019020 0.018165 0.007995 0.000208 0.152408 0.006906 2.209523 2822.298047
0.795305 0.019071 0.018145 0.008000 0.000206 0.152365 0.006908 2.211378 2823.343438
0.795340 0.019045 0.018159 0.007979 0.000204 0.152364 0.006911 2.213266 2824.896869
0.795388 0.019008 0.018201 0.008005 0.000205 0.152282 0.006912 2.215162 2825.692640
0.795362 0.019008 0.018221 0.008007 0.000203 0.152286 0.006913 2.217059 2827.227222
0.795420 0.019023 0.018207 0.008009 0.000203 0.152223 0.006915 2.218911 2828.304016
0.795422 0.019045 0.018170 0.008036 0.000201 0.152211 0.006916 2.220790 2829.708341
0.795474 0.019025 0.018175 0.008065 0.000198 0.152145 0.006917 2.222663 2830.771757
0.795535 0.019035 0.018166 0.008069 0.000199 0.152078 0.006918 2.224526 2832.017855
0.795579 0.019024 0.018182 0.008102 0.000199 0.151995 0.006919 2.226392 2833.104607
0.795623 0.019042 0.018184 0.008082 0.000199 0.151949 0.006920 2.228227 2833.916227
0.795638 0.019059 0.018185 0.008073 0.000201 0.151922 0.006921 2.230085 2834.668733
0.795690 0.019053 0.018139 0.008045 0.000201 0.151949 0.006922 2.231927 2835.615063
0.795721 0.019031 0.018135 0.008066 0.000201 0.151923 0.006923 2.233806 2836.394361
0.795750 0.019003 0.018145 0.008062 0.000203 0.151913 0.006924 2.235681 2837.343323
0.795826 0.018959 0.018126 0.008048 0.000203 0.151913 0.006925 2.237552 2838.039027
0.795848 0.018981 0.018118 0.008054 0.000202 0.151869 0.006928 2.239396 2839.189449
0.795871 0.018994 0.018075 0.008043 0.000204 0.151885 0.006928 2.241246 2840.037406
0.795909 0.018979 0.018032 0.008072 0.000204 0.151874 0.006930 2.243123 2840.845142
0.795867 0.018992 0.018015 0.008091 0.000203 0.151900 0.006931 2.244991 2842.036052
0.795871 0.018991 0.018037 0.008077 0.000203 0.151888 0.006933 2.246850 2843.152410
0.795903 0.019020 0.018033 0.008054 0.000205 0.151852 0.006933 2.248684 2844.221360
0.795938 0.018993 0.018044 0.008055 0.000207 0.151829 0.006934 2.250565 2845.058596
0.795972 0.018991 0.018018 0.008056 0.000207 0.151822 0.006936 2.252410 2846.261097
0.796035 0.018956 0.018005 0.008055 0.000208 0.151804 0.006937 2.254273 2847.171028
0.796111 0.018963 0.018007 0.008031 0.000208 0.151741 0.006938 2.256121 2848.186344
0.796124 0.019033 0.018000 0.007998 0.000206 0.151699 0.006939 2.257938 2849.197022
0.796134 0.018996 0.018044 0.007995 0.000208 0.151684 0.006940 2.259834 2850.168720
0.796180 0.019010 0.018017 0.007983 0.000209 0.151660 0.006941 2.261686 2851.079512
0.796174 0.019040 0.018018 0.008009 0.000212 0.151606 0.006942 2.263537 2851.702571
0.796189 0.019058 0.018018 0.008007 0.000210 0.151575 0.006943 2.265384 2852.743982
0.796246 0.019013 0.017966 0.007983 0.000212 0.151636 0.006945 2.267230 2853.792673
0.796345 0.018974 0.017971 0.008001 0.000213 0.151549 0.006946 2.269098 2854.854802
0.796363 0.018983 0.017985 0.008013 0.000209 0.151500 0.006947 2.270968 2855.963152
0.796367 0.019034 0.017985 0.007991 0.000208 0.151467 0.006949 2.272804 2857.319150
0.796335 0.019091 0.017980 0.007991 0.000206 0.151446 0.006950 2.274646 2858.298631
0.796352 0.019130 0.017947 0.007995 0.000209 0.151416 0.006951 2.276482 2858.824123
0.796399 0.019141 0.017971 0.007986 0.000207 0.151343 0.006953 2.278351 2860.368820
0.796412 0.019148 0.017934 0.008008 0.000205 0.151339 0.006954 2.280209 2861.339045
0.796436 0.019136 0.017955 0.008033 0.000207 0.151276 0.006955 2.282087 2862.144242
0.796472 0.019134 0.017966 0.008005 0.000212 0.151254 0.006957 2.283946 2862.734550
0.796503 0.019096 0.018014 0.008014 0.000213 0.151201 0.006958 2.285853 2863.880890
0.796553 0.019091 0.018029 0.008006 0.000213 0.151149 0.006960 2.287722 2864.606424
0.796635 0.019043 0.018037 0.007997 0.000213 0.151113 0.006962 2.289596 2865.744306
0.796668 0.019043 0.018003 0.008017 0.000212 0.151093 0.006964 2.291465 2866.780972
0.796717 0.019059 0.017963 0.008006 0.000212 0.151078 0.006965 2.293294 2868.009761
0.796725 0.019045 0.017997 0.008013 0.000211 0.151042 0.006967 2.295177 2868.960634
0.796766 0.019033 0.018009 0.007965 0.000212 0.151045 0.006969 2.297043 2870.159557
0.796779 0.019071 0.017969 0.007946 0.000211 0.151053 0.006970 2.298877 2871.168425
0.796779 0.019120 0.017946 0.007945 0.000211 0.151028 0.006971 2.300703 2871.879111
0.796770 0.019178 0.017948 0.007955 0.000209 0.150967 0.006972 2.302550 2872.626763
0.796737 0.019203 0.017955 0.007987 0.000208 0.150935 0.006975 2.304412 2873.651848
0.796710 0.019224 0.017990 0.007992 0.000210 0.150899 0.006976 2.306296 2874.966024
0.796705 0.019180 0.018028 0.008013 0.000207 0.150891 0.006977 2.308208 2876.069162
0.796687 0.019195 0.018064 0.008036 0.000205 0.150836 0.006978 2.310087 2877.109267
0.796677 0.019193 0.018101 0.008021 0.000203 0.150826 0.006979 2.311984 2878.383607
0.796677 0.019219 0.018089 0.008030 0.000204 0.150801 0.006980 2.313830 2879.552782
0.796637 0.019242 0.018090 0.008038 0.000199 0.150811 0.006981 2.315711 2880.736639
0.796663 0.019240 0.018081 0.008051 0.000202 0.150780 0.006983 2.317572 2881.987842
0.796686 0.019211 0.018089 0.008037 0.000206 0.150788 0.006983 2.319450 2882.683863
0.796690 0.019198 0.018069 0.008061 0.000207 0.150791 0.006984 2.321333 2883.427350
0.796752 0.019165 0.018056 0.008075 0.000211 0.150756 0.006985 2.323194 2884.488014
0.796755 0.019178 0.018089 0.008096 0.000205 0.150690 0.006988 2.325082 2886.010766
0.796778 0.019157 0.018162 0.008083 0.000205 0.150626 0.006989 2.326958 2887.142830
0.796802 0.019181 0.018136 0.008078 0.000203 0.150608 0.006991 2.328811 2888.537758
0.796772 0.019192 0.018178 0.008084 0.000204 0.150577 0.006992 2.330695 2889.284170
0.796762 0.019220 0.018144 0.008093 0.000203 0.150584 0.006994 2.332561 2890.029497
0.796769 0.019216 0.018138 0.008084 0.000202 0.150595 0.006995 2.334411 2890.678347
0.796814 0.019175 0.018178 0.008075 0.000203 0.150559 0.006996 2.336290 2891.587941
0.796832 0.019170 0.018197 0.008072 0.000206 0.150526 0.006997 2.338167 2892.579482
0.796866 0.019148 0.018223 0.008072 0.000206 0.150488 0.006997 2.340072 2893.468858
0.796856 0.019146 0.018259 0.008060 0.000204 0.150477 0.006999 2.341952 2894.863676
0.796875 0.019153 0.018259 0.008063 0.000206 0.150444 0.007001 2.343828 2896.106034
0.796835 0.019207 0.018245 0.008044 0.000211 0.150458 0.007001 2.345683 2896.863735
0.796815 0.019217 0.018228 0.008033 0.000210 0.150494 0.007004 2.347566 2897.881724
0.796786 0.019222 0.018215 0.008034 0.000212 0.150527 0.007004 2.349451 2898.765745
0.796792 0.019215 0.018189 0.008054 0.000214 0.150531 0.007005 2.351344 2899.705527
0.796834 0.019169 0.018225 0.008071 0.000211 0.150484 0.007006 2.353260 2900.886415
0.796811 0.019173 0.018254 0.008077 0.000210 0.150466 0.007009 2.355160 2902.451478
0.796851 0.019157 0.018268 0.008088 0.000206 0.150421 0.007010 2.357038 2903.432081
0.796897 0.019100 0.018299 0.008096 0.000206 0.150391 0.007011 2.358960 2904.375385
0.796950 0.019100 0.018321 0.008080 0.000205 0.150332 0.007012 2.360825 2905.364993
0.796975 0.019136 0.018308 0.008106 0.000203 0.150258 0.007014 2.362663 2906.714630
0.796961 0.019152 0.018297 0.008086 0.000206 0.150284 0.007015 2.364539 2907.853970
0.796979 0.019118 0.018284 0.008099 0.000207 0.150297 0.007016 2.366425 2908.794123
0.796958 0.019115 0.018285 0.008090 0.000207 0.150326 0.007019 2.368314 2909.594485
0.796992 0.019090 0.018259 0.008093 0.000210 0.150335 0.007020 2.370192 2910.475544
0.796961 0.019115 0.018249 0.008080 0.000212 0.150362 0.007022 2.372059 2911.480966
0.796951 0.019146 0.018237 0.008097 0.000208 0.150338 0.007024 2.373922 2912.414782
0.796951 0.019177 0.018222 0.008065 0.000210 0.150349 0.007026 2.375771 2913.304111
0.796893 0.019238 0.018217 0.008061 0.000210 0.150354 0.007028 2.377633 2914.417489
0.796940 0.019168 0.018297 0.008064 0.000212 0.150290 0.007029 2.379561 2915.042147
0.796931 0.019143 0.018273 0.008105 0.000214 0.150304 0.007030 2.381458 2915.603320
0.796940 0.019176 0.018249 0.008107 0.000212 0.150286 0.007031 2.383319 2916.641851
0.796913 0.019179 0.018264 0.008117 0.000213 0.150283 0.007032 2.385214 2917.375906
0.796896 0.019185 0.018299 0.008129 0.000211 0.150247 0.007034 2.387104 2918.537458
0.796870 0.019225 0.018254 0.008111 0.000207 0.150297 0.007034 2.388934 2919.651179
0.796871 0.019188 0.018305 0.008108 0.000207 0.150285 0.007036 2.390843 2920.769521
0.796856 0.019202 0.018307 0.008091 0.000207 0.150299 0.007038 2.392723 2921.801911
0.796765 0.019273 0.018288 0.008089 0.000208 0.150337 0.007039 2.394596 2922.597969
0.796821 0.019201 0.018318 0.008116 0.000209 0.150294 0.007042 2.396525 2923.696913
0.796801 0.019218 0.018293 0.008133 0.000213 0.150299 0.007042 2.398407 2924.544987
0.796788 0.019202 0.018294 0.008110 0.000211 0.150351 0.007044 2.400282 2925.293015
0.796788 0.019193 0.018323 0.008113 0.000210 0.150328 0.007045 2.402171 2925.731584
0.796821 0.019185 0.018309 0.008131 0.000210 0.150298 0.007045 2.404062 2926.659612
0.796820 0.019166 0.018318 0.008129 0.000206 0.150313 0.007047 2.405964 2928.454025
0.796817 0.019184 0.018314 0.008118 0.000209 0.150309 0.007049 2.407825 2929.360075
0.796833 0.019187 0.018308 0.008115 0.000207 0.150299 0.007051 2.409687 2930.372270
0.796775 0.019242 0.018291 0.008116 0.000210 0.150316 0.007052 2.411568 2931.267053
0.796791 0.019220 0.018291 0.008145 0.000211 0.150289 0.007053 2.413456 2932.073535
0.796768 0.019265 0.018300 0.008135 0.000213 0.150266 0.007055 2.415323 2933.347592
0.796773 0.019292 0.018262 0.008152 0.000212 0.150253 0.007055 2.417190 2934.564490
0.796768 0.019317 0.018180 0.008140 0.000210 0.150329 0.007056 2.419029 2936.094900
0.796723 0.019295 0.018227 0.008157 0.000208 0.150333 0.007057 2.420954 2937.828600
0.796696 0.019328 0.018218 0.008160 0.000205 0.150333 0.007060 2.422811 2939.446124
0.796727 0.019277 0.018263 0.008124 0.000205 0.150343 0.007061 2.424716 2940.669685
0.796757 0.019303 0.018279 0.008112 0.000206 0.150281 0.007062 2.426588 2941.415209
0.796732 0.019349 0.018245 0.008100 0.000207 0.150305 0.007063 2.428454 2942.421442
0.796697 0.019359 0.018258 0.008124 0.000208 0.150291 0.007063 2.430346 2943.499785
0.796691 0.019349 0.018233 0.008124 0.000210 0.150328 0.007065 2.432222 2944.520178
0.796726 0.019351 0.018237 0.008120 0.000212 0.150288 0.007066 2.434083 2945.422804
0.796694 0.019392 0.018246 0.008116 0.000211 0.150275 0.007067 2.435964 2946.230481
0.796700 0.019383 0.018262 0.008110 0.000214 0.150264 0.007068 2.437851 2947.029060
0.796714 0.019341 0.018270 0.008117 0.000216 0.150272 0.007069 2.439765 2948.618433
0.796713 0.019321 0.018317 0.008123 0.000217 0.150239 0.007070 2.441691 2949.616079
0.796743 0.019300 0.018324 0.008089 0.000217 0.150256 0.007071 2.443595 2950.945429
0.796724 0.019279 0.018314 0.008108 0.000218 0.150283 0.007073 2.445491 2951.782460
0.796739 0.019235 0.018358 0.008125 0.000215 0.150253 0.007074 2.447434 2952.840019
0.796773 0.019223 0.018341 0.008111 0.000218 0.150258 0.007076 2.449316 2953.554252
0.796798 0.019163 0.018353 0.008135 0.000219 0.150255 0.007076 2.451241 2954.594864
0.796815 0.019190 0.018330 0.008111 0.000218 0.150256 0.007080 2.453083 2955.622358
0.796842 0.019237 0.018339 0.008091 0.000217 0.150193 0.007081 2.454936 2956.909725
0.796838 0.019228 0.018353 0.008066 0.000214 0.150220 0.007081 2.456822 2957.793475
0.796840 0.019203 0.018416 0.008050 0.000212 0.150196 0.007082 2.458743 2958.813554
0.796760 0.019240 0.018414 0.008058 0.000210 0.150235 0.007083 2.460632 2959.565615
0.796710 0.019257 0.018391 0.008057 0.000209 0.150291 0.007085 2.462506 2961.055250
0.796678 0.019272 0.018386 0.008054 0.000212 0.150312 0.007086 2.464394 2961.761485
0.796672 0.019264 0.018396 0.008028 0.000215 0.150338 0.007087 2.466277 2962.726659
0.796669 0.019223 0.018406 0.008021 0.000214 0.150378 0.007089 2.468182 2963.983516
0.796681 0.019213 0.018370 0.008069 0.000215 0.150362 0.007090 2.470065 2965.384128
0.796649 0.019220 0.018315 0.008061 0.000219 0.150445 0.007092 2.471929 2966.297333
0.796620 0.019234 0.018306 0.008045 0.000218 0.150485 0.007093 2.473794 2967.773662
0.796610 0.019199 0.018343 0.008062 0.000216 0.150476 0.007094 2.475711 2968.759807
0.796628 0.019223 0.018338 0.008055 0.000217 0.150445 0.007095 2.477554 2969.523681
0.796663 0.019204 0.018368 0.008063 0.000216 0.150390 0.007097 2.479433 2970.660939
0.796670 0.019287 0.018304 0.008044 0.000221 0.150375 0.007099 2.481253 2971.237761
0.796665 0.019278 0.018317 0.008064 0.000222 0.150354 0.007100 2.483145 2971.906012
0.796647 0.019314 0.018315 0.008038 0.000219 0.150365 0.007102 2.485003 2973.123124
0.796623 0.019330 0.018308 0.008060 0.000214 0.150362 0.007103 2.486883 2974.783638
0.796643 0.019292 0.018295 0.008063 0.000214 0.150388 0.007104 2.488786 2975.679029
0.796612 0.019342 0.018272 0.008083 0.000212 0.150373 0.007105 2.490665 2976.851013
0.796625 0.019336 0.018263 0.008070 0.000214 0.150386 0.007107 2.492558 2978.089263
0.796602 0.019373 0.018245 0.008068 0.000216 0.150388 0.007108 2.494435 2979.171049
0.796607 0.019351 0.018269 0.008065 0.000219 0.150381 0.007108 2.496343 2980.262341
0.796651 0.019290 0.018292 0.008044 0.000218 0.150398 0.007109 2.498252 2981.506596
0.796662 0.019221 0.018305 0.008053 0.000220 0.150429 0.007110 2.500180 2982.175768
0.796660 0.019255 0.018301 0.008052 0.000217 0.150404 0.007111 2.502039 2983.302329
0.796688 0.019235 0.018270 0.008043 0.000217 0.150435 0.007112 2.503908 2984.469332
0.796691 0.019200 0.018306 0.008049 0.000217 0.150424 0.007114 2.505796 2985.524869
0.796764 0.019175 0.018283 0.008036 0.000217 0.150410 0.007116 2.507666 2986.450926
0.796779 0.019179 0.018281 0.008049 0.000219 0.150377 0.007117 2.509551 2987.299692
0.796794 0.019164 0.018267 0.008048 0.000214 0.150395 0.007118 2.511429 2988.816803
0.796775 0.019169 0.018221 0.008031 0.000216 0.150469 0.007119 2.513292 2989.683331
0.796839 0.019114 0.018203 0.008066 0.000217 0.150440 0.007121 2.515174 2990.730626
0.796859 0.019123 0.018214 0.008083 0.000216 0.150382 0.007123 2.517033 2992.496720
0.796850 0.019099 0.018205 0.008094 0.000216 0.150412 0.007124 2.518899 2993.545764
0.796848 0.019077 0.018215 0.008096 0.000218 0.150420 0.007126 2.520776 2994.305945
0.796889 0.019041 0.018197 0.008101 0.000216 0.150430 0.007128 2.522656 2995.446385
0.796958 0.019002 0.018215 0.008068 0.000214 0.150413 0.007129 2.524513 2996.880174
0.796994 0.018966 0.018227 0.008082 0.000215 0.150385 0.007130 2.526412 2997.920404
0.797005 0.018929 0.018226 0.008087 0.000218 0.150404 0.007132 2.528319 2998.506903
0.797017 0.018904 0.018206 0.008107 0.000218 0.150415 0.007132 2.530192 2999.293493
0.797039 0.018911 0.018167 0.008113 0.000220 0.150417 0.007133 2.532057 3000.170359
0.797078 0.018899 0.018157 0.008104 0.000221 0.150406 0.007135 2.533939 3001.228431
0.797061 0.018920 0.018137 0.008120 0.000219 0.150407 0.007136 2.535793 3002.450215
0.797083 0.018951 0.018150 0.008094 0.000220 0.150364 0.007137 2.537623 3003.756294
0.797093 0.018952 0.018156 0.008095 0.000220 0.150347 0.007138 2.539480 3004.458666
0.797148 0.018899 0.018114 0.008105 0.000220 0.150376 0.007138 2.541357 3005.208358
0.797154 0.018921 0.018096 0.008094 0.000220 0.150374 0.007141 2.543196 3006.112468
0.797196 0.018901 0.018120 0.008085 0.000220 0.150335 0.007143 2.545097 3007.414414
0.797257 0.018888 0.018112 0.008083 0.000220 0.150295 0.007145 2.546946 3008.562094
0.797259 0.018917 0.018125 0.008099 0.000215 0.150239 0.007147 2.548781 3010.105665
0.797260 0.018944 0.018106 0.008075 0.000215 0.150251 0.007148 2.550636 3010.934128
0.797279 0.018943 0.018121 0.008066 0.000214 0.150228 0.007150 2.552504 3011.879191
0.797306 0.018948 0.018083 0.008082 0.000215 0.150215 0.007152 2.554360 3012.958437
0.797286 0.018975 0.018106 0.008070 0.000216 0.150195 0.007152 2.556225 3013.506977
0.797311 0.018952 0.018124 0.008073 0.000216 0.150171 0.007153 2.558111 3014.120504
0.797347 0.018933 0.018147 0.008079 0.000216 0.150122 0.007154 2.559994 3015.093369
0.797415 0.018871 0.018133 0.008101 0.000213 0.150110 0.007156 2.561870 3016.762011
0.797413 0.018901 0.018141 0.008101 0.000210 0.150077 0.007157 2.563717 3018.313467
0.797478 0.018865 0.018143 0.008093 0.000212 0.150050 0.007158 2.565585 3019.039153
0.797484 0.018899 0.018119 0.008077 0.000214 0.150049 0.007159 2.567434 3019.711003
0.797474 0.018903 0.018106 0.008095 0.000211 0.150052 0.007160 2.569296 3020.921779
0.797540 0.018899 0.018104 0.008059 0.000212 0.150023 0.007162 2.571140 3021.908653
0.797525 0.018896 0.018132 0.008056 0.000211 0.150016 0.007163 2.573012 3023.153800
0.797580 0.018882 0.018138 0.008073 0.000210 0.149953 0.007165 2.574872 3024.210638
0.797592 0.018865 0.018127 0.008054 0.000210 0.149985 0.007167 2.576730 3025.227263
0.797577 0.018911 0.018077 0.008042 0.000210 0.150016 0.007168 2.578554 3026.324041
0.797597 0.018893 0.018067 0.008032 0.000209 0.150034 0.007168 2.580419 3027.404183
0.797615 0.018915 0.018049 0.008028 0.000206 0.150018 0.007170 2.582263 3028.680782
0.797615 0.018938 0.018060 0.008031 0.000206 0.149978 0.007171 2.584136 3029.569810
0.797597 0.018963 0.018067 0.008031 0.000205 0.149964 0.007172 2.586006 3030.753318
0.797593 0.018970 0.018119 0.008015 0.000205 0.149923 0.007175 2.587880 3032.040673
0.797628 0.018988 0.018125 0.008015 0.000203 0.149865 0.007176 2.589729 3033.188720
0.797606 0.019016 0.018119 0.008014 0.000205 0.149863 0.007178 2.591594 3034.244404
0.797674 0.019020 0.018132 0.008024 0.000207 0.149764 0.007180 2.593439 3035.365632
0.797705 0.019055 0.018113 0.008009 0.000205 0.149731 0.007181 2.595264 3036.642983
0.797719 0.019062 0.018099 0.008029 0.000205 0.149704 0.007182 2.597130 3037.607972
0.797745 0.019062 0.018085 0.008012 0.000204 0.149708 0.007184 2.598981 3038.780036
0.797734 0.019105 0.018069 0.007999 0.000204 0.149703 0.007186 2.600814 3040.032112
0.797746 0.019104 0.018049 0.008005 0.000205 0.149704 0.007186 2.602667 3041.280175
0.797747 0.019087 0.018068 0.008016 0.000203 0.149691 0.007188 2.604561 3042.976084
0.797699 0.019113 0.018083 0.008015 0.000204 0.149695 0.007191 2.606426 3044.552675
0.797710 0.019105 0.018079 0.008042 0.000199 0.149672 0.007192 2.608300 3045.970871
0.797716 0.019105 0.018091 0.008037 0.000201 0.149656 0.007194 2.610193 3047.216905
0.797729 0.019133 0.018060 0.008029 0.000199 0.149655 0.007195 2.612014 3048.343941
0.797771 0.019126 0.018105 0.008050 0.000198 0.149553 0.007197 2.613898 3049.746424
0.797742 0.019114 0.018132 0.008068 0.000195 0.149551 0.007198 2.615788 3050.785075
0.797741 0.019088 0.018154 0.008066 0.000197 0.149555 0.007199 2.617674 3051.324477
0.797737 0.019065 0.018155 0.008087 0.000198 0.149557 0.007201 2.619567 3051.821506
0.797762 0.019033 0.018135 0.008101 0.000199 0.149567 0.007202 2.621439 3052.835030
0.797767 0.018998 0.018162 0.008125 0.000202 0.149544 0.007203 2.623332 3053.724193
0.797783 0.019018 0.018120 0.008123 0.000202 0.149550 0.007204 2.625180 3055.096776
0.797745 0.018992 0.018108 0.008122 0.000200 0.149627 0.007205 2.627074 3056.011421
0.797780 0.018974 0.018099 0.008148 0.000200 0.149593 0.007208 2.628936 3056.907509
0.797802 0.018984 0.018098 0.008139 0.000203 0.149566 0.007208 2.630808 3057.736179
0.797828 0.019000 0.018113 0.008119 0.000200 0.149531 0.007210 2.632656 3059.429830
0.797797 0.019022 0.018146 0.008079 0.000198 0.149548 0.007211 2.634519 3060.204224
0.797755 0.019080 0.018157 0.008072 0.000201 0.149523 0.007213 2.636351 3060.992659
0.797810 0.019060 0.018163 0.008084 0.000202 0.149467 0.007214 2.638193 3061.863953
0.797888 0.019044 0.018131 0.008087 0.000203 0.149430 0.007215 2.640046 3062.651221
0.797857 0.019107 0.018104 0.008063 0.000204 0.149448 0.007218 2.641877 3063.801289
0.797833 0.019123 0.018069 0.008061 0.000208 0.149487 0.007218 2.643719 3064.407053
0.797852 0.019048 0.018128 0.008072 0.000208 0.149473 0.007219 2.645629 3065.314845
0.797786 0.019082 0.018102 0.008063 0.000206 0.149542 0.007221 2.647483 3066.135895
0.797817 0.019009 0.018126 0.008040 0.000208 0.149577 0.007223 2.649389 3067.335007
0.797871 0.018981 0.018125 0.008047 0.000206 0.149545 0.007226 2.651268 3068.772047
0.797886 0.018998 0.018130 0.008016 0.000209 0.149535 0.007227 2.653102 3069.820475
0.797887 0.019007 0.018118 0.008025 0.000209 0.149525 0.007229 2.654972 3071.004106
0.797912 0.019027 0.018097 0.008048 0.000210 0.149476 0.007230 2.656813 3071.783539
0.797902 0.019035 0.018086 0.008040 0.000211 0.149495 0.007230 2.658668 3072.568636
0.797967 0.019012 0.018090 0.008040 0.000209 0.149452 0.007232 2.660528 3073.606138
0.797897 0.019062 0.018127 0.008015 0.000208 0.149458 0.007232 2.662380 3074.854394
0.797941 0.019083 0.018091 0.008006 0.000205 0.149441 0.007234 2.664213 3076.151082
0.797914 0.019082 0.018100 0.008009 0.000205 0.149456 0.007234 2.666095 3077.304932
0.797942 0.019018 0.018165 0.008012 0.000206 0.149421 0.007235 2.668004 3078.083539
0.797971 0.019015 0.018129 0.008054 0.000207 0.149388 0.007237 2.669874 3078.923962
0.797961 0.019037 0.018123 0.008023 0.000208 0.149410 0.007238 2.671745 3079.846662
0.797988 0.018968 0.018164 0.008034 0.000207 0.149398 0.007240 2.673638 3081.190799
0.798006 0.019008 0.018135 0.008030 0.000207 0.149373 0.007241 2.675482 3081.906612
0.798017 0.018996 0.018132 0.008021 0.000207 0.149385 0.007243 2.677341 3082.801184
0.798069 0.018986 0.018110 0.008040 0.000202 0.149349 0.007244 2.679195 3083.959307
0.798028 0.019031 0.018077 0.008022 0.000204 0.149395 0.007244 2.681049 3084.627680
0.797984 0.019046 0.018076 0.008012 0.000202 0.149434 0.007246 2.682917 3085.976782
0.798040 0.019047 0.018072 0.007989 0.000200 0.149405 0.007248 2.684769 3087.280575
0.797959 0.019071 0.018095 0.007983 0.000200 0.149443 0.007249 2.686646 3088.144331
0.797936 0.019041 0.018133 0.007961 0.000203 0.149475 0.007250 2.688529 3088.895404
0.798001 0.018966 0.018105 0.007973 0.000203 0.149500 0.007252 2.690418 3089.823791
0.798042 0.018985 0.018086 0.007964 0.000203 0.149467 0.007252 2.692253 3090.839503
0.798054 0.018992 0.018056 0.007968 0.000203 0.149473 0.007253 2.694090 3091.680514
0.798079 0.018964 0.018070 0.007988 0.000204 0.149441 0.007255 2.695954 3092.779916
0.798107 0.018930 0.018047 0.007990 0.000201 0.149469 0.007257 2.697809 3093.880008
0.798097 0.018968 0.018036 0.007981 0.000203 0.149457 0.007258 2.699636 3094.760737
0.798142 0.018948 0.018009 0.007979 0.000204 0.149459 0.007259 2.701485 3095.543034
0.798182 0.018923 0.018023 0.008008 0.000204 0.149401 0.007260 2.703344 3096.293177
0.798225 0.018840 0.018036 0.008028 0.000204 0.149406 0.007262 2.705242 3097.211164
0.798209 0.018864 0.017999 0.008021 0.000205 0.149440 0.007263 2.707076 3098.070249
0.798250 0.018867 0.017997 0.007992 0.000208 0.149421 0.007264 2.708910 3098.875357
0.798272 0.018842 0.017978 0.007965 0.000209 0.149468 0.007266 2.710751 3099.967817
0.798307 0.018786 0.017969 0.007958 0.000209 0.149504 0.007267 2.712600 3100.963999
0.798347 0.018772 0.017963 0.007928 0.000209 0.149513 0.007268 2.714436 3102.166776
0.798371 0.018791 0.017943 0.007926 0.000211 0.149488 0.007271 2.716268 3103.172494
0.798402 0.018788 0.017947 0.007940 0.000211 0.149440 0.007273 2.718123 3104.582767
0.798438 0.018755 0.017941 0.007945 0.000212 0.149436 0.007274 2.719977 3105.489822
0.798472 0.018748 0.017902 0.007942 0.000213 0.149450 0.007274 2.721798 3106.689184
0.798489 0.018765 0.017874 0.007961 0.000212 0.149424 0.007276 2.723616 3108.197367
0.798484 0.018768 0.017886 0.007948 0.000211 0.149425 0.007278 2.725476 3109.443672
0.798485 0.018793 0.017887 0.007939 0.000211 0.149405 0.007279 2.727300 3110.238299
0.798514 0.018783 0.017905 0.007943 0.000212 0.149362 0.007279 2.729162 3111.030326
0.798606 0.018746 0.017888 0.007946 0.000212 0.149322 0.007281 2.731002 3112.114660
0.798579 0.018791 0.017851 0.007966 0.000209 0.149321 0.007283 2.732824 3113.348955
0.798552 0.018844 0.017835 0.007955 0.000209 0.149322 0.007284 2.734642 3114.428476
0.798590 0.018834 0.017852 0.007964 0.000207 0.149269 0.007285 2.736494 3115.717596
0.798584 0.018872 0.017865 0.007949 0.000205 0.149239 0.007286 2.738335 3116.391126
0.798603 0.018881 0.017886 0.007935 0.000207 0.149201 0.007288 2.740178 3117.489219
0.798619 0.018918 0.017890 0.007924 0.000205 0.149156 0.007290 2.741996 3118.726273
0.798600 0.018950 0.017905 0.007924 0.000206 0.149124 0.007291 2.743834 3119.938487
0.798574 0.018977 0.017928 0.007914 0.000203 0.149111 0.007293 2.745701 3121.038943
0.798556 0.018981 0.017955 0.007918 0.000202 0.149094 0.007293 2.747564 3121.868436
0.798526 0.019010 0.017997 0.007939 0.000206 0.149026 0.007295 2.749429 3122.610554
0.798498 0.019060 0.018010 0.007948 0.000210 0.148979 0.007295 2.751261 3123.524029
0.798524 0.019055 0.018022 0.007961 0.000207 0.148935 0.007296 2.753112 3124.726868
0.798503 0.019085 0.018000 0.007940 0.000205 0.148970 0.007297 2.754962 3125.866035
0.798459 0.019161 0.017996 0.007955 0.000204 0.148928 0.007297 2.756791 3126.685880
0.798460 0.019163 0.017989 0.007982 0.000203 0.148905 0.007299 2.758667 3127.781054
0.798471 0.019183 0.017983 0.007991 0.000204 0.148868 0.007300 2.760526 3128.782163
0.798464 0.019163 0.017978 0.008001 0.000203 0.148889 0.007302 2.762425 3129.780731
0.798383 0.019195 0.017945 0.008020 0.000201 0.148951 0.007304 2.764291 3130.894525
0.798346 0.019193 0.017963 0.008039 0.000204 0.148951 0.007304 2.766199 3131.962924
0.798352 0.019172 0.018003 0.008043 0.000208 0.148917 0.007305 2.768093 3132.713942
0.798327 0.019162 0.017990 0.008065 0.000209 0.148940 0.007307 2.769971 3133.696832
0.798330 0.019163 0.018001 0.008049 0.000210 0.148940 0.007308 2.771813 3134.317711
0.798244 0.019205 0.018032 0.008015 0.000208 0.148988 0.007308 2.773690 3135.154626
0.798249 0.019255 0.017988 0.008022 0.000207 0.148968 0.007310 2.775502 3136.446601
0.798213 0.019277 0.017997 0.008036 0.000210 0.148956 0.007311 2.777396 3137.812149
0.798209 0.019294 0.018012 0.008035 0.000211 0.148927 0.007312 2.779270 3138.998035
0.798205 0.019321 0.018000 0.008024 0.000213 0.148924 0.007313 2.781112 3140.135068
0.798156 0.019304 0.017981 0.008027 0.000214 0.149004 0.007314 2.783015 3140.994294
0.798123 0.019286 0.018016 0.008039 0.000212 0.149009 0.007316 2.784920 3142.261451
0.798124 0.019247 0.018072 0.008072 0.000216 0.148953 0.007317 2.786837 3142.995371
0.798017 0.019293 0.018119 0.008077 0.000215 0.148962 0.007317 2.788734 3144.144468
0.798016 0.019296 0.018101 0.008080 0.000215 0.148973 0.007318 2.790605 3145.088101
0.798052 0.019253 0.018092 0.008072 0.000217 0.148994 0.007320 2.792482 3145.983132
0.798070 0.019223 0.018084 0.008086 0.000213 0.149003 0.007322 2.794369 3147.407774
0.798053 0.019230 0.018097 0.008089 0.000209 0.148998 0.007323 2.796241 3148.328929
0.798021 0.019278 0.018079 0.008065 0.000209 0.149022 0.007324 2.798085 3149.358291
0.798014 0.019287 0.018092 0.008060 0.000214 0.149007 0.007326 2.799944 3150.236576
0.798014 0.019290 0.018093 0.008065 0.000213 0.148998 0.007327 2.801806 3151.324559
0.798040 0.019276 0.018122 0.008057 0.000213 0.148963 0.007329 2.803657 3152.613164
0.798039 0.019226 0.018108 0.008060 0.000214 0.149022 0.007331 2.805547 3153.761054
0.798063 0.019208 0.018133 0.008036 0.000213 0.149015 0.007331 2.807421 3154.879825
0.798008 0.019244 0.018154 0.008048 0.000210 0.149002 0.007333 2.809298 3156.339962
0.798005 0.019274 0.018144 0.008034 0.000208 0.149002 0.007333 2.811148 3157.539447
0.797965 0.019297 0.018117 0.008050 0.000207 0.149029 0.007334 2.813012 3158.928346
0.797900 0.019319 0.018156 0.008033 0.000208 0.149047 0.007336 2.814895 3159.760664
0.797876 0.019340 0.018116 0.008045 0.000214 0.149072 0.007337 2.816753 3160.365485
0.797857 0.019332 0.018137 0.008018 0.000217 0.149101 0.007338 2.818634 3161.241717
0.797863 0.019295 0.018141 0.008028 0.000220 0.149114 0.007339 2.820529 3161.905571
0.797877 0.019271 0.018129 0.008035 0.000223 0.149126 0.007340 2.822394 3162.722364
0.797887 0.019207 0.018164 0.008050 0.000223 0.149128 0.007341 2.824307 3163.975561
0.797892 0.019167 0.018181 0.008062 0.000222 0.149132 0.007343 2.826208 3164.959692
0.797913 0.019147 0.018182 0.008072 0.000222 0.149119 0.007344 2.828075 3165.997381
0.797956 0.019103 0.018172 0.008052 0.000220 0.149152 0.007346 2.829945 3167.081957
0.798036 0.019069 0.018166 0.008040 0.000223 0.149120 0.007347 2.831817 3168.049212
0.798069 0.019058 0.018149 0.008025 0.000221 0.149129 0.007348 2.833681 3169.242868
0.798050 0.019103 0.018141 0.008030 0.000219 0.149106 0.007350 2.835526 3170.446185
0.798031 0.019124 0.018129 0.008054 0.000220 0.149091 0.007352 2.837394 3171.333940
0.798063 0.019120 0.018100 0.008050 0.000220 0.149092 0.007355 2.839249 3172.733474
0.798032 0.019160 0.018032 0.008031 0.000220 0.149169 0.007356 2.841083 3173.691090
0.798021 0.019165 0.018030 0.008061 0.000217 0.149150 0.007357 2.842952 3175.103406
0.798014 0.019181 0.018031 0.008044 0.000218 0.149154 0.007359 2.844801 3176.156745
0.798037 0.019175 0.018044 0.008041 0.000216 0.149127 0.007361 2.846670 3177.605090
0.798035 0.019139 0.018067 0.008044 0.000216 0.149137 0.007362 2.848558 3178.826325
0.797995 0.019119 0.018081 0.008041 0.000219 0.149182 0.007364 2.850439 3180.222804
0.797985 0.019137 0.018102 0.008059 0.000224 0.149128 0.007365 2.852327 3181.378933
0.797989 0.019100 0.018087 0.008082 0.000221 0.149154 0.007365 2.854210 3182.298445
0.797976 0.019100 0.018110 0.008068 0.000220 0.149159 0.007367 2.856094 3183.371101
0.797981 0.019084 0.018142 0.008049 0.000220 0.149155 0.007370 2.857971 3184.256460
0.797962 0.019078 0.018118 0.008021 0.000216 0.149233 0.007372 2.859827 3185.441399
0.797944 0.019098 0.018077 0.007995 0.000213 0.149299 0.007373 2.861671 3186.894599
0.797932 0.019119 0.018090 0.007988 0.000211 0.149286 0.007374 2.863538 3188.407897
0.797885 0.019177 0.018065 0.007977 0.000211 0.149309 0.007376 2.865373 3189.467388
0.797888 0.019217 0.018041 0.007978 0.000214 0.149285 0.007377 2.867209 3190.168191
0.797882 0.019204 0.018045 0.007996 0.000213 0.149282 0.007378 2.869089 3191.437226
0.797902 0.019192 0.018041 0.008032 0.000209 0.149243 0.007381 2.870966 3192.990850
0.797900 0.019215 0.018049 0.008020 0.000209 0.149225 0.007382 2.872822 3193.841511
0.797844 0.019208 0.018042 0.008018 0.000211 0.149294 0.007383 2.874704 3194.487733
0.797878 0.019165 0.018078 0.008026 0.000206 0.149261 0.007385 2.876600 3195.588550
0.797875 0.019142 0.018093 0.008003 0.000209 0.149291 0.007387 2.878472 3196.442707
0.797862 0.019130 0.018153 0.007999 0.000206 0.149260 0.007389 2.880365 3197.998773
0.797893 0.019095 0.018185 0.008017 0.000207 0.149212 0.007390 2.882257 3199.111548
0.797855 0.019136 0.018170 0.008011 0.000208 0.149227 0.007391 2.884111 3199.946076
0.797817 0.019121 0.018180 0.008029 0.000207 0.149254 0.007392 2.886001 3200.801577
0.797841 0.019065 0.018193 0.008058 0.000207 0.149243 0.007393 2.887901 3201.780366
0.797829 0.019099 0.018194 0.008052 0.000210 0.149221 0.007395 2.889749 3202.836523
0.797789 0.019133 0.018226 0.008065 0.000208 0.149182 0.007396 2.891616 3203.788371
0.797739 0.019160 0.018209 0.008043 0.000208 0.149242 0.007398 2.893466 3204.731723
0.797693 0.019156 0.018192 0.008060 0.000209 0.149291 0.007399 2.895357 3205.599837
0.797619 0.019170 0.018207 0.008076 0.000211 0.149317 0.007400 2.897261 3206.441083
0.797614 0.019175 0.018240 0.008070 0.000210 0.149288 0.007402 2.899140 3207.574821
0.797564 0.019226 0.018199 0.008055 0.000215 0.149338 0.007403 2.901004 3208.223350
0.797588 0.019181 0.018193 0.008078 0.000215 0.149340 0.007405 2.902895 3209.284967
