0.356635 0.062563 0.055033 0.031569 0.002056 0.486396 0.005749 1.592456 2017.180042
0.357795 0.061395 0.055775 0.030731 0.002052 0.486479 0.005774 1.598570 2027.504034
0.360243 0.059056 0.056368 0.029893 0.002043 0.486594 0.005803 1.604531 2038.797122
0.363519 0.056166 0.056730 0.029076 0.002038 0.486644 0.005827 1.610208 2048.840302
0.367249 0.053133 0.056832 0.028253 0.002025 0.486652 0.005856 1.615629 2059.056444
0.371390 0.050163 0.056572 0.027460 0.002005 0.486531 0.005879 1.620620 2069.620694
0.375741 0.047141 0.056227 0.026650 0.001987 0.486349 0.005905 1.625401 2080.680018
0.380185 0.044236 0.055629 0.025881 0.001967 0.486175 0.005927 1.629891 2091.346010
0.384843 0.041485 0.054881 0.025060 0.001945 0.485835 0.005951 1.634084 2101.849423
0.389561 0.038853 0.053994 0.024259 0.001928 0.485428 0.005976 1.638067 2111.011749
0.394407 0.036423 0.052991 0.023436 0.001900 0.484844 0.005999 1.641755 2122.233966
0.399306 0.034167 0.051837 0.022653 0.001887 0.484129 0.006020 1.645181 2131.151377
0.404172 0.032081 0.050608 0.021878 0.001862 0.483351 0.006047 1.648409 2141.495860
0.409187 0.030144 0.049359 0.021103 0.001849 0.482287 0.006071 1.651426 2150.248417
0.414215 0.028304 0.047994 0.020344 0.001821 0.481223 0.006098 1.654281 2159.503402
0.419301 0.026556 0.046642 0.019631 0.001806 0.479945 0.006120 1.656993 2167.949376
0.424260 0.024968 0.045246 0.018895 0.001774 0.478710 0.006146 1.659548 2178.520349
0.429344 0.023555 0.043798 0.018143 0.001742 0.477248 0.006169 1.661885 2188.505580
0.434347 0.022227 0.042410 0.017442 0.001702 0.475682 0.006190 1.664128 2199.769394
0.439392 0.020980 0.041001 0.016762 0.001677 0.473978 0.006210 1.666248 2210.534226
0.444490 0.019857 0.039572 0.016098 0.001647 0.472108 0.006227 1.668212 2221.202714
0.449544 0.018786 0.038128 0.015510 0.001610 0.470169 0.006252 1.670095 2231.840379
0.454639 0.017794 0.036705 0.014907 0.001576 0.468101 0.006276 1.671894 2241.737447
0.459676 0.016859 0.035376 0.014301 0.001541 0.465949 0.006298 1.673611 2250.619211
0.464699 0.016045 0.034053 0.013721 0.001515 0.463655 0.006313 1.675199 2258.963762
0.469692 0.015289 0.032813 0.013176 0.001473 0.461223 0.006334 1.676739 2269.943715
0.474693 0.014552 0.031552 0.012667 0.001435 0.458747 0.006355 1.678219 2280.640332
0.479638 0.013882 0.030390 0.012148 0.001398 0.456169 0.006377 1.679627 2290.801739
0.484611 0.013244 0.029192 0.011693 0.001366 0.453499 0.006395 1.680983 2299.580560
0.489565 0.012654 0.028107 0.011230 0.001331 0.450703 0.006410 1.682280 2308.170362
0.494416 0.012147 0.027032 0.010759 0.001298 0.447919 0.006430 1.683506 2317.317122
0.499267 0.011661 0.025989 0.010339 0.001267 0.445029 0.006450 1.684674 2326.375810
0.504114 0.011250 0.024966 0.009940 0.001241 0.442026 0.006463 1.685794 2333.734131
0.508997 0.010847 0.023993 0.009534 0.001211 0.438940 0.006477 1.686851 2343.052708
0.513882 0.010464 0.023055 0.009156 0.001182 0.435769 0.006491 1.687893 2351.174120
0.518718 0.010127 0.022155 0.008809 0.001147 0.432538 0.006505 1.688887 2360.314095
0.523473 0.009793 0.021277 0.008478 0.001115 0.429347 0.006517 1.689852 2368.002784
0.528183 0.009458 0.020497 0.008133 0.001089 0.426110 0.006531 1.690808 2376.101576
0.532852 0.009156 0.019742 0.007845 0.001066 0.422799 0.006542 1.691735 2383.149225
0.537453 0.008886 0.018971 0.007558 0.001038 0.419540 0.006555 1.692631 2391.173816
0.542063 0.008622 0.018254 0.007267 0.001005 0.416219 0.006570 1.693514 2399.228481
0.546601 0.008408 0.017569 0.007009 0.000985 0.412847 0.006581 1.694333 2405.353097
0.551166 0.008195 0.016914 0.006772 0.000954 0.409402 0.006596 1.695138 2413.832798
0.555658 0.008007 0.016269 0.006534 0.000936 0.405992 0.006605 1.695926 2419.599364
0.560172 0.007846 0.015673 0.006302 0.000918 0.402472 0.006616 1.696694 2427.258626
0.564583 0.007695 0.015067 0.006116 0.000890 0.399021 0.006628 1.697436 2434.852960
0.568939 0.007525 0.014544 0.005904 0.000870 0.395581 0.006637 1.698190 2442.099489
0.573354 0.007354 0.014039 0.005714 0.000845 0.392047 0.006647 1.698930 2448.778322
0.577674 0.007232 0.013558 0.005532 0.000824 0.388528 0.006653 1.699629 2455.202982
0.581952 0.007124 0.013080 0.005345 0.000802 0.385036 0.006662 1.700309 2461.871977
0.586139 0.007034 0.012669 0.005177 0.000774 0.381533 0.006675 1.700986 2469.049122
0.590291 0.006935 0.012252 0.005034 0.000752 0.378051 0.006685 1.701670 2474.672710
0.594445 0.006810 0.011867 0.004886 0.000731 0.374565 0.006696 1.702345 2482.049706
0.598553 0.006701 0.011465 0.004721 0.000710 0.371141 0.006709 1.703003 2489.088651
0.602627 0.006579 0.011146 0.004586 0.000688 0.367658 0.006716 1.703670 2494.970154
0.606603 0.006509 0.010802 0.004461 0.000670 0.364232 0.006723 1.704301 2501.211706
0.610599 0.006452 0.010479 0.004319 0.000644 0.360775 0.006732 1.704926 2509.100918
0.614566 0.006374 0.010177 0.004198 0.000625 0.357318 0.006744 1.705552 2515.233945
0.618400 0.006318 0.009891 0.004090 0.000608 0.353944 0.006750 1.706160 2520.659845
0.622262 0.006262 0.009616 0.003999 0.000595 0.350512 0.006754 1.706788 2524.987754
0.626082 0.006228 0.009343 0.003885 0.000573 0.347125 0.006765 1.707371 2531.854910
0.629876 0.006169 0.009098 0.003808 0.000557 0.343721 0.006771 1.707991 2537.095289
0.633661 0.006114 0.008884 0.003707 0.000547 0.340310 0.006778 1.708590 2542.122293
0.637332 0.006052 0.008675 0.003614 0.000532 0.337012 0.006784 1.709176 2546.436266
0.640979 0.005986 0.008478 0.003527 0.000513 0.333726 0.006791 1.709761 2552.267538
0.644612 0.005936 0.008274 0.003463 0.000497 0.330422 0.006797 1.710343 2557.281473
0.648204 0.005897 0.008082 0.003385 0.000480 0.327149 0.006803 1.710908 2562.140659
0.651778 0.005841 0.007899 0.003303 0.000468 0.323901 0.006810 1.711489 2567.125104
0.655255 0.005809 0.007723 0.003248 0.000454 0.320695 0.006816 1.712058 2571.630124
0.658703 0.005797 0.007601 0.003169 0.000444 0.317464 0.006822 1.712631 2576.123082
0.662098 0.005781 0.007465 0.003109 0.000434 0.314287 0.006826 1.713193 2580.052199
0.665483 0.005751 0.007322 0.003058 0.000423 0.311132 0.006832 1.713774 2585.221582
0.668808 0.005718 0.007203 0.003017 0.000412 0.308005 0.006837 1.714360 2588.802824
0.672120 0.005697 0.007097 0.002986 0.000401 0.304859 0.006841 1.714928 2592.561241
0.675360 0.005691 0.007004 0.002934 0.000388 0.301776 0.006847 1.715488 2597.383313
0.678544 0.005683 0.006903 0.002875 0.000374 0.298766 0.006854 1.716047 2602.465831
0.681665 0.005701 0.006805 0.002829 0.000365 0.295775 0.006859 1.716586 2605.761356
0.684851 0.005703 0.006709 0.002791 0.000355 0.292728 0.006863 1.717145 2609.557978
0.687938 0.005688 0.006616 0.002769 0.000346 0.289776 0.006866 1.717701 2613.547007
0.691022 0.005672 0.006525 0.002752 0.000338 0.286820 0.006870 1.718261 2616.642529
0.694083 0.005665 0.006447 0.002725 0.000330 0.283876 0.006874 1.718816 2619.875497
0.697103 0.005654 0.006400 0.002691 0.000322 0.280952 0.006878 1.719381 2623.371193
0.700041 0.005640 0.006366 0.002674 0.000310 0.278088 0.006882 1.719953 2627.730784
0.702984 0.005663 0.006291 0.002644 0.000299 0.275234 0.006886 1.720497 2631.324125
0.705825 0.005659 0.006247 0.002622 0.000290 0.272468 0.006888 1.721075 2634.799628
0.708617 0.005686 0.006173 0.002610 0.000282 0.269740 0.006891 1.721629 2637.319179
0.711437 0.005709 0.006093 0.002602 0.000273 0.266992 0.006894 1.722175 2640.370142
0.714147 0.005689 0.006058 0.002587 0.000265 0.264357 0.006898 1.722762 2643.733536
0.716869 0.005702 0.006011 0.002580 0.000256 0.261679 0.006902 1.723324 2647.041099
0.719536 0.005710 0.005974 0.002568 0.000247 0.259059 0.006905 1.723895 2650.720183
0.722159 0.005724 0.005938 0.002557 0.000241 0.256473 0.006909 1.724449 2653.604954
0.724770 0.005772 0.005916 0.002551 0.000231 0.253848 0.006912 1.724997 2657.206151
0.727341 0.005789 0.005877 0.002544 0.000228 0.251308 0.006914 1.725555 2659.451871
0.729908 0.005819 0.005842 0.002523 0.000224 0.248767 0.006917 1.726106 2662.219906
0.732423 0.005810 0.005852 0.002519 0.000220 0.246255 0.006921 1.726682 2665.092844
0.734871 0.005832 0.005816 0.002510 0.000216 0.243833 0.006922 1.727239 2667.288479
0.737302 0.005869 0.005797 0.002499 0.000211 0.241396 0.006925 1.727802 2669.207961
0.739712 0.005896 0.005786 0.002506 0.000208 0.238964 0.006927 1.728387 2671.269646
0.742073 0.005935 0.005794 0.002513 0.000203 0.236551 0.006930 1.728976 2673.657410
0.744434 0.005951 0.005789 0.002500 0.000196 0.234195 0.006934 1.729568 2676.547067
0.746720 0.006013 0.005757 0.002499 0.000193 0.231883 0.006934 1.730138 2678.644279
0.748953 0.006065 0.005743 0.002503 0.000188 0.229612 0.006937 1.730722 2681.846975
0.751193 0.006121 0.005722 0.002507 0.000183 0.227336 0.006938 1.731303 2684.028159
0.753355 0.006161 0.005723 0.002494 0.000177 0.225149 0.006940 1.731896 2686.434142
0.755520 0.006191 0.005739 0.002508 0.000174 0.222925 0.006942 1.732511 2688.723574
0.757649 0.006227 0.005767 0.002520 0.000170 0.220723 0.006944 1.733130 2690.820561
0.759728 0.006268 0.005805 0.002522 0.000167 0.218564 0.006946 1.733747 2692.671961
0.761768 0.006325 0.005826 0.002524 0.000163 0.216447 0.006947 1.734364 2694.533049
0.763829 0.006358 0.005846 0.002531 0.000159 0.214328 0.006948 1.734985 2697.192853
0.765812 0.006412 0.005872 0.002539 0.000156 0.212258 0.006950 1.735604 2699.358970
0.767805 0.006448 0.005894 0.002542 0.000151 0.210209 0.006951 1.736240 2700.955812
0.769752 0.006502 0.005921 0.002578 0.000146 0.208147 0.006953 1.736876 2703.581142
0.771635 0.006549 0.005950 0.002581 0.000143 0.206187 0.006954 1.737526 2704.955857
0.773436 0.006603 0.005982 0.002610 0.000140 0.204273 0.006955 1.738193 2706.596626
0.775255 0.006647 0.006010 0.002636 0.000136 0.202358 0.006957 1.738858 2708.126077
0.777045 0.006693 0.006049 0.002639 0.000133 0.200483 0.006959 1.739536 2709.868910
0.778865 0.006777 0.006064 0.002668 0.000131 0.198535 0.006960 1.740181 2710.994827
0.780599 0.006824 0.006091 0.002677 0.000129 0.196720 0.006960 1.740842 2712.428371
0.782301 0.006922 0.006099 0.002681 0.000127 0.194910 0.006961 1.741495 2714.413495
0.784018 0.006965 0.006137 0.002708 0.000126 0.193083 0.006962 1.742181 2715.782445
0.785675 0.007014 0.006185 0.002730 0.000123 0.191307 0.006965 1.742867 2716.684112
0.787308 0.007074 0.006236 0.002743 0.000117 0.189556 0.006966 1.743569 2719.588759
0.788895 0.007184 0.006268 0.002741 0.000114 0.187829 0.006969 1.744254 2721.400796
0.790451 0.007246 0.006329 0.002766 0.000110 0.186128 0.006970 1.744972 2723.373810
0.791975 0.007329 0.006358 0.002775 0.000105 0.184486 0.006973 1.745664 2725.624797
0.793498 0.007419 0.006400 0.002788 0.000105 0.182815 0.006974 1.746373 2726.423922
0.794978 0.007492 0.006451 0.002819 0.000103 0.181180 0.006975 1.747103 2728.231347
0.796382 0.007592 0.006497 0.002835 0.000099 0.179618 0.006976 1.747829 2730.254665
0.797797 0.007656 0.006529 0.002867 0.000100 0.178073 0.006977 1.748593 2731.073454
0.799207 0.007775 0.006573 0.002881 0.000098 0.176487 0.006979 1.749321 2732.283158
0.800572 0.007862 0.006623 0.002930 0.000097 0.174936 0.006979 1.750090 2733.109607
0.801858 0.007967 0.006663 0.002971 0.000097 0.173464 0.006980 1.750867 2734.417346
0.803142 0.008091 0.006704 0.002991 0.000096 0.171993 0.006982 1.751617 2735.444617
0.804387 0.008152 0.006796 0.003020 0.000096 0.170566 0.006983 1.752434 2736.417037
0.805592 0.008245 0.006873 0.003044 0.000095 0.169168 0.006983 1.753247 2737.255314
0.806777 0.008313 0.006958 0.003085 0.000093 0.167789 0.006985 1.754066 2738.149393
0.807987 0.008381 0.007022 0.003127 0.000092 0.166405 0.006986 1.754891 2739.176455
0.809163 0.008433 0.007095 0.003154 0.000092 0.165076 0.006987 1.755729 2740.149918
0.810296 0.008554 0.007179 0.003158 0.000088 0.163735 0.006989 1.756543 2741.618413
0.811439 0.008651 0.007249 0.003191 0.000086 0.162394 0.006990 1.757377 2742.712566
0.812515 0.008755 0.007319 0.003214 0.000088 0.161117 0.006991 1.758221 2743.767520
0.813590 0.008866 0.007397 0.003247 0.000088 0.159820 0.006992 1.759081 2744.509652
0.814599 0.008979 0.007449 0.003267 0.000089 0.158624 0.006992 1.759942 2745.393884
0.815565 0.009090 0.007520 0.003298 0.000089 0.157445 0.006993 1.760830 2745.854367
0.816525 0.009167 0.007588 0.003367 0.000088 0.156270 0.006994 1.761725 2747.031622
0.817474 0.009252 0.007679 0.003400 0.000088 0.155114 0.006994 1.762630 2747.354796
0.818458 0.009326 0.007765 0.003422 0.000089 0.153944 0.006995 1.763542 2748.161134
0.819360 0.009433 0.007837 0.003462 0.000090 0.152823 0.006996 1.764452 2748.731727
0.820277 0.009512 0.007934 0.003496 0.000088 0.151696 0.006997 1.765385 2750.147925
0.821111 0.009656 0.007997 0.003516 0.000087 0.150633 0.006998 1.766289 2750.949421
0.821937 0.009752 0.008064 0.003535 0.000087 0.149626 0.006999 1.767229 2751.113301
0.822711 0.009870 0.008157 0.003574 0.000087 0.148602 0.006999 1.768179 2751.629855
0.823455 0.009978 0.008247 0.003630 0.000087 0.147603 0.007000 1.769154 2752.048701
0.824154 0.010098 0.008315 0.003663 0.000086 0.146682 0.007001 1.770128 2753.065270
0.824896 0.010178 0.008443 0.003701 0.000086 0.145694 0.007001 1.771131 2753.917011
0.825576 0.010298 0.008540 0.003737 0.000085 0.144761 0.007002 1.772133 2754.602105
0.826294 0.010404 0.008644 0.003793 0.000086 0.143776 0.007003 1.773145 2754.862241
0.826942 0.010526 0.008700 0.003820 0.000087 0.142921 0.007004 1.774156 2755.624941
0.827586 0.010639 0.008775 0.003851 0.000089 0.142056 0.007004 1.775182 2756.033484
0.828196 0.010739 0.008883 0.003908 0.000090 0.141177 0.007005 1.776235 2756.342501
0.828774 0.010805 0.008989 0.003953 0.000091 0.140380 0.007006 1.777321 2757.231424
0.829351 0.010878 0.009096 0.004001 0.000091 0.139577 0.007007 1.778397 2757.931946
0.829915 0.011003 0.009182 0.004046 0.000091 0.138755 0.007007 1.779457 2758.219305
0.830444 0.011078 0.009310 0.004085 0.000091 0.137984 0.007008 1.780569 2759.185135
0.830977 0.011176 0.009394 0.004109 0.000093 0.137242 0.007009 1.781664 2760.021815
0.831475 0.011286 0.009475 0.004142 0.000095 0.136518 0.007010 1.782752 2760.374449
0.831948 0.011394 0.009577 0.004185 0.000095 0.135789 0.007011 1.783874 2760.958471
0.832386 0.011508 0.009675 0.004210 0.000094 0.135115 0.007012 1.785020 2761.617237
0.832769 0.011637 0.009759 0.004261 0.000094 0.134467 0.007013 1.786152 2762.420274
0.833175 0.011736 0.009858 0.004306 0.000095 0.133816 0.007014 1.787310 2763.084116
0.833546 0.011851 0.009977 0.004355 0.000098 0.133158 0.007014 1.788462 2763.505994
0.833952 0.011963 0.010082 0.004409 0.000100 0.132480 0.007014 1.789621 2763.863476
0.834329 0.012076 0.010187 0.004443 0.000101 0.131849 0.007015 1.790795 2764.063660
0.834713 0.012178 0.010277 0.004486 0.000099 0.131230 0.007016 1.791978 2764.630380
0.835086 0.012257 0.010388 0.004523 0.000103 0.130628 0.007016 1.793164 2764.879698
0.835423 0.012348 0.010488 0.004578 0.000107 0.130040 0.007017 1.794359 2765.334257
0.835719 0.012470 0.010577 0.004613 0.000109 0.129493 0.007018 1.795567 2765.721865
0.835993 0.012593 0.010653 0.004669 0.000108 0.128964 0.007019 1.796792 2766.493638
0.836268 0.012691 0.010753 0.004708 0.000109 0.128452 0.007019 1.798018 2767.260543
0.836501 0.012795 0.010807 0.004762 0.000109 0.128007 0.007020 1.799266 2767.957342
0.836788 0.012906 0.010885 0.004781 0.000108 0.127511 0.007021 1.800495 2768.560759
0.836985 0.012978 0.011031 0.004824 0.000110 0.127050 0.007021 1.801791 2769.224864
0.837206 0.013070 0.011134 0.004877 0.000108 0.126583 0.007022 1.803076 2769.626683
0.837420 0.013145 0.011208 0.004926 0.000112 0.126166 0.007023 1.804366 2769.944204
0.837579 0.013260 0.011290 0.004955 0.000113 0.125780 0.007024 1.805662 2770.623989
0.837710 0.013364 0.011412 0.004992 0.000116 0.125381 0.007024 1.806983 2770.942136
0.837906 0.013453 0.011497 0.005048 0.000120 0.124951 0.007026 1.808312 2771.261084
0.838043 0.013541 0.011571 0.005100 0.000121 0.124599 0.007027 1.809632 2771.715152
0.838228 0.013583 0.011664 0.005143 0.000120 0.124234 0.007028 1.810955 2772.409242
0.838379 0.013671 0.011772 0.005167 0.000120 0.123862 0.007029 1.812271 2772.982150
0.838533 0.013728 0.011925 0.005214 0.000121 0.123450 0.007029 1.813656 2773.434433
0.838659 0.013817 0.011987 0.005240 0.000123 0.123144 0.007029 1.814988 2773.738475
0.838709 0.013900 0.012115 0.005280 0.000125 0.122840 0.007030 1.816345 2774.084016
0.838769 0.013993 0.012198 0.005307 0.000127 0.122575 0.007031 1.817708 2774.837931
0.838853 0.014022 0.012294 0.005362 0.000129 0.122309 0.007031 1.819118 2775.392264
0.838899 0.014136 0.012374 0.005395 0.000129 0.122035 0.007032 1.820490 2776.016699
0.838937 0.014218 0.012463 0.005447 0.000129 0.121772 0.007033 1.821891 2776.323953
0.839020 0.014252 0.012524 0.005484 0.000130 0.121558 0.007034 1.823285 2776.876760
0.839052 0.014284 0.012620 0.005532 0.000130 0.121347 0.007036 1.824710 2777.613150
0.839061 0.014380 0.012697 0.005585 0.000132 0.121109 0.007037 1.826104 2778.083210
0.839082 0.014470 0.012764 0.005606 0.000134 0.120907 0.007037 1.827508 2778.531044
0.839105 0.014542 0.012821 0.005634 0.000134 0.120726 0.007038 1.828922 2778.974426
0.839106 0.014604 0.012887 0.005678 0.000137 0.120549 0.007039 1.830339 2779.500377
0.839124 0.014640 0.012945 0.005708 0.000135 0.120408 0.007040 1.831782 2780.568370
0.839182 0.014673 0.013022 0.005724 0.000136 0.120221 0.007041 1.833227 2781.054889
0.839154 0.014771 0.013107 0.005747 0.000136 0.120043 0.007044 1.834642 2781.703462
0.839105 0.014857 0.013174 0.005748 0.000139 0.119934 0.007044 1.836083 2782.127803
0.839082 0.014945 0.013213 0.005770 0.000140 0.119805 0.007045 1.837516 2782.473079
0.839057 0.014965 0.013328 0.005813 0.000142 0.119649 0.007046 1.839010 2783.127444
0.839037 0.014981 0.013408 0.005858 0.000145 0.119525 0.007046 1.840506 2783.629553
0.839023 0.015016 0.013469 0.005897 0.000144 0.119403 0.007048 1.841962 2784.607926
0.839013 0.015014 0.013540 0.005908 0.000145 0.119331 0.007049 1.843455 2785.045006
0.838993 0.015061 0.013555 0.005924 0.000146 0.119271 0.007050 1.844927 2785.570515
0.838918 0.015146 0.013619 0.005959 0.000143 0.119164 0.007051 1.846403 2786.408857
0.838868 0.015195 0.013676 0.005982 0.000144 0.119083 0.007052 1.847908 2786.869778
0.838816 0.015265 0.013726 0.006016 0.000145 0.118979 0.007054 1.849396 2787.354247
0.838759 0.015327 0.013770 0.006032 0.000146 0.118911 0.007055 1.850877 2787.835270
0.838728 0.015349 0.013834 0.006042 0.000146 0.118845 0.007056 1.852370 2788.731513
0.838684 0.015367 0.013890 0.006066 0.000145 0.118789 0.007058 1.853888 2789.247625
0.838627 0.015388 0.013945 0.006114 0.000144 0.118724 0.007059 1.855405 2790.229913
0.838538 0.015451 0.013968 0.006149 0.000144 0.118690 0.007060 1.856895 2790.745613
0.838475 0.015519 0.014002 0.006139 0.000146 0.118659 0.007061 1.858361 2791.280157
0.838417 0.015527 0.014056 0.006179 0.000145 0.118613 0.007062 1.859872 2791.888129
0.838355 0.015536 0.014103 0.006200 0.000147 0.118594 0.007063 1.861384 2792.508393
0.838281 0.015565 0.014152 0.006237 0.000147 0.118554 0.007064 1.862908 2793.233404
0.838282 0.015575 0.014184 0.006262 0.000148 0.118483 0.007065 1.864407 2793.974294
0.838225 0.015599 0.014260 0.006269 0.000149 0.118433 0.007066 1.865939 2794.681347
0.838175 0.015613 0.014279 0.006245 0.000150 0.118473 0.007067 1.867447 2795.195105
0.838143 0.015603 0.014339 0.006275 0.000153 0.118420 0.007067 1.868979 2795.552290
0.838099 0.015589 0.014366 0.006302 0.000153 0.118424 0.007068 1.870526 2796.353972
0.838046 0.015528 0.014441 0.006314 0.000153 0.118448 0.007069 1.872107 2797.044989
0.838024 0.015484 0.014489 0.006331 0.000155 0.118448 0.007071 1.873658 2797.769389
0.838037 0.015470 0.014509 0.006314 0.000153 0.118443 0.007073 1.875165 2798.958766
0.838026 0.015442 0.014545 0.006331 0.000152 0.118429 0.007074 1.876677 2799.561161
0.837997 0.015452 0.014544 0.006342 0.000153 0.118438 0.007075 1.878191 2800.507113
0.837960 0.015463 0.014549 0.006341 0.000155 0.118455 0.007076 1.879696 2801.141840
0.837893 0.015442 0.014605 0.006362 0.000153 0.118467 0.007078 1.881263 2802.036795
0.837889 0.015426 0.014620 0.006392 0.000153 0.118440 0.007079 1.882787 2802.689699
0.837815 0.015473 0.014603 0.006373 0.000155 0.118502 0.007080 1.884278 2803.366501
0.837756 0.015493 0.014598 0.006411 0.000154 0.118507 0.007082 1.885776 2804.129900
0.837768 0.015476 0.014629 0.006404 0.000161 0.118480 0.007082 1.887291 2804.461888
0.837710 0.015493 0.014617 0.006403 0.000163 0.118531 0.007083 1.888807 2804.959824
0.837687 0.015468 0.014625 0.006435 0.000163 0.118537 0.007085 1.890318 2805.922453
0.837635 0.015473 0.014638 0.006425 0.000164 0.118580 0.007087 1.891821 2806.635227
0.837600 0.015459 0.014665 0.006428 0.000166 0.118595 0.007087 1.893367 2807.034874
0.837585 0.015448 0.014707 0.006416 0.000169 0.118587 0.007088 1.894897 2807.634160
0.837578 0.015413 0.014713 0.006425 0.000167 0.118615 0.007089 1.896413 2808.152165
0.837534 0.015399 0.014730 0.006415 0.000169 0.118664 0.007090 1.897925 2808.842672
0.837575 0.015352 0.014708 0.006394 0.000167 0.118713 0.007091 1.899420 2809.697662
0.837514 0.015387 0.014729 0.006387 0.000168 0.118723 0.007092 1.900939 2810.426905
0.837564 0.015332 0.014741 0.006397 0.000169 0.118705 0.007093 1.902441 2811.056851
0.837594 0.015265 0.014755 0.006377 0.000168 0.118747 0.007094 1.903942 2811.998376
0.837673 0.015180 0.014735 0.006398 0.000163 0.118756 0.007095 1.905469 2813.163302
0.837708 0.015150 0.014754 0.006380 0.000167 0.118745 0.007097 1.906966 2813.874093
0.837715 0.015172 0.014716 0.006354 0.000165 0.118780 0.007098 1.908409 2814.786542
0.837740 0.015156 0.014715 0.006316 0.000164 0.118810 0.007098 1.909885 2815.712239
0.837804 0.015115 0.014685 0.006316 0.000164 0.118817 0.007099 1.911373 2816.334240
0.837859 0.015081 0.014682 0.006321 0.000163 0.118794 0.007099 1.912859 2816.961705
0.837870 0.015058 0.014698 0.006327 0.000163 0.118784 0.007101 1.914358 2817.609649
0.837908 0.015017 0.014680 0.006316 0.000165 0.118811 0.007102 1.915854 2818.205979
0.837961 0.014944 0.014696 0.006299 0.000168 0.118829 0.007104 1.917361 2818.896572
0.837949 0.014972 0.014660 0.006298 0.000167 0.118850 0.007105 1.918815 2819.702633
0.837958 0.014903 0.014679 0.006310 0.000166 0.118878 0.007106 1.920306 2820.384804
0.838010 0.014862 0.014618 0.006275 0.000162 0.118965 0.007107 1.921757 2821.495390
0.838033 0.014894 0.014555 0.006265 0.000164 0.118981 0.007109 1.923189 2822.338969
0.838112 0.014857 0.014523 0.006259 0.000165 0.118973 0.007110 1.924635 2822.901533
0.838151 0.014872 0.014460 0.006248 0.000165 0.118991 0.007113 1.926073 2824.117047
0.838217 0.014859 0.014420 0.006254 0.000163 0.118974 0.007114 1.927521 2824.952722
0.838312 0.014843 0.014406 0.006231 0.000166 0.118926 0.007114 1.928954 2825.752045
0.838353 0.014819 0.014376 0.006232 0.000166 0.118938 0.007116 1.930423 2826.536524
0.838400 0.014809 0.014352 0.006250 0.000168 0.118905 0.007117 1.931843 2827.183798
0.838480 0.014763 0.014330 0.006258 0.000167 0.118884 0.007118 1.933297 2827.903425
0.838551 0.014700 0.014354 0.006248 0.000165 0.118862 0.007119 1.934760 2828.724710
0.838664 0.014646 0.014314 0.006227 0.000166 0.118864 0.007120 1.936177 2829.678629
0.838778 0.014589 0.014313 0.006195 0.000164 0.118841 0.007121 1.937619 2830.691445
0.838854 0.014548 0.014268 0.006187 0.000163 0.118857 0.007123 1.939046 2831.686908
0.838928 0.014545 0.014231 0.006154 0.000166 0.118852 0.007124 1.940447 2832.305080
0.839023 0.014546 0.014196 0.006135 0.000168 0.118807 0.007126 1.941848 2833.037987
0.839092 0.014538 0.014190 0.006116 0.000169 0.118768 0.007127 1.943270 2833.589679
0.839191 0.014560 0.014141 0.006076 0.000167 0.118737 0.007128 1.944635 2834.289331
0.839266 0.014546 0.014129 0.006073 0.000167 0.118689 0.007129 1.946063 2835.317185
0.839394 0.014471 0.014122 0.006069 0.000168 0.118646 0.007130 1.947510 2836.299821
0.839543 0.014376 0.014134 0.006086 0.000168 0.118561 0.007131 1.948959 2837.336140
0.839662 0.014320 0.014117 0.006066 0.000165 0.118537 0.007133 1.950362 2838.599210
0.839737 0.014307 0.014070 0.006030 0.000168 0.118552 0.007134 1.951744 2839.307066
0.839854 0.014245 0.014094 0.006004 0.000167 0.118502 0.007134 1.953150 2840.272371
0.839992 0.014166 0.014099 0.005973 0.000167 0.118468 0.007135 1.954561 2840.873053
0.840049 0.014215 0.014041 0.005943 0.000168 0.118448 0.007136 1.955900 2841.643382
0.840201 0.014160 0.013981 0.005933 0.000167 0.118422 0.007137 1.957300 2842.370399
0.840349 0.014113 0.013925 0.005916 0.000166 0.118393 0.007138 1.958688 2843.587763
0.840528 0.014081 0.013890 0.005913 0.000167 0.118281 0.007140 1.960061 2844.493396
0.840643 0.014043 0.013922 0.005910 0.000167 0.118173 0.007142 1.961467 2845.290149
0.840771 0.014018 0.013871 0.005913 0.000167 0.118119 0.007142 1.962845 2845.803182
0.840905 0.013950 0.013872 0.005902 0.000168 0.118061 0.007143 1.964253 2846.557478
0.841010 0.013894 0.013847 0.005880 0.000165 0.118058 0.007145 1.965638 2847.321846
0.841171 0.013856 0.013801 0.005872 0.000166 0.117991 0.007145 1.967000 2848.313122
0.841343 0.013777 0.013731 0.005877 0.000165 0.117963 0.007145 1.968367 2849.195535
0.841486 0.013755 0.013756 0.005861 0.000167 0.117829 0.007146 1.969734 2849.719258
0.841616 0.013773 0.013703 0.005837 0.000165 0.117760 0.007147 1.971068 2850.427964
0.841757 0.013713 0.013694 0.005851 0.000162 0.117675 0.007148 1.972446 2851.648370
0.841908 0.013678 0.013659 0.005831 0.000164 0.117611 0.007149 1.973787 2852.414383
0.842091 0.013683 0.013616 0.005832 0.000163 0.117466 0.007151 1.975091 2853.309664
0.842252 0.013662 0.013567 0.005822 0.000164 0.117381 0.007153 1.976422 2854.032778
0.842403 0.013677 0.013485 0.005794 0.000164 0.117324 0.007154 1.977722 2854.914294
0.842565 0.013635 0.013423 0.005768 0.000164 0.117290 0.007155 1.979042 2855.699107
0.842732 0.013595 0.013398 0.005782 0.000165 0.117172 0.007156 1.980407 2856.711064
0.842915 0.013562 0.013351 0.005781 0.000168 0.117068 0.007156 1.981725 2857.506246
0.843101 0.013537 0.013322 0.005760 0.000169 0.116954 0.007158 1.983051 2857.933875
0.843219 0.013493 0.013305 0.005772 0.000168 0.116883 0.007160 1.984383 2858.769176
0.843369 0.013495 0.013294 0.005759 0.000170 0.116753 0.007161 1.985697 2859.299805
0.843540 0.013454 0.013265 0.005729 0.000169 0.116680 0.007163 1.987019 2860.054747
0.843734 0.013410 0.013230 0.005703 0.000170 0.116590 0.007163 1.988327 2860.837351
0.843896 0.013347 0.013227 0.005685 0.000168 0.116512 0.007165 1.989651 2861.486329
0.844018 0.013311 0.013232 0.005683 0.000167 0.116423 0.007165 1.990989 2862.583369
0.844146 0.013331 0.013178 0.005681 0.000165 0.116333 0.007167 1.992274 2863.606517
0.844354 0.013302 0.013145 0.005662 0.000167 0.116202 0.007168 1.993578 2864.239795
0.844530 0.013237 0.013163 0.005648 0.000168 0.116085 0.007169 1.994902 2864.770525
0.844686 0.013235 0.013114 0.005621 0.000165 0.116008 0.007172 1.996179 2865.740765
0.844848 0.013228 0.013090 0.005622 0.000165 0.115875 0.007173 1.997491 2866.452522
0.845024 0.013170 0.013075 0.005605 0.000166 0.115786 0.007174 1.998800 2867.074945
0.845233 0.013103 0.013019 0.005598 0.000164 0.115707 0.007176 2.000106 2868.221448
0.845390 0.013118 0.012964 0.005589 0.000164 0.115599 0.007176 2.001372 2869.283442
0.845538 0.013094 0.012945 0.005571 0.000163 0.115510 0.007178 2.002668 2869.871879
0.845751 0.013072 0.012900 0.005563 0.000161 0.115374 0.007180 2.003961 2870.914855
0.845952 0.013076 0.012855 0.005548 0.000159 0.115229 0.007181 2.005224 2871.774450
0.846123 0.013080 0.012831 0.005535 0.000160 0.115090 0.007182 2.006508 2872.433837
0.846238 0.013045 0.012815 0.005539 0.000161 0.115020 0.007182 2.007821 2872.855874
0.846402 0.013021 0.012798 0.005537 0.000157 0.114902 0.007184 2.009117 2874.112741
0.846558 0.012995 0.012769 0.005527 0.000157 0.114808 0.007186 2.010409 2874.876292
0.846707 0.012964 0.012755 0.005524 0.000154 0.114709 0.007187 2.011706 2875.735252
0.846868 0.012983 0.012699 0.005512 0.000158 0.114591 0.007188 2.012951 2876.407601
0.847057 0.012976 0.012682 0.005491 0.000157 0.114447 0.007190 2.014210 2877.142023
0.847246 0.012939 0.012701 0.005492 0.000156 0.114274 0.007192 2.015505 2877.927706
0.847420 0.012929 0.012670 0.005487 0.000158 0.114144 0.007192 2.016782 2878.393324
0.847609 0.012902 0.012634 0.005486 0.000156 0.114022 0.007192 2.018062 2879.383296
0.847828 0.012860 0.012583 0.005490 0.000156 0.113890 0.007194 2.019340 2880.250581
0.847992 0.012844 0.012557 0.005486 0.000156 0.113770 0.007195 2.020613 2881.178564
0.848195 0.012823 0.012537 0.005482 0.000156 0.113612 0.007196 2.021869 2882.461295
0.848419 0.012768 0.012525 0.005485 0.000156 0.113450 0.007197 2.023150 2883.104451
0.848606 0.012730 0.012506 0.005463 0.000158 0.113338 0.007198 2.024426 2883.958811
0.848769 0.012709 0.012516 0.005459 0.000160 0.113190 0.007198 2.025689 2884.420315
0.848975 0.012662 0.012470 0.005447 0.000161 0.113086 0.007199 2.026935 2885.329813
0.849125 0.012651 0.012484 0.005437 0.000160 0.112943 0.007200 2.028213 2886.010759
0.849284 0.012661 0.012447 0.005442 0.000157 0.112808 0.007200 2.029443 2886.930202
0.849450 0.012678 0.012443 0.005411 0.000157 0.112660 0.007202 2.030666 2887.746442
0.849656 0.012648 0.012398 0.005407 0.000160 0.112529 0.007202 2.031915 2888.463297
0.849835 0.012648 0.012398 0.005400 0.000156 0.112360 0.007203 2.033154 2889.480156
0.850045 0.012613 0.012383 0.005402 0.000156 0.112198 0.007204 2.034410 2890.301898
0.850207 0.012603 0.012351 0.005393 0.000156 0.112084 0.007206 2.035647 2891.240924
0.850376 0.012623 0.012315 0.005376 0.000154 0.111949 0.007207 2.036880 2891.811854
0.850517 0.012672 0.012295 0.005342 0.000151 0.111814 0.007208 2.038091 2892.810792
0.850652 0.012734 0.012284 0.005323 0.000150 0.111648 0.007209 2.039300 2893.707730
0.850836 0.012750 0.012262 0.005320 0.000148 0.111473 0.007210 2.040529 2894.339665
0.850948 0.012767 0.012254 0.005312 0.000150 0.111358 0.007211 2.041776 2894.856639
0.851083 0.012781 0.012256 0.005329 0.000149 0.111190 0.007212 2.043028 2895.567633
0.851186 0.012783 0.012270 0.005322 0.000146 0.111080 0.007214 2.044299 2896.861928
0.851347 0.012797 0.012252 0.005318 0.000148 0.110923 0.007215 2.045535 2897.321811
0.851524 0.012751 0.012290 0.005299 0.000148 0.110772 0.007216 2.046800 2898.360250
0.851658 0.012769 0.012316 0.005301 0.000146 0.110593 0.007217 2.048059 2899.189703
0.851765 0.012758 0.012309 0.005304 0.000144 0.110503 0.007217 2.049306 2900.023232
0.851920 0.012772 0.012285 0.005314 0.000147 0.110345 0.007218 2.050554 2900.484767
0.852042 0.012769 0.012251 0.005302 0.000147 0.110269 0.007219 2.051797 2901.153186
0.852157 0.012735 0.012260 0.005315 0.000148 0.110165 0.007220 2.053079 2901.474789
0.852306 0.012717 0.012245 0.005316 0.000148 0.110048 0.007221 2.054338 2902.533403
0.852446 0.012701 0.012234 0.005299 0.000149 0.109948 0.007223 2.055588 2903.103379
0.852561 0.012722 0.012248 0.005280 0.000149 0.109817 0.007224 2.056845 2903.745111
0.852715 0.012717 0.012215 0.005259 0.000147 0.109721 0.007226 2.058081 2904.512687
0.852852 0.012734 0.012200 0.005221 0.000151 0.109615 0.007227 2.059298 2905.234110
0.852978 0.012730 0.012184 0.005227 0.000155 0.109497 0.007228 2.060530 2905.717451
0.853122 0.012713 0.012188 0.005227 0.000153 0.109367 0.007231 2.061781 2906.883140
0.853224 0.012750 0.012137 0.005201 0.000150 0.109307 0.007232 2.062989 2907.818844
0.853343 0.012746 0.012143 0.005213 0.000147 0.109175 0.007233 2.064231 2909.118165
0.853481 0.012755 0.012140 0.005210 0.000146 0.109034 0.007234 2.065459 2909.613438
0.853563 0.012726 0.012126 0.005213 0.000148 0.108989 0.007235 2.066709 2910.335828
0.853670 0.012726 0.012103 0.005222 0.000150 0.108894 0.007236 2.067945 2911.293137
0.853754 0.012727 0.012085 0.005242 0.000151 0.108804 0.007237 2.069209 2911.760434
0.853874 0.012708 0.012092 0.005233 0.000150 0.108704 0.007239 2.070479 2912.334927
0.853945 0.012720 0.012103 0.005234 0.000150 0.108609 0.007240 2.071725 2913.039671
0.854054 0.012764 0.012099 0.005232 0.000149 0.108461 0.007242 2.072948 2913.703289
0.854138 0.012781 0.012111 0.005249 0.000147 0.108330 0.007243 2.074192 2914.528874
0.854266 0.012780 0.012089 0.005270 0.000147 0.108204 0.007244 2.075429 2915.078453
0.854372 0.012776 0.012111 0.005283 0.000148 0.108064 0.007246 2.076690 2915.952764
0.854447 0.012795 0.012135 0.005276 0.000148 0.107951 0.007248 2.077942 2916.558481
0.854518 0.012811 0.012157 0.005271 0.000146 0.107849 0.007249 2.079215 2917.388634
0.854654 0.012785 0.012129 0.005256 0.000144 0.107783 0.007249 2.080458 2918.244695
0.854734 0.012746 0.012193 0.005263 0.000144 0.107670 0.007249 2.081733 2918.768523
0.854827 0.012755 0.012194 0.005281 0.000143 0.107549 0.007250 2.082972 2919.715401
0.854878 0.012755 0.012188 0.005295 0.000143 0.107492 0.007251 2.084236 2920.775652
0.854975 0.012758 0.012202 0.005282 0.000144 0.107388 0.007251 2.085467 2921.279075
0.855035 0.012789 0.012195 0.005282 0.000144 0.107303 0.007253 2.086709 2922.362123
0.855103 0.012776 0.012248 0.005271 0.000146 0.107203 0.007254 2.087985 2922.939949
0.855189 0.012777 0.012260 0.005280 0.000146 0.107093 0.007255 2.089262 2923.535486
0.855291 0.012767 0.012248 0.005286 0.000144 0.107008 0.007256 2.090522 2924.290068
0.855336 0.012767 0.012252 0.005295 0.000141 0.106952 0.007257 2.091779 2925.157644
0.855381 0.012786 0.012219 0.005303 0.000142 0.106912 0.007257 2.093022 2925.704242
0.855448 0.012830 0.012218 0.005300 0.000141 0.106807 0.007257 2.094250 2926.328194
0.855507 0.012829 0.012217 0.005298 0.000141 0.106750 0.007258 2.095520 2927.876555
0.855536 0.012846 0.012245 0.005290 0.000140 0.106682 0.007259 2.096774 2928.716053
0.855579 0.012853 0.012247 0.005285 0.000139 0.106637 0.007260 2.098020 2929.587374
0.855658 0.012844 0.012224 0.005303 0.000139 0.106571 0.007260 2.099287 2930.132028
0.855737 0.012831 0.012234 0.005311 0.000143 0.106484 0.007262 2.100568 2930.609911
0.855791 0.012834 0.012220 0.005302 0.000143 0.106447 0.007262 2.101827 2931.224854
0.855817 0.012856 0.012206 0.005291 0.000142 0.106425 0.007263 2.103069 2931.731689
0.855913 0.012813 0.012245 0.005313 0.000141 0.106312 0.007265 2.104374 2932.575332
0.855967 0.012865 0.012220 0.005331 0.000142 0.106209 0.007266 2.105612 2933.224925
0.856040 0.012851 0.012263 0.005340 0.000141 0.106098 0.007267 2.106890 2934.036539
0.856135 0.012807 0.012268 0.005337 0.000138 0.106048 0.007267 2.108170 2934.812094
0.856185 0.012830 0.012278 0.005330 0.000140 0.105968 0.007268 2.109434 2935.434275
0.856217 0.012858 0.012299 0.005336 0.000142 0.105879 0.007269 2.110690 2935.931459
0.856242 0.012895 0.012278 0.005324 0.000143 0.105847 0.007271 2.111951 2936.613103
0.856289 0.012941 0.012265 0.005325 0.000146 0.105763 0.007272 2.113195 2937.335259
0.856363 0.012922 0.012279 0.005330 0.000145 0.105686 0.007274 2.114472 2938.059449
0.856392 0.012937 0.012290 0.005315 0.000147 0.105643 0.007275 2.115730 2938.539623
0.856431 0.012955 0.012254 0.005313 0.000151 0.105620 0.007277 2.116965 2939.155290
0.856514 0.012991 0.012220 0.005291 0.000151 0.105556 0.007277 2.118200 2939.781105
0.856600 0.012996 0.012228 0.005273 0.000150 0.105475 0.007278 2.119454 2940.286845
0.856613 0.013023 0.012258 0.005305 0.000149 0.105372 0.007280 2.120727 2941.028197
0.856651 0.013036 0.012277 0.005288 0.000150 0.105319 0.007280 2.122006 2941.801976
0.856690 0.013038 0.012322 0.005295 0.000148 0.105226 0.007281 2.123299 2942.600897
0.856708 0.013028 0.012368 0.005297 0.000149 0.105168 0.007282 2.124589 2943.174415
0.856707 0.013056 0.012379 0.005283 0.000152 0.105140 0.007283 2.125864 2943.604649
0.856796 0.013063 0.012374 0.005299 0.000151 0.105034 0.007284 2.127137 2944.284129
0.856837 0.013068 0.012386 0.005307 0.000153 0.104965 0.007285 2.128404 2944.774173
0.856907 0.013016 0.012425 0.005320 0.000151 0.104895 0.007285 2.129736 2945.573386
0.856938 0.013040 0.012464 0.005312 0.000152 0.104807 0.007286 2.131027 2946.126327
0.856941 0.013069 0.012447 0.005310 0.000154 0.104792 0.007287 2.132309 2946.779436
0.856978 0.013086 0.012429 0.005309 0.000152 0.104758 0.007289 2.133568 2947.624924
0.857004 0.013112 0.012471 0.005330 0.000151 0.104643 0.007290 2.134850 2948.536564
0.857047 0.013089 0.012515 0.005322 0.000149 0.104587 0.007291 2.136147 2949.348064
0.857062 0.013103 0.012521 0.005317 0.000149 0.104555 0.007292 2.137426 2950.369223
0.857082 0.013115 0.012518 0.005321 0.000149 0.104522 0.007294 2.138716 2951.312679
0.857090 0.013114 0.012539 0.005339 0.000147 0.104475 0.007295 2.140015 2952.256861
0.857105 0.013135 0.012562 0.005315 0.000146 0.104442 0.007295 2.141304 2953.165505
0.857102 0.013165 0.012580 0.005306 0.000145 0.104404 0.007297 2.142592 2953.838072
0.857127 0.013148 0.012574 0.005318 0.000145 0.104390 0.007298 2.143898 2954.703624
0.857139 0.013163 0.012558 0.005321 0.000146 0.104376 0.007299 2.145188 2955.240862
0.857167 0.013141 0.012574 0.005352 0.000145 0.104321 0.007299 2.146507 2956.303881
0.857172 0.013136 0.012567 0.005370 0.000146 0.104310 0.007299 2.147819 2956.785911
0.857190 0.013158 0.012552 0.005381 0.000147 0.104272 0.007300 2.149099 2957.412799
0.857193 0.013177 0.012582 0.005372 0.000147 0.104227 0.007302 2.150399 2958.184727
0.857202 0.013222 0.012539 0.005361 0.000145 0.104229 0.007303 2.151655 2959.096944
0.857179 0.013275 0.012533 0.005359 0.000149 0.104200 0.007305 2.152935 2959.652572
0.857207 0.013293 0.012547 0.005357 0.000149 0.104140 0.007307 2.154220 2960.290233
0.857202 0.013283 0.012542 0.005385 0.000146 0.104134 0.007308 2.155544 2960.899016
0.857207 0.013265 0.012527 0.005422 0.000146 0.104124 0.007309 2.156852 2961.884373
0.857193 0.013288 0.012541 0.005428 0.000146 0.104095 0.007310 2.158159 2962.727921
0.857143 0.013321 0.012554 0.005427 0.000146 0.104099 0.007310 2.159484 2963.490127
0.857142 0.013296 0.012590 0.005440 0.000144 0.104076 0.007313 2.160794 2964.521668
0.857114 0.013324 0.012615 0.005438 0.000145 0.104051 0.007313 2.162093 2964.890440
0.857121 0.013281 0.012653 0.005450 0.000144 0.104037 0.007314 2.163425 2965.547235
0.857131 0.013302 0.012670 0.005430 0.000144 0.104009 0.007315 2.164710 2966.427253
0.857105 0.013320 0.012700 0.005442 0.000143 0.103974 0.007316 2.166023 2967.097452
0.857096 0.013349 0.012704 0.005450 0.000144 0.103940 0.007317 2.167299 2967.687819
0.857110 0.013332 0.012700 0.005467 0.000145 0.103927 0.007318 2.168600 2968.056045
0.857077 0.013355 0.012702 0.005473 0.000144 0.103930 0.007319 2.169900 2968.808104
0.857094 0.013312 0.012701 0.005483 0.000144 0.103946 0.007319 2.171216 2969.666644
0.857103 0.013303 0.012737 0.005469 0.000146 0.103922 0.007320 2.172536 2970.407922
0.857056 0.013354 0.012733 0.005465 0.000145 0.103927 0.007320 2.173814 2971.195947
0.857023 0.013389 0.012702 0.005465 0.000148 0.103952 0.007322 2.175090 2971.701868
0.857004 0.013396 0.012692 0.005472 0.000147 0.103966 0.007322 2.176406 2972.325616
0.856973 0.013416 0.012732 0.005459 0.000148 0.103949 0.007324 2.177719 2973.263579
0.856937 0.013411 0.012759 0.005463 0.000149 0.103957 0.007324 2.179042 2973.951835
0.856911 0.013436 0.012783 0.005459 0.000151 0.103936 0.007325 2.180350 2974.411789
0.856879 0.013406 0.012811 0.005472 0.000150 0.103956 0.007326 2.181699 2974.782958
0.856882 0.013396 0.012814 0.005482 0.000151 0.103948 0.007327 2.183012 2975.526660
0.856893 0.013367 0.012812 0.005493 0.000149 0.103957 0.007329 2.184332 2976.351262
0.856848 0.013398 0.012787 0.005514 0.000149 0.103975 0.007330 2.185617 2976.904423
0.856806 0.013437 0.012807 0.005510 0.000148 0.103961 0.007331 2.186911 2977.553492
0.856780 0.013424 0.012831 0.005538 0.000144 0.103951 0.007332 2.188243 2978.647472
0.856759 0.013400 0.012839 0.005524 0.000147 0.103997 0.007333 2.189552 2979.358809
0.856750 0.013432 0.012809 0.005494 0.000147 0.104034 0.007334 2.190839 2980.085010
0.856744 0.013462 0.012825 0.005501 0.000147 0.103986 0.007335 2.192144 2981.167367
0.856714 0.013498 0.012838 0.005495 0.000147 0.103972 0.007336 2.193456 2982.573853
0.856657 0.013510 0.012840 0.005490 0.000148 0.104017 0.007338 2.194772 2982.972455
0.856652 0.013527 0.012883 0.005503 0.000149 0.103946 0.007339 2.196105 2983.929505
0.856644 0.013491 0.012899 0.005519 0.000149 0.103958 0.007340 2.197438 2984.805224
0.856654 0.013463 0.012902 0.005522 0.000147 0.103972 0.007340 2.198779 2985.649020
0.856654 0.013423 0.012899 0.005550 0.000147 0.103986 0.007340 2.200112 2986.486299
0.856600 0.013422 0.012922 0.005550 0.000145 0.104018 0.007342 2.201459 2987.376298
0.856582 0.013437 0.012916 0.005552 0.000145 0.104025 0.007343 2.202777 2988.135614
0.856519 0.013460 0.012918 0.005545 0.000146 0.104067 0.007345 2.204089 2988.701167
0.856465 0.013446 0.012939 0.005561 0.000147 0.104096 0.007346 2.205436 2989.775691
0.856383 0.013515 0.012934 0.005567 0.000147 0.104107 0.007347 2.206741 2990.724855
0.856343 0.013531 0.012924 0.005570 0.000147 0.104137 0.007347 2.208065 2991.315079
0.856283 0.013521 0.012923 0.005579 0.000150 0.104195 0.007348 2.209394 2991.840509
0.856294 0.013495 0.012957 0.005576 0.000149 0.104178 0.007350 2.210730 2992.500286
0.856248 0.013519 0.012953 0.005574 0.000148 0.104205 0.007352 2.212048 2993.091338
0.856166 0.013553 0.012950 0.005607 0.000149 0.104222 0.007352 2.213376 2993.934413
0.856138 0.013532 0.012948 0.005627 0.000147 0.104254 0.007355 2.214695 2995.244022
0.856084 0.013560 0.012934 0.005601 0.000150 0.104316 0.007355 2.215996 2995.681900
0.856060 0.013597 0.012942 0.005599 0.000148 0.104296 0.007358 2.217324 2996.523163
0.856011 0.013593 0.012958 0.005602 0.000148 0.104330 0.007358 2.218655 2997.059973
0.856005 0.013604 0.012936 0.005587 0.000148 0.104360 0.007359 2.219961 2997.683481
0.855956 0.013633 0.012904 0.005590 0.000148 0.104409 0.007360 2.221273 2998.402881
0.855911 0.013652 0.012905 0.005565 0.000149 0.104458 0.007361 2.222606 2998.622905
0.855883 0.013635 0.012913 0.005563 0.000147 0.104497 0.007362 2.223952 2999.376360
0.855867 0.013625 0.012885 0.005582 0.000150 0.104528 0.007362 2.225281 3000.058359
0.855843 0.013605 0.012910 0.005563 0.000150 0.104566 0.007363 2.226621 3000.805318
0.855827 0.013577 0.012949 0.005573 0.000148 0.104560 0.007365 2.227985 3001.694774
0.855773 0.013597 0.012979 0.005560 0.000151 0.104575 0.007366 2.229315 3002.269972
0.855722 0.013614 0.012974 0.005554 0.000152 0.104617 0.007367 2.230655 3002.752501
0.855666 0.013636 0.012980 0.005556 0.000150 0.104644 0.007368 2.231971 3003.571237
0.855628 0.013625 0.012966 0.005589 0.000148 0.104675 0.007369 2.233309 3004.362654
0.855623 0.013598 0.012989 0.005579 0.000150 0.104691 0.007371 2.234638 3005.090032
0.855599 0.013604 0.012979 0.005576 0.000150 0.104722 0.007371 2.235957 3006.029180
0.855575 0.013617 0.013000 0.005584 0.000149 0.104703 0.007372 2.237284 3006.738059
0.855529 0.013607 0.013008 0.005598 0.000150 0.104734 0.007373 2.238634 3007.688939
0.855488 0.013642 0.012980 0.005598 0.000150 0.104768 0.007374 2.239950 3008.457732
0.855439 0.013644 0.013025 0.005588 0.000150 0.104777 0.007377 2.241309 3009.431357
0.855448 0.013615 0.013059 0.005602 0.000150 0.104748 0.007378 2.242656 3009.984327
0.855452 0.013615 0.013026 0.005604 0.000148 0.104777 0.007379 2.243985 3010.781983
0.855424 0.013649 0.013030 0.005609 0.000149 0.104759 0.007380 2.245312 3011.409235
0.855413 0.013663 0.013014 0.005620 0.000150 0.104759 0.007382 2.246649 3012.010021
0.855353 0.013667 0.012998 0.005619 0.000148 0.104833 0.007382 2.247990 3013.145016
0.855394 0.013633 0.013000 0.005636 0.000148 0.104805 0.007383 2.249342 3014.126799
0.855356 0.013645 0.013019 0.005617 0.000146 0.104833 0.007385 2.250675 3015.302272
0.855320 0.013631 0.013044 0.005617 0.000146 0.104857 0.007385 2.252024 3015.803948
0.855282 0.013648 0.013036 0.005623 0.000144 0.104880 0.007387 2.253345 3016.865563
0.855208 0.013680 0.012997 0.005616 0.000142 0.104969 0.007387 2.254670 3017.471345
0.855194 0.013636 0.013032 0.005629 0.000142 0.104978 0.007388 2.256042 3017.950319
0.855192 0.013620 0.013071 0.005640 0.000143 0.104946 0.007389 2.257383 3018.952761
0.855197 0.013610 0.013042 0.005642 0.000145 0.104976 0.007389 2.258714 3019.470879
0.855188 0.013579 0.013066 0.005654 0.000145 0.104977 0.007390 2.260067 3019.964061
0.855172 0.013570 0.013082 0.005633 0.000148 0.105004 0.007391 2.261422 3020.623411
0.855165 0.013560 0.013065 0.005636 0.000151 0.105033 0.007391 2.262760 3020.958611
0.855107 0.013582 0.013058 0.005622 0.000149 0.105090 0.007392 2.264074 3021.668668
0.855125 0.013582 0.013045 0.005622 0.000149 0.105085 0.007393 2.265401 3022.644453
0.855086 0.013540 0.013076 0.005637 0.000148 0.105120 0.007394 2.266757 3023.653691
0.855062 0.013514 0.013050 0.005632 0.000148 0.105199 0.007395 2.268092 3024.443332
0.855032 0.013512 0.013080 0.005633 0.000148 0.105199 0.007396 2.269424 3025.124458
0.855000 0.013515 0.013083 0.005627 0.000149 0.105229 0.007397 2.270763 3025.654841
0.854963 0.013546 0.013059 0.005602 0.000152 0.105280 0.007398 2.272056 3026.449558
0.854913 0.013575 0.013033 0.005596 0.000152 0.105331 0.007399 2.273384 3027.337340
0.854871 0.013594 0.013009 0.005594 0.000154 0.105378 0.007400 2.274702 3028.131063
0.854859 0.013619 0.013004 0.005590 0.000153 0.105375 0.007401 2.276017 3029.109256
0.854858 0.013559 0.013038 0.005601 0.000156 0.105386 0.007402 2.277389 3029.866773
0.854830 0.013552 0.013027 0.005605 0.000154 0.105429 0.007403 2.278719 3030.335095
0.854791 0.013539 0.013074 0.005608 0.000153 0.105431 0.007404 2.280072 3031.375852
0.854805 0.013513 0.013076 0.005613 0.000150 0.105440 0.007404 2.281399 3032.317910
0.854820 0.013499 0.013065 0.005615 0.000149 0.105446 0.007406 2.282736 3033.143526
0.854828 0.013485 0.013056 0.005641 0.000148 0.105434 0.007407 2.284073 3034.033890
0.854860 0.013456 0.013046 0.005645 0.000150 0.105435 0.007409 2.285386 3034.882033
0.854827 0.013439 0.013016 0.005622 0.000150 0.105536 0.007409 2.286708 3035.683596
0.854807 0.013464 0.012996 0.005612 0.000152 0.105559 0.007410 2.288022 3036.318697
0.854835 0.013430 0.013018 0.005615 0.000154 0.105537 0.007411 2.289369 3036.817263
0.854851 0.013426 0.013009 0.005604 0.000153 0.105545 0.007413 2.290689 3037.879755
0.854828 0.013432 0.013016 0.005609 0.000153 0.105546 0.007414 2.292014 3038.824719
0.854818 0.013437 0.013014 0.005601 0.000151 0.105563 0.007415 2.293341 3039.671242
0.854810 0.013417 0.013029 0.005586 0.000152 0.105591 0.007416 2.294675 3040.138043
0.854795 0.013400 0.013031 0.005600 0.000150 0.105609 0.007417 2.296030 3041.130859
0.854795 0.013409 0.012997 0.005606 0.000149 0.105627 0.007418 2.297339 3041.982539
0.854775 0.013453 0.013009 0.005594 0.000152 0.105599 0.007419 2.298643 3042.744193
0.854745 0.013455 0.013021 0.005582 0.000158 0.105620 0.007420 2.299973 3043.366089
0.854760 0.013471 0.013037 0.005563 0.000155 0.105595 0.007420 2.301291 3044.455438
0.854749 0.013483 0.013018 0.005576 0.000151 0.105602 0.007421 2.302588 3045.322250
0.854761 0.013486 0.012972 0.005606 0.000151 0.105603 0.007422 2.303897 3045.953762
0.854755 0.013464 0.012988 0.005583 0.000152 0.105634 0.007424 2.305210 3046.777382
0.854766 0.013454 0.012982 0.005573 0.000153 0.105648 0.007424 2.306541 3047.834471
0.854761 0.013459 0.012974 0.005575 0.000151 0.105654 0.007426 2.307858 3048.647018
0.854763 0.013428 0.012993 0.005574 0.000149 0.105666 0.007428 2.309200 3049.592842
0.854777 0.013434 0.012959 0.005565 0.000150 0.105685 0.007429 2.310507 3050.177625
0.854793 0.013447 0.012961 0.005538 0.000153 0.105679 0.007430 2.311810 3050.751875
0.854776 0.013467 0.012948 0.005556 0.000155 0.105667 0.007431 2.313114 3051.191752
0.854753 0.013506 0.012919 0.005558 0.000153 0.105680 0.007432 2.314415 3051.939368
0.854802 0.013469 0.012914 0.005567 0.000152 0.105662 0.007433 2.315752 3052.647365
0.854806 0.013463 0.012929 0.005564 0.000154 0.105650 0.007434 2.317088 3053.527906
0.854817 0.013438 0.012907 0.005558 0.000153 0.105692 0.007436 2.318406 3054.575982
0.854830 0.013432 0.012890 0.005549 0.000156 0.105707 0.007436 2.319721 3055.073264
0.854850 0.013420 0.012863 0.005561 0.000156 0.105710 0.007438 2.321028 3055.667254
0.854863 0.013407 0.012879 0.005572 0.000159 0.105681 0.007438 2.322340 3056.560116
0.854869 0.013427 0.012861 0.005555 0.000160 0.105689 0.007439 2.323633 3057.245687
0.854824 0.013472 0.012879 0.005572 0.000158 0.105654 0.007440 2.324945 3058.200380
0.854848 0.013468 0.012877 0.005587 0.000158 0.105621 0.007442 2.326262 3058.965258
0.854886 0.013479 0.012872 0.005579 0.000158 0.105582 0.007443 2.327580 3059.777801
0.854873 0.013531 0.012845 0.005580 0.000157 0.105569 0.007444 2.328882 3060.703818
0.854876 0.013505 0.012867 0.005580 0.000157 0.105568 0.007446 2.330212 3061.583648
0.854866 0.013539 0.012831 0.005562 0.000155 0.105601 0.007447 2.331514 3062.665716
0.854864 0.013528 0.012826 0.005564 0.000153 0.105616 0.007448 2.332841 3063.321964
0.854917 0.013512 0.012847 0.005556 0.000153 0.105566 0.007449 2.334176 3063.989213
0.854926 0.013489 0.012876 0.005579 0.000152 0.105528 0.007450 2.335517 3064.768772
0.854902 0.013486 0.012886 0.005561 0.000155 0.105560 0.007450 2.336860 3065.227222
0.854907 0.013475 0.012896 0.005575 0.000154 0.105542 0.007451 2.338200 3065.967831
0.854906 0.013426 0.012907 0.005600 0.000157 0.105552 0.007452 2.339567 3066.487829
0.854909 0.013412 0.012924 0.005586 0.000158 0.105560 0.007452 2.340889 3067.178144
0.854873 0.013416 0.012894 0.005600 0.000158 0.105607 0.007453 2.342199 3067.624386
0.854880 0.013385 0.012928 0.005593 0.000158 0.105601 0.007455 2.343531 3068.326308
0.854856 0.013393 0.012963 0.005581 0.000159 0.105594 0.007455 2.344864 3068.983893
0.854890 0.013380 0.012945 0.005570 0.000159 0.105601 0.007456 2.346167 3069.820549
0.854858 0.013417 0.012886 0.005564 0.000157 0.105660 0.007458 2.347448 3070.589583
0.854856 0.013423 0.012882 0.005552 0.000159 0.105670 0.007458 2.348758 3071.061026
0.854890 0.013386 0.012885 0.005538 0.000156 0.105686 0.007460 2.350089 3071.950562
0.854905 0.013375 0.012877 0.005533 0.000155 0.105694 0.007461 2.351408 3072.547901
0.854957 0.013362 0.012902 0.005531 0.000153 0.105634 0.007462 2.352720 3073.659838
0.854949 0.013333 0.012920 0.005529 0.000151 0.105654 0.007463 2.354056 3074.386562
0.854950 0.013375 0.012893 0.005547 0.000154 0.105616 0.007464 2.355342 3075.053269
0.854893 0.013371 0.012929 0.005549 0.000156 0.105637 0.007466 2.356671 3075.792524
0.854891 0.013384 0.012881 0.005535 0.000156 0.105685 0.007468 2.357964 3076.668312
0.854895 0.013391 0.012869 0.005532 0.000158 0.105686 0.007469 2.359268 3077.166681
0.854914 0.013363 0.012862 0.005552 0.000158 0.105680 0.007471 2.360584 3078.122328
0.854933 0.013356 0.012876 0.005544 0.000158 0.105661 0.007471 2.361888 3078.633234
0.854899 0.013400 0.012862 0.005554 0.000159 0.105653 0.007472 2.363194 3079.640368
0.854935 0.013365 0.012868 0.005556 0.000159 0.105643 0.007474 2.364509 3080.616876
0.854934 0.013369 0.012846 0.005555 0.000158 0.105663 0.007474 2.365798 3081.493915
0.854996 0.013344 0.012830 0.005549 0.000157 0.105649 0.007475 2.367106 3082.400509
0.855023 0.013363 0.012814 0.005546 0.000157 0.105621 0.007476 2.368391 3083.130160
0.855038 0.013341 0.012856 0.005537 0.000159 0.105591 0.007477 2.369714 3083.750871
0.855057 0.013343 0.012855 0.005545 0.000161 0.105563 0.007477 2.371007 3084.223058
0.855113 0.013301 0.012847 0.005566 0.000161 0.105533 0.007479 2.372323 3084.547052
0.855121 0.013292 0.012840 0.005557 0.000159 0.105550 0.007480 2.373614 3085.301324
0.855145 0.013292 0.012820 0.005561 0.000159 0.105542 0.007481 2.374931 3086.417635
0.855184 0.013299 0.012811 0.005514 0.000159 0.105550 0.007483 2.376217 3087.314382
0.855152 0.013352 0.012799 0.005497 0.000160 0.105555 0.007484 2.377503 3088.012787
0.855224 0.013319 0.012795 0.005504 0.000158 0.105513 0.007486 2.378809 3088.733857
0.855257 0.013306 0.012818 0.005486 0.000156 0.105489 0.007487 2.380123 3090.005883
0.855277 0.013326 0.012826 0.005487 0.000154 0.105442 0.007488 2.381423 3090.835925
0.855265 0.013367 0.012782 0.005493 0.000153 0.105450 0.007489 2.382690 3091.375106
0.855280 0.013376 0.012787 0.005485 0.000153 0.105428 0.007491 2.384003 3092.026723
0.855312 0.013355 0.012754 0.005479 0.000149 0.105458 0.007493 2.385288 3093.074184
0.855338 0.013337 0.012750 0.005485 0.000148 0.105446 0.007495 2.386611 3094.114617
0.855389 0.013290 0.012736 0.005476 0.000147 0.105465 0.007497 2.387907 3094.922879
0.855409 0.013285 0.012734 0.005490 0.000146 0.105439 0.007498 2.389214 3095.841133
0.855418 0.013306 0.012728 0.005488 0.000148 0.105414 0.007498 2.390498 3096.636821
0.855476 0.013259 0.012707 0.005484 0.000146 0.105428 0.007500 2.391810 3097.509596
0.855555 0.013272 0.012701 0.005489 0.000146 0.105337 0.007500 2.393072 3098.202701
0.855552 0.013265 0.012699 0.005496 0.000145 0.105342 0.007502 2.394385 3099.048084
0.855553 0.013276 0.012675 0.005482 0.000151 0.105361 0.007502 2.395664 3099.183478
0.855575 0.013264 0.012703 0.005470 0.000151 0.105334 0.007503 2.396980 3099.873661
0.855600 0.013239 0.012695 0.005492 0.000147 0.105322 0.007505 2.398302 3100.797227
0.855659 0.013253 0.012680 0.005472 0.000145 0.105284 0.007506 2.399561 3101.687834
0.855685 0.013242 0.012694 0.005498 0.000144 0.105230 0.007507 2.400879 3102.076510
0.855749 0.013250 0.012670 0.005490 0.000147 0.105186 0.007508 2.402152 3102.691215
0.855762 0.013241 0.012673 0.005492 0.000148 0.105175 0.007509 2.403460 3103.303620
0.855766 0.013240 0.012703 0.005492 0.000150 0.105140 0.007510 2.404768 3104.057394
0.855787 0.013254 0.012686 0.005479 0.000147 0.105136 0.007510 2.406040 3104.999359
0.855818 0.013260 0.012681 0.005489 0.000146 0.105096 0.007511 2.407336 3106.047591
0.855842 0.013240 0.012665 0.005482 0.000148 0.105110 0.007513 2.408628 3106.550476
0.855830 0.013253 0.012653 0.005473 0.000148 0.105130 0.007514 2.409915 3107.160257
0.855859 0.013228 0.012662 0.005468 0.000148 0.105120 0.007515 2.411223 3108.267238
0.855868 0.013222 0.012652 0.005456 0.000149 0.105135 0.007517 2.412505 3108.863915
0.855894 0.013156 0.012679 0.005473 0.000149 0.105131 0.007518 2.413845 3109.664887
0.855948 0.013130 0.012661 0.005484 0.000149 0.105110 0.007518 2.415148 3110.280714
0.855977 0.013119 0.012670 0.005464 0.000149 0.105101 0.007519 2.416450 3110.845397
0.855972 0.013168 0.012636 0.005456 0.000151 0.105097 0.007520 2.417709 3111.577525
0.856023 0.013145 0.012648 0.005453 0.000152 0.105057 0.007522 2.419005 3112.542622
0.856023 0.013158 0.012632 0.005453 0.000149 0.105062 0.007523 2.420303 3113.750925
0.856030 0.013167 0.012625 0.005465 0.000150 0.105039 0.007523 2.421588 3114.275981
0.856041 0.013157 0.012609 0.005469 0.000150 0.105051 0.007524 2.422892 3114.877718
0.856099 0.013164 0.012579 0.005473 0.000150 0.105008 0.007526 2.424170 3115.479373
0.856129 0.013200 0.012571 0.005448 0.000150 0.104974 0.007527 2.425436 3116.330414
0.856136 0.013198 0.012592 0.005443 0.000152 0.104952 0.007528 2.426729 3116.946509
0.856165 0.013201 0.012591 0.005455 0.000151 0.104908 0.007530 2.428023 3117.643721
0.856177 0.013206 0.012572 0.005455 0.000148 0.104912 0.007531 2.429311 3118.815070
0.856160 0.013237 0.012586 0.005455 0.000150 0.104880 0.007532 2.430599 3119.455006
0.856192 0.013227 0.012586 0.005449 0.000148 0.104863 0.007534 2.431889 3120.491391
0.856213 0.013216 0.012592 0.005441 0.000149 0.104854 0.007536 2.433188 3121.454074
0.856218 0.013170 0.012610 0.005452 0.000149 0.104863 0.007538 2.434518 3122.473875
0.856211 0.013177 0.012621 0.005440 0.000146 0.104866 0.007539 2.435799 3123.265042
0.856251 0.013133 0.012626 0.005446 0.000146 0.104858 0.007540 2.437102 3123.875747
0.856287 0.013125 0.012637 0.005433 0.000146 0.104833 0.007540 2.438385 3124.480821
0.856286 0.013179 0.012625 0.005434 0.000146 0.104788 0.007542 2.439643 3125.232653
0.856342 0.013150 0.012636 0.005452 0.000143 0.104735 0.007542 2.440948 3126.085394
0.856387 0.013134 0.012620 0.005466 0.000144 0.104706 0.007543 2.442243 3126.913071
0.856390 0.013178 0.012603 0.005472 0.000145 0.104667 0.007544 2.443506 3127.704597
0.856418 0.013167 0.012621 0.005476 0.000141 0.104631 0.007546 2.444818 3128.422871
0.856410 0.013210 0.012613 0.005477 0.000143 0.104601 0.007547 2.446085 3129.036913
0.856395 0.013200 0.012645 0.005478 0.000144 0.104591 0.007547 2.447383 3129.670787
0.856410 0.013176 0.012664 0.005489 0.000147 0.104565 0.007548 2.448706 3130.361802
0.856430 0.013187 0.012639 0.005494 0.000144 0.104557 0.007549 2.449996 3131.389692
0.856431 0.013206 0.012624 0.005505 0.000144 0.104540 0.007549 2.451289 3132.019387
0.856427 0.013221 0.012619 0.005487 0.000145 0.104550 0.007550 2.452554 3132.663090
0.856496 0.013182 0.012589 0.005483 0.000146 0.104553 0.007551 2.453839 3133.230579
0.856491 0.013166 0.012617 0.005481 0.000147 0.104544 0.007553 2.455137 3134.024317
0.856504 0.013184 0.012635 0.005479 0.000144 0.104497 0.007556 2.456426 3134.846385
0.856504 0.013181 0.012627 0.005491 0.000143 0.104498 0.007557 2.457732 3135.717166
0.856530 0.013193 0.012618 0.005512 0.000143 0.104447 0.007557 2.459023 3136.275711
0.856524 0.013175 0.012634 0.005508 0.000145 0.104456 0.007558 2.460335 3136.708448
0.856492 0.013175 0.012665 0.005498 0.000145 0.104466 0.007559 2.461652 3137.627839
0.856556 0.013158 0.012666 0.005509 0.000144 0.104407 0.007561 2.462943 3138.232056
0.856572 0.013164 0.012659 0.005515 0.000142 0.104387 0.007562 2.464221 3139.089943
0.856610 0.013144 0.012660 0.005526 0.000142 0.104355 0.007563 2.465523 3139.749820
0.856589 0.013150 0.012664 0.005540 0.000145 0.104348 0.007564 2.466833 3140.102737
0.856642 0.013121 0.012677 0.005536 0.000146 0.104314 0.007565 2.468123 3140.879456
0.856652 0.013142 0.012676 0.005521 0.000146 0.104297 0.007567 2.469406 3141.799459
0.856625 0.013158 0.012689 0.005521 0.000147 0.104292 0.007568 2.470698 3142.270090
0.856658 0.013121 0.012695 0.005538 0.000149 0.104270 0.007569 2.472013 3142.878421
0.856677 0.013102 0.012728 0.005511 0.000150 0.104262 0.007570 2.473321 3143.609087
0.856669 0.013139 0.012719 0.005501 0.000150 0.104251 0.007571 2.474582 3144.175444
0.856647 0.013152 0.012704 0.005519 0.000149 0.104256 0.007573 2.475887 3144.931603
0.856629 0.013142 0.012714 0.005532 0.000148 0.104260 0.007575 2.477201 3145.878139
0.856605 0.013141 0.012737 0.005541 0.000147 0.104253 0.007576 2.478523 3146.777587
0.856621 0.013151 0.012706 0.005534 0.000147 0.104264 0.007577 2.479803 3147.709701
0.856663 0.013135 0.012675 0.005530 0.000146 0.104273 0.007578 2.481091 3148.314706
0.856672 0.013131 0.012634 0.005523 0.000146 0.104314 0.007580 2.482387 3148.926742
0.856699 0.013125 0.012593 0.005526 0.000145 0.104331 0.007582 2.483657 3149.782409
0.856706 0.013161 0.012607 0.005509 0.000148 0.104286 0.007583 2.484930 3150.399361
0.856684 0.013178 0.012604 0.005495 0.000148 0.104306 0.007584 2.486226 3151.364725
0.856739 0.013175 0.012588 0.005503 0.000148 0.104262 0.007585 2.487503 3151.961077
0.856730 0.013203 0.012604 0.005483 0.000151 0.104242 0.007586 2.488776 3152.403329
0.856755 0.013224 0.012617 0.005450 0.000156 0.104212 0.007587 2.490050 3153.088852
0.856743 0.013191 0.012647 0.005463 0.000158 0.104211 0.007588 2.491381 3154.021443
0.856728 0.013221 0.012663 0.005461 0.000157 0.104179 0.007589 2.492685 3154.974336
0.856724 0.013210 0.012678 0.005464 0.000155 0.104178 0.007591 2.493994 3155.710421
0.856668 0.013222 0.012710 0.005482 0.000155 0.104172 0.007592 2.495315 3156.375142
0.856675 0.013212 0.012712 0.005484 0.000154 0.104170 0.007592 2.496621 3157.330148
0.856705 0.013215 0.012693 0.005481 0.000153 0.104158 0.007593 2.497920 3158.127279
0.856785 0.013165 0.012717 0.005503 0.000153 0.104081 0.007594 2.499233 3158.907427
0.856802 0.013189 0.012674 0.005504 0.000154 0.104082 0.007595 2.500512 3159.561523
0.856816 0.013200 0.012658 0.005480 0.000154 0.104096 0.007596 2.501782 3160.248097
0.856795 0.013213 0.012663 0.005461 0.000154 0.104117 0.007597 2.503082 3160.784073
0.856856 0.013194 0.012647 0.005456 0.000155 0.104096 0.007597 2.504375 3161.380593
0.856882 0.013209 0.012650 0.005434 0.000154 0.104073 0.007598 2.505653 3162.196994
0.856887 0.013220 0.012635 0.005442 0.000152 0.104064 0.007600 2.506946 3162.858303
0.856846 0.013230 0.012666 0.005415 0.000152 0.104092 0.007600 2.508248 3163.621902
0.856842 0.013205 0.012687 0.005437 0.000151 0.104075 0.007601 2.509577 3164.240023
0.856846 0.013199 0.012662 0.005440 0.000151 0.104100 0.007602 2.510870 3165.106980
0.856890 0.013198 0.012683 0.005441 0.000153 0.104032 0.007603 2.512169 3165.582548
0.856891 0.013216 0.012711 0.005434 0.000152 0.103992 0.007604 2.513465 3166.394402
0.856888 0.013230 0.012700 0.005434 0.000152 0.103991 0.007605 2.514741 3167.239917
0.856862 0.013217 0.012695 0.005442 0.000151 0.104026 0.007606 2.516052 3167.827562
0.856849 0.013238 0.012677 0.005442 0.000154 0.104033 0.007607 2.517329 3168.489519
0.856834 0.013283 0.012673 0.005452 0.000153 0.103997 0.007609 2.518610 3169.481531
0.856845 0.013252 0.012694 0.005425 0.000155 0.104019 0.007609 2.519933 3169.941125
0.856848 0.013277 0.012682 0.005422 0.000153 0.104007 0.007611 2.521228 3171.056396
0.856838 0.013283 0.012689 0.005418 0.000154 0.104007 0.007612 2.522541 3171.893138
0.856821 0.013302 0.012683 0.005439 0.000155 0.103986 0.007614 2.523841 3173.014092
0.856798 0.013312 0.012673 0.005444 0.000156 0.104002 0.007615 2.525140 3173.622336
0.856772 0.013301 0.012686 0.005452 0.000159 0.104014 0.007617 2.526460 3173.919859
0.856706 0.013293 0.012689 0.005451 0.000158 0.104085 0.007617 2.527787 3174.651297
0.856693 0.013307 0.012694 0.005439 0.000157 0.104092 0.007619 2.529081 3175.424067
0.856692 0.013322 0.012685 0.005428 0.000160 0.104093 0.007620 2.530385 3176.026862
