0.370487 0.060760 0.053213 0.031154 0.002252 0.475437 0.006698 1.568758 2269.255512
0.371558 0.059761 0.053610 0.030610 0.002262 0.475472 0.006726 1.574673 2279.807951
0.373864 0.057584 0.053921 0.030070 0.002262 0.475542 0.006756 1.580445 2290.249599
0.376923 0.054886 0.054030 0.029560 0.002254 0.475562 0.006785 1.586027 2301.127966
0.380417 0.052027 0.053930 0.029033 0.002242 0.475530 0.006820 1.591317 2312.211540
0.384269 0.049126 0.053560 0.028444 0.002232 0.475521 0.006849 1.596315 2323.185320
0.388235 0.046401 0.053020 0.027814 0.002217 0.475435 0.006878 1.600977 2334.912497
0.392416 0.043664 0.052333 0.027092 0.002207 0.475380 0.006908 1.605430 2347.534913
0.396816 0.041051 0.051555 0.026455 0.002198 0.474984 0.006941 1.609632 2359.377959
0.401262 0.038596 0.050659 0.025758 0.002185 0.474568 0.006972 1.613574 2371.102651
0.405731 0.036301 0.049634 0.025021 0.002176 0.474136 0.007000 1.617277 2381.934002
0.410321 0.034136 0.048518 0.024337 0.002152 0.473508 0.007029 1.620772 2393.333464
0.415010 0.032099 0.047314 0.023611 0.002137 0.472770 0.007060 1.624052 2405.189247
0.419672 0.030226 0.046036 0.022898 0.002130 0.471951 0.007087 1.627117 2415.736944
0.424374 0.028477 0.044766 0.022178 0.002118 0.470969 0.007116 1.630027 2426.861558
0.429172 0.026868 0.043463 0.021484 0.002092 0.469772 0.007149 1.632739 2438.078743
0.434047 0.025295 0.042136 0.020794 0.002069 0.468482 0.007178 1.635333 2448.218305
0.438904 0.023890 0.040795 0.020089 0.002036 0.467077 0.007209 1.637730 2460.112181
0.443788 0.022613 0.039489 0.019387 0.002008 0.465475 0.007241 1.639995 2471.236979
0.448676 0.021400 0.038210 0.018719 0.001982 0.463746 0.007267 1.642153 2482.890156
0.453543 0.020271 0.036889 0.018054 0.001955 0.461993 0.007295 1.644186 2494.038054
0.458413 0.019221 0.035622 0.017407 0.001938 0.460080 0.007319 1.646132 2503.731890
0.463351 0.018182 0.034364 0.016769 0.001914 0.458073 0.007347 1.647999 2515.392841
0.468262 0.017244 0.033149 0.016136 0.001892 0.455944 0.007373 1.649746 2525.372851
0.473183 0.016380 0.031955 0.015528 0.001870 0.453684 0.007400 1.651382 2535.169759
0.478091 0.015583 0.030747 0.014968 0.001838 0.451349 0.007425 1.652936 2548.089314
0.482941 0.014812 0.029607 0.014423 0.001804 0.448964 0.007449 1.654467 2559.306307
0.487903 0.014110 0.028461 0.013858 0.001784 0.446413 0.007470 1.655872 2567.417719
0.492818 0.013516 0.027333 0.013329 0.001740 0.443767 0.007497 1.657208 2580.130240
0.497676 0.012900 0.026262 0.012832 0.001701 0.441103 0.007525 1.658492 2591.904241
0.502473 0.012319 0.025230 0.012351 0.001671 0.438406 0.007551 1.659739 2603.497579
0.507308 0.011780 0.024245 0.011853 0.001645 0.435600 0.007569 1.660919 2611.741748
0.512093 0.011258 0.023318 0.011398 0.001619 0.432723 0.007590 1.662060 2621.181928
0.516978 0.010749 0.022439 0.010953 0.001582 0.429685 0.007614 1.663177 2631.710532
0.521734 0.010306 0.021541 0.010516 0.001550 0.426719 0.007634 1.664219 2641.274884
0.526525 0.009880 0.020691 0.010138 0.001519 0.423596 0.007652 1.665213 2651.211126
0.531262 0.009519 0.019874 0.009711 0.001489 0.420471 0.007674 1.666162 2661.515020
0.535985 0.009135 0.019092 0.009336 0.001463 0.417299 0.007690 1.667097 2671.141400
0.540606 0.008825 0.018362 0.008978 0.001430 0.414087 0.007712 1.667964 2681.616073
0.545291 0.008493 0.017638 0.008652 0.001396 0.410802 0.007728 1.668817 2690.737046
0.549844 0.008198 0.016954 0.008335 0.001371 0.407552 0.007747 1.669648 2699.400843
0.554558 0.007845 0.016285 0.008027 0.001335 0.404185 0.007765 1.670467 2708.227539
0.559110 0.007600 0.015645 0.007723 0.001301 0.400837 0.007785 1.671200 2718.680014
0.563645 0.007354 0.015013 0.007434 0.001277 0.397474 0.007801 1.671912 2727.474510
0.568174 0.007127 0.014429 0.007135 0.001237 0.394076 0.007823 1.672620 2739.190593
0.572684 0.006888 0.013882 0.006864 0.001217 0.390629 0.007836 1.673324 2747.101802
0.577067 0.006691 0.013347 0.006597 0.001188 0.387253 0.007857 1.673973 2755.933205
0.581471 0.006518 0.012844 0.006341 0.001164 0.383790 0.007874 1.674602 2763.740760
0.585807 0.006314 0.012347 0.006130 0.001138 0.380375 0.007890 1.675246 2771.812776
0.590106 0.006127 0.011899 0.005896 0.001114 0.376953 0.007905 1.675873 2779.616808
0.594437 0.005950 0.011439 0.005685 0.001091 0.373482 0.007916 1.676459 2787.663701
0.598672 0.005768 0.011028 0.005480 0.001062 0.370057 0.007932 1.677041 2795.357109
0.602842 0.005609 0.010638 0.005266 0.001037 0.366657 0.007951 1.677593 2803.399551
0.607075 0.005464 0.010243 0.005071 0.001011 0.363173 0.007962 1.678116 2810.479263
0.611210 0.005348 0.009850 0.004897 0.000981 0.359735 0.007979 1.678638 2819.180679
0.615352 0.005216 0.009508 0.004720 0.000952 0.356259 0.007994 1.679157 2828.107204
0.619460 0.005084 0.009131 0.004585 0.000927 0.352805 0.008008 1.679660 2835.154274
0.623570 0.004980 0.008824 0.004431 0.000898 0.349270 0.008027 1.680133 2843.394391
0.627559 0.004809 0.008515 0.004288 0.000871 0.345913 0.008045 1.680638 2852.228571
0.631537 0.004671 0.008240 0.004144 0.000851 0.342502 0.008056 1.681115 2859.008019
0.635460 0.004543 0.007982 0.004009 0.000831 0.339106 0.008069 1.681595 2866.241609
0.639394 0.004424 0.007749 0.003873 0.000807 0.335673 0.008080 1.682042 2873.846668
0.643286 0.004328 0.007464 0.003746 0.000790 0.332296 0.008090 1.682465 2880.273837
0.647066 0.004240 0.007215 0.003634 0.000767 0.328978 0.008101 1.682890 2886.670281
0.650844 0.004148 0.006961 0.003501 0.000744 0.325690 0.008112 1.683294 2892.913290
0.654619 0.004065 0.006745 0.003388 0.000722 0.322339 0.008123 1.683691 2900.040390
0.658370 0.003980 0.006498 0.003278 0.000699 0.319041 0.008133 1.684066 2907.484487
0.661991 0.003902 0.006297 0.003187 0.000680 0.315799 0.008143 1.684448 2913.906864
0.665726 0.003815 0.006102 0.003074 0.000667 0.312467 0.008150 1.684821 2918.552723
0.669361 0.003737 0.005888 0.002979 0.000652 0.309225 0.008157 1.685175 2923.298483
0.672916 0.003641 0.005693 0.002903 0.000635 0.306045 0.008167 1.685548 2929.499261
0.676496 0.003575 0.005520 0.002810 0.000620 0.302804 0.008175 1.685893 2935.045071
0.680095 0.003488 0.005369 0.002741 0.000603 0.299519 0.008184 1.686246 2939.997882
0.683520 0.003413 0.005246 0.002656 0.000585 0.296387 0.008194 1.686595 2946.523685
0.686950 0.003329 0.005090 0.002601 0.000571 0.293259 0.008199 1.686936 2950.811238
0.690323 0.003260 0.004955 0.002532 0.000559 0.290164 0.008206 1.687261 2955.880206
0.693738 0.003208 0.004817 0.002456 0.000543 0.287024 0.008214 1.687574 2960.573907
0.697003 0.003134 0.004706 0.002399 0.000531 0.284005 0.008222 1.687891 2964.908996
0.700323 0.003075 0.004567 0.002322 0.000519 0.280967 0.008227 1.688199 2969.086830
0.703571 0.003016 0.004447 0.002256 0.000505 0.277969 0.008235 1.688509 2974.131114
0.706849 0.002953 0.004330 0.002214 0.000490 0.274922 0.008242 1.688811 2979.995841
0.710078 0.002913 0.004225 0.002153 0.000477 0.271906 0.008249 1.689097 2984.672719
0.713291 0.002858 0.004113 0.002106 0.000462 0.268914 0.008255 1.689380 2989.743846
0.716433 0.002808 0.004024 0.002044 0.000454 0.265978 0.008259 1.689663 2994.160794
0.719521 0.002772 0.003894 0.002002 0.000444 0.263102 0.008265 1.689937 2998.836276
0.722560 0.002718 0.003796 0.001938 0.000434 0.260280 0.008273 1.690210 3003.001433
0.725587 0.002674 0.003700 0.001892 0.000425 0.257445 0.008278 1.690481 3006.921849
0.728578 0.002620 0.003629 0.001841 0.000413 0.254635 0.008284 1.690746 3012.436888
0.731539 0.002592 0.003524 0.001800 0.000405 0.251852 0.008288 1.690994 3016.059435
0.734500 0.002558 0.003450 0.001760 0.000398 0.249042 0.008293 1.691240 3019.764441
0.737404 0.002516 0.003373 0.001716 0.000388 0.246305 0.008299 1.691487 3024.074497
0.740295 0.002468 0.003291 0.001689 0.000376 0.243576 0.008304 1.691740 3027.649640
0.743069 0.002438 0.003203 0.001642 0.000370 0.240969 0.008310 1.691971 3030.584464
0.745880 0.002402 0.003120 0.001615 0.000361 0.238306 0.008316 1.692209 3034.244111
0.748677 0.002355 0.003062 0.001583 0.000349 0.235653 0.008321 1.692444 3038.015514
0.751380 0.002339 0.002979 0.001556 0.000339 0.233081 0.008326 1.692664 3041.761102
0.754088 0.002289 0.002926 0.001518 0.000331 0.230517 0.008331 1.692905 3045.415190
0.756797 0.002267 0.002871 0.001489 0.000323 0.227918 0.008335 1.693122 3049.050322
0.759478 0.002230 0.002823 0.001467 0.000316 0.225348 0.008338 1.693350 3052.453799
0.762123 0.002204 0.002772 0.001440 0.000309 0.222809 0.008342 1.693567 3055.377574
0.764732 0.002190 0.002697 0.001396 0.000302 0.220334 0.008347 1.693767 3059.346841
0.767329 0.002158 0.002647 0.001371 0.000293 0.217854 0.008350 1.693975 3061.962747
0.769861 0.002132 0.002613 0.001346 0.000283 0.215409 0.008356 1.694186 3066.433498
0.772408 0.002100 0.002552 0.001327 0.000274 0.212980 0.008360 1.694396 3069.738002
0.774890 0.002066 0.002514 0.001303 0.000264 0.210599 0.008364 1.694608 3073.534934
0.777326 0.002038 0.002472 0.001274 0.000256 0.208267 0.008368 1.694811 3076.476934
0.779733 0.002027 0.002420 0.001255 0.000249 0.205945 0.008372 1.695004 3079.721380
0.782144 0.001997 0.002379 0.001230 0.000246 0.203628 0.008376 1.695198 3081.979026
0.784542 0.001966 0.002331 0.001214 0.000241 0.201327 0.008379 1.695395 3084.298685
0.786909 0.001952 0.002289 0.001192 0.000236 0.199040 0.008383 1.695579 3086.632888
0.789201 0.001942 0.002260 0.001168 0.000230 0.196810 0.008389 1.695768 3089.456282
0.791529 0.001910 0.002216 0.001155 0.000225 0.194573 0.008393 1.695961 3091.843333
0.793757 0.001892 0.002184 0.001141 0.000220 0.192410 0.008397 1.696149 3094.082304
0.796041 0.001879 0.002154 0.001111 0.000218 0.190197 0.008400 1.696325 3095.858291
0.798249 0.001846 0.002133 0.001094 0.000214 0.188064 0.008402 1.696525 3097.809715
0.800429 0.001826 0.002091 0.001073 0.000210 0.185967 0.008405 1.696705 3099.684258
0.802572 0.001816 0.002064 0.001052 0.000205 0.183881 0.008409 1.696880 3102.223303
0.804701 0.001804 0.002032 0.001034 0.000200 0.181819 0.008411 1.697053 3104.430829
0.806776 0.001798 0.001997 0.001017 0.000195 0.179801 0.008415 1.697217 3106.851783
0.808839 0.001773 0.001965 0.001003 0.000192 0.177810 0.008419 1.697394 3108.649415
0.810893 0.001738 0.001943 0.000990 0.000185 0.175827 0.008422 1.697575 3112.319629
0.812931 0.001713 0.001924 0.000983 0.000180 0.173842 0.008427 1.697753 3114.237717
0.814937 0.001705 0.001902 0.000971 0.000174 0.171880 0.008431 1.697915 3116.287989
0.816948 0.001696 0.001868 0.000948 0.000171 0.169935 0.008434 1.698077 3118.037570
0.818935 0.001675 0.001853 0.000934 0.000167 0.167998 0.008438 1.698246 3120.213066
0.820803 0.001665 0.001824 0.000928 0.000164 0.166176 0.008440 1.698410 3121.833444
0.822784 0.001660 0.001790 0.000910 0.000162 0.164251 0.008443 1.698567 3123.279150
0.824672 0.001645 0.001765 0.000894 0.000158 0.162422 0.008445 1.698726 3124.949567
0.826562 0.001635 0.001734 0.000889 0.000154 0.160580 0.008446 1.698888 3126.867340
0.828429 0.001643 0.001725 0.000884 0.000149 0.158723 0.008448 1.699041 3128.796428
0.830321 0.001612 0.001696 0.000876 0.000145 0.156899 0.008451 1.699206 3130.659348
0.832141 0.001596 0.001675 0.000868 0.000144 0.155123 0.008452 1.699367 3131.872783
0.833930 0.001582 0.001647 0.000860 0.000144 0.153384 0.008452 1.699520 3132.796683
0.835742 0.001572 0.001632 0.000846 0.000142 0.151611 0.008455 1.699666 3134.344956
0.837493 0.001547 0.001620 0.000838 0.000139 0.149907 0.008456 1.699831 3135.561632
0.839235 0.001541 0.001611 0.000835 0.000137 0.148184 0.008457 1.699985 3136.525842
0.840959 0.001539 0.001598 0.000829 0.000135 0.146480 0.008460 1.700129 3137.326329
0.842615 0.001542 0.001582 0.000817 0.000133 0.144849 0.008462 1.700276 3138.472580
0.844312 0.001532 0.001560 0.000813 0.000128 0.143190 0.008465 1.700418 3140.727622
0.845999 0.001514 0.001548 0.000805 0.000125 0.141542 0.008467 1.700569 3142.101606
0.847636 0.001492 0.001528 0.000802 0.000121 0.139951 0.008469 1.700718 3143.936424
0.849269 0.001471 0.001510 0.000800 0.000120 0.138360 0.008470 1.700866 3145.320032
0.850845 0.001454 0.001504 0.000790 0.000117 0.136818 0.008471 1.701020 3146.767629
0.852458 0.001435 0.001496 0.000783 0.000114 0.135241 0.008473 1.701167 3148.081272
0.854017 0.001429 0.001477 0.000777 0.000112 0.133713 0.008474 1.701304 3148.909153
0.855537 0.001420 0.001461 0.000770 0.000108 0.132226 0.008477 1.701440 3151.065538
0.857098 0.001422 0.001427 0.000763 0.000107 0.130704 0.008479 1.701570 3152.144365
0.858588 0.001411 0.001410 0.000753 0.000104 0.129253 0.008481 1.701701 3153.648627
0.860087 0.001397 0.001387 0.000758 0.000105 0.127785 0.008482 1.701839 3154.208975
0.861553 0.001388 0.001370 0.000754 0.000103 0.126349 0.008484 1.701973 3155.484420
0.863021 0.001381 0.001367 0.000744 0.000102 0.124900 0.008484 1.702106 3156.352383
0.864493 0.001367 0.001347 0.000741 0.000102 0.123465 0.008485 1.702235 3157.188793
0.865883 0.001349 0.001329 0.000734 0.000100 0.122119 0.008487 1.702367 3158.218300
0.867298 0.001347 0.001323 0.000721 0.000100 0.120724 0.008488 1.702500 3159.027132
0.868659 0.001349 0.001306 0.000718 0.000097 0.119381 0.008490 1.702619 3159.798309
0.870005 0.001348 0.001294 0.000708 0.000097 0.118056 0.008492 1.702746 3160.754729
0.871371 0.001341 0.001274 0.000703 0.000098 0.116721 0.008492 1.702870 3160.871131
0.872741 0.001337 0.001281 0.000696 0.000096 0.115355 0.008494 1.703002 3161.472246
0.874080 0.001323 0.001283 0.000695 0.000094 0.114031 0.008495 1.703137 3162.465366
0.875347 0.001311 0.001281 0.000702 0.000092 0.112772 0.008496 1.703276 3163.442761
0.876633 0.001306 0.001272 0.000699 0.000091 0.111502 0.008497 1.703400 3164.284343
0.877876 0.001313 0.001255 0.000696 0.000089 0.110273 0.008498 1.703520 3165.098536
0.879146 0.001301 0.001247 0.000691 0.000087 0.109030 0.008500 1.703647 3165.706148
0.880343 0.001277 0.001243 0.000689 0.000087 0.107862 0.008500 1.703780 3166.571070
0.881551 0.001272 0.001230 0.000683 0.000085 0.106678 0.008502 1.703909 3167.423439
0.882753 0.001258 0.001229 0.000679 0.000084 0.105494 0.008503 1.704033 3168.350998
0.883968 0.001254 0.001217 0.000673 0.000082 0.104302 0.008504 1.704149 3168.969239
0.885148 0.001247 0.001211 0.000668 0.000081 0.103140 0.008506 1.704271 3170.060541
0.886321 0.001247 0.001201 0.000660 0.000079 0.101985 0.008507 1.704392 3171.050940
0.887461 0.001229 0.001194 0.000654 0.000078 0.100876 0.008508 1.704517 3171.915287
0.888611 0.001220 0.001191 0.000651 0.000078 0.099740 0.008509 1.704641 3172.632690
0.889703 0.001231 0.001179 0.000641 0.000075 0.098660 0.008511 1.704754 3173.667285
0.890831 0.001222 0.001171 0.000634 0.000075 0.097556 0.008512 1.704871 3174.627904
0.891904 0.001208 0.001169 0.000631 0.000075 0.096500 0.008513 1.704994 3174.950453
0.892971 0.001204 0.001166 0.000633 0.000074 0.095439 0.008514 1.705116 3175.527647
0.894014 0.001191 0.001166 0.000628 0.000075 0.094411 0.008515 1.705240 3176.163854
0.895075 0.001176 0.001160 0.000619 0.000073 0.093380 0.008516 1.705362 3177.713764
0.896136 0.001173 0.001154 0.000612 0.000073 0.092334 0.008517 1.705478 3178.370603
0.897157 0.001173 0.001134 0.000612 0.000072 0.091334 0.008518 1.705585 3179.135679
0.898168 0.001165 0.001127 0.000608 0.000071 0.090344 0.008518 1.705703 3179.761288
0.899190 0.001160 0.001117 0.000612 0.000071 0.089332 0.008518 1.705820 3180.099352
0.900168 0.001157 0.001109 0.000607 0.000070 0.088369 0.008520 1.705929 3180.889909
0.901134 0.001155 0.001108 0.000605 0.000069 0.087409 0.008520 1.706048 3181.570287
0.902103 0.001154 0.001103 0.000605 0.000069 0.086446 0.008521 1.706160 3182.122019
0.903088 0.001146 0.001099 0.000600 0.000067 0.085478 0.008522 1.706270 3182.873437
0.904059 0.001136 0.001099 0.000601 0.000065 0.084517 0.008523 1.706384 3183.816779
0.904961 0.001143 0.001092 0.000585 0.000065 0.083630 0.008524 1.706486 3184.364537
0.905890 0.001136 0.001084 0.000581 0.000064 0.082719 0.008525 1.706598 3184.915293
0.906797 0.001135 0.001086 0.000582 0.000063 0.081810 0.008526 1.706715 3185.273435
0.907702 0.001140 0.001075 0.000575 0.000062 0.080918 0.008528 1.706820 3186.168671
0.908583 0.001140 0.001069 0.000568 0.000062 0.080051 0.008528 1.706934 3186.730505
0.909448 0.001134 0.001061 0.000576 0.000061 0.079191 0.008529 1.707046 3187.238477
0.910286 0.001140 0.001051 0.000574 0.000060 0.078359 0.008530 1.707153 3187.566698
0.911146 0.001123 0.001050 0.000576 0.000058 0.077516 0.008531 1.707276 3188.208955
0.911983 0.001122 0.001045 0.000570 0.000059 0.076689 0.008532 1.707389 3188.764769
0.912803 0.001116 0.001043 0.000574 0.000058 0.075874 0.008533 1.707503 3189.067709
0.913611 0.001101 0.001037 0.000571 0.000059 0.075088 0.008533 1.707613 3189.173408
0.914426 0.001102 0.001031 0.000567 0.000058 0.074282 0.008534 1.707722 3189.891060
0.915198 0.001103 0.001026 0.000558 0.000058 0.073522 0.008535 1.707831 3190.201227
0.915979 0.001103 0.001020 0.000551 0.000058 0.072753 0.008535 1.707935 3190.872108
0.916750 0.001086 0.001030 0.000547 0.000059 0.071992 0.008536 1.708050 3191.392322
0.917525 0.001094 0.001029 0.000540 0.000059 0.071216 0.008537 1.708153 3191.870411
0.918268 0.001093 0.001024 0.000535 0.000059 0.070485 0.008537 1.708255 3192.189919
0.919029 0.001088 0.001024 0.000531 0.000058 0.069732 0.008538 1.708362 3192.641567
0.919758 0.001094 0.001016 0.000528 0.000058 0.069008 0.008539 1.708468 3192.938946
0.920476 0.001089 0.001019 0.000528 0.000057 0.068291 0.008539 1.708581 3193.172649
0.921201 0.001087 0.001013 0.000535 0.000056 0.067568 0.008540 1.708689 3193.600766
0.921893 0.001077 0.001020 0.000533 0.000055 0.066882 0.008541 1.708804 3193.971233
0.922582 0.001076 0.001012 0.000534 0.000053 0.066202 0.008542 1.708912 3194.407593
0.923259 0.001070 0.001010 0.000538 0.000052 0.065527 0.008544 1.709022 3194.740634
0.923926 0.001077 0.001001 0.000533 0.000052 0.064867 0.008544 1.709120 3194.940433
0.924571 0.001085 0.000991 0.000534 0.000052 0.064222 0.008544 1.709223 3195.106519
0.925214 0.001087 0.000990 0.000537 0.000051 0.063575 0.008545 1.709330 3195.460715
0.925863 0.001088 0.000992 0.000539 0.000053 0.062922 0.008545 1.709439 3195.573642
0.926486 0.001067 0.000995 0.000544 0.000053 0.062310 0.008545 1.709561 3195.837929
0.927114 0.001072 0.000988 0.000535 0.000052 0.061693 0.008546 1.709664 3196.256399
0.927739 0.001065 0.000993 0.000534 0.000052 0.061071 0.008547 1.709772 3196.992127
0.928368 0.001056 0.000999 0.000531 0.000050 0.060448 0.008549 1.709879 3197.867140
0.928940 0.001057 0.000991 0.000534 0.000049 0.059879 0.008550 1.709982 3198.538865
0.929519 0.001062 0.000988 0.000532 0.000048 0.059301 0.008551 1.710091 3199.169091
0.930104 0.001057 0.000989 0.000532 0.000046 0.058721 0.008552 1.710194 3199.599081
0.930664 0.001067 0.000976 0.000525 0.000047 0.058168 0.008553 1.710296 3200.099906
0.931235 0.001063 0.000973 0.000532 0.000047 0.057596 0.008553 1.710394 3200.443736
0.931794 0.001064 0.000973 0.000528 0.000047 0.057039 0.008554 1.710495 3200.605787
0.932339 0.001054 0.000973 0.000525 0.000047 0.056508 0.008554 1.710607 3200.743255
0.932869 0.001068 0.000966 0.000519 0.000046 0.055977 0.008554 1.710700 3200.816097
0.933397 0.001069 0.000957 0.000517 0.000045 0.055458 0.008556 1.710797 3201.403334
0.933893 0.001071 0.000957 0.000524 0.000045 0.054953 0.008557 1.710905 3201.502412
0.934414 0.001075 0.000950 0.000522 0.000045 0.054437 0.008557 1.711002 3201.736918
0.934922 0.001069 0.000943 0.000520 0.000045 0.053942 0.008558 1.711106 3201.952271
0.935424 0.001063 0.000941 0.000520 0.000047 0.053447 0.008558 1.711211 3202.067528
0.935921 0.001060 0.000948 0.000519 0.000048 0.052945 0.008559 1.711314 3202.349532
0.936410 0.001061 0.000951 0.000518 0.000047 0.052454 0.008559 1.711418 3202.468380
0.936891 0.001055 0.000953 0.000522 0.000046 0.051974 0.008559 1.711527 3202.935819
0.937376 0.001066 0.000944 0.000512 0.000045 0.051495 0.008560 1.711620 3203.136768
0.937828 0.001064 0.000947 0.000506 0.000044 0.051050 0.008561 1.711723 3203.574120
0.938266 0.001056 0.000941 0.000514 0.000042 0.050618 0.008562 1.711829 3204.122647
0.938727 0.001044 0.000947 0.000511 0.000042 0.050166 0.008563 1.711938 3204.416374
0.939162 0.001042 0.000955 0.000509 0.000041 0.049727 0.008564 1.712041 3204.769740
0.939602 0.001042 0.000948 0.000507 0.000042 0.049295 0.008564 1.712144 3205.102774
0.940041 0.001032 0.000944 0.000509 0.000040 0.048867 0.008565 1.712249 3205.534072
0.940446 0.001040 0.000945 0.000509 0.000039 0.048454 0.008566 1.712352 3205.702113
0.940860 0.001025 0.000946 0.000513 0.000041 0.048048 0.008567 1.712463 3205.789301
0.941275 0.001017 0.000950 0.000511 0.000041 0.047639 0.008567 1.712566 3205.998261
0.941667 0.001010 0.000945 0.000509 0.000040 0.047262 0.008568 1.712666 3206.355637
0.942058 0.001009 0.000941 0.000502 0.000041 0.046881 0.008568 1.712765 3206.843922
0.942460 0.001005 0.000938 0.000498 0.000042 0.046488 0.008569 1.712867 3207.140319
0.942848 0.001004 0.000935 0.000496 0.000041 0.046106 0.008570 1.712969 3207.385526
0.943225 0.001005 0.000919 0.000505 0.000040 0.045734 0.008570 1.713067 3207.571168
0.943600 0.001002 0.000916 0.000507 0.000041 0.045364 0.008571 1.713166 3207.736214
0.943943 0.000995 0.000917 0.000503 0.000041 0.045030 0.008571 1.713272 3208.125652
0.944316 0.000995 0.000926 0.000499 0.000042 0.044650 0.008571 1.713373 3208.211681
0.944661 0.000991 0.000925 0.000494 0.000041 0.044316 0.008572 1.713470 3208.826662
0.945001 0.000991 0.000922 0.000483 0.000041 0.043989 0.008572 1.713571 3209.180544
0.945337 0.000983 0.000931 0.000488 0.000041 0.043647 0.008573 1.713674 3209.366254
0.945682 0.000989 0.000922 0.000481 0.000041 0.043310 0.008573 1.713766 3209.557685
0.946009 0.000990 0.000916 0.000485 0.000042 0.042984 0.008574 1.713861 3209.658389
0.946342 0.000985 0.000916 0.000488 0.000043 0.042652 0.008574 1.713962 3209.868495
0.946664 0.000992 0.000908 0.000489 0.000041 0.042332 0.008575 1.714060 3210.253891
0.946999 0.000987 0.000904 0.000481 0.000040 0.042012 0.008575 1.714157 3210.378648
0.947319 0.000993 0.000904 0.000484 0.000040 0.041684 0.008576 1.714255 3210.673496
0.947617 0.001000 0.000905 0.000478 0.000040 0.041384 0.008576 1.714347 3210.866342
0.947914 0.001000 0.000899 0.000482 0.000040 0.041090 0.008576 1.714444 3211.053666
0.948206 0.001003 0.000896 0.000479 0.000040 0.040800 0.008576 1.714540 3211.202987
0.948519 0.001003 0.000904 0.000483 0.000038 0.040477 0.008577 1.714643 3211.433148
0.948810 0.000995 0.000905 0.000486 0.000039 0.040190 0.008577 1.714741 3211.501075
0.949080 0.001001 0.000899 0.000486 0.000039 0.039918 0.008577 1.714835 3211.567371
0.949374 0.000993 0.000899 0.000482 0.000039 0.039635 0.008577 1.714932 3211.734210
0.949652 0.000993 0.000903 0.000475 0.000039 0.039359 0.008578 1.715028 3211.953855
0.949915 0.000995 0.000910 0.000472 0.000038 0.039092 0.008579 1.715128 3212.456737
0.950189 0.000987 0.000917 0.000474 0.000037 0.038817 0.008579 1.715230 3212.653333
0.950455 0.000983 0.000915 0.000478 0.000036 0.038553 0.008580 1.715335 3213.117435
0.950704 0.000989 0.000919 0.000476 0.000036 0.038296 0.008580 1.715434 3213.260375
0.950949 0.000996 0.000913 0.000478 0.000037 0.038047 0.008581 1.715533 3213.454725
0.951195 0.000998 0.000914 0.000476 0.000037 0.037797 0.008582 1.715629 3213.739655
0.951434 0.001009 0.000916 0.000473 0.000039 0.037546 0.008582 1.715725 3213.858238
0.951694 0.001014 0.000908 0.000471 0.000038 0.037292 0.008583 1.715818 3214.112792
0.951914 0.001027 0.000911 0.000463 0.000039 0.037062 0.008583 1.715915 3214.209002
0.952168 0.001026 0.000907 0.000463 0.000040 0.036813 0.008584 1.716012 3214.433024
0.952398 0.001039 0.000908 0.000458 0.000039 0.036573 0.008584 1.716107 3214.712972
0.952613 0.001026 0.000922 0.000465 0.000039 0.036350 0.008584 1.716224 3214.900034
0.952825 0.001023 0.000922 0.000472 0.000038 0.036135 0.008584 1.716327 3215.129301
0.953039 0.001026 0.000925 0.000465 0.000038 0.035921 0.008585 1.716425 3215.441474
0.953240 0.001029 0.000919 0.000469 0.000038 0.035719 0.008585 1.716522 3215.496996
0.953453 0.001029 0.000927 0.000469 0.000038 0.035499 0.008586 1.716628 3215.630506
0.953667 0.001032 0.000925 0.000470 0.000038 0.035281 0.008586 1.716723 3215.713963
0.953856 0.001039 0.000929 0.000466 0.000038 0.035085 0.008586 1.716824 3216.052744
0.954041 0.001047 0.000936 0.000469 0.000037 0.034884 0.008587 1.716928 3216.471909
0.954236 0.001056 0.000938 0.000468 0.000037 0.034679 0.008588 1.717031 3216.721574
0.954410 0.001062 0.000935 0.000475 0.000035 0.034494 0.008588 1.717135 3217.092464
0.954594 0.001069 0.000941 0.000483 0.000035 0.034288 0.008588 1.717237 3217.222906
0.954767 0.001071 0.000942 0.000484 0.000035 0.034112 0.008589 1.717348 3217.610382
0.954938 0.001069 0.000937 0.000480 0.000033 0.033952 0.008590 1.717449 3217.838503
0.955093 0.001070 0.000944 0.000485 0.000033 0.033783 0.008591 1.717561 3218.082758
0.955265 0.001055 0.000949 0.000486 0.000034 0.033618 0.008592 1.717674 3218.134751
0.955415 0.001064 0.000958 0.000487 0.000033 0.033451 0.008593 1.717782 3218.545547
0.955591 0.001061 0.000954 0.000489 0.000034 0.033278 0.008593 1.717886 3218.723630
0.955728 0.001066 0.000958 0.000493 0.000034 0.033127 0.008593 1.717995 3218.967980
0.955887 0.001071 0.000949 0.000498 0.000034 0.032968 0.008594 1.718095 3219.080183
0.956044 0.001068 0.000950 0.000501 0.000034 0.032807 0.008594 1.718206 3219.322829
0.956192 0.001072 0.000948 0.000507 0.000034 0.032652 0.008595 1.718318 3219.474840
0.956339 0.001061 0.000951 0.000513 0.000034 0.032505 0.008596 1.718431 3219.727350
0.956498 0.001066 0.000945 0.000516 0.000034 0.032345 0.008596 1.718529 3219.858761
0.956655 0.001070 0.000947 0.000514 0.000034 0.032184 0.008597 1.718631 3219.951558
0.956799 0.001069 0.000941 0.000512 0.000036 0.032045 0.008597 1.718738 3220.027826
0.956936 0.001063 0.000949 0.000518 0.000035 0.031900 0.008599 1.718851 3220.237271
0.957062 0.001070 0.000949 0.000512 0.000035 0.031774 0.008599 1.718951 3220.369960
0.957203 0.001067 0.000955 0.000509 0.000033 0.031632 0.008600 1.719056 3220.766253
0.957350 0.001066 0.000959 0.000512 0.000033 0.031479 0.008600 1.719163 3220.959164
0.957485 0.001075 0.000957 0.000512 0.000032 0.031339 0.008601 1.719260 3221.304491
0.957623 0.001082 0.000967 0.000506 0.000032 0.031188 0.008601 1.719362 3221.475002
0.957766 0.001070 0.000972 0.000505 0.000031 0.031052 0.008603 1.719471 3222.201125
0.957889 0.001076 0.000972 0.000499 0.000033 0.030927 0.008603 1.719578 3222.356247
0.958014 0.001078 0.000974 0.000498 0.000034 0.030799 0.008603 1.719685 3222.529562
0.958152 0.001070 0.000976 0.000500 0.000033 0.030665 0.008604 1.719794 3222.806096
0.958268 0.001073 0.000983 0.000497 0.000034 0.030541 0.008605 1.719902 3222.911299
0.958385 0.001080 0.000986 0.000499 0.000034 0.030410 0.008606 1.720009 3223.039520
0.958503 0.001081 0.000989 0.000498 0.000034 0.030288 0.008606 1.720114 3223.267712
0.958620 0.001072 0.000991 0.000498 0.000033 0.030179 0.008607 1.720228 3223.690689
0.958726 0.001079 0.000982 0.000495 0.000033 0.030077 0.008608 1.720333 3223.778284
0.958835 0.001090 0.000977 0.000494 0.000033 0.029962 0.008608 1.720433 3223.921937
0.958942 0.001092 0.000984 0.000495 0.000033 0.029844 0.008608 1.720549 3224.063119
0.959038 0.001097 0.000991 0.000496 0.000032 0.029737 0.008609 1.720654 3224.322057
0.959142 0.001086 0.000996 0.000500 0.000032 0.029635 0.008610 1.720768 3224.523082
0.959231 0.001087 0.001001 0.000509 0.000031 0.029531 0.008611 1.720883 3224.713130
0.959334 0.001081 0.000998 0.000510 0.000032 0.029434 0.008611 1.720990 3224.725588
0.959443 0.001084 0.001001 0.000510 0.000031 0.029320 0.008611 1.721094 3224.909397
0.959531 0.001087 0.001008 0.000511 0.000032 0.029220 0.008612 1.721205 3224.982457
0.959612 0.001103 0.001015 0.000508 0.000032 0.029118 0.008612 1.721310 3225.105595
0.959697 0.001103 0.001019 0.000506 0.000032 0.029030 0.008613 1.721419 3225.278253
0.959765 0.001106 0.001016 0.000511 0.000032 0.028958 0.008613 1.721532 3225.410448
0.959856 0.001113 0.001011 0.000512 0.000032 0.028862 0.008614 1.721640 3225.629749
0.959938 0.001111 0.001013 0.000516 0.000032 0.028775 0.008615 1.721752 3225.774332
0.960027 0.001117 0.001001 0.000523 0.000032 0.028685 0.008615 1.721860 3225.868268
0.960109 0.001115 0.001004 0.000521 0.000031 0.028604 0.008615 1.721973 3226.011397
0.960184 0.001125 0.001001 0.000520 0.000032 0.028522 0.008616 1.722082 3226.111334
0.960263 0.001108 0.001011 0.000521 0.000031 0.028450 0.008616 1.722203 3226.298819
0.960335 0.001109 0.001018 0.000519 0.000032 0.028371 0.008617 1.722317 3226.378463
0.960400 0.001127 0.001010 0.000518 0.000032 0.028295 0.008618 1.722421 3226.568284
0.960461 0.001133 0.001015 0.000518 0.000033 0.028223 0.008618 1.722536 3226.682243
0.960527 0.001138 0.001025 0.000516 0.000034 0.028142 0.008618 1.722646 3226.809780
0.960602 0.001152 0.001014 0.000510 0.000034 0.028069 0.008619 1.722747 3226.997815
0.960684 0.001142 0.001011 0.000517 0.000035 0.027992 0.008620 1.722864 3227.085529
0.960748 0.001136 0.001029 0.000519 0.000034 0.027914 0.008621 1.722988 3227.217855
0.960815 0.001133 0.001022 0.000526 0.000033 0.027851 0.008621 1.723097 3227.583307
0.960892 0.001129 0.001020 0.000523 0.000033 0.027782 0.008622 1.723211 3227.675201
0.960955 0.001131 0.001019 0.000533 0.000034 0.027706 0.008622 1.723324 3227.882348
0.961023 0.001138 0.001014 0.000533 0.000034 0.027637 0.008623 1.723431 3228.160526
0.961085 0.001125 0.001028 0.000531 0.000034 0.027575 0.008623 1.723554 3228.291206
0.961131 0.001123 0.001032 0.000528 0.000034 0.027528 0.008623 1.723669 3228.360329
0.961193 0.001121 0.001030 0.000534 0.000035 0.027464 0.008623 1.723785 3228.472192
0.961244 0.001133 0.001023 0.000539 0.000035 0.027401 0.008624 1.723893 3228.630630
0.961288 0.001146 0.001024 0.000540 0.000035 0.027343 0.008624 1.724007 3228.710443
0.961339 0.001155 0.001022 0.000542 0.000035 0.027283 0.008625 1.724116 3228.863845
0.961397 0.001143 0.001027 0.000542 0.000036 0.027228 0.008626 1.724230 3228.932762
0.961462 0.001139 0.001028 0.000541 0.000036 0.027168 0.008626 1.724344 3228.998758
0.961503 0.001139 0.001028 0.000544 0.000037 0.027123 0.008627 1.724461 3229.174355
0.961545 0.001150 0.001020 0.000550 0.000035 0.027073 0.008628 1.724574 3229.520328
0.961597 0.001164 0.001025 0.000542 0.000035 0.027010 0.008628 1.724682 3229.720319
0.961653 0.001169 0.001019 0.000547 0.000035 0.026949 0.008628 1.724794 3229.798010
0.961690 0.001186 0.001017 0.000545 0.000035 0.026899 0.008629 1.724899 3230.082458
0.961726 0.001186 0.001018 0.000542 0.000036 0.026863 0.008629 1.725019 3230.082458
0.961782 0.001174 0.001026 0.000539 0.000038 0.026812 0.008630 1.725135 3230.239005
0.961827 0.001180 0.001025 0.000545 0.000036 0.026756 0.008630 1.725248 3230.464877
0.961865 0.001190 0.001031 0.000541 0.000036 0.026706 0.008631 1.725359 3230.611699
0.961901 0.001195 0.001027 0.000548 0.000036 0.026662 0.008631 1.725474 3230.758275
0.961931 0.001198 0.001034 0.000548 0.000037 0.026619 0.008632 1.725594 3230.892300
0.961984 0.001194 0.001038 0.000554 0.000038 0.026561 0.008632 1.725712 3231.011737
0.962004 0.001214 0.001037 0.000555 0.000037 0.026522 0.008632 1.725826 3231.310550
0.962051 0.001215 0.001032 0.000556 0.000037 0.026476 0.008633 1.725935 3231.583522
0.962094 0.001214 0.001033 0.000549 0.000037 0.026440 0.008633 1.726051 3231.694515
0.962130 0.001220 0.001038 0.000550 0.000038 0.026390 0.008634 1.726171 3231.838130
0.962169 0.001225 0.001049 0.000550 0.000038 0.026335 0.008634 1.726290 3231.961213
0.962213 0.001224 0.001043 0.000555 0.000037 0.026293 0.008636 1.726411 3232.058989
0.962245 0.001223 0.001042 0.000562 0.000037 0.026256 0.008636 1.726536 3232.198950
0.962289 0.001211 0.001051 0.000564 0.000037 0.026211 0.008636 1.726657 3232.239354
0.962321 0.001199 0.001052 0.000570 0.000038 0.026182 0.008636 1.726780 3232.344735
0.962353 0.001196 0.001060 0.000571 0.000039 0.026145 0.008637 1.726902 3232.364401
0.962390 0.001197 0.001056 0.000569 0.000039 0.026112 0.008637 1.727017 3232.671729
0.962426 0.001201 0.001057 0.000569 0.000040 0.026069 0.008637 1.727135 3232.719744
0.962449 0.001207 0.001052 0.000571 0.000039 0.026044 0.008638 1.727247 3233.116842
0.962474 0.001217 0.001044 0.000577 0.000039 0.026011 0.008639 1.727357 3233.285801
0.962514 0.001198 0.001059 0.000574 0.000038 0.025977 0.008640 1.727489 3233.313638
0.962529 0.001213 0.001057 0.000569 0.000035 0.025955 0.008641 1.727601 3233.598015
0.962563 0.001214 0.001058 0.000566 0.000035 0.025923 0.008641 1.727717 3233.747941
0.962594 0.001210 0.001053 0.000570 0.000035 0.025896 0.008641 1.727839 3233.884004
0.962608 0.001210 0.001061 0.000579 0.000036 0.025864 0.008642 1.727964 3233.984554
0.962621 0.001217 0.001060 0.000579 0.000036 0.025845 0.008642 1.728081 3234.159592
0.962647 0.001233 0.001054 0.000579 0.000037 0.025807 0.008642 1.728185 3234.331498
0.962665 0.001231 0.001053 0.000584 0.000037 0.025787 0.008643 1.728307 3234.526008
0.962703 0.001220 0.001060 0.000589 0.000036 0.025749 0.008643 1.728429 3234.698754
0.962728 0.001227 0.001059 0.000581 0.000037 0.025724 0.008644 1.728545 3234.856783
0.962758 0.001218 0.001065 0.000584 0.000037 0.025694 0.008645 1.728669 3235.024384
0.962787 0.001229 0.001052 0.000582 0.000038 0.025666 0.008645 1.728779 3235.093956
0.962824 0.001227 0.001052 0.000584 0.000037 0.025631 0.008646 1.728897 3235.592155
0.962832 0.001226 0.001061 0.000583 0.000036 0.025615 0.008647 1.729026 3235.815517
0.962853 0.001222 0.001075 0.000581 0.000038 0.025584 0.008648 1.729149 3236.026631
0.962894 0.001209 0.001075 0.000579 0.000039 0.025557 0.008648 1.729271 3236.080381
0.962910 0.001208 0.001071 0.000581 0.000038 0.025543 0.008649 1.729392 3236.332881
0.962939 0.001204 0.001082 0.000580 0.000039 0.025507 0.008649 1.729512 3236.580253
0.962969 0.001197 0.001083 0.000583 0.000039 0.025480 0.008650 1.729627 3236.668797
0.962998 0.001188 0.001080 0.000585 0.000039 0.025459 0.008650 1.729743 3236.926873
0.963035 0.001179 0.001078 0.000592 0.000039 0.025427 0.008651 1.729863 3237.104238
0.963062 0.001171 0.001072 0.000594 0.000040 0.025411 0.008651 1.729978 3237.150444
0.963099 0.001169 0.001068 0.000591 0.000038 0.025384 0.008651 1.730088 3237.586359
0.963131 0.001169 0.001062 0.000587 0.000038 0.025361 0.008652 1.730199 3237.831048
0.963152 0.001161 0.001059 0.000589 0.000037 0.025350 0.008653 1.730322 3238.050761
0.963179 0.001156 0.001065 0.000587 0.000037 0.025324 0.008653 1.730434 3238.190013
0.963188 0.001164 0.001060 0.000579 0.000038 0.025317 0.008654 1.730545 3238.205074
0.963206 0.001161 0.001063 0.000578 0.000036 0.025301 0.008655 1.730667 3238.637080
0.963231 0.001153 0.001058 0.000576 0.000036 0.025290 0.008656 1.730785 3238.982222
0.963248 0.001167 0.001048 0.000574 0.000035 0.025272 0.008657 1.730893 3239.132170
0.963248 0.001175 0.001053 0.000568 0.000037 0.025262 0.008657 1.731011 3239.199613
0.963281 0.001168 0.001056 0.000566 0.000038 0.025234 0.008657 1.731130 3239.297528
0.963292 0.001174 0.001050 0.000561 0.000039 0.025227 0.008658 1.731238 3239.390368
0.963308 0.001175 0.001046 0.000567 0.000041 0.025205 0.008658 1.731358 3239.502429
0.963344 0.001168 0.001049 0.000573 0.000040 0.025166 0.008659 1.731475 3239.748220
0.963360 0.001178 0.001042 0.000570 0.000040 0.025151 0.008659 1.731584 3239.863649
0.963381 0.001169 0.001049 0.000570 0.000041 0.025131 0.008659 1.731700 3240.037668
0.963396 0.001171 0.001049 0.000565 0.000042 0.025118 0.008660 1.731811 3240.177440
0.963399 0.001176 0.001050 0.000567 0.000042 0.025106 0.008660 1.731928 3240.352514
0.963422 0.001167 0.001051 0.000563 0.000042 0.025093 0.008661 1.732050 3240.514609
0.963431 0.001170 0.001050 0.000565 0.000041 0.025082 0.008661 1.732166 3240.687423
0.963433 0.001173 0.001050 0.000565 0.000040 0.025077 0.008662 1.732282 3241.018359
0.963462 0.001174 0.001043 0.000558 0.000041 0.025059 0.008662 1.732389 3241.131174
0.963462 0.001173 0.001055 0.000565 0.000040 0.025043 0.008663 1.732516 3241.410783
0.963483 0.001172 0.001057 0.000555 0.000040 0.025029 0.008664 1.732631 3241.610828
0.963506 0.001162 0.001065 0.000557 0.000041 0.025004 0.008664 1.732754 3241.840334
0.963524 0.001178 0.001057 0.000555 0.000040 0.024982 0.008665 1.732860 3242.151105
0.963533 0.001179 0.001062 0.000554 0.000042 0.024964 0.008665 1.732977 3242.281599
0.963559 0.001172 0.001058 0.000553 0.000041 0.024953 0.008666 1.733096 3242.397195
0.963566 0.001172 0.001064 0.000549 0.000041 0.024941 0.008666 1.733218 3242.519717
0.963577 0.001169 0.001057 0.000547 0.000042 0.024944 0.008666 1.733330 3242.659815
0.963579 0.001166 0.001067 0.000546 0.000040 0.024935 0.008667 1.733453 3242.910498
0.963583 0.001179 0.001054 0.000542 0.000041 0.024934 0.008667 1.733560 3243.313583
0.963598 0.001191 0.001051 0.000544 0.000041 0.024907 0.008667 1.733665 3243.452134
0.963619 0.001199 0.001051 0.000542 0.000041 0.024880 0.008668 1.733781 3243.653567
0.963627 0.001200 0.001057 0.000551 0.000040 0.024857 0.008669 1.733899 3243.995547
0.963641 0.001202 0.001060 0.000554 0.000039 0.024834 0.008669 1.734014 3244.264474
0.963652 0.001201 0.001063 0.000552 0.000040 0.024821 0.008669 1.734133 3244.379381
0.963664 0.001198 0.001060 0.000556 0.000041 0.024811 0.008670 1.734249 3244.500931
0.963682 0.001186 0.001068 0.000552 0.000042 0.024801 0.008670 1.734370 3244.612952
0.963697 0.001183 0.001068 0.000557 0.000042 0.024782 0.008671 1.734486 3244.763845
0.963716 0.001176 0.001070 0.000561 0.000040 0.024766 0.008672 1.734604 3245.155453
0.963732 0.001179 0.001066 0.000563 0.000039 0.024749 0.008673 1.734723 3245.516776
0.963741 0.001180 0.001062 0.000572 0.000038 0.024735 0.008673 1.734837 3245.662617
0.963736 0.001186 0.001067 0.000569 0.000039 0.024729 0.008674 1.734952 3245.735711
0.963745 0.001192 0.001067 0.000560 0.000039 0.024722 0.008674 1.735067 3246.081397
0.963756 0.001192 0.001062 0.000562 0.000040 0.024715 0.008674 1.735184 3246.185323
0.963767 0.001185 0.001059 0.000565 0.000040 0.024711 0.008675 1.735308 3246.370782
0.963778 0.001190 0.001058 0.000561 0.000039 0.024699 0.008675 1.735422 3246.641539
0.963772 0.001188 0.001059 0.000564 0.000040 0.024702 0.008675 1.735547 3246.815114
0.963782 0.001201 0.001061 0.000559 0.000040 0.024681 0.008675 1.735657 3247.095951
0.963775 0.001217 0.001062 0.000551 0.000040 0.024680 0.008676 1.735767 3247.228937
0.963785 0.001212 0.001070 0.000550 0.000041 0.024666 0.008676 1.735892 3247.400349
0.963781 0.001218 0.001071 0.000544 0.000043 0.024667 0.008677 1.736009 3247.767326
0.963793 0.001220 0.001068 0.000541 0.000042 0.024659 0.008677 1.736126 3248.043658
0.963794 0.001219 0.001067 0.000543 0.000042 0.024657 0.008678 1.736251 3248.140765
0.963797 0.001211 0.001078 0.000554 0.000042 0.024640 0.008678 1.736375 3248.201447
0.963813 0.001209 0.001080 0.000548 0.000041 0.024630 0.008679 1.736494 3248.342273
0.963839 0.001198 0.001088 0.000546 0.000041 0.024609 0.008679 1.736617 3248.748835
0.963833 0.001209 0.001084 0.000545 0.000041 0.024608 0.008680 1.736734 3249.092408
0.963839 0.001208 0.001087 0.000554 0.000042 0.024591 0.008680 1.736855 3249.266654
0.963857 0.001209 0.001086 0.000545 0.000041 0.024582 0.008681 1.736972 3249.431739
0.963853 0.001213 0.001082 0.000542 0.000040 0.024589 0.008682 1.737099 3249.633170
0.963846 0.001217 0.001081 0.000548 0.000042 0.024583 0.008682 1.737216 3249.762217
0.963850 0.001209 0.001077 0.000546 0.000043 0.024593 0.008683 1.737338 3249.984676
0.963854 0.001224 0.001066 0.000548 0.000044 0.024581 0.008683 1.737446 3250.209949
0.963855 0.001233 0.001057 0.000554 0.000044 0.024572 0.008684 1.737559 3250.299991
0.963849 0.001234 0.001061 0.000554 0.000044 0.024574 0.008684 1.737682 3250.531648
0.963849 0.001229 0.001070 0.000550 0.000043 0.024573 0.008686 1.737803 3250.819029
0.963855 0.001222 0.001072 0.000556 0.000043 0.024566 0.008686 1.737921 3250.940011
0.963857 0.001215 0.001074 0.000562 0.000043 0.024562 0.008687 1.738042 3251.072440
0.963847 0.001230 0.001069 0.000562 0.000042 0.024563 0.008688 1.738157 3251.271699
0.963852 0.001220 0.001065 0.000565 0.000042 0.024568 0.008688 1.738280 3251.290450
0.963852 0.001218 0.001070 0.000562 0.000045 0.024566 0.008688 1.738404 3251.457888
0.963853 0.001210 0.001072 0.000569 0.000044 0.024563 0.008688 1.738529 3251.689383
0.963861 0.001209 0.001082 0.000566 0.000043 0.024550 0.008690 1.738653 3252.098204
0.963857 0.001215 0.001085 0.000560 0.000044 0.024549 0.008690 1.738768 3252.216271
0.963872 0.001212 0.001083 0.000556 0.000042 0.024543 0.008691 1.738886 3252.477807
0.963870 0.001205 0.001089 0.000559 0.000041 0.024545 0.008691 1.739009 3252.785772
0.963870 0.001199 0.001088 0.000556 0.000042 0.024553 0.008692 1.739130 3253.014233
0.963885 0.001182 0.001092 0.000563 0.000042 0.024545 0.008692 1.739258 3253.125507
0.963898 0.001180 0.001092 0.000570 0.000041 0.024528 0.008692 1.739379 3253.267848
0.963907 0.001168 0.001084 0.000578 0.000042 0.024530 0.008692 1.739501 3253.471839
0.963918 0.001169 0.001074 0.000581 0.000043 0.024523 0.008693 1.739616 3253.558163
0.963922 0.001170 0.001078 0.000571 0.000045 0.024520 0.008693 1.739730 3253.592337
0.963936 0.001170 0.001075 0.000568 0.000044 0.024513 0.008693 1.739842 3253.746685
0.963940 0.001183 0.001063 0.000567 0.000044 0.024509 0.008695 1.739952 3253.890768
0.963948 0.001182 0.001062 0.000570 0.000044 0.024500 0.008696 1.740066 3254.115953
0.963946 0.001169 0.001074 0.000566 0.000045 0.024504 0.008696 1.740188 3254.324673
0.963955 0.001176 0.001073 0.000569 0.000046 0.024486 0.008696 1.740298 3254.585782
0.963957 0.001173 0.001072 0.000567 0.000047 0.024489 0.008696 1.740416 3254.718225
0.963963 0.001175 0.001070 0.000567 0.000047 0.024481 0.008696 1.740525 3254.799931
0.963985 0.001155 0.001076 0.000569 0.000047 0.024470 0.008698 1.740647 3255.105997
0.963992 0.001150 0.001080 0.000569 0.000048 0.024462 0.008699 1.740764 3255.320036
0.963991 0.001152 0.001078 0.000575 0.000047 0.024458 0.008700 1.740876 3255.420088
0.963985 0.001149 0.001083 0.000572 0.000046 0.024464 0.008700 1.740994 3255.649013
0.963987 0.001148 0.001085 0.000573 0.000045 0.024462 0.008701 1.741109 3256.011279
0.963979 0.001158 0.001085 0.000567 0.000045 0.024465 0.008702 1.741224 3256.233053
0.963971 0.001160 0.001076 0.000565 0.000045 0.024480 0.008703 1.741341 3256.492623
0.963975 0.001163 0.001076 0.000569 0.000046 0.024468 0.008704 1.741457 3256.582389
0.963978 0.001160 0.001077 0.000570 0.000047 0.024464 0.008704 1.741573 3256.846397
0.963979 0.001164 0.001073 0.000577 0.000047 0.024457 0.008704 1.741687 3256.922606
0.963984 0.001158 0.001071 0.000583 0.000046 0.024453 0.008704 1.741808 3257.353833
0.963981 0.001163 0.001063 0.000590 0.000045 0.024452 0.008706 1.741919 3257.801364
0.963995 0.001156 0.001059 0.000592 0.000045 0.024448 0.008706 1.742035 3257.990223
0.964003 0.001156 0.001052 0.000580 0.000046 0.024457 0.008706 1.742140 3258.143209
0.964005 0.001156 0.001053 0.000585 0.000046 0.024447 0.008707 1.742259 3258.261689
0.964013 0.001158 0.001050 0.000580 0.000046 0.024446 0.008707 1.742370 3258.510469
0.964034 0.001146 0.001052 0.000582 0.000045 0.024433 0.008708 1.742486 3258.762864
0.964034 0.001149 0.001049 0.000584 0.000045 0.024431 0.008709 1.742601 3258.899276
0.964047 0.001148 0.001037 0.000584 0.000046 0.024429 0.008709 1.742709 3259.105048
0.964061 0.001139 0.001038 0.000575 0.000047 0.024431 0.008709 1.742821 3259.248181
0.964074 0.001141 0.001038 0.000572 0.000047 0.024419 0.008710 1.742931 3259.360931
0.964083 0.001141 0.001037 0.000572 0.000046 0.024410 0.008711 1.743046 3259.569801
0.964082 0.001151 0.001033 0.000575 0.000046 0.024401 0.008712 1.743156 3259.800023
0.964082 0.001161 0.001029 0.000572 0.000044 0.024399 0.008713 1.743265 3260.167843
0.964088 0.001153 0.001035 0.000569 0.000044 0.024398 0.008714 1.743386 3260.307923
0.964097 0.001155 0.001033 0.000570 0.000045 0.024388 0.008714 1.743495 3260.329955
0.964123 0.001143 0.001022 0.000567 0.000044 0.024387 0.008714 1.743605 3260.502091
0.964126 0.001144 0.001027 0.000562 0.000043 0.024384 0.008714 1.743720 3260.701748
0.964139 0.001142 0.001032 0.000554 0.000043 0.024375 0.008715 1.743834 3261.131021
0.964138 0.001149 0.001027 0.000546 0.000042 0.024382 0.008715 1.743938 3261.445162
0.964133 0.001151 0.001030 0.000548 0.000041 0.024381 0.008717 1.744053 3261.821799
0.964127 0.001160 0.001036 0.000538 0.000040 0.024380 0.008718 1.744168 3262.620358
0.964128 0.001166 0.001032 0.000542 0.000040 0.024374 0.008719 1.744280 3262.736338
0.964129 0.001168 0.001048 0.000541 0.000039 0.024355 0.008719 1.744400 3262.977408
0.964119 0.001173 0.001040 0.000537 0.000040 0.024372 0.008719 1.744515 3263.056083
0.964116 0.001174 0.001048 0.000539 0.000040 0.024363 0.008720 1.744632 3263.337887
0.964120 0.001183 0.001043 0.000540 0.000039 0.024355 0.008720 1.744743 3263.626380
0.964122 0.001184 0.001051 0.000539 0.000038 0.024346 0.008721 1.744857 3263.941071
0.964121 0.001179 0.001057 0.000542 0.000038 0.024343 0.008721 1.744976 3264.232088
0.964131 0.001182 0.001046 0.000540 0.000039 0.024340 0.008721 1.745087 3264.370065
0.964131 0.001172 0.001057 0.000535 0.000038 0.024345 0.008722 1.745208 3264.634367
0.964137 0.001170 0.001057 0.000543 0.000037 0.024333 0.008723 1.745320 3265.090886
0.964125 0.001175 0.001067 0.000542 0.000037 0.024330 0.008724 1.745441 3265.241298
0.964135 0.001171 0.001069 0.000543 0.000038 0.024320 0.008725 1.745560 3265.420583
0.964119 0.001183 0.001068 0.000536 0.000039 0.024331 0.008725 1.745673 3265.594481
0.964108 0.001192 0.001076 0.000532 0.000038 0.024328 0.008726 1.745786 3265.817657
0.964104 0.001197 0.001070 0.000537 0.000037 0.024329 0.008726 1.745898 3266.097048
0.964086 0.001195 0.001059 0.000537 0.000037 0.024360 0.008727 1.746022 3266.191719
0.964082 0.001188 0.001064 0.000537 0.000037 0.024364 0.008727 1.746144 3266.509032
0.964089 0.001183 0.001073 0.000542 0.000036 0.024349 0.008728 1.746262 3266.924380
0.964098 0.001176 0.001064 0.000551 0.000036 0.024348 0.008728 1.746383 3267.024950
0.964090 0.001170 0.001065 0.000562 0.000036 0.024349 0.008728 1.746503 3267.227179
0.964093 0.001166 0.001066 0.000560 0.000038 0.024348 0.008729 1.746618 3267.326216
0.964088 0.001161 0.001070 0.000554 0.000037 0.024361 0.008730 1.746737 3267.448060
0.964090 0.001153 0.001073 0.000561 0.000037 0.024356 0.008730 1.746862 3267.564569
0.964097 0.001160 0.001062 0.000566 0.000036 0.024350 0.008730 1.746970 3267.875459
0.964093 0.001160 0.001053 0.000564 0.000037 0.024363 0.008731 1.747083 3267.988397
0.964098 0.001161 0.001041 0.000563 0.000036 0.024370 0.008731 1.747193 3268.168508
0.964100 0.001156 0.001037 0.000568 0.000036 0.024372 0.008731 1.747305 3268.237197
0.964096 0.001160 0.001040 0.000564 0.000035 0.024374 0.008731 1.747418 3268.502620
0.964095 0.001160 0.001048 0.000568 0.000036 0.024362 0.008731 1.747534 3268.632648
0.964089 0.001158 0.001054 0.000563 0.000036 0.024367 0.008732 1.747651 3268.833206
0.964105 0.001145 0.001060 0.000563 0.000036 0.024358 0.008733 1.747768 3269.026125
0.964115 0.001148 0.001063 0.000562 0.000037 0.024342 0.008733 1.747882 3269.191472
0.964112 0.001150 0.001063 0.000568 0.000039 0.024334 0.008733 1.747998 3269.233471
0.964124 0.001139 0.001057 0.000573 0.000039 0.024334 0.008733 1.748113 3269.329255
0.964131 0.001137 0.001051 0.000568 0.000039 0.024339 0.008733 1.748229 3269.456988
0.964133 0.001140 0.001050 0.000567 0.000039 0.024337 0.008734 1.748340 3269.623309
0.964135 0.001151 0.001046 0.000558 0.000039 0.024337 0.008734 1.748444 3269.842302
0.964141 0.001150 0.001048 0.000554 0.000039 0.024333 0.008735 1.748560 3270.080296
0.964152 0.001148 0.001046 0.000554 0.000037 0.024327 0.008736 1.748674 3270.258827
0.964147 0.001163 0.001040 0.000560 0.000036 0.024318 0.008736 1.748781 3270.556592
0.964139 0.001172 0.001038 0.000571 0.000036 0.024307 0.008737 1.748891 3270.683709
0.964146 0.001161 0.001040 0.000573 0.000037 0.024306 0.008738 1.749013 3270.856134
0.964150 0.001150 0.001043 0.000578 0.000037 0.024303 0.008739 1.749135 3271.111976
0.964147 0.001160 0.001036 0.000576 0.000039 0.024302 0.008740 1.749245 3271.360187
0.964143 0.001160 0.001033 0.000569 0.000039 0.024317 0.008740 1.749360 3271.479622
0.964139 0.001171 0.001032 0.000571 0.000041 0.024306 0.008740 1.749471 3271.626096
0.964146 0.001160 0.001036 0.000581 0.000042 0.024294 0.008741 1.749593 3271.823710
0.964147 0.001160 0.001041 0.000573 0.000041 0.024296 0.008742 1.749707 3272.007308
0.964145 0.001170 0.001042 0.000571 0.000041 0.024289 0.008743 1.749821 3272.098813
0.964138 0.001176 0.001046 0.000558 0.000040 0.024298 0.008744 1.749937 3272.358248
0.964136 0.001164 0.001047 0.000559 0.000040 0.024310 0.008744 1.750056 3272.408585
0.964134 0.001169 0.001051 0.000557 0.000041 0.024303 0.008745 1.750168 3272.454601
0.964134 0.001163 0.001052 0.000560 0.000039 0.024306 0.008747 1.750286 3272.894709
0.964141 0.001166 0.001045 0.000560 0.000041 0.024301 0.008747 1.750396 3272.961386
0.964134 0.001181 0.001045 0.000553 0.000041 0.024299 0.008747 1.750503 3273.175742
0.964131 0.001170 0.001039 0.000562 0.000040 0.024311 0.008747 1.750620 3273.449439
0.964136 0.001183 0.001041 0.000554 0.000041 0.024297 0.008748 1.750725 3273.550236
0.964119 0.001179 0.001052 0.000558 0.000040 0.024303 0.008748 1.750853 3274.013579
0.964118 0.001176 0.001058 0.000553 0.000039 0.024308 0.008749 1.750967 3274.509965
0.964113 0.001180 0.001052 0.000555 0.000039 0.024311 0.008750 1.751078 3274.549398
0.964121 0.001177 0.001046 0.000560 0.000040 0.024307 0.008750 1.751192 3274.658483
0.964112 0.001189 0.001046 0.000562 0.000039 0.024303 0.008750 1.751303 3274.855846
0.964111 0.001184 0.001048 0.000561 0.000038 0.024308 0.008751 1.751422 3275.034774
0.964099 0.001190 0.001045 0.000555 0.000039 0.024320 0.008751 1.751534 3275.259860
0.964096 0.001195 0.001042 0.000554 0.000039 0.024323 0.008751 1.751646 3275.425880
0.964088 0.001198 0.001046 0.000553 0.000039 0.024324 0.008752 1.751765 3275.815311
0.964103 0.001195 0.001041 0.000545 0.000039 0.024324 0.008753 1.751878 3276.133510
0.964087 0.001191 0.001035 0.000548 0.000038 0.024348 0.008754 1.751996 3276.331413
0.964080 0.001191 0.001035 0.000556 0.000039 0.024345 0.008754 1.752114 3276.389910
0.964087 0.001185 0.001040 0.000559 0.000039 0.024336 0.008755 1.752231 3276.720519
0.964081 0.001183 0.001046 0.000556 0.000040 0.024339 0.008755 1.752351 3276.786750
0.964085 0.001184 0.001057 0.000549 0.000040 0.024329 0.008756 1.752470 3276.872010
0.961604 0.001183 0.001060 0.000547 0.000041 0.024332 0.008733 1.748203 3267.960093
0.961606 0.001186 0.001063 0.000544 0.000043 0.024325 0.008733 1.748314 3268.063935
0.961595 0.001202 0.001062 0.000544 0.000043 0.024320 0.008734 1.748428 3268.377090
0.961588 0.001202 0.001064 0.000551 0.000043 0.024318 0.008735 1.748551 3268.533935
0.961587 0.001206 0.001067 0.000548 0.000043 0.024314 0.008735 1.748662 3268.620639
0.961579 0.001214 0.001061 0.000551 0.000042 0.024317 0.008736 1.748773 3269.010545
0.961583 0.001205 0.001069 0.000551 0.000041 0.024314 0.008737 1.748894 3269.153855
0.961593 0.001201 0.001066 0.000552 0.000040 0.024311 0.008738 1.749012 3269.392617
0.961595 0.001191 0.001059 0.000561 0.000039 0.024317 0.008738 1.749134 3269.487869
0.961603 0.001182 0.001061 0.000562 0.000040 0.024313 0.008739 1.749257 3269.522455
0.961613 0.001181 0.001060 0.000561 0.000040 0.024307 0.008739 1.749369 3269.779281
0.961610 0.001185 0.001061 0.000559 0.000040 0.024305 0.008739 1.749484 3269.916463
0.961606 0.001190 0.001064 0.000556 0.000040 0.024305 0.008740 1.749597 3270.468401
0.961602 0.001199 0.001053 0.000560 0.000040 0.024305 0.008740 1.749704 3270.764291
0.961592 0.001199 0.001059 0.000560 0.000039 0.024309 0.008741 1.749823 3270.928877
0.961598 0.001196 0.001066 0.000553 0.000040 0.024307 0.008741 1.749935 3271.040792
0.961605 0.001193 0.001069 0.000556 0.000040 0.024297 0.008741 1.750051 3271.220501
0.961607 0.001194 0.001063 0.000554 0.000039 0.024301 0.008742 1.750166 3271.597453
0.961596 0.001195 0.001061 0.000559 0.000039 0.024307 0.008743 1.750286 3271.727466
0.961594 0.001196 0.001057 0.000560 0.000040 0.024311 0.008743 1.750397 3271.922674
0.961581 0.001198 0.001057 0.000560 0.000040 0.024321 0.008744 1.750518 3272.281992
0.961579 0.001187 0.001065 0.000566 0.000040 0.024317 0.008745 1.750642 3272.406897
0.961580 0.001189 0.001059 0.000570 0.000041 0.024316 0.008746 1.750757 3272.561242
0.961580 0.001202 0.001060 0.000565 0.000041 0.024307 0.008746 1.750870 3272.710575
0.961576 0.001197 0.001062 0.000566 0.000041 0.024313 0.008746 1.750990 3272.844039
0.961571 0.001200 0.001063 0.000557 0.000040 0.024322 0.008747 1.751104 3273.040746
0.961580 0.001188 0.001062 0.000557 0.000040 0.024327 0.008747 1.751227 3273.185981
0.961570 0.001201 0.001056 0.000552 0.000040 0.024334 0.008747 1.751333 3273.360180
0.961565 0.001198 0.001067 0.000547 0.000041 0.024336 0.008748 1.751450 3273.597568
0.961550 0.001201 0.001072 0.000552 0.000042 0.024335 0.008748 1.751567 3273.680773
0.961553 0.001197 0.001073 0.000547 0.000042 0.024339 0.008748 1.751681 3273.833320
0.961538 0.001204 0.001073 0.000552 0.000044 0.024341 0.008748 1.751800 3273.911728
0.961535 0.001201 0.001086 0.000554 0.000044 0.024330 0.008749 1.751922 3274.003884
0.961523 0.001202 0.001090 0.000549 0.000045 0.024342 0.008749 1.752040 3274.130980
0.961525 0.001193 0.001094 0.000548 0.000045 0.024345 0.008750 1.752164 3274.254426
0.961529 0.001187 0.001095 0.000545 0.000044 0.024351 0.008750 1.752290 3274.372101
0.961531 0.001184 0.001086 0.000550 0.000043 0.024356 0.008750 1.752406 3274.586018
0.961534 0.001185 0.001090 0.000552 0.000043 0.024345 0.008752 1.752522 3274.738419
0.961533 0.001168 0.001099 0.000557 0.000041 0.024348 0.008753 1.752652 3274.972546
0.961541 0.001171 0.001094 0.000554 0.000042 0.024344 0.008753 1.752763 3275.082190
0.961562 0.001151 0.001105 0.000551 0.000042 0.024336 0.008754 1.752883 3275.268898
0.961576 0.001152 0.001099 0.000544 0.000041 0.024333 0.008754 1.752988 3275.650698
0.961581 0.001152 0.001093 0.000540 0.000040 0.024338 0.008755 1.753099 3275.936878
0.961579 0.001156 0.001097 0.000539 0.000041 0.024333 0.008756 1.753209 3276.123373
0.961579 0.001153 0.001097 0.000543 0.000042 0.024330 0.008756 1.753325 3276.313436
0.961585 0.001156 0.001101 0.000536 0.000042 0.024324 0.008757 1.753434 3276.488106
0.961583 0.001153 0.001103 0.000539 0.000044 0.024321 0.008757 1.753552 3276.645795
0.961585 0.001154 0.001100 0.000535 0.000046 0.024322 0.008758 1.753665 3276.707407
0.961591 0.001161 0.001091 0.000535 0.000045 0.024319 0.008759 1.753777 3277.007391
0.961593 0.001167 0.001083 0.000532 0.000045 0.024320 0.008760 1.753891 3277.250914
0.961587 0.001158 0.001096 0.000544 0.000047 0.024308 0.008760 1.754023 3277.390848
0.961577 0.001152 0.001098 0.000553 0.000048 0.024312 0.008760 1.754146 3277.589795
0.961568 0.001162 0.001093 0.000557 0.000049 0.024311 0.008761 1.754261 3277.746707
0.961566 0.001166 0.001092 0.000555 0.000049 0.024311 0.008761 1.754375 3277.925715
0.961556 0.001178 0.001094 0.000554 0.000048 0.024309 0.008761 1.754484 3278.165650
0.961548 0.001178 0.001094 0.000558 0.000047 0.024314 0.008762 1.754604 3278.302652
0.961545 0.001179 0.001088 0.000554 0.000046 0.024324 0.008763 1.754717 3278.663796
0.961552 0.001188 0.001082 0.000561 0.000047 0.024307 0.008763 1.754826 3278.722181
0.961553 0.001195 0.001077 0.000554 0.000047 0.024311 0.008764 1.754936 3278.898477
0.961542 0.001203 0.001082 0.000558 0.000046 0.024305 0.008764 1.755052 3279.205019
0.961545 0.001187 0.001085 0.000562 0.000046 0.024309 0.008765 1.755179 3279.380139
0.961541 0.001187 0.001081 0.000564 0.000046 0.024315 0.008766 1.755299 3279.673731
0.961537 0.001193 0.001075 0.000572 0.000048 0.024309 0.008766 1.755417 3279.676083
0.961529 0.001195 0.001076 0.000571 0.000046 0.024317 0.008767 1.755533 3280.161838
0.961515 0.001204 0.001079 0.000564 0.000047 0.024324 0.008767 1.755644 3280.437125
0.961502 0.001204 0.001076 0.000564 0.000045 0.024340 0.008768 1.755762 3280.745561
0.961499 0.001199 0.001070 0.000563 0.000044 0.024355 0.008769 1.755877 3281.066429
0.961490 0.001197 0.001077 0.000563 0.000045 0.024359 0.008769 1.755994 3281.237821
0.961491 0.001199 0.001079 0.000561 0.000044 0.024357 0.008770 1.756110 3281.452013
0.961475 0.001208 0.001081 0.000560 0.000044 0.024361 0.008771 1.756228 3281.728675
0.961454 0.001221 0.001090 0.000553 0.000044 0.024368 0.008771 1.756345 3281.859120
0.961447 0.001225 0.001088 0.000561 0.000044 0.024365 0.008771 1.756469 3282.068465
0.961427 0.001221 0.001087 0.000566 0.000044 0.024382 0.008772 1.756594 3282.484369
0.961424 0.001229 0.001075 0.000573 0.000044 0.024383 0.008772 1.756707 3282.683819
0.961404 0.001232 0.001073 0.000575 0.000043 0.024401 0.008772 1.756827 3282.903491
0.961393 0.001238 0.001070 0.000576 0.000043 0.024407 0.008772 1.756937 3282.945518
0.961382 0.001230 0.001068 0.000574 0.000044 0.024430 0.008773 1.757062 3283.078334
0.961372 0.001231 0.001066 0.000573 0.000044 0.024440 0.008773 1.757182 3283.532881
0.961373 0.001236 0.001067 0.000573 0.000043 0.024435 0.008774 1.757296 3283.842870
0.961369 0.001231 0.001078 0.000571 0.000043 0.024433 0.008774 1.757423 3283.937027
0.961352 0.001226 0.001086 0.000577 0.000043 0.024442 0.008774 1.757552 3284.159828
0.961349 0.001224 0.001084 0.000574 0.000043 0.024452 0.008775 1.757671 3284.399368
0.961359 0.001214 0.001089 0.000573 0.000042 0.024447 0.008775 1.757789 3284.650933
0.961343 0.001208 0.001097 0.000571 0.000042 0.024463 0.008776 1.757919 3284.787782
0.961354 0.001200 0.001096 0.000570 0.000042 0.024462 0.008776 1.758037 3285.039253
0.961367 0.001192 0.001092 0.000568 0.000042 0.024462 0.008777 1.758154 3285.223687
0.961364 0.001195 0.001086 0.000564 0.000044 0.024471 0.008777 1.758269 3285.458565
0.961349 0.001188 0.001091 0.000564 0.000044 0.024486 0.008778 1.758396 3285.828427
0.961348 0.001191 0.001091 0.000559 0.000044 0.024488 0.008779 1.758510 3286.161405
0.961345 0.001207 0.001082 0.000557 0.000044 0.024485 0.008780 1.758616 3286.731054
0.961340 0.001205 0.001086 0.000554 0.000043 0.024491 0.008781 1.758738 3287.163477
0.961325 0.001212 0.001082 0.000554 0.000043 0.024503 0.008781 1.758853 3287.266751
0.961320 0.001215 0.001080 0.000559 0.000041 0.024503 0.008782 1.758969 3287.726308
0.961313 0.001214 0.001088 0.000559 0.000040 0.024503 0.008782 1.759091 3287.836918
0.961300 0.001219 0.001088 0.000561 0.000040 0.024510 0.008782 1.759211 3287.962792
0.961315 0.001206 0.001096 0.000563 0.000040 0.024497 0.008783 1.759336 3288.125043
0.961310 0.001203 0.001092 0.000562 0.000041 0.024508 0.008784 1.759455 3288.263454
0.961299 0.001200 0.001089 0.000559 0.000041 0.024529 0.008784 1.759575 3288.404824
0.961297 0.001198 0.001092 0.000557 0.000042 0.024529 0.008784 1.759693 3288.427707
0.961294 0.001207 0.001090 0.000559 0.000041 0.024523 0.008786 1.759809 3288.888505
0.961294 0.001200 0.001085 0.000565 0.000041 0.024528 0.008786 1.759925 3288.993741
0.961291 0.001187 0.001091 0.000570 0.000040 0.024534 0.008787 1.760050 3289.188839
0.961293 0.001188 0.001085 0.000565 0.000041 0.024541 0.008787 1.760165 3289.599357
0.961297 0.001189 0.001081 0.000557 0.000041 0.024548 0.008788 1.760272 3289.695335
0.961290 0.001192 0.001072 0.000561 0.000041 0.024557 0.008788 1.760384 3289.840125
0.961301 0.001185 0.001072 0.000554 0.000042 0.024558 0.008789 1.760498 3289.913896
0.961307 0.001177 0.001069 0.000551 0.000042 0.024564 0.008789 1.760613 3290.115555
0.961300 0.001186 0.001062 0.000549 0.000043 0.024572 0.008789 1.760725 3290.480002
0.961295 0.001187 0.001064 0.000551 0.000042 0.024570 0.008790 1.760843 3290.618830
0.961285 0.001195 0.001071 0.000553 0.000041 0.024564 0.008791 1.760953 3291.030043
0.961277 0.001187 0.001074 0.000558 0.000041 0.024571 0.008792 1.761075 3291.268352
0.961269 0.001193 0.001076 0.000554 0.000041 0.024574 0.008792 1.761185 3291.420859
0.958806 0.001176 0.001081 0.000561 0.000042 0.024560 0.008775 1.756895 3283.504386
0.958812 0.001170 0.001074 0.000558 0.000043 0.024568 0.008775 1.757007 3283.635000
0.958814 0.001164 0.001070 0.000553 0.000043 0.024580 0.008776 1.757123 3283.756932
0.958811 0.001157 0.001070 0.000555 0.000043 0.024587 0.008777 1.757241 3283.884602
0.958801 0.001146 0.001079 0.000560 0.000042 0.024593 0.008778 1.757368 3284.180593
0.958808 0.001144 0.001071 0.000562 0.000041 0.024595 0.008780 1.757475 3284.521766
0.958797 0.001137 0.001077 0.000565 0.000042 0.024601 0.008780 1.757597 3284.710262
0.958793 0.001148 0.001076 0.000563 0.000042 0.024598 0.008780 1.757707 3284.792090
0.958802 0.001157 0.001069 0.000569 0.000040 0.024583 0.008781 1.757815 3285.044843
0.958797 0.001154 0.001071 0.000570 0.000041 0.024587 0.008781 1.757929 3285.057641
0.958800 0.001153 0.001064 0.000567 0.000040 0.024594 0.008782 1.758042 3285.469333
0.958795 0.001149 0.001071 0.000561 0.000041 0.024602 0.008783 1.758160 3285.633583
0.958792 0.001152 0.001069 0.000560 0.000040 0.024604 0.008783 1.758277 3285.946035
0.958785 0.001158 0.001069 0.000558 0.000040 0.024607 0.008783 1.758387 3286.037320
0.958788 0.001163 0.001060 0.000555 0.000041 0.024611 0.008784 1.758494 3286.262048
0.958786 0.001158 0.001059 0.000553 0.000041 0.024620 0.008784 1.758609 3286.385377
0.958779 0.001161 0.001061 0.000552 0.000042 0.024622 0.008784 1.758724 3286.485155
0.958784 0.001158 0.001058 0.000554 0.000042 0.024619 0.008784 1.758839 3286.601359
0.958784 0.001160 0.001048 0.000557 0.000042 0.024625 0.008785 1.758947 3286.813928
0.946477 0.001159 0.001046 0.000551 0.000043 0.024551 0.008672 1.736404 3243.332577
