0.070000 0.036981 0.003357 0.006926 0.001299
0.010000 0.037793 0.003461 0.007132 0.001350
0.090000 0.036939 0.003375 0.007107 0.001288
0.050000 0.037334 0.003445 0.007037 0.001328
0.060000 0.037097 0.003395 0.007012 0.001294
0.030000 0.037492 0.003441 0.007056 0.001315
0.100000 0.036402 0.003343 0.007003 0.001305
0.020000 0.037519 0.003426 0.007092 0.001311
0.080000 0.036854 0.003397 0.006959 0.001323
0.040000 0.037417 0.003428 0.007107 0.001319
0.190000 0.034489 0.003151 0.006700 0.001278
0.150000 0.035558 0.003225 0.006702 0.001280
0.130000 0.036080 0.003281 0.006680 0.001259
0.160000 0.035288 0.003206 0.006642 0.001240
0.200000 0.034086 0.003143 0.006455 0.001222
0.180000 0.034701 0.003186 0.006680 0.001274
0.110000 0.036466 0.003343 0.006993 0.001294
0.120000 0.036303 0.003319 0.006771 0.001313
0.170000 0.034949 0.003164 0.006833 0.001297
0.140000 0.035654 0.003276 0.006798 0.001298
0.260000 0.032664 0.002961 0.006343 0.001250
0.270000 0.032284 0.002974 0.006477 0.001239
0.280000 0.032208 0.002942 0.006289 0.001223
0.240000 0.033222 0.003030 0.006516 0.001247
0.220000 0.033610 0.003065 0.006504 0.001254
0.290000 0.032028 0.002926 0.006288 0.001225
0.300000 0.031754 0.002896 0.006235 0.001217
0.250000 0.032951 0.002995 0.006494 0.001254
0.210000 0.033931 0.003095 0.006573 0.001228
0.230000 0.033350 0.003037 0.006453 0.001202
0.400000 0.029993 0.002788 0.005974 0.001158
0.360000 0.030644 0.002845 0.006080 0.001216
0.330000 0.031193 0.002850 0.006108 0.001192
0.380000 0.030375 0.002788 0.005934 0.001161
0.320000 0.031511 0.002870 0.006180 0.001212
0.310000 0.031663 0.002892 0.006152 0.001233
0.390000 0.030071 0.002774 0.005844 0.001140
0.370000 0.030615 0.002755 0.005947 0.001163
0.340000 0.030922 0.002845 0.006007 0.001196
0.350000 0.030933 0.002831 0.006056 0.001193
0.430000 0.029577 0.002691 0.005761 0.001163
0.500000 0.028351 0.002640 0.005647 0.001133
0.480000 0.028841 0.002657 0.005765 0.001139
0.490000 0.028482 0.002643 0.005650 0.001161
0.420000 0.029643 0.002721 0.005847 0.001139
0.450000 0.029171 0.002681 0.005731 0.001141
0.460000 0.028987 0.002665 0.005739 0.001115
0.470000 0.028920 0.002669 0.005799 0.001146
0.440000 0.029268 0.002678 0.005786 0.001098
0.410000 0.029828 0.002715 0.005817 0.001127
0.520000 0.028154 0.002647 0.005659 0.001182
0.510000 0.028176 0.002624 0.005662 0.001138
0.540000 0.027748 0.002588 0.005599 0.001119
0.600000 0.027004 0.002514 0.005430 0.001137
0.580000 0.027241 0.002559 0.005505 0.001099
0.590000 0.027094 0.002549 0.005452 0.001117
0.570000 0.027437 0.002569 0.005509 0.001132
0.560000 0.027556 0.002567 0.005524 0.001117
0.530000 0.027992 0.002613 0.005642 0.001127
0.550000 0.027727 0.002606 0.005597 0.001128
0.620000 0.026687 0.002517 0.005361 0.001111
0.700000 0.025599 0.002422 0.005287 0.001076
0.680000 0.025908 0.002449 0.005284 0.001095
0.670000 0.026157 0.002471 0.005422 0.001104
0.650000 0.026267 0.002470 0.005351 0.001079
0.640000 0.026330 0.002466 0.005287 0.001085
0.630000 0.026454 0.002484 0.005399 0.001095
0.660000 0.026141 0.002476 0.005340 0.001093
0.610000 0.026799 0.002515 0.005478 0.001109
0.690000 0.025742 0.002419 0.005260 0.001094
0.730000 0.025349 0.002416 0.005214 0.001095
0.760000 0.024886 0.002349 0.005112 0.001064
0.800000 0.024475 0.002327 0.005017 0.001071
0.780000 0.024678 0.002363 0.005057 0.001070
0.720000 0.025433 0.002403 0.005295 0.001079
0.740000 0.025134 0.002390 0.005137 0.001079
0.790000 0.024470 0.002346 0.004996 0.001050
0.770000 0.024721 0.002361 0.005085 0.001071
0.710000 0.025598 0.002408 0.005278 0.001070
0.750000 0.024965 0.002376 0.005122 0.001081
0.880000 0.023394 0.002273 0.004824 0.001040
0.810000 0.024245 0.002339 0.005028 0.001062
0.840000 0.023946 0.002274 0.005005 0.001033
0.870000 0.023607 0.002279 0.004871 0.001032
0.890000 0.023202 0.002255 0.004870 0.001032
0.850000 0.023812 0.002277 0.004919 0.001020
0.860000 0.023772 0.002277 0.004909 0.001034
0.830000 0.024021 0.002322 0.004960 0.001032
0.900000 0.023002 0.002231 0.004798 0.001038
0.820000 0.024096 0.002308 0.004984 0.001041
0.960000 0.022217 0.002188 0.004638 0.001024
0.980000 0.022142 0.002172 0.004613 0.001007
1.000000 0.022105 0.002170 0.004623 0.001005
0.970000 0.022172 0.002171 0.004618 0.001007
0.930000 0.022453 0.002204 0.004680 0.001027
0.990000 0.022108 0.002170 0.004618 0.001002
0.940000 0.022350 0.002173 0.004634 0.001015
0.920000 0.022595 0.002206 0.004723 0.001022
0.910000 0.022827 0.002227 0.004716 0.001033
0.950000 0.022261 0.002170 0.004634 0.001008
