0.090000 0.036559 0.003311 0.006884 0.001298
0.070000 0.036919 0.003361 0.006929 0.001307
0.020000 0.037521 0.003406 0.007116 0.001332
0.080000 0.036554 0.003350 0.006970 0.001324
0.050000 0.037217 0.003388 0.007061 0.001281
0.040000 0.037206 0.003363 0.006993 0.001340
0.060000 0.037131 0.003366 0.007026 0.001311
0.030000 0.037498 0.003395 0.007189 0.001339
0.100000 0.036314 0.003313 0.006867 0.001277
0.010000 0.037805 0.003464 0.007128 0.001336
0.190000 0.035046 0.003201 0.006576 0.001287
0.150000 0.035541 0.003235 0.006575 0.001251
0.110000 0.036079 0.003317 0.006836 0.001279
0.140000 0.035663 0.003246 0.006727 0.001260
0.160000 0.035432 0.003269 0.006640 0.001293
0.170000 0.035573 0.003253 0.006692 0.001282
0.200000 0.034851 0.003160 0.006557 0.001274
0.120000 0.036178 0.003312 0.006655 0.001283
0.180000 0.035186 0.003181 0.006583 0.001288
0.130000 0.036109 0.003278 0.006790 0.001298
0.260000 0.033983 0.003096 0.006433 0.001226
0.220000 0.034576 0.003172 0.006542 0.001252
0.230000 0.034289 0.003180 0.006465 0.001301
0.210000 0.034647 0.003203 0.006564 0.001229
0.240000 0.034190 0.003145 0.006454 0.001230
0.290000 0.033489 0.003073 0.006387 0.001270
0.250000 0.034091 0.003134 0.006461 0.001227
0.270000 0.033750 0.003121 0.006348 0.001234
0.300000 0.033481 0.003075 0.006295 0.001214
0.280000 0.033613 0.003080 0.006380 0.001264
0.360000 0.032375 0.002969 0.006153 0.001189
0.390000 0.031856 0.002924 0.006039 0.001181
0.400000 0.031687 0.002878 0.006040 0.001190
0.350000 0.032554 0.003008 0.006225 0.001238
0.380000 0.032048 0.002993 0.006167 0.001209
0.310000 0.033216 0.003078 0.006361 0.001286
0.320000 0.033054 0.003080 0.006257 0.001267
0.340000 0.032733 0.003052 0.006274 0.001219
0.370000 0.032120 0.002942 0.006204 0.001175
0.330000 0.032840 0.003045 0.006281 0.001205
0.440000 0.031098 0.002864 0.006046 0.001180
0.460000 0.030812 0.002869 0.006006 0.001193
0.410000 0.031457 0.002909 0.006121 0.001238
0.500000 0.030204 0.002799 0.005900 0.001176
0.430000 0.031256 0.002877 0.006050 0.001183
0.450000 0.030847 0.002808 0.005931 0.001167
0.420000 0.031409 0.002888 0.006003 0.001218
0.490000 0.030051 0.002788 0.005812 0.001133
0.480000 0.030267 0.002805 0.005869 0.001174
0.470000 0.030546 0.002852 0.005948 0.001186
0.590000 0.028488 0.002652 0.005688 0.001154
0.550000 0.029244 0.002725 0.005703 0.001164
0.520000 0.029687 0.002734 0.005761 0.001144
0.540000 0.029433 0.002728 0.005788 0.001124
0.600000 0.028428 0.002669 0.005733 0.001125
0.580000 0.028671 0.002653 0.005666 0.001131
0.570000 0.028917 0.002710 0.005666 0.001149
0.560000 0.029093 0.002693 0.005723 0.001118
0.510000 0.029869 0.002765 0.005809 0.001216
0.530000 0.029672 0.002786 0.005809 0.001170
0.670000 0.027171 0.002556 0.005436 0.001105
0.620000 0.028054 0.002632 0.005570 0.001123
0.680000 0.026897 0.002534 0.005408 0.001120
0.660000 0.027417 0.002558 0.005488 0.001122
0.700000 0.026648 0.002474 0.005370 0.001074
0.690000 0.026778 0.002534 0.005377 0.001085
0.640000 0.027676 0.002600 0.005508 0.001144
0.630000 0.027865 0.002605 0.005527 0.001153
0.610000 0.028237 0.002624 0.005577 0.001132
0.650000 0.027486 0.002562 0.005492 0.001096
0.750000 0.025779 0.002446 0.005256 0.001067
0.710000 0.026500 0.002511 0.005300 0.001110
0.770000 0.025490 0.002397 0.005179 0.001079
0.740000 0.025995 0.002459 0.005299 0.001071
0.730000 0.026117 0.002459 0.005289 0.001061
0.720000 0.026334 0.002444 0.005294 0.001076
0.790000 0.024923 0.002383 0.005065 0.001063
0.800000 0.024902 0.002374 0.005004 0.001030
0.780000 0.025233 0.002376 0.005141 0.001058
0.760000 0.025634 0.002431 0.005228 0.001085
0.870000 0.023636 0.002282 0.004859 0.001032
0.900000 0.023002 0.002231 0.004798 0.001038
0.890000 0.023202 0.002255 0.004870 0.001032
0.850000 0.023964 0.002280 0.004932 0.001033
0.840000 0.024211 0.002274 0.004906 0.001046
0.810000 0.024703 0.002350 0.005045 0.001031
0.880000 0.023392 0.002270 0.004829 0.001039
0.830000 0.024360 0.002312 0.004950 0.001053
0.820000 0.024532 0.002341 0.005064 0.001068
0.860000 0.023798 0.002298 0.004896 0.001032
0.950000 0.022261 0.002170 0.004634 0.001008
1.000000 0.022105 0.002170 0.004623 0.001005
0.960000 0.022217 0.002188 0.004638 0.001024
0.990000 0.022108 0.002170 0.004618 0.001002
0.920000 0.022595 0.002206 0.004723 0.001022
0.930000 0.022453 0.002204 0.004680 0.001027
0.980000 0.022142 0.002172 0.004613 0.001007
0.910000 0.022827 0.002227 0.004716 0.001033
0.970000 0.022172 0.002171 0.004618 0.001007
0.940000 0.022350 0.002173 0.004634 0.001015
