0.040000 0.037186 0.003376 0.006995 0.000886
0.010000 0.039335 0.003685 0.007347 0.000933
0.050000 0.036426 0.003353 0.006839 0.000866
0.070000 0.035351 0.003183 0.006628 0.000839
0.030000 0.037872 0.003530 0.007091 0.000934
0.090000 0.034807 0.003156 0.006515 0.000843
0.060000 0.035594 0.003237 0.006626 0.000857
0.100000 0.034472 0.003096 0.006453 0.000832
0.080000 0.034998 0.003169 0.006572 0.000829
0.020000 0.038820 0.003672 0.007249 0.000928
0.130000 0.033507 0.003051 0.006296 0.000825
0.160000 0.032348 0.002939 0.006066 0.000812
0.180000 0.031759 0.002895 0.005957 0.000771
0.120000 0.033714 0.003058 0.006348 0.000851
0.170000 0.031866 0.002886 0.005971 0.000782
0.140000 0.032999 0.003009 0.006164 0.000811
0.150000 0.032801 0.002989 0.006144 0.000792
0.190000 0.031472 0.002913 0.005972 0.000783
0.110000 0.034128 0.003056 0.006432 0.000795
0.200000 0.031116 0.002828 0.005846 0.000773
0.220000 0.030780 0.002844 0.005817 0.000794
0.260000 0.030262 0.002837 0.005697 0.000756
0.230000 0.030641 0.002870 0.005737 0.000770
0.250000 0.030433 0.002808 0.005749 0.000781
0.290000 0.030015 0.002827 0.005626 0.000740
0.270000 0.030227 0.002812 0.005707 0.000736
0.280000 0.030197 0.002819 0.005707 0.000735
0.300000 0.030089 0.002785 0.005665 0.000712
0.240000 0.030472 0.002828 0.005704 0.000754
0.210000 0.030966 0.002866 0.005819 0.000780
0.390000 0.029147 0.002740 0.005532 0.000749
0.360000 0.029426 0.002767 0.005540 0.000752
0.330000 0.029744 0.002761 0.005565 0.000765
0.380000 0.029160 0.002732 0.005467 0.000762
0.320000 0.029678 0.002803 0.005627 0.000777
0.400000 0.029031 0.002712 0.005479 0.000732
0.370000 0.029444 0.002775 0.005547 0.000760
0.350000 0.029450 0.002723 0.005581 0.000753
0.310000 0.029773 0.002783 0.005622 0.000747
0.340000 0.029557 0.002743 0.005551 0.000723
0.420000 0.028870 0.002726 0.005468 0.000756
0.480000 0.028549 0.002708 0.005407 0.000747
0.410000 0.029038 0.002723 0.005493 0.000737
0.430000 0.028908 0.002708 0.005486 0.000719
0.500000 0.028369 0.002709 0.005348 0.000755
0.440000 0.028795 0.002734 0.005403 0.000738
0.470000 0.028560 0.002738 0.005380 0.000748
0.450000 0.028692 0.002710 0.005350 0.000738
0.490000 0.028335 0.002689 0.005368 0.000735
0.460000 0.028687 0.002705 0.005442 0.000741
0.530000 0.028076 0.002668 0.005324 0.000717
0.590000 0.027653 0.002691 0.005262 0.000739
0.570000 0.027682 0.002685 0.005263 0.000741
0.510000 0.028242 0.002707 0.005312 0.000726
0.600000 0.027305 0.002657 0.005582 0.000744
0.560000 0.027812 0.002699 0.005298 0.000734
0.520000 0.028212 0.002697 0.005355 0.000745
0.580000 0.027733 0.002717 0.005255 0.000732
0.550000 0.028022 0.002682 0.005287 0.000750
0.540000 0.028013 0.002709 0.005339 0.000736
0.650000 0.026726 0.002604 0.005796 0.000756
0.700000 0.026504 0.002604 0.005411 0.000745
0.620000 0.027017 0.002634 0.005841 0.000770
0.640000 0.026964 0.002657 0.005850 0.000781
0.670000 0.026641 0.002592 0.005771 0.000777
0.660000 0.026703 0.002640 0.005781 0.000772
0.630000 0.026980 0.002625 0.005866 0.000792
0.690000 0.026554 0.002668 0.005424 0.000762
0.680000 0.026462 0.002587 0.005765 0.000762
0.610000 0.027082 0.002641 0.005842 0.000768
0.800000 0.025621 0.002576 0.005258 0.000752
0.780000 0.025843 0.002587 0.005279 0.000743
0.770000 0.025900 0.002594 0.005319 0.000746
0.760000 0.026018 0.002635 0.005325 0.000746
0.710000 0.026514 0.002644 0.005435 0.000754
0.790000 0.025615 0.002552 0.005233 0.000753
0.720000 0.026326 0.002604 0.005374 0.000741
0.740000 0.026210 0.002619 0.005343 0.000760
0.730000 0.026249 0.002599 0.005386 0.000757
0.750000 0.026145 0.002613 0.005360 0.000738
0.880000 0.024680 0.002509 0.004741 0.000710
0.900000 0.024194 0.002461 0.004634 0.000700
0.890000 0.024511 0.002488 0.004689 0.000698
0.810000 0.025486 0.002594 0.005202 0.000733
0.830000 0.025286 0.002553 0.005181 0.000735
0.850000 0.025175 0.002528 0.004807 0.000725
0.870000 0.024807 0.002541 0.004794 0.000717
0.860000 0.025079 0.002567 0.004831 0.000734
0.840000 0.025328 0.002555 0.004842 0.000715
0.820000 0.025347 0.002540 0.005199 0.000753
0.950000 0.023502 0.002415 0.004523 0.000694
0.920000 0.023870 0.002448 0.004592 0.000687
1.000000 0.023209 0.002401 0.004777 0.000709
0.930000 0.023695 0.002430 0.004572 0.000693
0.940000 0.023585 0.002424 0.004540 0.000686
0.970000 0.023236 0.002391 0.004778 0.000716
0.990000 0.023195 0.002389 0.004778 0.000705
0.960000 0.023401 0.002409 0.004494 0.000685
0.910000 0.024023 0.002460 0.004621 0.000692
0.980000 0.023210 0.002400 0.004782 0.000710
