0.350689 0.062917 0.055379 0.031671 0.002014 0.491455 0.005875 1.608748 2035.306725
0.351977 0.061708 0.056544 0.030353 0.002001 0.491513 0.005904 1.614831 2047.484428
0.354872 0.059064 0.057374 0.029171 0.002002 0.491590 0.005927 1.620734 2056.861797
0.358625 0.055784 0.057956 0.028030 0.001991 0.491660 0.005955 1.626361 2065.055012
0.363054 0.052135 0.058274 0.026951 0.001983 0.491626 0.005978 1.631739 2075.454460
0.367846 0.048567 0.058276 0.025826 0.001989 0.491499 0.005997 1.636662 2084.569325
0.372942 0.044955 0.058076 0.024756 0.001972 0.491277 0.006022 1.641313 2094.874557
0.378191 0.041534 0.057528 0.023727 0.001946 0.491021 0.006054 1.645592 2105.896797
0.383644 0.038319 0.056712 0.022702 0.001942 0.490604 0.006077 1.649520 2115.554456
0.389201 0.035284 0.055730 0.021727 0.001924 0.490034 0.006099 1.653151 2125.591535
0.394830 0.032442 0.054546 0.020764 0.001907 0.489389 0.006122 1.656489 2134.920494
0.400515 0.029823 0.053203 0.019792 0.001888 0.488631 0.006148 1.659517 2144.724191
0.406186 0.027375 0.051871 0.018904 0.001862 0.487630 0.006172 1.662352 2154.586740
0.412011 0.025100 0.050344 0.018031 0.001833 0.486483 0.006200 1.664937 2164.047310
0.417896 0.023038 0.048706 0.017142 0.001808 0.485186 0.006224 1.667267 2173.619026
0.423733 0.021114 0.047076 0.016282 0.001779 0.483767 0.006247 1.669424 2183.596389
0.429581 0.019343 0.045386 0.015481 0.001749 0.482193 0.006268 1.671399 2192.332835
0.435444 0.017676 0.043779 0.014720 0.001732 0.480358 0.006292 1.673262 2200.924331
0.441262 0.016202 0.042039 0.013951 0.001705 0.478524 0.006316 1.674905 2211.010339
0.447093 0.014843 0.040348 0.013241 0.001675 0.476463 0.006337 1.676433 2220.874313
0.452910 0.013586 0.038666 0.012581 0.001643 0.474257 0.006357 1.677828 2230.246502
0.458660 0.012444 0.036978 0.011931 0.001602 0.472002 0.006382 1.679097 2242.057424
0.464473 0.011393 0.035332 0.011296 0.001569 0.469534 0.006403 1.680264 2251.808068
0.470188 0.010427 0.033737 0.010707 0.001546 0.466975 0.006419 1.681325 2259.812277
0.475978 0.009516 0.032226 0.010156 0.001505 0.464176 0.006444 1.682337 2270.090608
0.481582 0.008718 0.030724 0.009600 0.001473 0.461442 0.006461 1.683230 2279.217197
0.487341 0.007973 0.029275 0.009099 0.001438 0.458396 0.006478 1.684063 2287.859708
0.493031 0.007308 0.027839 0.008573 0.001404 0.455346 0.006498 1.684796 2298.306645
0.498619 0.006691 0.026459 0.008110 0.001369 0.452236 0.006516 1.685484 2307.372406
0.504230 0.006128 0.025144 0.007663 0.001329 0.448968 0.006537 1.686114 2317.675075
0.509753 0.005613 0.023860 0.007248 0.001300 0.445676 0.006550 1.686687 2326.376171
0.515305 0.005146 0.022622 0.006851 0.001272 0.442237 0.006568 1.687205 2333.955004
0.520709 0.004715 0.021449 0.006462 0.001241 0.438838 0.006587 1.687686 2343.284651
0.526157 0.004313 0.020303 0.006101 0.001205 0.435315 0.006606 1.688137 2352.516753
0.531550 0.003955 0.019208 0.005757 0.001176 0.431732 0.006621 1.688545 2360.095539
0.536840 0.003636 0.018162 0.005414 0.001148 0.428162 0.006637 1.688909 2369.173854
0.542137 0.003339 0.017187 0.005088 0.001124 0.424472 0.006653 1.689245 2377.437721
0.547377 0.003067 0.016203 0.004814 0.001092 0.420780 0.006667 1.689556 2385.335736
0.552561 0.002820 0.015300 0.004541 0.001061 0.417034 0.006683 1.689840 2393.764389
0.557704 0.002594 0.014438 0.004286 0.001029 0.413251 0.006697 1.690102 2401.484760
0.562878 0.002380 0.013614 0.004035 0.001002 0.409378 0.006712 1.690346 2409.177633
0.567910 0.002191 0.012839 0.003797 0.000969 0.405566 0.006727 1.690561 2416.680193
0.572907 0.002012 0.012142 0.003584 0.000942 0.401674 0.006740 1.690767 2424.794933
0.577906 0.001842 0.011440 0.003370 0.000910 0.397778 0.006754 1.690958 2432.787580
0.582836 0.001691 0.010770 0.003167 0.000884 0.393886 0.006766 1.691132 2439.955873
0.587742 0.001550 0.010153 0.002985 0.000859 0.389936 0.006776 1.691294 2447.661526
0.592597 0.001437 0.009544 0.002800 0.000833 0.386005 0.006784 1.691434 2454.832053
0.597422 0.001314 0.008996 0.002641 0.000808 0.382021 0.006798 1.691580 2460.982494
0.602089 0.001204 0.008473 0.002477 0.000785 0.378163 0.006810 1.691710 2467.311643
0.606782 0.001112 0.007966 0.002331 0.000758 0.374228 0.006823 1.691819 2475.057200
0.611409 0.001018 0.007504 0.002190 0.000733 0.370312 0.006833 1.691931 2482.057143
0.616007 0.000937 0.007052 0.002051 0.000712 0.366400 0.006842 1.692030 2488.321905
0.620563 0.000866 0.006635 0.001935 0.000690 0.362459 0.006852 1.692121 2493.809565
0.625035 0.000797 0.006232 0.001819 0.000666 0.358588 0.006863 1.692205 2500.240309
0.629435 0.000735 0.005869 0.001720 0.000647 0.354721 0.006872 1.692282 2506.042617
0.633837 0.000679 0.005508 0.001625 0.000626 0.350840 0.006885 1.692350 2513.401278
0.638175 0.000630 0.005180 0.001524 0.000604 0.346995 0.006892 1.692413 2519.404939
0.642450 0.000583 0.004884 0.001428 0.000586 0.343173 0.006897 1.692471 2525.122274
0.646685 0.000541 0.004595 0.001342 0.000567 0.339365 0.006906 1.692526 2531.053438
0.650829 0.000503 0.004305 0.001258 0.000552 0.335642 0.006912 1.692576 2536.406708
0.655044 0.000468 0.004046 0.001175 0.000538 0.331809 0.006919 1.692621 2541.313492
0.659110 0.000433 0.003791 0.001111 0.000519 0.328108 0.006928 1.692664 2547.072233
0.663159 0.000402 0.003545 0.001041 0.000499 0.324418 0.006935 1.692703 2553.053837
0.667199 0.000375 0.003330 0.000971 0.000482 0.320700 0.006943 1.692743 2558.367854
0.671194 0.000349 0.003134 0.000914 0.000466 0.316993 0.006950 1.692778 2563.622017
0.675105 0.000326 0.002934 0.000864 0.000447 0.313366 0.006958 1.692815 2569.061708
0.679000 0.000301 0.002756 0.000813 0.000432 0.309733 0.006966 1.692848 2574.336446
0.682828 0.000282 0.002597 0.000760 0.000418 0.306141 0.006973 1.692874 2578.547364
0.686611 0.000264 0.002434 0.000716 0.000401 0.302596 0.006978 1.692900 2583.934939
0.690391 0.000245 0.002291 0.000675 0.000388 0.299025 0.006984 1.692925 2588.369797
0.694092 0.000234 0.002143 0.000634 0.000376 0.295532 0.006990 1.692945 2592.589288
0.697705 0.000214 0.002018 0.000595 0.000362 0.292110 0.006997 1.692969 2597.160310
0.701305 0.000202 0.001904 0.000558 0.000351 0.288678 0.007001 1.692988 2601.313219
0.704899 0.000188 0.001781 0.000520 0.000341 0.285264 0.007007 1.693008 2605.261792
0.708416 0.000179 0.001673 0.000486 0.000330 0.281905 0.007011 1.693022 2609.223306
0.711897 0.000171 0.001568 0.000454 0.000316 0.278578 0.007017 1.693036 2612.910809
0.715343 0.000161 0.001479 0.000426 0.000306 0.275265 0.007020 1.693050 2616.313556
0.718765 0.000149 0.001388 0.000394 0.000298 0.271981 0.007025 1.693066 2619.548923
0.722082 0.000138 0.001294 0.000369 0.000284 0.268803 0.007030 1.693080 2624.473512
0.725442 0.000130 0.001216 0.000345 0.000274 0.265559 0.007034 1.693094 2628.133627
0.728669 0.000119 0.001142 0.000325 0.000264 0.262443 0.007039 1.693108 2631.845326
0.731937 0.000111 0.001071 0.000304 0.000254 0.259281 0.007043 1.693121 2635.694392
0.735192 0.000101 0.001005 0.000288 0.000246 0.256124 0.007045 1.693133 2637.798353
0.738386 0.000093 0.000935 0.000270 0.000241 0.253031 0.007046 1.693144 2639.822901
0.741509 0.000091 0.000876 0.000251 0.000232 0.249991 0.007050 1.693150 2643.216862
0.744582 0.000083 0.000825 0.000234 0.000222 0.247000 0.007055 1.693161 2647.359140
0.747666 0.000079 0.000777 0.000223 0.000213 0.243984 0.007058 1.693169 2650.690180
0.750697 0.000074 0.000729 0.000210 0.000206 0.241022 0.007061 1.693176 2653.023189
0.753706 0.000066 0.000687 0.000197 0.000203 0.238077 0.007063 1.693184 2654.250437
0.756673 0.000059 0.000647 0.000185 0.000194 0.235176 0.007067 1.693193 2657.509394
0.759627 0.000055 0.000606 0.000173 0.000188 0.232282 0.007070 1.693198 2659.838105
0.762484 0.000051 0.000572 0.000163 0.000180 0.229477 0.007073 1.693204 2662.660905
0.765353 0.000048 0.000533 0.000154 0.000173 0.226663 0.007075 1.693208 2664.991073
0.768134 0.000045 0.000500 0.000143 0.000167 0.223934 0.007078 1.693214 2667.091186
0.770991 0.000040 0.000465 0.000135 0.000160 0.221128 0.007081 1.693220 2669.911181
0.773725 0.000035 0.000436 0.000128 0.000154 0.218441 0.007082 1.693226 2672.751483
0.776444 0.000033 0.000406 0.000120 0.000145 0.215767 0.007084 1.693230 2676.152557
0.779146 0.000030 0.000385 0.000112 0.000141 0.213100 0.007086 1.693233 2678.069420
0.781842 0.000029 0.000360 0.000106 0.000138 0.210437 0.007087 1.693236 2679.558766
0.784454 0.000028 0.000333 0.000097 0.000135 0.207865 0.007089 1.693239 2681.168250
0.787009 0.000028 0.000307 0.000089 0.000129 0.205346 0.007092 1.693240 2683.561035
0.789563 0.000028 0.000287 0.000084 0.000124 0.202819 0.007095 1.693242 2685.436116
0.792013 0.000026 0.000271 0.000076 0.000117 0.200399 0.007097 1.693245 2688.172757
0.794485 0.000024 0.000253 0.000071 0.000113 0.197954 0.007098 1.693248 2690.079305
0.796939 0.000024 0.000238 0.000066 0.000111 0.195521 0.007100 1.693249 2691.163080
0.799330 0.000024 0.000224 0.000061 0.000105 0.193154 0.007103 1.693251 2694.030249
0.801725 0.000023 0.000211 0.000058 0.000102 0.190776 0.007104 1.693254 2695.479740
0.804065 0.000021 0.000199 0.000054 0.000097 0.188457 0.007106 1.693258 2697.506833
0.806319 0.000020 0.000186 0.000050 0.000093 0.186224 0.007108 1.693260 2698.992390
0.808533 0.000020 0.000175 0.000048 0.000090 0.184026 0.007108 1.693261 2700.141598
0.810754 0.000020 0.000166 0.000045 0.000087 0.181818 0.007109 1.693263 2701.242870
0.812913 0.000019 0.000158 0.000042 0.000084 0.179674 0.007110 1.693265 2703.082590
0.815012 0.000018 0.000149 0.000042 0.000080 0.177587 0.007112 1.693267 2704.575891
0.817074 0.000018 0.000139 0.000039 0.000076 0.175541 0.007113 1.693268 2706.145782
0.819065 0.000017 0.000129 0.000037 0.000073 0.173566 0.007115 1.693270 2707.561766
0.820988 0.000016 0.000121 0.000035 0.000072 0.171654 0.007116 1.693271 2708.368885
0.822871 0.000014 0.000115 0.000033 0.000069 0.169781 0.007117 1.693273 2709.669818
0.824741 0.000015 0.000108 0.000031 0.000066 0.167921 0.007118 1.693273 2710.644735
0.826495 0.000013 0.000102 0.000029 0.000064 0.166179 0.007119 1.693276 2712.128879
0.828214 0.000012 0.000099 0.000027 0.000061 0.164467 0.007121 1.693278 2713.589627
0.829913 0.000011 0.000092 0.000026 0.000058 0.162777 0.007122 1.693279 2714.568315
0.831522 0.000010 0.000084 0.000025 0.000056 0.161180 0.007122 1.693280 2715.661417
0.833090 0.000010 0.000079 0.000023 0.000054 0.159620 0.007123 1.693280 2716.811049
0.834643 0.000010 0.000076 0.000022 0.000051 0.158074 0.007125 1.693281 2719.012421
0.836112 0.000009 0.000073 0.000021 0.000049 0.156610 0.007126 1.693282 2719.956824
0.837543 0.000009 0.000068 0.000020 0.000048 0.155186 0.007126 1.693283 2720.160557
0.838910 0.000009 0.000061 0.000019 0.000047 0.153829 0.007126 1.693284 2721.015613
0.840232 0.000008 0.000055 0.000019 0.000046 0.152513 0.007126 1.693285 2721.311429
0.841522 0.000009 0.000051 0.000017 0.000044 0.151229 0.007127 1.693285 2722.401410
0.842745 0.000008 0.000048 0.000016 0.000042 0.150013 0.007128 1.693286 2723.351675
0.843899 0.000008 0.000044 0.000015 0.000040 0.148865 0.007129 1.693286 2724.621852
0.844994 0.000008 0.000041 0.000015 0.000038 0.147775 0.007129 1.693287 2725.708083
0.846030 0.000007 0.000038 0.000014 0.000037 0.146744 0.007130 1.693288 2726.425177
0.847003 0.000007 0.000036 0.000013 0.000036 0.145775 0.007130 1.693288 2727.039040
0.847962 0.000006 0.000032 0.000013 0.000035 0.144821 0.007130 1.693289 2727.299886
0.848877 0.000006 0.000030 0.000012 0.000034 0.143909 0.007131 1.693289 2727.882942
0.849719 0.000006 0.000027 0.000013 0.000032 0.143072 0.007132 1.693290 2729.148843
0.850539 0.000006 0.000027 0.000011 0.000031 0.142254 0.007132 1.693290 2729.754734
0.851298 0.000007 0.000024 0.000010 0.000031 0.141498 0.007132 1.693290 2729.971912
0.852078 0.000007 0.000023 0.000010 0.000030 0.140720 0.007132 1.693290 2730.328586
0.852799 0.000006 0.000022 0.000009 0.000029 0.140002 0.007132 1.693291 2730.980832
0.853497 0.000006 0.000021 0.000008 0.000028 0.139307 0.007132 1.693291 2731.352899
0.854168 0.000006 0.000021 0.000007 0.000027 0.138638 0.007133 1.693292 2731.990864
0.854799 0.000006 0.000019 0.000007 0.000026 0.138010 0.007133 1.693292 2732.854236
0.855405 0.000006 0.000019 0.000007 0.000025 0.137405 0.007133 1.693293 2733.082332
0.855988 0.000006 0.000017 0.000006 0.000024 0.136825 0.007134 1.693293 2733.517108
0.856534 0.000005 0.000017 0.000006 0.000024 0.136280 0.007134 1.693293 2733.764370
0.857079 0.000005 0.000016 0.000006 0.000022 0.135738 0.007134 1.693294 2734.847687
0.857573 0.000005 0.000016 0.000006 0.000021 0.135245 0.007135 1.693294 2735.615591
0.858039 0.000005 0.000015 0.000006 0.000021 0.134780 0.007135 1.693294 2735.615591
0.858488 0.000004 0.000014 0.000006 0.000020 0.134333 0.007135 1.693295 2736.085933
0.858928 0.000004 0.000014 0.000006 0.000020 0.133893 0.007135 1.693296 2736.145973
0.859348 0.000003 0.000013 0.000006 0.000019 0.133474 0.007135 1.693296 2736.206472
0.859749 0.000003 0.000013 0.000006 0.000019 0.133074 0.007136 1.693297 2736.432921
0.860150 0.000003 0.000012 0.000006 0.000018 0.132674 0.007136 1.693297 2736.994156
0.860509 0.000003 0.000011 0.000006 0.000018 0.132317 0.007136 1.693297 2737.003854
0.860878 0.000003 0.000010 0.000005 0.000017 0.131950 0.007136 1.693297 2737.536014
0.861232 0.000004 0.000010 0.000005 0.000016 0.131597 0.007136 1.693297 2738.061762
0.861551 0.000004 0.000009 0.000005 0.000016 0.131279 0.007136 1.693298 2738.211443
0.861850 0.000004 0.000009 0.000005 0.000016 0.130980 0.007137 1.693298 2738.546027
0.862145 0.000004 0.000009 0.000005 0.000015 0.130685 0.007137 1.693298 2738.817368
0.862413 0.000004 0.000008 0.000004 0.000015 0.130419 0.007137 1.693298 2739.282363
0.862664 0.000004 0.000008 0.000005 0.000013 0.130169 0.007138 1.693298 2739.784042
0.862912 0.000004 0.000008 0.000004 0.000012 0.129922 0.007138 1.693299 2740.638523
0.863137 0.000003 0.000007 0.000004 0.000012 0.129698 0.007138 1.693299 2740.872726
0.863344 0.000003 0.000007 0.000003 0.000011 0.129493 0.007139 1.693299 2741.329629
0.863522 0.000003 0.000006 0.000003 0.000011 0.129316 0.007139 1.693299 2741.480609
0.863721 0.000003 0.000006 0.000003 0.000011 0.129118 0.007139 1.693300 2741.480609
0.863900 0.000002 0.000006 0.000003 0.000010 0.128940 0.007139 1.693300 2741.610654
0.864077 0.000002 0.000006 0.000003 0.000010 0.128764 0.007139 1.693301 2742.178528
0.864236 0.000001 0.000006 0.000003 0.000009 0.128605 0.007140 1.693301 2742.640237
0.864378 0.000001 0.000006 0.000003 0.000008 0.128464 0.007140 1.693302 2742.778446
0.864530 0.000001 0.000006 0.000003 0.000008 0.128312 0.007140 1.693302 2742.962443
0.864664 0.000001 0.000005 0.000002 0.000008 0.128180 0.007140 1.693302 2743.402688
0.864796 0.000001 0.000005 0.000002 0.000007 0.128048 0.007140 1.693302 2743.434414
0.864921 0.000001 0.000005 0.000002 0.000007 0.127924 0.007140 1.693302 2743.434414
0.865033 0.000001 0.000005 0.000002 0.000007 0.127813 0.007140 1.693302 2743.823107
0.865137 0.000001 0.000004 0.000002 0.000007 0.127708 0.007140 1.693302 2744.007497
0.865237 0.000002 0.000004 0.000002 0.000006 0.127609 0.007141 1.693302 2744.593887
0.865328 0.000002 0.000003 0.000002 0.000006 0.127519 0.007141 1.693302 2744.832533
0.865406 0.000002 0.000003 0.000001 0.000005 0.127441 0.007142 1.693302 2745.059942
0.865485 0.000002 0.000003 0.000001 0.000005 0.127363 0.007142 1.693302 2745.059942
0.865557 0.000002 0.000003 0.000001 0.000005 0.127291 0.007142 1.693302 2745.059942
0.865634 0.000002 0.000002 0.000001 0.000005 0.127214 0.007142 1.693302 2745.059942
0.865707 0.000002 0.000002 0.000001 0.000005 0.127141 0.007142 1.693302 2745.215506
0.865773 0.000002 0.000002 0.000001 0.000005 0.127075 0.007142 1.693302 2745.215506
0.865844 0.000002 0.000003 0.000001 0.000004 0.127004 0.007142 1.693302 2745.675371
0.865911 0.000002 0.000003 0.000001 0.000004 0.126938 0.007142 1.693302 2745.703764
0.865966 0.000002 0.000003 0.000000 0.000004 0.126884 0.007142 1.693302 2745.705267
0.866010 0.000002 0.000003 0.000000 0.000003 0.126839 0.007143 1.693302 2746.302021
0.866055 0.000002 0.000002 0.000000 0.000003 0.126795 0.007143 1.693302 2746.520228
0.866097 0.000002 0.000002 0.000001 0.000003 0.126753 0.007143 1.693303 2746.520228
0.866139 0.000001 0.000002 0.000001 0.000003 0.126711 0.007143 1.693303 2746.520228
0.866180 0.000001 0.000002 0.000001 0.000002 0.126671 0.007143 1.693303 2746.949400
0.866215 0.000001 0.000002 0.000001 0.000002 0.126636 0.007143 1.693303 2746.949400
0.866251 0.000001 0.000002 0.000001 0.000002 0.126600 0.007143 1.693303 2746.949400
0.866281 0.000001 0.000002 0.000001 0.000002 0.126570 0.007143 1.693303 2747.131293
0.866310 0.000001 0.000002 0.000001 0.000002 0.126541 0.007143 1.693303 2747.138720
0.866338 0.000001 0.000002 0.000000 0.000002 0.126514 0.007143 1.693304 2747.138720
0.866365 0.000001 0.000002 0.000000 0.000002 0.126487 0.007143 1.693304 2747.138720
0.866387 0.000001 0.000002 0.000000 0.000002 0.126465 0.007143 1.693304 2747.138720
0.866413 0.000001 0.000002 0.000000 0.000002 0.126439 0.007143 1.693304 2747.138720
0.866438 0.000001 0.000002 0.000001 0.000002 0.126414 0.007143 1.693304 2747.138720
0.866460 0.000001 0.000002 0.000001 0.000002 0.126392 0.007143 1.693304 2747.138720
0.866478 0.000001 0.000001 0.000000 0.000002 0.126375 0.007143 1.693304 2747.138720
0.866493 0.000001 0.000001 0.000000 0.000002 0.126360 0.007143 1.693304 2747.138720
0.866511 0.000001 0.000000 0.000000 0.000002 0.126343 0.007143 1.693304 2747.138720
0.866530 0.000001 0.000000 0.000000 0.000002 0.126323 0.007143 1.693304 2747.138720
0.866546 0.000001 0.000000 0.000000 0.000002 0.126307 0.007143 1.693304 2747.138720
0.866563 0.000001 0.000000 0.000000 0.000002 0.126290 0.007143 1.693304 2747.138720
0.866579 0.000001 0.000001 0.000000 0.000002 0.126274 0.007143 1.693304 2747.378759
0.866595 0.000001 0.000000 0.000000 0.000002 0.126259 0.007143 1.693304 2747.378759
0.866610 0.000001 0.000000 0.000000 0.000002 0.126243 0.007143 1.693304 2747.378759
0.866621 0.000001 0.000000 0.000000 0.000001 0.126233 0.007143 1.693304 2747.835876
0.866631 0.000001 0.000000 0.000000 0.000001 0.126223 0.007143 1.693304 2747.835876
0.866641 0.000001 0.000000 0.000000 0.000001 0.126213 0.007143 1.693304 2747.835876
0.866651 0.000000 0.000000 0.000001 0.000001 0.126204 0.007143 1.693305 2747.835876
0.866659 0.000000 0.000000 0.000001 0.000001 0.126195 0.007143 1.693305 2747.835876
0.866667 0.000000 0.000000 0.000001 0.000001 0.126187 0.007143 1.693305 2747.869857
0.866673 0.000000 0.000000 0.000001 0.000001 0.126181 0.007143 1.693306 2747.869857
0.866682 0.000000 0.000000 0.000001 0.000001 0.126172 0.007143 1.693306 2747.869857
0.866691 0.000000 0.000000 0.000001 0.000001 0.126163 0.007143 1.693306 2747.869857
0.866697 0.000000 0.000000 0.000001 0.000001 0.126157 0.007143 1.693306 2747.869857
0.866702 0.000000 0.000000 0.000001 0.000000 0.126152 0.007144 1.693306 2748.084286
0.866707 0.000000 0.000000 0.000001 0.000000 0.126147 0.007144 1.693306 2748.281416
0.866713 0.000000 0.000000 0.000001 0.000000 0.126141 0.007144 1.693306 2748.281416
0.866717 0.000000 0.000000 0.000001 0.000000 0.126138 0.007144 1.693306 2748.281416
0.866718 0.000000 0.000000 0.000001 0.000000 0.126136 0.007144 1.693306 2748.281416
0.866720 0.000000 0.000000 0.000001 0.000000 0.126135 0.007144 1.693306 2748.281416
0.866722 0.000000 0.000000 0.000001 0.000000 0.126132 0.007144 1.693306 2748.334054
0.866725 0.000000 0.000000 0.000001 0.000000 0.126130 0.007144 1.693306 2748.334054
0.866727 0.000000 0.000000 0.000001 0.000000 0.126127 0.007144 1.693306 2748.334054
0.866729 0.000000 0.000000 0.000001 0.000000 0.126126 0.007144 1.693306 2748.334054
0.866732 0.000000 0.000000 0.000001 0.000000 0.126123 0.007144 1.693306 2748.334054
0.866734 0.000000 0.000000 0.000001 0.000000 0.126120 0.007144 1.693306 2748.334054
0.866737 0.000000 0.000000 0.000000 0.000000 0.126118 0.007144 1.693306 2748.334054
0.866739 0.000000 0.000000 0.000000 0.000000 0.126116 0.007144 1.693306 2748.334054
0.866743 0.000000 0.000000 0.000000 0.000000 0.126112 0.007144 1.693306 2748.334054
0.866744 0.000000 0.000000 0.000000 0.000000 0.126111 0.007144 1.693306 2748.334054
0.866745 0.000000 0.000000 0.000000 0.000000 0.126110 0.007144 1.693306 2748.334054
0.866746 0.000000 0.000000 0.000000 0.000000 0.126109 0.007144 1.693306 2748.334054
0.866747 0.000000 0.000000 0.000000 0.000000 0.126109 0.007144 1.693306 2748.334054
0.866747 0.000000 0.000000 0.000000 0.000000 0.126108 0.007144 1.693306 2748.334054
0.866749 0.000000 0.000000 0.000000 0.000000 0.126107 0.007144 1.693306 2748.334054
0.866751 0.000000 0.000000 0.000000 0.000000 0.126105 0.007144 1.693306 2748.334054
0.866753 0.000000 0.000000 0.000000 0.000000 0.126103 0.007144 1.693306 2748.334054
0.866754 0.000000 0.000000 0.000000 0.000000 0.126102 0.007144 1.693306 2748.334054
0.866756 0.000000 0.000000 0.000000 0.000000 0.126100 0.007144 1.693306 2748.334054
0.866757 0.000000 0.000000 0.000000 0.000000 0.126099 0.007144 1.693306 2748.334054
0.866758 0.000000 0.000000 0.000000 0.000000 0.126098 0.007144 1.693306 2748.334054
0.866759 0.000000 0.000000 0.000000 0.000000 0.126096 0.007144 1.693306 2748.334054
0.866762 0.000000 0.000000 0.000000 0.000000 0.126094 0.007144 1.693306 2748.334054
0.866762 0.000000 0.000000 0.000000 0.000000 0.126094 0.007144 1.693306 2748.334054
0.866763 0.000000 0.000000 0.000000 0.000000 0.126092 0.007144 1.693306 2748.334054
0.866764 0.000000 0.000000 0.000000 0.000000 0.126092 0.007144 1.693306 2748.334054
0.866764 0.000000 0.000000 0.000000 0.000000 0.126091 0.007144 1.693306 2748.334054
0.866765 0.000000 0.000000 0.000000 0.000000 0.126090 0.007144 1.693306 2748.334054
0.866766 0.000000 0.000000 0.000000 0.000000 0.126090 0.007144 1.693306 2748.334054
0.866768 0.000000 0.000000 0.000000 0.000000 0.126088 0.007144 1.693306 2748.334054
0.866769 0.000000 0.000000 0.000000 0.000000 0.126087 0.007144 1.693306 2748.334054
0.866770 0.000000 0.000000 0.000000 0.000000 0.126086 0.007144 1.693306 2748.334054
0.866771 0.000000 0.000000 0.000000 0.000000 0.126085 0.007144 1.693306 2748.334054
0.866772 0.000000 0.000000 0.000000 0.000000 0.126084 0.007144 1.693306 2748.334054
0.866772 0.000000 0.000000 0.000000 0.000000 0.126084 0.007144 1.693306 2748.334054
0.866773 0.000000 0.000000 0.000000 0.000000 0.126083 0.007144 1.693306 2748.334054
0.866774 0.000000 0.000000 0.000000 0.000000 0.126082 0.007144 1.693306 2748.334054
0.866776 0.000000 0.000000 0.000000 0.000000 0.126080 0.007144 1.693306 2748.334054
0.866776 0.000000 0.000000 0.000000 0.000000 0.126080 0.007144 1.693306 2748.334054
0.866776 0.000000 0.000000 0.000000 0.000000 0.126080 0.007144 1.693306 2748.334054
0.866776 0.000000 0.000000 0.000000 0.000000 0.126080 0.007144 1.693306 2748.334054
0.866776 0.000000 0.000000 0.000000 0.000000 0.126080 0.007144 1.693306 2748.334054
0.866776 0.000000 0.000000 0.000000 0.000000 0.126080 0.007144 1.693306 2748.334054
0.866776 0.000000 0.000000 0.000000 0.000000 0.126080 0.007144 1.693306 2748.334054
0.866776 0.000000 0.000000 0.000000 0.000000 0.126080 0.007144 1.693306 2748.334054
0.866776 0.000000 0.000000 0.000000 0.000000 0.126080 0.007144 1.693306 2748.334054
0.866776 0.000000 0.000000 0.000000 0.000000 0.126080 0.007144 1.693306 2748.334054
0.866776 0.000000 0.000000 0.000000 0.000000 0.126080 0.007144 1.693306 2748.334054
0.866776 0.000000 0.000000 0.000000 0.000000 0.126080 0.007144 1.693306 2748.334054
0.866776 0.000000 0.000000 0.000000 0.000000 0.126080 0.007144 1.693306 2748.334054
0.866776 0.000000 0.000000 0.000000 0.000000 0.126080 0.007144 1.693306 2748.334054
0.866776 0.000000 0.000000 0.000000 0.000000 0.126080 0.007144 1.693306 2748.334054
0.866776 0.000000 0.000000 0.000000 0.000000 0.126080 0.007144 1.693306 2748.334054
0.866776 0.000000 0.000000 0.000000 0.000000 0.126080 0.007144 1.693306 2748.334054
0.866776 0.000000 0.000000 0.000000 0.000000 0.126080 0.007144 1.693306 2748.334054
0.866776 0.000000 0.000000 0.000000 0.000000 0.126080 0.007144 1.693306 2748.334054
0.866776 0.000000 0.000000 0.000000 0.000000 0.126080 0.007144 1.693306 2748.334054
0.866776 0.000000 0.000000 0.000000 0.000000 0.126080 0.007144 1.693306 2748.334054
0.866776 0.000000 0.000000 0.000000 0.000000 0.126080 0.007144 1.693306 2748.334054
0.866776 0.000000 0.000000 0.000000 0.000000 0.126080 0.007144 1.693306 2748.334054
0.866776 0.000000 0.000000 0.000000 0.000000 0.126080 0.007144 1.693306 2748.334054
0.866776 0.000000 0.000000 0.000000 0.000000 0.126080 0.007144 1.693306 2748.334054
0.866776 0.000000 0.000000 0.000000 0.000000 0.126080 0.007144 1.693306 2748.334054
0.866776 0.000000 0.000000 0.000000 0.000000 0.126080 0.007144 1.693306 2748.334054
0.866776 0.000000 0.000000 0.000000 0.000000 0.126080 0.007144 1.693306 2748.334054
0.866776 0.000000 0.000000 0.000000 0.000000 0.126080 0.007144 1.693306 2748.334054
0.866776 0.000000 0.000000 0.000000 0.000000 0.126080 0.007144 1.693306 2748.334054
0.866776 0.000000 0.000000 0.000000 0.000000 0.126080 0.007144 1.693306 2748.334054
0.866776 0.000000 0.000000 0.000000 0.000000 0.126080 0.007144 1.693306 2748.334054
0.866776 0.000000 0.000000 0.000000 0.000000 0.126080 0.007144 1.693306 2748.334054
0.866776 0.000000 0.000000 0.000000 0.000000 0.126080 0.007144 1.693306 2748.334054
0.866776 0.000000 0.000000 0.000000 0.000000 0.126080 0.007144 1.693306 2748.334054
0.866776 0.000000 0.000000 0.000000 0.000000 0.126080 0.007144 1.693306 2748.334054
0.866776 0.000000 0.000000 0.000000 0.000000 0.126080 0.007144 1.693306 2748.334054
0.866776 0.000000 0.000000 0.000000 0.000000 0.126080 0.007144 1.693306 2748.334054
0.866776 0.000000 0.000000 0.000000 0.000000 0.126080 0.007144 1.693306 2748.334054
0.866776 0.000000 0.000000 0.000000 0.000000 0.126080 0.007144 1.693306 2748.334054
0.866776 0.000000 0.000000 0.000000 0.000000 0.126080 0.007144 1.693306 2748.334054
0.866776 0.000000 0.000000 0.000000 0.000000 0.126080 0.007144 1.693306 2748.334054
0.866776 0.000000 0.000000 0.000000 0.000000 0.126080 0.007144 1.693306 2748.334054
0.866776 0.000000 0.000000 0.000000 0.000000 0.126080 0.007144 1.693306 2748.334054
0.866776 0.000000 0.000000 0.000000 0.000000 0.126080 0.007144 1.693306 2748.334054
0.866776 0.000000 0.000000 0.000000 0.000000 0.126080 0.007144 1.693306 2748.334054
0.866776 0.000000 0.000000 0.000000 0.000000 0.126080 0.007144 1.693306 2748.334054
0.866776 0.000000 0.000000 0.000000 0.000000 0.126080 0.007144 1.693306 2748.334054
0.866776 0.000000 0.000000 0.000000 0.000000 0.126080 0.007144 1.693306 2748.334054
0.866776 0.000000 0.000000 0.000000 0.000000 0.126080 0.007144 1.693306 2748.334054
0.866776 0.000000 0.000000 0.000000 0.000000 0.126080 0.007144 1.693306 2748.334054
0.866776 0.000000 0.000000 0.000000 0.000000 0.126080 0.007144 1.693306 2748.334054
0.866776 0.000000 0.000000 0.000000 0.000000 0.126080 0.007144 1.693306 2748.334054
0.866776 0.000000 0.000000 0.000000 0.000000 0.126080 0.007144 1.693306 2748.334054
0.866776 0.000000 0.000000 0.000000 0.000000 0.126080 0.007144 1.693306 2748.334054
0.866776 0.000000 0.000000 0.000000 0.000000 0.126080 0.007144 1.693306 2748.334054
0.866776 0.000000 0.000000 0.000000 0.000000 0.126080 0.007144 1.693306 2748.334054
0.866776 0.000000 0.000000 0.000000 0.000000 0.126080 0.007144 1.693306 2748.334054
0.866776 0.000000 0.000000 0.000000 0.000000 0.126080 0.007144 1.693306 2748.334054
0.866776 0.000000 0.000000 0.000000 0.000000 0.126080 0.007144 1.693306 2748.334054
0.866776 0.000000 0.000000 0.000000 0.000000 0.126080 0.007144 1.693306 2748.334054
0.866776 0.000000 0.000000 0.000000 0.000000 0.126080 0.007144 1.693306 2748.334054
0.866776 0.000000 0.000000 0.000000 0.000000 0.126080 0.007144 1.693306 2748.334054
0.866776 0.000000 0.000000 0.000000 0.000000 0.126080 0.007144 1.693306 2748.334054
0.866776 0.000000 0.000000 0.000000 0.000000 0.126080 0.007144 1.693306 2748.334054
0.866776 0.000000 0.000000 0.000000 0.000000 0.126080 0.007144 1.693306 2748.334054
0.866776 0.000000 0.000000 0.000000 0.000000 0.126080 0.007144 1.693306 2748.334054
0.866776 0.000000 0.000000 0.000000 0.000000 0.126080 0.007144 1.693306 2748.334054
0.866776 0.000000 0.000000 0.000000 0.000000 0.126080 0.007144 1.693306 2748.334054
0.866776 0.000000 0.000000 0.000000 0.000000 0.126080 0.007144 1.693306 2748.334054
0.866776 0.000000 0.000000 0.000000 0.000000 0.126080 0.007144 1.693306 2748.334054
0.866776 0.000000 0.000000 0.000000 0.000000 0.126080 0.007144 1.693306 2748.334054
0.866776 0.000000 0.000000 0.000000 0.000000 0.126080 0.007144 1.693306 2748.334054
0.866776 0.000000 0.000000 0.000000 0.000000 0.126080 0.007144 1.693306 2748.334054
0.866776 0.000000 0.000000 0.000000 0.000000 0.126080 0.007144 1.693306 2748.334054
0.866776 0.000000 0.000000 0.000000 0.000000 0.126080 0.007144 1.693306 2748.334054
0.866776 0.000000 0.000000 0.000000 0.000000 0.126080 0.007144 1.693306 2748.334054
0.866776 0.000000 0.000000 0.000000 0.000000 0.126080 0.007144 1.693306 2748.334054
0.866776 0.000000 0.000000 0.000000 0.000000 0.126080 0.007144 1.693306 2748.334054
0.866776 0.000000 0.000000 0.000000 0.000000 0.126080 0.007144 1.693306 2748.334054
0.866776 0.000000 0.000000 0.000000 0.000000 0.126080 0.007144 1.693306 2748.334054
0.866776 0.000000 0.000000 0.000000 0.000000 0.126080 0.007144 1.693306 2748.334054
0.866776 0.000000 0.000000 0.000000 0.000000 0.126080 0.007144 1.693306 2748.334054
0.866776 0.000000 0.000000 0.000000 0.000000 0.126080 0.007144 1.693306 2748.334054
0.866776 0.000000 0.000000 0.000000 0.000000 0.126080 0.007144 1.693306 2748.334054
0.866776 0.000000 0.000000 0.000000 0.000000 0.126080 0.007144 1.693306 2748.334054
0.866776 0.000000 0.000000 0.000000 0.000000 0.126080 0.007144 1.693306 2748.334054
0.866776 0.000000 0.000000 0.000000 0.000000 0.126080 0.007144 1.693306 2748.334054
0.866776 0.000000 0.000000 0.000000 0.000000 0.126080 0.007144 1.693306 2748.334054
0.866776 0.000000 0.000000 0.000000 0.000000 0.126080 0.007144 1.693306 2748.334054
0.866776 0.000000 0.000000 0.000000 0.000000 0.126080 0.007144 1.693306 2748.334054
0.866776 0.000000 0.000000 0.000000 0.000000 0.126080 0.007144 1.693306 2748.334054
0.866776 0.000000 0.000000 0.000000 0.000000 0.126080 0.007144 1.693306 2748.334054
0.866776 0.000000 0.000000 0.000000 0.000000 0.126080 0.007144 1.693306 2748.334054
0.866776 0.000000 0.000000 0.000000 0.000000 0.126080 0.007144 1.693306 2748.334054
0.866776 0.000000 0.000000 0.000000 0.000000 0.126080 0.007144 1.693306 2748.334054
0.866776 0.000000 0.000000 0.000000 0.000000 0.126080 0.007144 1.693306 2748.334054
0.866776 0.000000 0.000000 0.000000 0.000000 0.126080 0.007144 1.693306 2748.334054
0.866776 0.000000 0.000000 0.000000 0.000000 0.126080 0.007144 1.693306 2748.334054
0.866776 0.000000 0.000000 0.000000 0.000000 0.126080 0.007144 1.693306 2748.334054
0.866776 0.000000 0.000000 0.000000 0.000000 0.126080 0.007144 1.693306 2748.334054
0.866776 0.000000 0.000000 0.000000 0.000000 0.126080 0.007144 1.693306 2748.334054
0.866776 0.000000 0.000000 0.000000 0.000000 0.126080 0.007144 1.693306 2748.334054
0.866776 0.000000 0.000000 0.000000 0.000000 0.126080 0.007144 1.693306 2748.334054
0.866776 0.000000 0.000000 0.000000 0.000000 0.126080 0.007144 1.693306 2748.334054
0.866776 0.000000 0.000000 0.000000 0.000000 0.126080 0.007144 1.693306 2748.334054
0.866776 0.000000 0.000000 0.000000 0.000000 0.126080 0.007144 1.693306 2748.334054
0.866776 0.000000 0.000000 0.000000 0.000000 0.126080 0.007144 1.693306 2748.334054
0.866776 0.000000 0.000000 0.000000 0.000000 0.126080 0.007144 1.693306 2748.334054
0.866776 0.000000 0.000000 0.000000 0.000000 0.126080 0.007144 1.693306 2748.334054
0.866776 0.000000 0.000000 0.000000 0.000000 0.126080 0.007144 1.693306 2748.334054
0.866776 0.000000 0.000000 0.000000 0.000000 0.126080 0.007144 1.693306 2748.334054
0.866776 0.000000 0.000000 0.000000 0.000000 0.126080 0.007144 1.693306 2748.334054
0.866776 0.000000 0.000000 0.000000 0.000000 0.126080 0.007144 1.693306 2748.334054
0.866776 0.000000 0.000000 0.000000 0.000000 0.126080 0.007144 1.693306 2748.334054
0.866776 0.000000 0.000000 0.000000 0.000000 0.126080 0.007144 1.693306 2748.334054
0.866776 0.000000 0.000000 0.000000 0.000000 0.126080 0.007144 1.693306 2748.334054
0.866776 0.000000 0.000000 0.000000 0.000000 0.126080 0.007144 1.693306 2748.334054
0.866776 0.000000 0.000000 0.000000 0.000000 0.126080 0.007144 1.693306 2748.334054
0.866776 0.000000 0.000000 0.000000 0.000000 0.126080 0.007144 1.693306 2748.334054
0.866776 0.000000 0.000000 0.000000 0.000000 0.126080 0.007144 1.693306 2748.334054
0.866776 0.000000 0.000000 0.000000 0.000000 0.126080 0.007144 1.693306 2748.334054
0.866776 0.000000 0.000000 0.000000 0.000000 0.126080 0.007144 1.693306 2748.334054
0.866776 0.000000 0.000000 0.000000 0.000000 0.126080 0.007144 1.693306 2748.334054
0.866776 0.000000 0.000000 0.000000 0.000000 0.126080 0.007144 1.693306 2748.334054
0.866776 0.000000 0.000000 0.000000 0.000000 0.126080 0.007144 1.693306 2748.334054
0.866776 0.000000 0.000000 0.000000 0.000000 0.126080 0.007144 1.693306 2748.334054
0.866776 0.000000 0.000000 0.000000 0.000000 0.126080 0.007144 1.693306 2748.334054
0.866776 0.000000 0.000000 0.000000 0.000000 0.126080 0.007144 1.693306 2748.334054
0.866776 0.000000 0.000000 0.000000 0.000000 0.126080 0.007144 1.693306 2748.334054
0.866776 0.000000 0.000000 0.000000 0.000000 0.126080 0.007144 1.693306 2748.334054
0.866776 0.000000 0.000000 0.000000 0.000000 0.126080 0.007144 1.693306 2748.334054
0.866776 0.000000 0.000000 0.000000 0.000000 0.126080 0.007144 1.693306 2748.334054
0.866776 0.000000 0.000000 0.000000 0.000000 0.126080 0.007144 1.693306 2748.334054
0.866776 0.000000 0.000000 0.000000 0.000000 0.126080 0.007144 1.693306 2748.334054
0.866776 0.000000 0.000000 0.000000 0.000000 0.126080 0.007144 1.693306 2748.334054
0.866776 0.000000 0.000000 0.000000 0.000000 0.126080 0.007144 1.693306 2748.334054
0.866776 0.000000 0.000000 0.000000 0.000000 0.126080 0.007144 1.693306 2748.334054
0.866776 0.000000 0.000000 0.000000 0.000000 0.126080 0.007144 1.693306 2748.334054
0.866776 0.000000 0.000000 0.000000 0.000000 0.126080 0.007144 1.693306 2748.334054
0.866776 0.000000 0.000000 0.000000 0.000000 0.126080 0.007144 1.693306 2748.334054
0.866776 0.000000 0.000000 0.000000 0.000000 0.126080 0.007144 1.693306 2748.334054
0.866776 0.000000 0.000000 0.000000 0.000000 0.126080 0.007144 1.693306 2748.334054
0.866776 0.000000 0.000000 0.000000 0.000000 0.126080 0.007144 1.693306 2748.334054
0.866776 0.000000 0.000000 0.000000 0.000000 0.126080 0.007144 1.693306 2748.334054
0.866776 0.000000 0.000000 0.000000 0.000000 0.126080 0.007144 1.693306 2748.334054
0.866776 0.000000 0.000000 0.000000 0.000000 0.126080 0.007144 1.693306 2748.334054
0.866776 0.000000 0.000000 0.000000 0.000000 0.126080 0.007144 1.693306 2748.334054
0.866776 0.000000 0.000000 0.000000 0.000000 0.126080 0.007144 1.693306 2748.334054
0.866776 0.000000 0.000000 0.000000 0.000000 0.126080 0.007144 1.693306 2748.334054
0.866776 0.000000 0.000000 0.000000 0.000000 0.126080 0.007144 1.693306 2748.334054
0.866776 0.000000 0.000000 0.000000 0.000000 0.126080 0.007144 1.693306 2748.334054
0.866776 0.000000 0.000000 0.000000 0.000000 0.126080 0.007144 1.693306 2748.334054
0.866776 0.000000 0.000000 0.000000 0.000000 0.126080 0.007144 1.693306 2748.334054
0.866776 0.000000 0.000000 0.000000 0.000000 0.126080 0.007144 1.693306 2748.334054
0.866776 0.000000 0.000000 0.000000 0.000000 0.126080 0.007144 1.693306 2748.334054
0.866776 0.000000 0.000000 0.000000 0.000000 0.126080 0.007144 1.693306 2748.334054
0.866776 0.000000 0.000000 0.000000 0.000000 0.126080 0.007144 1.693306 2748.334054
0.866776 0.000000 0.000000 0.000000 0.000000 0.126080 0.007144 1.693306 2748.334054
0.866776 0.000000 0.000000 0.000000 0.000000 0.126080 0.007144 1.693306 2748.334054
0.866776 0.000000 0.000000 0.000000 0.000000 0.126080 0.007144 1.693306 2748.334054
0.866776 0.000000 0.000000 0.000000 0.000000 0.126080 0.007144 1.693306 2748.334054
0.866776 0.000000 0.000000 0.000000 0.000000 0.126080 0.007144 1.693306 2748.334054
0.866776 0.000000 0.000000 0.000000 0.000000 0.126080 0.007144 1.693306 2748.334054
0.866776 0.000000 0.000000 0.000000 0.000000 0.126080 0.007144 1.693306 2748.334054
0.866776 0.000000 0.000000 0.000000 0.000000 0.126080 0.007144 1.693306 2748.334054
0.866776 0.000000 0.000000 0.000000 0.000000 0.126080 0.007144 1.693306 2748.334054
0.866776 0.000000 0.000000 0.000000 0.000000 0.126080 0.007144 1.693306 2748.334054
0.866776 0.000000 0.000000 0.000000 0.000000 0.126080 0.007144 1.693306 2748.334054
0.866776 0.000000 0.000000 0.000000 0.000000 0.126080 0.007144 1.693306 2748.334054
0.866776 0.000000 0.000000 0.000000 0.000000 0.126080 0.007144 1.693306 2748.334054
0.866776 0.000000 0.000000 0.000000 0.000000 0.126080 0.007144 1.693306 2748.334054
0.866776 0.000000 0.000000 0.000000 0.000000 0.126080 0.007144 1.693306 2748.334054
0.866776 0.000000 0.000000 0.000000 0.000000 0.126080 0.007144 1.693306 2748.334054
0.866776 0.000000 0.000000 0.000000 0.000000 0.126080 0.007144 1.693306 2748.334054
0.866776 0.000000 0.000000 0.000000 0.000000 0.126080 0.007144 1.693306 2748.334054
0.866776 0.000000 0.000000 0.000000 0.000000 0.126080 0.007144 1.693306 2748.334054
0.866776 0.000000 0.000000 0.000000 0.000000 0.126080 0.007144 1.693306 2748.334054
0.866776 0.000000 0.000000 0.000000 0.000000 0.126080 0.007144 1.693306 2748.334054
0.866776 0.000000 0.000000 0.000000 0.000000 0.126080 0.007144 1.693306 2748.334054
0.866776 0.000000 0.000000 0.000000 0.000000 0.126080 0.007144 1.693306 2748.334054
0.866776 0.000000 0.000000 0.000000 0.000000 0.126080 0.007144 1.693306 2748.334054
0.866776 0.000000 0.000000 0.000000 0.000000 0.126080 0.007144 1.693306 2748.334054
0.866776 0.000000 0.000000 0.000000 0.000000 0.126080 0.007144 1.693306 2748.334054
0.866776 0.000000 0.000000 0.000000 0.000000 0.126080 0.007144 1.693306 2748.334054
0.866776 0.000000 0.000000 0.000000 0.000000 0.126080 0.007144 1.693306 2748.334054
0.866776 0.000000 0.000000 0.000000 0.000000 0.126080 0.007144 1.693306 2748.334054
0.866776 0.000000 0.000000 0.000000 0.000000 0.126080 0.007144 1.693306 2748.334054
0.866776 0.000000 0.000000 0.000000 0.000000 0.126080 0.007144 1.693306 2748.334054
0.866776 0.000000 0.000000 0.000000 0.000000 0.126080 0.007144 1.693306 2748.334054
0.866776 0.000000 0.000000 0.000000 0.000000 0.126080 0.007144 1.693306 2748.334054
0.866776 0.000000 0.000000 0.000000 0.000000 0.126080 0.007144 1.693306 2748.334054
0.866776 0.000000 0.000000 0.000000 0.000000 0.126080 0.007144 1.693306 2748.334054
0.866776 0.000000 0.000000 0.000000 0.000000 0.126080 0.007144 1.693306 2748.334054
0.866776 0.000000 0.000000 0.000000 0.000000 0.126080 0.007144 1.693306 2748.334054
0.866776 0.000000 0.000000 0.000000 0.000000 0.126080 0.007144 1.693306 2748.334054
0.866776 0.000000 0.000000 0.000000 0.000000 0.126080 0.007144 1.693306 2748.334054
0.866776 0.000000 0.000000 0.000000 0.000000 0.126080 0.007144 1.693306 2748.334054
0.866776 0.000000 0.000000 0.000000 0.000000 0.126080 0.007144 1.693306 2748.334054
0.866776 0.000000 0.000000 0.000000 0.000000 0.126080 0.007144 1.693306 2748.334054
0.866776 0.000000 0.000000 0.000000 0.000000 0.126080 0.007144 1.693306 2748.334054
0.866776 0.000000 0.000000 0.000000 0.000000 0.126080 0.007144 1.693306 2748.334054
0.866776 0.000000 0.000000 0.000000 0.000000 0.126080 0.007144 1.693306 2748.334054
0.866776 0.000000 0.000000 0.000000 0.000000 0.126080 0.007144 1.693306 2748.334054
0.866776 0.000000 0.000000 0.000000 0.000000 0.126080 0.007144 1.693306 2748.334054
0.866776 0.000000 0.000000 0.000000 0.000000 0.126080 0.007144 1.693306 2748.334054
0.866776 0.000000 0.000000 0.000000 0.000000 0.126080 0.007144 1.693306 2748.334054
0.866776 0.000000 0.000000 0.000000 0.000000 0.126080 0.007144 1.693306 2748.334054
0.866776 0.000000 0.000000 0.000000 0.000000 0.126080 0.007144 1.693306 2748.334054
0.866776 0.000000 0.000000 0.000000 0.000000 0.126080 0.007144 1.693306 2748.334054
0.866776 0.000000 0.000000 0.000000 0.000000 0.126080 0.007144 1.693306 2748.334054
0.866776 0.000000 0.000000 0.000000 0.000000 0.126080 0.007144 1.693306 2748.334054
0.866776 0.000000 0.000000 0.000000 0.000000 0.126080 0.007144 1.693306 2748.334054
0.866776 0.000000 0.000000 0.000000 0.000000 0.126080 0.007144 1.693306 2748.334054
0.866776 0.000000 0.000000 0.000000 0.000000 0.126080 0.007144 1.693306 2748.334054
0.866776 0.000000 0.000000 0.000000 0.000000 0.126080 0.007144 1.693306 2748.334054
0.866776 0.000000 0.000000 0.000000 0.000000 0.126080 0.007144 1.693306 2748.334054
0.866776 0.000000 0.000000 0.000000 0.000000 0.126080 0.007144 1.693306 2748.334054
0.866776 0.000000 0.000000 0.000000 0.000000 0.126080 0.007144 1.693306 2748.334054
0.866776 0.000000 0.000000 0.000000 0.000000 0.126080 0.007144 1.693306 2748.334054
0.866776 0.000000 0.000000 0.000000 0.000000 0.126080 0.007144 1.693306 2748.334054
0.866776 0.000000 0.000000 0.000000 0.000000 0.126080 0.007144 1.693306 2748.334054
0.866776 0.000000 0.000000 0.000000 0.000000 0.126080 0.007144 1.693306 2748.334054
0.866776 0.000000 0.000000 0.000000 0.000000 0.126080 0.007144 1.693306 2748.334054
0.866776 0.000000 0.000000 0.000000 0.000000 0.126080 0.007144 1.693306 2748.334054
0.866776 0.000000 0.000000 0.000000 0.000000 0.126080 0.007144 1.693306 2748.334054
0.866776 0.000000 0.000000 0.000000 0.000000 0.126080 0.007144 1.693306 2748.334054
0.866776 0.000000 0.000000 0.000000 0.000000 0.126080 0.007144 1.693306 2748.334054
0.866776 0.000000 0.000000 0.000000 0.000000 0.126080 0.007144 1.693306 2748.334054
0.866776 0.000000 0.000000 0.000000 0.000000 0.126080 0.007144 1.693306 2748.334054
0.866776 0.000000 0.000000 0.000000 0.000000 0.126080 0.007144 1.693306 2748.334054
0.866776 0.000000 0.000000 0.000000 0.000000 0.126080 0.007144 1.693306 2748.334054
0.866776 0.000000 0.000000 0.000000 0.000000 0.126080 0.007144 1.693306 2748.334054
0.866776 0.000000 0.000000 0.000000 0.000000 0.126080 0.007144 1.693306 2748.334054
0.866776 0.000000 0.000000 0.000000 0.000000 0.126080 0.007144 1.693306 2748.334054
0.866776 0.000000 0.000000 0.000000 0.000000 0.126080 0.007144 1.693306 2748.334054
0.866776 0.000000 0.000000 0.000000 0.000000 0.126080 0.007144 1.693306 2748.334054
0.866776 0.000000 0.000000 0.000000 0.000000 0.126080 0.007144 1.693306 2748.334054
0.866776 0.000000 0.000000 0.000000 0.000000 0.126080 0.007144 1.693306 2748.334054
0.866776 0.000000 0.000000 0.000000 0.000000 0.126080 0.007144 1.693306 2748.334054
0.866776 0.000000 0.000000 0.000000 0.000000 0.126080 0.007144 1.693306 2748.334054
0.866776 0.000000 0.000000 0.000000 0.000000 0.126080 0.007144 1.693306 2748.334054
0.866776 0.000000 0.000000 0.000000 0.000000 0.126080 0.007144 1.693306 2748.334054
0.866776 0.000000 0.000000 0.000000 0.000000 0.126080 0.007144 1.693306 2748.334054
0.866776 0.000000 0.000000 0.000000 0.000000 0.126080 0.007144 1.693306 2748.334054
0.866776 0.000000 0.000000 0.000000 0.000000 0.126080 0.007144 1.693306 2748.334054
0.866776 0.000000 0.000000 0.000000 0.000000 0.126080 0.007144 1.693306 2748.334054
0.866776 0.000000 0.000000 0.000000 0.000000 0.126080 0.007144 1.693306 2748.334054
0.866776 0.000000 0.000000 0.000000 0.000000 0.126080 0.007144 1.693306 2748.334054
0.866776 0.000000 0.000000 0.000000 0.000000 0.126080 0.007144 1.693306 2748.334054
0.866776 0.000000 0.000000 0.000000 0.000000 0.126080 0.007144 1.693306 2748.334054
0.866776 0.000000 0.000000 0.000000 0.000000 0.126080 0.007144 1.693306 2748.334054
0.866776 0.000000 0.000000 0.000000 0.000000 0.126080 0.007144 1.693306 2748.334054
0.866776 0.000000 0.000000 0.000000 0.000000 0.126080 0.007144 1.693306 2748.334054
0.866776 0.000000 0.000000 0.000000 0.000000 0.126080 0.007144 1.693306 2748.334054
0.866776 0.000000 0.000000 0.000000 0.000000 0.126080 0.007144 1.693306 2748.334054
0.866776 0.000000 0.000000 0.000000 0.000000 0.126080 0.007144 1.693306 2748.334054
0.866776 0.000000 0.000000 0.000000 0.000000 0.126080 0.007144 1.693306 2748.334054
0.866776 0.000000 0.000000 0.000000 0.000000 0.126080 0.007144 1.693306 2748.334054
0.866776 0.000000 0.000000 0.000000 0.000000 0.126080 0.007144 1.693306 2748.334054
0.866776 0.000000 0.000000 0.000000 0.000000 0.126080 0.007144 1.693306 2748.334054
0.866776 0.000000 0.000000 0.000000 0.000000 0.126080 0.007144 1.693306 2748.334054
0.866776 0.000000 0.000000 0.000000 0.000000 0.126080 0.007144 1.693306 2748.334054
0.866776 0.000000 0.000000 0.000000 0.000000 0.126080 0.007144 1.693306 2748.334054
0.866776 0.000000 0.000000 0.000000 0.000000 0.126080 0.007144 1.693306 2748.334054
0.866776 0.000000 0.000000 0.000000 0.000000 0.126080 0.007144 1.693306 2748.334054
0.866776 0.000000 0.000000 0.000000 0.000000 0.126080 0.007144 1.693306 2748.334054
0.866776 0.000000 0.000000 0.000000 0.000000 0.126080 0.007144 1.693306 2748.334054
0.866776 0.000000 0.000000 0.000000 0.000000 0.126080 0.007144 1.693306 2748.334054
0.866776 0.000000 0.000000 0.000000 0.000000 0.126080 0.007144 1.693306 2748.334054
0.866776 0.000000 0.000000 0.000000 0.000000 0.126080 0.007144 1.693306 2748.334054
0.866776 0.000000 0.000000 0.000000 0.000000 0.126080 0.007144 1.693306 2748.334054
0.866776 0.000000 0.000000 0.000000 0.000000 0.126080 0.007144 1.693306 2748.334054
0.866776 0.000000 0.000000 0.000000 0.000000 0.126080 0.007144 1.693306 2748.334054
0.866776 0.000000 0.000000 0.000000 0.000000 0.126080 0.007144 1.693306 2748.334054
0.866776 0.000000 0.000000 0.000000 0.000000 0.126080 0.007144 1.693306 2748.334054
0.866776 0.000000 0.000000 0.000000 0.000000 0.126080 0.007144 1.693306 2748.334054
0.866776 0.000000 0.000000 0.000000 0.000000 0.126080 0.007144 1.693306 2748.334054
0.866776 0.000000 0.000000 0.000000 0.000000 0.126080 0.007144 1.693306 2748.334054
0.866776 0.000000 0.000000 0.000000 0.000000 0.126080 0.007144 1.693306 2748.334054
0.866776 0.000000 0.000000 0.000000 0.000000 0.126080 0.007144 1.693306 2748.334054
0.866776 0.000000 0.000000 0.000000 0.000000 0.126080 0.007144 1.693306 2748.334054
0.866776 0.000000 0.000000 0.000000 0.000000 0.126080 0.007144 1.693306 2748.334054
0.866776 0.000000 0.000000 0.000000 0.000000 0.126080 0.007144 1.693306 2748.334054
0.866776 0.000000 0.000000 0.000000 0.000000 0.126080 0.007144 1.693306 2748.334054
0.866776 0.000000 0.000000 0.000000 0.000000 0.126080 0.007144 1.693306 2748.334054
0.866776 0.000000 0.000000 0.000000 0.000000 0.126080 0.007144 1.693306 2748.334054
0.866776 0.000000 0.000000 0.000000 0.000000 0.126080 0.007144 1.693306 2748.334054
0.866776 0.000000 0.000000 0.000000 0.000000 0.126080 0.007144 1.693306 2748.334054
0.866776 0.000000 0.000000 0.000000 0.000000 0.126080 0.007144 1.693306 2748.334054
0.866776 0.000000 0.000000 0.000000 0.000000 0.126080 0.007144 1.693306 2748.334054
0.866776 0.000000 0.000000 0.000000 0.000000 0.126080 0.007144 1.693306 2748.334054
0.866776 0.000000 0.000000 0.000000 0.000000 0.126080 0.007144 1.693306 2748.334054
0.866776 0.000000 0.000000 0.000000 0.000000 0.126080 0.007144 1.693306 2748.334054
0.866776 0.000000 0.000000 0.000000 0.000000 0.126080 0.007144 1.693306 2748.334054
0.866776 0.000000 0.000000 0.000000 0.000000 0.126080 0.007144 1.693306 2748.334054
0.866776 0.000000 0.000000 0.000000 0.000000 0.126080 0.007144 1.693306 2748.334054
0.866776 0.000000 0.000000 0.000000 0.000000 0.126080 0.007144 1.693306 2748.334054
0.866776 0.000000 0.000000 0.000000 0.000000 0.126080 0.007144 1.693306 2748.334054
0.866776 0.000000 0.000000 0.000000 0.000000 0.126080 0.007144 1.693306 2748.334054
0.866776 0.000000 0.000000 0.000000 0.000000 0.126080 0.007144 1.693306 2748.334054
0.866776 0.000000 0.000000 0.000000 0.000000 0.126080 0.007144 1.693306 2748.334054
0.866776 0.000000 0.000000 0.000000 0.000000 0.126080 0.007144 1.693306 2748.334054
0.866776 0.000000 0.000000 0.000000 0.000000 0.126080 0.007144 1.693306 2748.334054
0.866776 0.000000 0.000000 0.000000 0.000000 0.126080 0.007144 1.693306 2748.334054
0.866776 0.000000 0.000000 0.000000 0.000000 0.126080 0.007144 1.693306 2748.334054
0.866776 0.000000 0.000000 0.000000 0.000000 0.126080 0.007144 1.693306 2748.334054
0.866776 0.000000 0.000000 0.000000 0.000000 0.126080 0.007144 1.693306 2748.334054
0.866776 0.000000 0.000000 0.000000 0.000000 0.126080 0.007144 1.693306 2748.334054
0.866776 0.000000 0.000000 0.000000 0.000000 0.126080 0.007144 1.693306 2748.334054
0.866776 0.000000 0.000000 0.000000 0.000000 0.126080 0.007144 1.693306 2748.334054
0.866776 0.000000 0.000000 0.000000 0.000000 0.126080 0.007144 1.693306 2748.334054
0.866776 0.000000 0.000000 0.000000 0.000000 0.126080 0.007144 1.693306 2748.334054
0.866776 0.000000 0.000000 0.000000 0.000000 0.126080 0.007144 1.693306 2748.334054
0.866776 0.000000 0.000000 0.000000 0.000000 0.126080 0.007144 1.693306 2748.334054
0.866776 0.000000 0.000000 0.000000 0.000000 0.126080 0.007144 1.693306 2748.334054
0.866776 0.000000 0.000000 0.000000 0.000000 0.126080 0.007144 1.693306 2748.334054
0.866776 0.000000 0.000000 0.000000 0.000000 0.126080 0.007144 1.693306 2748.334054
0.866776 0.000000 0.000000 0.000000 0.000000 0.126080 0.007144 1.693306 2748.334054
0.866776 0.000000 0.000000 0.000000 0.000000 0.126080 0.007144 1.693306 2748.334054
0.866776 0.000000 0.000000 0.000000 0.000000 0.126080 0.007144 1.693306 2748.334054
0.866776 0.000000 0.000000 0.000000 0.000000 0.126080 0.007144 1.693306 2748.334054
0.866776 0.000000 0.000000 0.000000 0.000000 0.126080 0.007144 1.693306 2748.334054
0.866776 0.000000 0.000000 0.000000 0.000000 0.126080 0.007144 1.693306 2748.334054
0.866776 0.000000 0.000000 0.000000 0.000000 0.126080 0.007144 1.693306 2748.334054
0.866776 0.000000 0.000000 0.000000 0.000000 0.126080 0.007144 1.693306 2748.334054
0.866776 0.000000 0.000000 0.000000 0.000000 0.126080 0.007144 1.693306 2748.334054
0.866776 0.000000 0.000000 0.000000 0.000000 0.126080 0.007144 1.693306 2748.334054
0.866776 0.000000 0.000000 0.000000 0.000000 0.126080 0.007144 1.693306 2748.334054
0.866776 0.000000 0.000000 0.000000 0.000000 0.126080 0.007144 1.693306 2748.334054
0.866776 0.000000 0.000000 0.000000 0.000000 0.126080 0.007144 1.693306 2748.334054
0.866776 0.000000 0.000000 0.000000 0.000000 0.126080 0.007144 1.693306 2748.334054
0.866776 0.000000 0.000000 0.000000 0.000000 0.126080 0.007144 1.693306 2748.334054
0.866776 0.000000 0.000000 0.000000 0.000000 0.126080 0.007144 1.693306 2748.334054
0.866776 0.000000 0.000000 0.000000 0.000000 0.126080 0.007144 1.693306 2748.334054
0.866776 0.000000 0.000000 0.000000 0.000000 0.126080 0.007144 1.693306 2748.334054
0.866776 0.000000 0.000000 0.000000 0.000000 0.126080 0.007144 1.693306 2748.334054
0.866776 0.000000 0.000000 0.000000 0.000000 0.126080 0.007144 1.693306 2748.334054
0.866776 0.000000 0.000000 0.000000 0.000000 0.126080 0.007144 1.693306 2748.334054
0.866776 0.000000 0.000000 0.000000 0.000000 0.126080 0.007144 1.693306 2748.334054
0.866776 0.000000 0.000000 0.000000 0.000000 0.126080 0.007144 1.693306 2748.334054
0.866776 0.000000 0.000000 0.000000 0.000000 0.126080 0.007144 1.693306 2748.334054
0.866776 0.000000 0.000000 0.000000 0.000000 0.126080 0.007144 1.693306 2748.334054
0.866776 0.000000 0.000000 0.000000 0.000000 0.126080 0.007144 1.693306 2748.334054
0.866776 0.000000 0.000000 0.000000 0.000000 0.126080 0.007144 1.693306 2748.334054
0.866776 0.000000 0.000000 0.000000 0.000000 0.126080 0.007144 1.693306 2748.334054
0.866776 0.000000 0.000000 0.000000 0.000000 0.126080 0.007144 1.693306 2748.334054
0.866776 0.000000 0.000000 0.000000 0.000000 0.126080 0.007144 1.693306 2748.334054
0.866776 0.000000 0.000000 0.000000 0.000000 0.126080 0.007144 1.693306 2748.334054
0.866776 0.000000 0.000000 0.000000 0.000000 0.126080 0.007144 1.693306 2748.334054
0.866776 0.000000 0.000000 0.000000 0.000000 0.126080 0.007144 1.693306 2748.334054
0.866776 0.000000 0.000000 0.000000 0.000000 0.126080 0.007144 1.693306 2748.334054
0.866776 0.000000 0.000000 0.000000 0.000000 0.126080 0.007144 1.693306 2748.334054
0.866776 0.000000 0.000000 0.000000 0.000000 0.126080 0.007144 1.693306 2748.334054
0.866776 0.000000 0.000000 0.000000 0.000000 0.126080 0.007144 1.693306 2748.334054
0.866776 0.000000 0.000000 0.000000 0.000000 0.126080 0.007144 1.693306 2748.334054
0.866776 0.000000 0.000000 0.000000 0.000000 0.126080 0.007144 1.693306 2748.334054
0.866776 0.000000 0.000000 0.000000 0.000000 0.126080 0.007144 1.693306 2748.334054
0.866776 0.000000 0.000000 0.000000 0.000000 0.126080 0.007144 1.693306 2748.334054
0.866776 0.000000 0.000000 0.000000 0.000000 0.126080 0.007144 1.693306 2748.334054
0.866776 0.000000 0.000000 0.000000 0.000000 0.126080 0.007144 1.693306 2748.334054
0.866776 0.000000 0.000000 0.000000 0.000000 0.126080 0.007144 1.693306 2748.334054
0.866776 0.000000 0.000000 0.000000 0.000000 0.126080 0.007144 1.693306 2748.334054
0.866776 0.000000 0.000000 0.000000 0.000000 0.126080 0.007144 1.693306 2748.334054
0.866776 0.000000 0.000000 0.000000 0.000000 0.126080 0.007144 1.693306 2748.334054
0.866776 0.000000 0.000000 0.000000 0.000000 0.126080 0.007144 1.693306 2748.334054
0.866776 0.000000 0.000000 0.000000 0.000000 0.126080 0.007144 1.693306 2748.334054
0.866776 0.000000 0.000000 0.000000 0.000000 0.126080 0.007144 1.693306 2748.334054
0.866776 0.000000 0.000000 0.000000 0.000000 0.126080 0.007144 1.693306 2748.334054
0.866776 0.000000 0.000000 0.000000 0.000000 0.126080 0.007144 1.693306 2748.334054
0.866776 0.000000 0.000000 0.000000 0.000000 0.126080 0.007144 1.693306 2748.334054
0.866776 0.000000 0.000000 0.000000 0.000000 0.126080 0.007144 1.693306 2748.334054
0.866776 0.000000 0.000000 0.000000 0.000000 0.126080 0.007144 1.693306 2748.334054
0.866776 0.000000 0.000000 0.000000 0.000000 0.126080 0.007144 1.693306 2748.334054
0.866776 0.000000 0.000000 0.000000 0.000000 0.126080 0.007144 1.693306 2748.334054
0.866776 0.000000 0.000000 0.000000 0.000000 0.126080 0.007144 1.693306 2748.334054
0.866776 0.000000 0.000000 0.000000 0.000000 0.126080 0.007144 1.693306 2748.334054
0.866776 0.000000 0.000000 0.000000 0.000000 0.126080 0.007144 1.693306 2748.334054
0.866776 0.000000 0.000000 0.000000 0.000000 0.126080 0.007144 1.693306 2748.334054
0.866776 0.000000 0.000000 0.000000 0.000000 0.126080 0.007144 1.693306 2748.334054
0.866776 0.000000 0.000000 0.000000 0.000000 0.126080 0.007144 1.693306 2748.334054
0.866776 0.000000 0.000000 0.000000 0.000000 0.126080 0.007144 1.693306 2748.334054
0.866776 0.000000 0.000000 0.000000 0.000000 0.126080 0.007144 1.693306 2748.334054
0.866776 0.000000 0.000000 0.000000 0.000000 0.126080 0.007144 1.693306 2748.334054
0.866776 0.000000 0.000000 0.000000 0.000000 0.126080 0.007144 1.693306 2748.334054
0.866776 0.000000 0.000000 0.000000 0.000000 0.126080 0.007144 1.693306 2748.334054
0.866776 0.000000 0.000000 0.000000 0.000000 0.126080 0.007144 1.693306 2748.334054
0.866776 0.000000 0.000000 0.000000 0.000000 0.126080 0.007144 1.693306 2748.334054
0.866776 0.000000 0.000000 0.000000 0.000000 0.126080 0.007144 1.693306 2748.334054
0.866776 0.000000 0.000000 0.000000 0.000000 0.126080 0.007144 1.693306 2748.334054
0.866776 0.000000 0.000000 0.000000 0.000000 0.126080 0.007144 1.693306 2748.334054
0.866776 0.000000 0.000000 0.000000 0.000000 0.126080 0.007144 1.693306 2748.334054
0.866776 0.000000 0.000000 0.000000 0.000000 0.126080 0.007144 1.693306 2748.334054
0.866776 0.000000 0.000000 0.000000 0.000000 0.126080 0.007144 1.693306 2748.334054
0.866776 0.000000 0.000000 0.000000 0.000000 0.126080 0.007144 1.693306 2748.334054
0.866776 0.000000 0.000000 0.000000 0.000000 0.126080 0.007144 1.693306 2748.334054
0.866776 0.000000 0.000000 0.000000 0.000000 0.126080 0.007144 1.693306 2748.334054
0.866776 0.000000 0.000000 0.000000 0.000000 0.126080 0.007144 1.693306 2748.334054
0.866776 0.000000 0.000000 0.000000 0.000000 0.126080 0.007144 1.693306 2748.334054
0.866776 0.000000 0.000000 0.000000 0.000000 0.126080 0.007144 1.693306 2748.334054
0.866776 0.000000 0.000000 0.000000 0.000000 0.126080 0.007144 1.693306 2748.334054
0.866776 0.000000 0.000000 0.000000 0.000000 0.126080 0.007144 1.693306 2748.334054
0.866776 0.000000 0.000000 0.000000 0.000000 0.126080 0.007144 1.693306 2748.334054
0.866776 0.000000 0.000000 0.000000 0.000000 0.126080 0.007144 1.693306 2748.334054
0.866776 0.000000 0.000000 0.000000 0.000000 0.126080 0.007144 1.693306 2748.334054
0.866776 0.000000 0.000000 0.000000 0.000000 0.126080 0.007144 1.693306 2748.334054
0.866776 0.000000 0.000000 0.000000 0.000000 0.126080 0.007144 1.693306 2748.334054
0.866776 0.000000 0.000000 0.000000 0.000000 0.126080 0.007144 1.693306 2748.334054
0.866776 0.000000 0.000000 0.000000 0.000000 0.126080 0.007144 1.693306 2748.334054
0.866776 0.000000 0.000000 0.000000 0.000000 0.126080 0.007144 1.693306 2748.334054
0.866776 0.000000 0.000000 0.000000 0.000000 0.126080 0.007144 1.693306 2748.334054
0.866776 0.000000 0.000000 0.000000 0.000000 0.126080 0.007144 1.693306 2748.334054
0.866776 0.000000 0.000000 0.000000 0.000000 0.126080 0.007144 1.693306 2748.334054
0.866776 0.000000 0.000000 0.000000 0.000000 0.126080 0.007144 1.693306 2748.334054
0.866776 0.000000 0.000000 0.000000 0.000000 0.126080 0.007144 1.693306 2748.334054
0.866776 0.000000 0.000000 0.000000 0.000000 0.126080 0.007144 1.693306 2748.334054
0.866776 0.000000 0.000000 0.000000 0.000000 0.126080 0.007144 1.693306 2748.334054
0.866776 0.000000 0.000000 0.000000 0.000000 0.126080 0.007144 1.693306 2748.334054
0.866776 0.000000 0.000000 0.000000 0.000000 0.126080 0.007144 1.693306 2748.334054
0.866776 0.000000 0.000000 0.000000 0.000000 0.126080 0.007144 1.693306 2748.334054
0.866776 0.000000 0.000000 0.000000 0.000000 0.126080 0.007144 1.693306 2748.334054
0.866776 0.000000 0.000000 0.000000 0.000000 0.126080 0.007144 1.693306 2748.334054
0.866776 0.000000 0.000000 0.000000 0.000000 0.126080 0.007144 1.693306 2748.334054
0.866776 0.000000 0.000000 0.000000 0.000000 0.126080 0.007144 1.693306 2748.334054
0.866776 0.000000 0.000000 0.000000 0.000000 0.126080 0.007144 1.693306 2748.334054
0.866776 0.000000 0.000000 0.000000 0.000000 0.126080 0.007144 1.693306 2748.334054
0.866776 0.000000 0.000000 0.000000 0.000000 0.126080 0.007144 1.693306 2748.334054
0.866776 0.000000 0.000000 0.000000 0.000000 0.126080 0.007144 1.693306 2748.334054
0.866776 0.000000 0.000000 0.000000 0.000000 0.126080 0.007144 1.693306 2748.334054
0.866776 0.000000 0.000000 0.000000 0.000000 0.126080 0.007144 1.693306 2748.334054
0.866776 0.000000 0.000000 0.000000 0.000000 0.126080 0.007144 1.693306 2748.334054
0.866776 0.000000 0.000000 0.000000 0.000000 0.126080 0.007144 1.693306 2748.334054
0.866776 0.000000 0.000000 0.000000 0.000000 0.126080 0.007144 1.693306 2748.334054
0.866776 0.000000 0.000000 0.000000 0.000000 0.126080 0.007144 1.693306 2748.334054
0.866776 0.000000 0.000000 0.000000 0.000000 0.126080 0.007144 1.693306 2748.334054
0.866776 0.000000 0.000000 0.000000 0.000000 0.126080 0.007144 1.693306 2748.334054
0.866776 0.000000 0.000000 0.000000 0.000000 0.126080 0.007144 1.693306 2748.334054
0.866776 0.000000 0.000000 0.000000 0.000000 0.126080 0.007144 1.693306 2748.334054
0.866776 0.000000 0.000000 0.000000 0.000000 0.126080 0.007144 1.693306 2748.334054
0.866776 0.000000 0.000000 0.000000 0.000000 0.126080 0.007144 1.693306 2748.334054
0.866776 0.000000 0.000000 0.000000 0.000000 0.126080 0.007144 1.693306 2748.334054
0.866776 0.000000 0.000000 0.000000 0.000000 0.126080 0.007144 1.693306 2748.334054
0.866776 0.000000 0.000000 0.000000 0.000000 0.126080 0.007144 1.693306 2748.334054
0.866776 0.000000 0.000000 0.000000 0.000000 0.126080 0.007144 1.693306 2748.334054
0.866776 0.000000 0.000000 0.000000 0.000000 0.126080 0.007144 1.693306 2748.334054
0.866776 0.000000 0.000000 0.000000 0.000000 0.126080 0.007144 1.693306 2748.334054
0.866776 0.000000 0.000000 0.000000 0.000000 0.126080 0.007144 1.693306 2748.334054
0.866776 0.000000 0.000000 0.000000 0.000000 0.126080 0.007144 1.693306 2748.334054
0.866776 0.000000 0.000000 0.000000 0.000000 0.126080 0.007144 1.693306 2748.334054
0.866776 0.000000 0.000000 0.000000 0.000000 0.126080 0.007144 1.693306 2748.334054
0.866776 0.000000 0.000000 0.000000 0.000000 0.126080 0.007144 1.693306 2748.334054
0.866776 0.000000 0.000000 0.000000 0.000000 0.126080 0.007144 1.693306 2748.334054
0.866776 0.000000 0.000000 0.000000 0.000000 0.126080 0.007144 1.693306 2748.334054
0.866776 0.000000 0.000000 0.000000 0.000000 0.126080 0.007144 1.693306 2748.334054
0.866776 0.000000 0.000000 0.000000 0.000000 0.126080 0.007144 1.693306 2748.334054
0.866776 0.000000 0.000000 0.000000 0.000000 0.126080 0.007144 1.693306 2748.334054
0.866776 0.000000 0.000000 0.000000 0.000000 0.126080 0.007144 1.693306 2748.334054
0.866776 0.000000 0.000000 0.000000 0.000000 0.126080 0.007144 1.693306 2748.334054
0.866776 0.000000 0.000000 0.000000 0.000000 0.126080 0.007144 1.693306 2748.334054
0.866776 0.000000 0.000000 0.000000 0.000000 0.126080 0.007144 1.693306 2748.334054
0.866776 0.000000 0.000000 0.000000 0.000000 0.126080 0.007144 1.693306 2748.334054
0.866776 0.000000 0.000000 0.000000 0.000000 0.126080 0.007144 1.693306 2748.334054
0.866776 0.000000 0.000000 0.000000 0.000000 0.126080 0.007144 1.693306 2748.334054
0.866776 0.000000 0.000000 0.000000 0.000000 0.126080 0.007144 1.693306 2748.334054
