0.353488 0.063406 0.055529 0.031916 0.002007 0.487913 0.005741 1.586880 2007.587328
0.354804 0.062152 0.056584 0.030619 0.002008 0.488066 0.005767 1.592975 2017.411281
0.357696 0.059380 0.057406 0.029470 0.002002 0.488251 0.005796 1.598930 2027.432071
0.361515 0.055960 0.058051 0.028308 0.002000 0.488347 0.005821 1.604596 2036.644357
0.365963 0.052408 0.058311 0.027199 0.001979 0.488291 0.005850 1.609856 2046.523694
0.370786 0.048747 0.058293 0.026121 0.001968 0.488210 0.005875 1.614836 2056.171076
0.375867 0.045182 0.058051 0.025028 0.001950 0.488021 0.005899 1.619435 2066.972391
0.381135 0.041768 0.057454 0.023968 0.001932 0.487819 0.005924 1.623699 2077.125315
0.386470 0.038511 0.056630 0.022975 0.001919 0.487545 0.005950 1.627644 2086.870589
0.391936 0.035482 0.055625 0.021961 0.001898 0.487126 0.005972 1.631256 2096.221880
0.397550 0.032648 0.054505 0.020950 0.001874 0.486476 0.005997 1.634567 2106.397602
0.403148 0.029977 0.053219 0.020016 0.001857 0.485762 0.006021 1.637654 2117.278052
0.408846 0.027537 0.051777 0.019090 0.001828 0.484873 0.006049 1.640447 2127.632916
0.414597 0.025258 0.050247 0.018255 0.001809 0.483763 0.006070 1.643039 2137.475211
0.420357 0.023149 0.048668 0.017382 0.001790 0.482563 0.006090 1.645428 2146.941361
0.426172 0.021174 0.047073 0.016547 0.001761 0.481157 0.006115 1.647649 2157.677548
0.431912 0.019381 0.045427 0.015712 0.001731 0.479697 0.006139 1.649651 2166.691028
0.437703 0.017709 0.043775 0.014951 0.001707 0.477993 0.006162 1.651495 2176.089543
0.443534 0.016216 0.042103 0.014183 0.001680 0.476103 0.006182 1.653162 2186.533442
0.449369 0.014820 0.040406 0.013459 0.001637 0.474105 0.006203 1.654709 2196.373160
0.455181 0.013568 0.038681 0.012777 0.001601 0.471967 0.006226 1.656095 2206.259343
0.460978 0.012450 0.036984 0.012113 0.001567 0.469659 0.006249 1.657337 2216.536878
0.466710 0.011405 0.035347 0.011482 0.001531 0.467254 0.006271 1.658505 2225.696196
0.472422 0.010437 0.033770 0.010854 0.001493 0.464730 0.006294 1.659573 2236.113270
0.478154 0.009528 0.032247 0.010277 0.001459 0.462024 0.006312 1.660573 2245.045770
0.483838 0.008680 0.030736 0.009724 0.001434 0.459260 0.006329 1.661506 2252.889590
0.489522 0.007928 0.029246 0.009200 0.001405 0.456352 0.006345 1.662332 2261.204543
0.495161 0.007280 0.027767 0.008679 0.001379 0.453372 0.006361 1.663056 2269.104107
0.500799 0.006659 0.026405 0.008214 0.001351 0.450192 0.006379 1.663750 2277.377258
0.506347 0.006111 0.025043 0.007755 0.001311 0.447035 0.006398 1.664362 2286.965119
0.511888 0.005600 0.023750 0.007318 0.001284 0.443744 0.006415 1.664929 2295.519841
0.517396 0.005114 0.022524 0.006922 0.001246 0.440362 0.006435 1.665469 2305.471661
0.522854 0.004695 0.021364 0.006529 0.001221 0.436889 0.006449 1.665945 2312.717800
0.528283 0.004305 0.020225 0.006160 0.001183 0.433374 0.006470 1.666383 2322.282106
0.533652 0.003923 0.019152 0.005809 0.001153 0.429827 0.006484 1.666806 2330.584612
0.538972 0.003594 0.018125 0.005470 0.001118 0.426222 0.006499 1.667182 2338.597747
0.544213 0.003302 0.017164 0.005168 0.001089 0.422550 0.006514 1.667515 2347.153636
0.549443 0.003024 0.016206 0.004863 0.001061 0.418871 0.006532 1.667833 2355.474309
0.554658 0.002766 0.015314 0.004582 0.001034 0.415101 0.006545 1.668126 2362.413715
0.559833 0.002533 0.014490 0.004315 0.001012 0.411260 0.006557 1.668394 2369.561352
0.564892 0.002323 0.013703 0.004072 0.000982 0.407456 0.006571 1.668635 2377.012765
0.569953 0.002129 0.012950 0.003841 0.000955 0.403588 0.006584 1.668861 2384.391948
0.574978 0.001963 0.012201 0.003626 0.000927 0.399708 0.006597 1.669057 2392.676459
0.579878 0.001813 0.011496 0.003410 0.000896 0.395895 0.006611 1.669233 2400.883939
0.584757 0.001659 0.010852 0.003216 0.000865 0.392028 0.006623 1.669409 2408.613352
0.589634 0.001521 0.010220 0.003030 0.000841 0.388124 0.006631 1.669573 2415.009462
0.594463 0.001409 0.009640 0.002842 0.000816 0.384188 0.006642 1.669713 2421.816403
0.599304 0.001292 0.009088 0.002673 0.000791 0.380201 0.006652 1.669853 2428.129416
0.603992 0.001197 0.008529 0.002519 0.000767 0.376331 0.006664 1.669968 2435.848287
0.608617 0.001099 0.008046 0.002359 0.000747 0.372457 0.006674 1.670087 2442.233233
0.613177 0.001015 0.007560 0.002211 0.000725 0.368626 0.006685 1.670191 2448.520648
0.617789 0.000934 0.007106 0.002074 0.000705 0.364699 0.006694 1.670288 2454.339947
0.622319 0.000865 0.006682 0.001946 0.000682 0.360801 0.006706 1.670375 2460.465284
0.626797 0.000798 0.006291 0.001827 0.000663 0.356912 0.006713 1.670460 2465.814719
0.631257 0.000736 0.005915 0.001713 0.000644 0.353013 0.006722 1.670537 2471.519809
0.635676 0.000684 0.005546 0.001606 0.000621 0.349136 0.006732 1.670602 2477.755554
0.639990 0.000635 0.005210 0.001502 0.000601 0.345324 0.006739 1.670666 2483.872156
0.644320 0.000586 0.004889 0.001408 0.000575 0.341473 0.006749 1.670724 2491.706311
0.648529 0.000540 0.004591 0.001320 0.000553 0.337709 0.006758 1.670782 2497.748122
0.652746 0.000506 0.004305 0.001241 0.000533 0.333902 0.006766 1.670830 2503.203585
0.656909 0.000464 0.004040 0.001159 0.000519 0.330136 0.006774 1.670881 2508.879310
0.660991 0.000431 0.003801 0.001090 0.000502 0.326405 0.006780 1.670928 2513.584344
0.665030 0.000403 0.003550 0.001028 0.000485 0.322719 0.006786 1.670964 2518.823559
0.668962 0.000375 0.003325 0.000965 0.000466 0.319117 0.006792 1.671002 2524.355697
0.672946 0.000353 0.003113 0.000902 0.000450 0.315436 0.006800 1.671037 2529.767597
0.676830 0.000334 0.002915 0.000850 0.000434 0.311831 0.006808 1.671068 2534.861111
0.680671 0.000308 0.002743 0.000799 0.000419 0.308247 0.006814 1.671104 2539.975795
0.684477 0.000287 0.002581 0.000751 0.000403 0.304680 0.006821 1.671135 2545.264638
0.688285 0.000267 0.002417 0.000701 0.000388 0.301114 0.006827 1.671164 2550.166375
0.692032 0.000249 0.002271 0.000663 0.000375 0.297578 0.006832 1.671187 2554.452397
0.695720 0.000233 0.002125 0.000624 0.000363 0.294099 0.006836 1.671210 2558.644000
0.699330 0.000223 0.001992 0.000588 0.000353 0.290673 0.006840 1.671229 2562.169860
0.702956 0.000202 0.001869 0.000556 0.000340 0.287231 0.006846 1.671255 2566.508020
0.706531 0.000190 0.001750 0.000526 0.000328 0.283824 0.006851 1.671275 2570.450536
0.710063 0.000180 0.001645 0.000495 0.000318 0.280442 0.006857 1.671291 2573.595784
0.713568 0.000163 0.001551 0.000460 0.000308 0.277088 0.006862 1.671312 2576.967531
0.716984 0.000150 0.001450 0.000432 0.000297 0.273822 0.006866 1.671329 2581.250582
0.720408 0.000144 0.001355 0.000407 0.000285 0.270530 0.006870 1.671342 2585.171274
0.723717 0.000135 0.001272 0.000384 0.000273 0.267343 0.006875 1.671354 2589.046599
0.727044 0.000131 0.001191 0.000362 0.000263 0.264130 0.006879 1.671365 2592.863601
0.730304 0.000122 0.001118 0.000345 0.000253 0.260974 0.006885 1.671380 2597.033094
0.733548 0.000117 0.001049 0.000330 0.000246 0.257822 0.006889 1.671391 2599.802014
0.736728 0.000111 0.000980 0.000307 0.000239 0.254742 0.006892 1.671399 2602.242891
0.739888 0.000104 0.000919 0.000290 0.000231 0.251674 0.006894 1.671411 2605.417041
0.743016 0.000099 0.000863 0.000269 0.000221 0.248634 0.006897 1.671420 2608.286972
0.746066 0.000094 0.000809 0.000252 0.000215 0.245664 0.006901 1.671429 2610.415096
0.749044 0.000090 0.000755 0.000239 0.000207 0.242762 0.006903 1.671437 2613.630875
0.752019 0.000087 0.000705 0.000223 0.000201 0.239860 0.006906 1.671444 2616.185127
0.755011 0.000083 0.000654 0.000210 0.000194 0.236940 0.006909 1.671451 2619.021933
0.757997 0.000081 0.000616 0.000194 0.000187 0.234014 0.006911 1.671456 2621.112214
0.760881 0.000075 0.000580 0.000180 0.000180 0.231191 0.006915 1.671465 2623.756347
0.763762 0.000071 0.000547 0.000169 0.000172 0.228362 0.006917 1.671471 2626.125243
0.766561 0.000067 0.000513 0.000157 0.000165 0.225617 0.006920 1.671477 2629.229183
0.769367 0.000063 0.000483 0.000146 0.000158 0.222858 0.006924 1.671483 2631.945663
0.772145 0.000057 0.000456 0.000140 0.000153 0.220123 0.006926 1.671490 2634.106195
0.774889 0.000054 0.000429 0.000130 0.000150 0.217420 0.006928 1.671496 2635.317185
0.777537 0.000050 0.000399 0.000120 0.000146 0.214816 0.006932 1.671503 2637.945579
0.780205 0.000047 0.000376 0.000114 0.000140 0.212185 0.006934 1.671508 2639.818892
0.782868 0.000045 0.000352 0.000106 0.000136 0.209557 0.006937 1.671513 2641.861539
0.785463 0.000041 0.000334 0.000100 0.000131 0.206994 0.006939 1.671519 2643.826670
0.788014 0.000038 0.000312 0.000094 0.000123 0.204478 0.006942 1.671523 2647.139638
0.790540 0.000037 0.000295 0.000086 0.000119 0.201979 0.006944 1.671526 2648.471000
0.793013 0.000033 0.000277 0.000082 0.000115 0.199534 0.006947 1.671531 2650.698188
0.795484 0.000029 0.000259 0.000078 0.000111 0.197091 0.006949 1.671536 2652.609561
0.797902 0.000027 0.000240 0.000073 0.000106 0.194701 0.006950 1.671539 2654.689743
0.800278 0.000026 0.000225 0.000069 0.000101 0.192348 0.006952 1.671542 2656.983411
0.802593 0.000024 0.000209 0.000066 0.000097 0.190058 0.006954 1.671545 2659.035687
0.804849 0.000022 0.000195 0.000062 0.000092 0.187824 0.006955 1.671547 2660.861168
0.807070 0.000021 0.000182 0.000061 0.000090 0.185620 0.006957 1.671549 2662.228069
0.809282 0.000021 0.000172 0.000057 0.000087 0.183424 0.006959 1.671551 2663.539271
0.811409 0.000020 0.000159 0.000053 0.000083 0.181316 0.006961 1.671553 2665.442854
0.813502 0.000020 0.000150 0.000049 0.000080 0.179237 0.006962 1.671555 2666.686980
0.815557 0.000019 0.000140 0.000045 0.000076 0.177199 0.006964 1.671556 2668.630236
0.817577 0.000019 0.000133 0.000041 0.000072 0.175193 0.006966 1.671558 2670.887958
0.819511 0.000018 0.000128 0.000038 0.000069 0.173269 0.006967 1.671561 2672.315248
0.821401 0.000016 0.000119 0.000037 0.000066 0.171391 0.006969 1.671562 2673.714818
0.823239 0.000016 0.000112 0.000036 0.000064 0.169563 0.006970 1.671564 2674.928559
0.825030 0.000016 0.000106 0.000033 0.000062 0.167784 0.006970 1.671565 2676.073452
0.826770 0.000017 0.000098 0.000029 0.000060 0.166055 0.006971 1.671566 2676.877278
0.828430 0.000016 0.000091 0.000026 0.000059 0.164406 0.006971 1.671568 2677.729074
0.830068 0.000015 0.000085 0.000025 0.000057 0.162777 0.006973 1.671570 2678.703693
0.831593 0.000015 0.000080 0.000024 0.000055 0.161260 0.006973 1.671571 2679.645279
0.833085 0.000014 0.000076 0.000023 0.000054 0.159774 0.006973 1.671573 2680.168730
0.834569 0.000013 0.000069 0.000022 0.000053 0.158300 0.006974 1.671574 2680.794265
0.835987 0.000013 0.000064 0.000021 0.000050 0.156891 0.006975 1.671575 2682.067149
0.837350 0.000010 0.000060 0.000020 0.000048 0.155536 0.006976 1.671577 2683.105082
0.838665 0.000009 0.000059 0.000019 0.000046 0.154225 0.006977 1.671579 2683.987747
0.839957 0.000009 0.000056 0.000018 0.000043 0.152939 0.006978 1.671579 2685.355222
0.841152 0.000009 0.000053 0.000016 0.000042 0.151749 0.006979 1.671580 2686.264550
0.842374 0.000008 0.000049 0.000016 0.000040 0.150533 0.006980 1.671581 2687.015591
0.843493 0.000007 0.000046 0.000014 0.000038 0.149419 0.006981 1.671582 2687.542545
0.844571 0.000008 0.000044 0.000014 0.000037 0.148345 0.006981 1.671582 2688.397769
0.845617 0.000008 0.000042 0.000013 0.000036 0.147303 0.006981 1.671583 2689.202748
0.846611 0.000008 0.000039 0.000013 0.000035 0.146312 0.006981 1.671584 2689.686295
0.847566 0.000007 0.000037 0.000012 0.000034 0.145361 0.006982 1.671584 2690.239245
0.848512 0.000006 0.000037 0.000011 0.000033 0.144418 0.006982 1.671585 2690.979631
0.849397 0.000006 0.000035 0.000011 0.000032 0.143537 0.006983 1.671586 2691.681631
0.850261 0.000006 0.000034 0.000010 0.000030 0.142676 0.006984 1.671586 2692.887891
0.851057 0.000006 0.000032 0.000009 0.000028 0.141883 0.006984 1.671586 2693.673611
0.851808 0.000005 0.000031 0.000009 0.000027 0.141135 0.006985 1.671587 2694.406971
0.852521 0.000005 0.000030 0.000009 0.000026 0.140425 0.006985 1.671587 2694.875944
0.853205 0.000005 0.000028 0.000008 0.000025 0.139742 0.006985 1.671588 2695.187045
0.853858 0.000005 0.000027 0.000008 0.000024 0.139090 0.006986 1.671588 2696.088803
0.854489 0.000005 0.000025 0.000008 0.000023 0.138463 0.006986 1.671589 2696.741015
0.855084 0.000005 0.000025 0.000007 0.000022 0.137871 0.006987 1.671589 2697.434164
0.855604 0.000005 0.000022 0.000006 0.000021 0.137355 0.006987 1.671589 2698.024328
0.856112 0.000005 0.000022 0.000006 0.000021 0.136848 0.006987 1.671590 2698.527408
0.856593 0.000005 0.000021 0.000005 0.000019 0.136369 0.006988 1.671590 2699.571470
0.857073 0.000004 0.000020 0.000005 0.000018 0.135891 0.006988 1.671591 2699.908018
0.857508 0.000005 0.000017 0.000005 0.000018 0.135459 0.006988 1.671591 2699.908018
0.857906 0.000004 0.000016 0.000005 0.000017 0.135064 0.006989 1.671591 2700.614459
0.858280 0.000004 0.000015 0.000004 0.000017 0.134692 0.006989 1.671592 2700.614459
0.858658 0.000004 0.000014 0.000004 0.000017 0.134315 0.006989 1.671592 2700.797593
0.859005 0.000004 0.000014 0.000004 0.000016 0.133969 0.006989 1.671593 2701.026474
0.859328 0.000003 0.000014 0.000004 0.000016 0.133646 0.006989 1.671593 2701.230933
0.859660 0.000003 0.000013 0.000003 0.000016 0.133317 0.006989 1.671594 2701.391800
0.859972 0.000002 0.000012 0.000003 0.000016 0.133005 0.006989 1.671594 2701.799153
0.860255 0.000002 0.000012 0.000003 0.000014 0.132723 0.006990 1.671594 2702.489562
0.860517 0.000002 0.000011 0.000003 0.000013 0.132464 0.006990 1.671594 2702.965671
0.860760 0.000002 0.000010 0.000003 0.000012 0.132223 0.006990 1.671594 2703.450569
0.860984 0.000002 0.000008 0.000002 0.000011 0.132001 0.006991 1.671594 2704.176372
0.861207 0.000002 0.000008 0.000002 0.000011 0.131779 0.006991 1.671594 2704.183210
0.861401 0.000003 0.000007 0.000002 0.000010 0.131586 0.006991 1.671594 2704.499238
0.861599 0.000002 0.000007 0.000002 0.000010 0.131388 0.006991 1.671595 2704.499238
0.861795 0.000002 0.000007 0.000002 0.000010 0.131192 0.006991 1.671595 2704.499238
0.861977 0.000002 0.000007 0.000003 0.000010 0.131011 0.006991 1.671596 2704.499238
0.862167 0.000001 0.000006 0.000002 0.000010 0.130822 0.006991 1.671596 2704.499238
0.862328 0.000001 0.000006 0.000002 0.000010 0.130661 0.006991 1.671597 2704.888834
0.862496 0.000001 0.000006 0.000002 0.000009 0.130495 0.006991 1.671597 2704.959186
0.862656 0.000001 0.000005 0.000002 0.000009 0.130336 0.006991 1.671597 2704.959186
0.862816 0.000001 0.000005 0.000002 0.000009 0.130176 0.006991 1.671597 2704.959186
0.862972 0.000001 0.000005 0.000002 0.000009 0.130021 0.006991 1.671597 2705.191673
0.863102 0.000001 0.000004 0.000002 0.000008 0.129891 0.006992 1.671597 2705.867479
0.863231 0.000001 0.000004 0.000002 0.000007 0.129763 0.006992 1.671597 2706.280246
0.863347 0.000001 0.000004 0.000001 0.000007 0.129647 0.006992 1.671597 2706.282046
0.863466 0.000001 0.000003 0.000001 0.000007 0.129529 0.006992 1.671597 2706.282046
0.863575 0.000001 0.000003 0.000001 0.000006 0.129421 0.006993 1.671597 2707.203710
0.863664 0.000001 0.000003 0.000000 0.000006 0.129332 0.006993 1.671597 2707.410776
0.863749 0.000001 0.000003 0.000000 0.000006 0.129247 0.006993 1.671597 2707.583770
0.863831 0.000001 0.000003 0.000000 0.000006 0.129166 0.006993 1.671597 2707.583770
0.863903 0.000001 0.000003 0.000000 0.000006 0.129094 0.006993 1.671597 2707.583770
0.863978 0.000001 0.000003 0.000000 0.000006 0.129020 0.006993 1.671597 2707.758459
0.864044 0.000001 0.000002 0.000000 0.000005 0.128954 0.006993 1.671597 2707.989230
0.864104 0.000001 0.000003 0.000000 0.000005 0.128894 0.006993 1.671598 2707.989230
0.864167 0.000001 0.000003 0.000000 0.000005 0.128831 0.006993 1.671598 2708.236855
0.864229 0.000000 0.000003 0.000000 0.000005 0.128769 0.006993 1.671598 2708.484694
0.864293 0.000001 0.000002 0.000000 0.000005 0.128706 0.006993 1.671598 2708.676983
0.864342 0.000000 0.000002 0.000000 0.000004 0.128658 0.006994 1.671598 2708.922106
0.864385 0.000000 0.000002 0.000000 0.000004 0.128614 0.006994 1.671598 2709.159934
0.864431 0.000000 0.000002 0.000000 0.000004 0.128568 0.006994 1.671598 2709.228205
0.864474 0.000000 0.000002 0.000000 0.000004 0.128526 0.006994 1.671598 2709.228205
0.864512 0.000000 0.000001 0.000000 0.000004 0.128489 0.006994 1.671598 2709.228205
0.864552 0.000000 0.000001 0.000000 0.000004 0.128449 0.006994 1.671598 2709.228205
0.864587 0.000000 0.000001 0.000000 0.000004 0.128413 0.006994 1.671598 2709.228205
0.864623 0.000000 0.000001 0.000000 0.000004 0.128377 0.006994 1.671598 2709.228205
0.864662 0.000000 0.000001 0.000000 0.000004 0.128339 0.006994 1.671598 2709.228205
0.864693 0.000000 0.000001 0.000000 0.000003 0.128308 0.006994 1.671598 2709.432940
0.864721 0.000000 0.000001 0.000000 0.000003 0.128281 0.006994 1.671598 2709.673009
0.864747 0.000000 0.000001 0.000000 0.000003 0.128254 0.006994 1.671598 2709.673009
0.864776 0.000000 0.000000 0.000000 0.000003 0.128226 0.006994 1.671598 2709.673009
0.864808 0.000000 0.000000 0.000000 0.000003 0.128194 0.006994 1.671598 2709.673009
0.864836 0.000000 0.000000 0.000000 0.000003 0.128166 0.006994 1.671598 2709.673009
0.864863 0.000000 0.000000 0.000000 0.000003 0.128139 0.006994 1.671598 2709.673009
0.864892 0.000000 0.000000 0.000000 0.000003 0.128110 0.006994 1.671598 2709.673009
0.864917 0.000000 0.000000 0.000000 0.000003 0.128085 0.006994 1.671598 2709.914203
0.864938 0.000000 0.000000 0.000000 0.000003 0.128064 0.006994 1.671598 2709.914203
0.864961 0.000000 0.000000 0.000000 0.000003 0.128041 0.006994 1.671598 2710.121108
0.864984 0.000000 0.000000 0.000000 0.000002 0.128018 0.006995 1.671598 2710.284010
0.865005 0.000000 0.000000 0.000000 0.000002 0.127998 0.006995 1.671599 2710.284010
0.865027 0.000000 0.000000 0.000000 0.000002 0.127976 0.006995 1.671599 2710.284010
0.865041 0.000000 0.000000 0.000000 0.000002 0.127961 0.006995 1.671599 2710.511328
0.865058 0.000000 0.000000 0.000000 0.000002 0.127944 0.006995 1.671599 2710.511328
0.865070 0.000000 0.000000 0.000000 0.000002 0.127932 0.006995 1.671599 2710.511328
0.865083 0.000000 0.000000 0.000000 0.000002 0.127919 0.006995 1.671599 2710.511328
0.865096 0.000000 0.000000 0.000000 0.000002 0.127907 0.006995 1.671599 2710.652076
0.865109 0.000000 0.000000 0.000000 0.000002 0.127894 0.006995 1.671599 2710.890802
0.865123 0.000000 0.000000 0.000000 0.000002 0.127880 0.006995 1.671599 2710.890802
0.865133 0.000000 0.000000 0.000000 0.000002 0.127870 0.006995 1.671599 2710.890802
0.865144 0.000000 0.000000 0.000000 0.000002 0.127859 0.006995 1.671599 2710.890802
0.865154 0.000000 0.000000 0.000000 0.000002 0.127849 0.006995 1.671599 2710.890802
0.865164 0.000000 0.000000 0.000000 0.000002 0.127839 0.006995 1.671599 2710.890802
0.865173 0.000000 0.000000 0.000000 0.000002 0.127830 0.006995 1.671599 2710.890802
0.865181 0.000000 0.000000 0.000000 0.000002 0.127822 0.006995 1.671599 2710.890802
0.865193 0.000000 0.000000 0.000000 0.000002 0.127810 0.006995 1.671599 2710.890802
0.865203 0.000000 0.000000 0.000000 0.000001 0.127800 0.006995 1.671599 2710.927943
0.865212 0.000000 0.000000 0.000000 0.000001 0.127791 0.006995 1.671599 2710.927943
0.865219 0.000000 0.000000 0.000000 0.000001 0.127784 0.006995 1.671599 2710.927943
0.865227 0.000000 0.000000 0.000000 0.000001 0.127776 0.006995 1.671599 2710.927943
0.865234 0.000000 0.000000 0.000000 0.000001 0.127768 0.006995 1.671599 2710.927943
0.865244 0.000000 0.000000 0.000000 0.000001 0.127759 0.006995 1.671599 2710.927943
0.865252 0.000000 0.000001 0.000000 0.000001 0.127750 0.006995 1.671599 2710.927943
0.865259 0.000000 0.000001 0.000000 0.000001 0.127743 0.006995 1.671599 2710.927943
0.865266 0.000000 0.000000 0.000000 0.000001 0.127737 0.006995 1.671599 2711.168756
0.865273 0.000000 0.000000 0.000000 0.000001 0.127730 0.006995 1.671599 2711.168756
0.865277 0.000000 0.000000 0.000000 0.000001 0.127726 0.006995 1.671599 2711.168756
0.865283 0.000000 0.000000 0.000000 0.000001 0.127720 0.006995 1.671599 2711.356660
0.865287 0.000000 0.000000 0.000000 0.000000 0.127716 0.006995 1.671599 2711.431139
0.865292 0.000000 0.000000 0.000000 0.000000 0.127712 0.006995 1.671599 2711.431139
0.865295 0.000000 0.000000 0.000000 0.000000 0.127708 0.006995 1.671599 2711.431139
0.865299 0.000000 0.000000 0.000000 0.000000 0.127704 0.006995 1.671599 2711.431139
0.865302 0.000000 0.000000 0.000000 0.000000 0.127701 0.006995 1.671599 2711.431139
0.865305 0.000000 0.000000 0.000000 0.000000 0.127698 0.006995 1.671599 2711.431139
0.865308 0.000000 0.000000 0.000000 0.000000 0.127695 0.006995 1.671599 2711.431139
0.865313 0.000000 0.000000 0.000000 0.000000 0.127691 0.006995 1.671599 2711.431139
0.865315 0.000000 0.000000 0.000000 0.000000 0.127688 0.006995 1.671599 2711.431139
0.865318 0.000000 0.000000 0.000000 0.000000 0.127686 0.006995 1.671599 2711.431139
0.865321 0.000000 0.000000 0.000000 0.000000 0.127683 0.006995 1.671599 2711.431139
0.865323 0.000000 0.000000 0.000000 0.000000 0.127680 0.006995 1.671599 2711.431139
0.865328 0.000000 0.000000 0.000000 0.000000 0.127676 0.006995 1.671599 2711.431139
0.865329 0.000000 0.000000 0.000000 0.000000 0.127674 0.006995 1.671599 2711.431139
0.865333 0.000000 0.000000 0.000000 0.000000 0.127670 0.006995 1.671599 2711.431139
0.865338 0.000000 0.000000 0.000000 0.000000 0.127666 0.006995 1.671599 2711.431139
0.865340 0.000000 0.000000 0.000000 0.000000 0.127663 0.006995 1.671599 2711.431139
0.865343 0.000000 0.000000 0.000000 0.000000 0.127660 0.006995 1.671599 2711.431139
0.865347 0.000000 0.000000 0.000000 0.000000 0.127657 0.006995 1.671599 2711.431139
0.865349 0.000000 0.000000 0.000000 0.000000 0.127655 0.006995 1.671599 2711.431139
0.865351 0.000000 0.000000 0.000000 0.000000 0.127653 0.006996 1.671599 2711.517639
0.865351 0.000000 0.000000 0.000000 0.000000 0.127652 0.006996 1.671599 2711.517639
0.865354 0.000000 0.000000 0.000000 0.000000 0.127649 0.006996 1.671599 2711.517639
0.865356 0.000000 0.000000 0.000000 0.000000 0.127648 0.006996 1.671599 2711.517639
0.865358 0.000000 0.000000 0.000000 0.000000 0.127645 0.006996 1.671599 2711.517639
0.865359 0.000000 0.000000 0.000000 0.000000 0.127645 0.006996 1.671599 2711.517639
0.865360 0.000000 0.000000 0.000000 0.000000 0.127644 0.006996 1.671599 2711.788174
0.865360 0.000000 0.000000 0.000000 0.000000 0.127644 0.006996 1.671599 2711.788174
0.865360 0.000000 0.000000 0.000000 0.000000 0.127644 0.006996 1.671599 2711.788174
0.865360 0.000000 0.000000 0.000000 0.000000 0.127644 0.006996 1.671599 2711.788174
0.865360 0.000000 0.000000 0.000000 0.000000 0.127644 0.006996 1.671599 2711.788174
0.865360 0.000000 0.000000 0.000000 0.000000 0.127644 0.006996 1.671599 2711.788174
0.865360 0.000000 0.000000 0.000000 0.000000 0.127644 0.006996 1.671599 2711.788174
0.865360 0.000000 0.000000 0.000000 0.000000 0.127644 0.006996 1.671599 2711.788174
0.865360 0.000000 0.000000 0.000000 0.000000 0.127644 0.006996 1.671599 2711.788174
0.865360 0.000000 0.000000 0.000000 0.000000 0.127644 0.006996 1.671599 2711.788174
0.865360 0.000000 0.000000 0.000000 0.000000 0.127644 0.006996 1.671599 2711.788174
0.865360 0.000000 0.000000 0.000000 0.000000 0.127644 0.006996 1.671599 2711.788174
0.865360 0.000000 0.000000 0.000000 0.000000 0.127644 0.006996 1.671599 2711.788174
0.865360 0.000000 0.000000 0.000000 0.000000 0.127644 0.006996 1.671599 2711.788174
0.865360 0.000000 0.000000 0.000000 0.000000 0.127644 0.006996 1.671599 2711.788174
0.865360 0.000000 0.000000 0.000000 0.000000 0.127644 0.006996 1.671599 2711.788174
0.865360 0.000000 0.000000 0.000000 0.000000 0.127644 0.006996 1.671599 2711.788174
0.865360 0.000000 0.000000 0.000000 0.000000 0.127644 0.006996 1.671599 2711.788174
0.865360 0.000000 0.000000 0.000000 0.000000 0.127644 0.006996 1.671599 2711.788174
0.865360 0.000000 0.000000 0.000000 0.000000 0.127644 0.006996 1.671599 2711.788174
0.865360 0.000000 0.000000 0.000000 0.000000 0.127644 0.006996 1.671599 2711.788174
0.865360 0.000000 0.000000 0.000000 0.000000 0.127644 0.006996 1.671599 2711.788174
0.865360 0.000000 0.000000 0.000000 0.000000 0.127644 0.006996 1.671599 2711.788174
0.865360 0.000000 0.000000 0.000000 0.000000 0.127644 0.006996 1.671599 2711.788174
0.865360 0.000000 0.000000 0.000000 0.000000 0.127644 0.006996 1.671599 2711.788174
0.865360 0.000000 0.000000 0.000000 0.000000 0.127644 0.006996 1.671599 2711.788174
0.865360 0.000000 0.000000 0.000000 0.000000 0.127644 0.006996 1.671599 2711.788174
0.865360 0.000000 0.000000 0.000000 0.000000 0.127644 0.006996 1.671599 2711.788174
0.865360 0.000000 0.000000 0.000000 0.000000 0.127644 0.006996 1.671599 2711.788174
0.865360 0.000000 0.000000 0.000000 0.000000 0.127644 0.006996 1.671599 2711.788174
0.865360 0.000000 0.000000 0.000000 0.000000 0.127644 0.006996 1.671599 2711.788174
0.865360 0.000000 0.000000 0.000000 0.000000 0.127644 0.006996 1.671599 2711.788174
0.865360 0.000000 0.000000 0.000000 0.000000 0.127644 0.006996 1.671599 2711.788174
0.865360 0.000000 0.000000 0.000000 0.000000 0.127644 0.006996 1.671599 2711.788174
0.865360 0.000000 0.000000 0.000000 0.000000 0.127644 0.006996 1.671599 2711.788174
0.865360 0.000000 0.000000 0.000000 0.000000 0.127644 0.006996 1.671599 2711.788174
0.865360 0.000000 0.000000 0.000000 0.000000 0.127644 0.006996 1.671599 2711.788174
0.865360 0.000000 0.000000 0.000000 0.000000 0.127644 0.006996 1.671599 2711.788174
0.865360 0.000000 0.000000 0.000000 0.000000 0.127644 0.006996 1.671599 2711.788174
0.865360 0.000000 0.000000 0.000000 0.000000 0.127644 0.006996 1.671599 2711.788174
0.865360 0.000000 0.000000 0.000000 0.000000 0.127644 0.006996 1.671599 2711.788174
0.865360 0.000000 0.000000 0.000000 0.000000 0.127644 0.006996 1.671599 2711.788174
0.865360 0.000000 0.000000 0.000000 0.000000 0.127644 0.006996 1.671599 2711.788174
0.865360 0.000000 0.000000 0.000000 0.000000 0.127644 0.006996 1.671599 2711.788174
0.865360 0.000000 0.000000 0.000000 0.000000 0.127644 0.006996 1.671599 2711.788174
0.865360 0.000000 0.000000 0.000000 0.000000 0.127644 0.006996 1.671599 2711.788174
0.865360 0.000000 0.000000 0.000000 0.000000 0.127644 0.006996 1.671599 2711.788174
0.865360 0.000000 0.000000 0.000000 0.000000 0.127644 0.006996 1.671599 2711.788174
0.865360 0.000000 0.000000 0.000000 0.000000 0.127644 0.006996 1.671599 2711.788174
0.865360 0.000000 0.000000 0.000000 0.000000 0.127644 0.006996 1.671599 2711.788174
0.865360 0.000000 0.000000 0.000000 0.000000 0.127644 0.006996 1.671599 2711.788174
0.865360 0.000000 0.000000 0.000000 0.000000 0.127644 0.006996 1.671599 2711.788174
0.865360 0.000000 0.000000 0.000000 0.000000 0.127644 0.006996 1.671599 2711.788174
0.865360 0.000000 0.000000 0.000000 0.000000 0.127644 0.006996 1.671599 2711.788174
0.865360 0.000000 0.000000 0.000000 0.000000 0.127644 0.006996 1.671599 2711.788174
0.865360 0.000000 0.000000 0.000000 0.000000 0.127644 0.006996 1.671599 2711.788174
0.865360 0.000000 0.000000 0.000000 0.000000 0.127644 0.006996 1.671599 2711.788174
0.865360 0.000000 0.000000 0.000000 0.000000 0.127644 0.006996 1.671599 2711.788174
0.865360 0.000000 0.000000 0.000000 0.000000 0.127644 0.006996 1.671599 2711.788174
0.865360 0.000000 0.000000 0.000000 0.000000 0.127644 0.006996 1.671599 2711.788174
0.865360 0.000000 0.000000 0.000000 0.000000 0.127644 0.006996 1.671599 2711.788174
0.865360 0.000000 0.000000 0.000000 0.000000 0.127644 0.006996 1.671599 2711.788174
0.865360 0.000000 0.000000 0.000000 0.000000 0.127644 0.006996 1.671599 2711.788174
0.865360 0.000000 0.000000 0.000000 0.000000 0.127644 0.006996 1.671599 2711.788174
0.865360 0.000000 0.000000 0.000000 0.000000 0.127644 0.006996 1.671599 2711.788174
0.865360 0.000000 0.000000 0.000000 0.000000 0.127644 0.006996 1.671599 2711.788174
0.865360 0.000000 0.000000 0.000000 0.000000 0.127644 0.006996 1.671599 2711.788174
0.865360 0.000000 0.000000 0.000000 0.000000 0.127644 0.006996 1.671599 2711.788174
0.865360 0.000000 0.000000 0.000000 0.000000 0.127644 0.006996 1.671599 2711.788174
0.865360 0.000000 0.000000 0.000000 0.000000 0.127644 0.006996 1.671599 2711.788174
0.865360 0.000000 0.000000 0.000000 0.000000 0.127644 0.006996 1.671599 2711.788174
0.865360 0.000000 0.000000 0.000000 0.000000 0.127644 0.006996 1.671599 2711.788174
0.865360 0.000000 0.000000 0.000000 0.000000 0.127644 0.006996 1.671599 2711.788174
0.865360 0.000000 0.000000 0.000000 0.000000 0.127644 0.006996 1.671599 2711.788174
0.865360 0.000000 0.000000 0.000000 0.000000 0.127644 0.006996 1.671599 2711.788174
0.865360 0.000000 0.000000 0.000000 0.000000 0.127644 0.006996 1.671599 2711.788174
0.865360 0.000000 0.000000 0.000000 0.000000 0.127644 0.006996 1.671599 2711.788174
0.865360 0.000000 0.000000 0.000000 0.000000 0.127644 0.006996 1.671599 2711.788174
0.865360 0.000000 0.000000 0.000000 0.000000 0.127644 0.006996 1.671599 2711.788174
0.865360 0.000000 0.000000 0.000000 0.000000 0.127644 0.006996 1.671599 2711.788174
0.865360 0.000000 0.000000 0.000000 0.000000 0.127644 0.006996 1.671599 2711.788174
0.865360 0.000000 0.000000 0.000000 0.000000 0.127644 0.006996 1.671599 2711.788174
0.865360 0.000000 0.000000 0.000000 0.000000 0.127644 0.006996 1.671599 2711.788174
0.865360 0.000000 0.000000 0.000000 0.000000 0.127644 0.006996 1.671599 2711.788174
0.865360 0.000000 0.000000 0.000000 0.000000 0.127644 0.006996 1.671599 2711.788174
0.865360 0.000000 0.000000 0.000000 0.000000 0.127644 0.006996 1.671599 2711.788174
0.865360 0.000000 0.000000 0.000000 0.000000 0.127644 0.006996 1.671599 2711.788174
0.865360 0.000000 0.000000 0.000000 0.000000 0.127644 0.006996 1.671599 2711.788174
0.865360 0.000000 0.000000 0.000000 0.000000 0.127644 0.006996 1.671599 2711.788174
0.865360 0.000000 0.000000 0.000000 0.000000 0.127644 0.006996 1.671599 2711.788174
0.865360 0.000000 0.000000 0.000000 0.000000 0.127644 0.006996 1.671599 2711.788174
0.865360 0.000000 0.000000 0.000000 0.000000 0.127644 0.006996 1.671599 2711.788174
0.865360 0.000000 0.000000 0.000000 0.000000 0.127644 0.006996 1.671599 2711.788174
0.865360 0.000000 0.000000 0.000000 0.000000 0.127644 0.006996 1.671599 2711.788174
0.865360 0.000000 0.000000 0.000000 0.000000 0.127644 0.006996 1.671599 2711.788174
0.865360 0.000000 0.000000 0.000000 0.000000 0.127644 0.006996 1.671599 2711.788174
0.865360 0.000000 0.000000 0.000000 0.000000 0.127644 0.006996 1.671599 2711.788174
0.865360 0.000000 0.000000 0.000000 0.000000 0.127644 0.006996 1.671599 2711.788174
0.865360 0.000000 0.000000 0.000000 0.000000 0.127644 0.006996 1.671599 2711.788174
0.865360 0.000000 0.000000 0.000000 0.000000 0.127644 0.006996 1.671599 2711.788174
0.865360 0.000000 0.000000 0.000000 0.000000 0.127644 0.006996 1.671599 2711.788174
0.865360 0.000000 0.000000 0.000000 0.000000 0.127644 0.006996 1.671599 2711.788174
0.865360 0.000000 0.000000 0.000000 0.000000 0.127644 0.006996 1.671599 2711.788174
0.865360 0.000000 0.000000 0.000000 0.000000 0.127644 0.006996 1.671599 2711.788174
0.865360 0.000000 0.000000 0.000000 0.000000 0.127644 0.006996 1.671599 2711.788174
0.865360 0.000000 0.000000 0.000000 0.000000 0.127644 0.006996 1.671599 2711.788174
0.865360 0.000000 0.000000 0.000000 0.000000 0.127644 0.006996 1.671599 2711.788174
0.865360 0.000000 0.000000 0.000000 0.000000 0.127644 0.006996 1.671599 2711.788174
0.865360 0.000000 0.000000 0.000000 0.000000 0.127644 0.006996 1.671599 2711.788174
0.865360 0.000000 0.000000 0.000000 0.000000 0.127644 0.006996 1.671599 2711.788174
0.865360 0.000000 0.000000 0.000000 0.000000 0.127644 0.006996 1.671599 2711.788174
0.865360 0.000000 0.000000 0.000000 0.000000 0.127644 0.006996 1.671599 2711.788174
0.865360 0.000000 0.000000 0.000000 0.000000 0.127644 0.006996 1.671599 2711.788174
0.865360 0.000000 0.000000 0.000000 0.000000 0.127644 0.006996 1.671599 2711.788174
0.865360 0.000000 0.000000 0.000000 0.000000 0.127644 0.006996 1.671599 2711.788174
0.865360 0.000000 0.000000 0.000000 0.000000 0.127644 0.006996 1.671599 2711.788174
0.865360 0.000000 0.000000 0.000000 0.000000 0.127644 0.006996 1.671599 2711.788174
0.865360 0.000000 0.000000 0.000000 0.000000 0.127644 0.006996 1.671599 2711.788174
0.865360 0.000000 0.000000 0.000000 0.000000 0.127644 0.006996 1.671599 2711.788174
0.865360 0.000000 0.000000 0.000000 0.000000 0.127644 0.006996 1.671599 2711.788174
0.865360 0.000000 0.000000 0.000000 0.000000 0.127644 0.006996 1.671599 2711.788174
0.865360 0.000000 0.000000 0.000000 0.000000 0.127644 0.006996 1.671599 2711.788174
0.865360 0.000000 0.000000 0.000000 0.000000 0.127644 0.006996 1.671599 2711.788174
0.865360 0.000000 0.000000 0.000000 0.000000 0.127644 0.006996 1.671599 2711.788174
0.865360 0.000000 0.000000 0.000000 0.000000 0.127644 0.006996 1.671599 2711.788174
0.865360 0.000000 0.000000 0.000000 0.000000 0.127644 0.006996 1.671599 2711.788174
0.865360 0.000000 0.000000 0.000000 0.000000 0.127644 0.006996 1.671599 2711.788174
0.865360 0.000000 0.000000 0.000000 0.000000 0.127644 0.006996 1.671599 2711.788174
0.865360 0.000000 0.000000 0.000000 0.000000 0.127644 0.006996 1.671599 2711.788174
0.865360 0.000000 0.000000 0.000000 0.000000 0.127644 0.006996 1.671599 2711.788174
0.865360 0.000000 0.000000 0.000000 0.000000 0.127644 0.006996 1.671599 2711.788174
0.865360 0.000000 0.000000 0.000000 0.000000 0.127644 0.006996 1.671599 2711.788174
0.865360 0.000000 0.000000 0.000000 0.000000 0.127644 0.006996 1.671599 2711.788174
0.865360 0.000000 0.000000 0.000000 0.000000 0.127644 0.006996 1.671599 2711.788174
0.865360 0.000000 0.000000 0.000000 0.000000 0.127644 0.006996 1.671599 2711.788174
0.865360 0.000000 0.000000 0.000000 0.000000 0.127644 0.006996 1.671599 2711.788174
0.865360 0.000000 0.000000 0.000000 0.000000 0.127644 0.006996 1.671599 2711.788174
0.865360 0.000000 0.000000 0.000000 0.000000 0.127644 0.006996 1.671599 2711.788174
0.865360 0.000000 0.000000 0.000000 0.000000 0.127644 0.006996 1.671599 2711.788174
0.865360 0.000000 0.000000 0.000000 0.000000 0.127644 0.006996 1.671599 2711.788174
0.865360 0.000000 0.000000 0.000000 0.000000 0.127644 0.006996 1.671599 2711.788174
0.865360 0.000000 0.000000 0.000000 0.000000 0.127644 0.006996 1.671599 2711.788174
0.865360 0.000000 0.000000 0.000000 0.000000 0.127644 0.006996 1.671599 2711.788174
0.865360 0.000000 0.000000 0.000000 0.000000 0.127644 0.006996 1.671599 2711.788174
0.865360 0.000000 0.000000 0.000000 0.000000 0.127644 0.006996 1.671599 2711.788174
0.865360 0.000000 0.000000 0.000000 0.000000 0.127644 0.006996 1.671599 2711.788174
0.865360 0.000000 0.000000 0.000000 0.000000 0.127644 0.006996 1.671599 2711.788174
0.865360 0.000000 0.000000 0.000000 0.000000 0.127644 0.006996 1.671599 2711.788174
0.865360 0.000000 0.000000 0.000000 0.000000 0.127644 0.006996 1.671599 2711.788174
0.865360 0.000000 0.000000 0.000000 0.000000 0.127644 0.006996 1.671599 2711.788174
0.865360 0.000000 0.000000 0.000000 0.000000 0.127644 0.006996 1.671599 2711.788174
0.865360 0.000000 0.000000 0.000000 0.000000 0.127644 0.006996 1.671599 2711.788174
0.865360 0.000000 0.000000 0.000000 0.000000 0.127644 0.006996 1.671599 2711.788174
0.865360 0.000000 0.000000 0.000000 0.000000 0.127644 0.006996 1.671599 2711.788174
0.865360 0.000000 0.000000 0.000000 0.000000 0.127644 0.006996 1.671599 2711.788174
0.865360 0.000000 0.000000 0.000000 0.000000 0.127644 0.006996 1.671599 2711.788174
0.865360 0.000000 0.000000 0.000000 0.000000 0.127644 0.006996 1.671599 2711.788174
0.865360 0.000000 0.000000 0.000000 0.000000 0.127644 0.006996 1.671599 2711.788174
0.865360 0.000000 0.000000 0.000000 0.000000 0.127644 0.006996 1.671599 2711.788174
0.865360 0.000000 0.000000 0.000000 0.000000 0.127644 0.006996 1.671599 2711.788174
0.865360 0.000000 0.000000 0.000000 0.000000 0.127644 0.006996 1.671599 2711.788174
0.865360 0.000000 0.000000 0.000000 0.000000 0.127644 0.006996 1.671599 2711.788174
0.865360 0.000000 0.000000 0.000000 0.000000 0.127644 0.006996 1.671599 2711.788174
0.865360 0.000000 0.000000 0.000000 0.000000 0.127644 0.006996 1.671599 2711.788174
0.865360 0.000000 0.000000 0.000000 0.000000 0.127644 0.006996 1.671599 2711.788174
0.865360 0.000000 0.000000 0.000000 0.000000 0.127644 0.006996 1.671599 2711.788174
0.865360 0.000000 0.000000 0.000000 0.000000 0.127644 0.006996 1.671599 2711.788174
0.865360 0.000000 0.000000 0.000000 0.000000 0.127644 0.006996 1.671599 2711.788174
0.865360 0.000000 0.000000 0.000000 0.000000 0.127644 0.006996 1.671599 2711.788174
0.865360 0.000000 0.000000 0.000000 0.000000 0.127644 0.006996 1.671599 2711.788174
0.865360 0.000000 0.000000 0.000000 0.000000 0.127644 0.006996 1.671599 2711.788174
0.865360 0.000000 0.000000 0.000000 0.000000 0.127644 0.006996 1.671599 2711.788174
0.865360 0.000000 0.000000 0.000000 0.000000 0.127644 0.006996 1.671599 2711.788174
0.865360 0.000000 0.000000 0.000000 0.000000 0.127644 0.006996 1.671599 2711.788174
0.865360 0.000000 0.000000 0.000000 0.000000 0.127644 0.006996 1.671599 2711.788174
0.865360 0.000000 0.000000 0.000000 0.000000 0.127644 0.006996 1.671599 2711.788174
0.865360 0.000000 0.000000 0.000000 0.000000 0.127644 0.006996 1.671599 2711.788174
0.865360 0.000000 0.000000 0.000000 0.000000 0.127644 0.006996 1.671599 2711.788174
0.865360 0.000000 0.000000 0.000000 0.000000 0.127644 0.006996 1.671599 2711.788174
0.865360 0.000000 0.000000 0.000000 0.000000 0.127644 0.006996 1.671599 2711.788174
0.865360 0.000000 0.000000 0.000000 0.000000 0.127644 0.006996 1.671599 2711.788174
0.865360 0.000000 0.000000 0.000000 0.000000 0.127644 0.006996 1.671599 2711.788174
0.865360 0.000000 0.000000 0.000000 0.000000 0.127644 0.006996 1.671599 2711.788174
0.865360 0.000000 0.000000 0.000000 0.000000 0.127644 0.006996 1.671599 2711.788174
0.865360 0.000000 0.000000 0.000000 0.000000 0.127644 0.006996 1.671599 2711.788174
0.865360 0.000000 0.000000 0.000000 0.000000 0.127644 0.006996 1.671599 2711.788174
0.865360 0.000000 0.000000 0.000000 0.000000 0.127644 0.006996 1.671599 2711.788174
0.865360 0.000000 0.000000 0.000000 0.000000 0.127644 0.006996 1.671599 2711.788174
0.865360 0.000000 0.000000 0.000000 0.000000 0.127644 0.006996 1.671599 2711.788174
0.865360 0.000000 0.000000 0.000000 0.000000 0.127644 0.006996 1.671599 2711.788174
0.865360 0.000000 0.000000 0.000000 0.000000 0.127644 0.006996 1.671599 2711.788174
0.865360 0.000000 0.000000 0.000000 0.000000 0.127644 0.006996 1.671599 2711.788174
0.865360 0.000000 0.000000 0.000000 0.000000 0.127644 0.006996 1.671599 2711.788174
0.865360 0.000000 0.000000 0.000000 0.000000 0.127644 0.006996 1.671599 2711.788174
0.865360 0.000000 0.000000 0.000000 0.000000 0.127644 0.006996 1.671599 2711.788174
0.865360 0.000000 0.000000 0.000000 0.000000 0.127644 0.006996 1.671599 2711.788174
0.865360 0.000000 0.000000 0.000000 0.000000 0.127644 0.006996 1.671599 2711.788174
0.865360 0.000000 0.000000 0.000000 0.000000 0.127644 0.006996 1.671599 2711.788174
0.865360 0.000000 0.000000 0.000000 0.000000 0.127644 0.006996 1.671599 2711.788174
0.865360 0.000000 0.000000 0.000000 0.000000 0.127644 0.006996 1.671599 2711.788174
0.865360 0.000000 0.000000 0.000000 0.000000 0.127644 0.006996 1.671599 2711.788174
0.865360 0.000000 0.000000 0.000000 0.000000 0.127644 0.006996 1.671599 2711.788174
0.865360 0.000000 0.000000 0.000000 0.000000 0.127644 0.006996 1.671599 2711.788174
0.865360 0.000000 0.000000 0.000000 0.000000 0.127644 0.006996 1.671599 2711.788174
0.865360 0.000000 0.000000 0.000000 0.000000 0.127644 0.006996 1.671599 2711.788174
0.865360 0.000000 0.000000 0.000000 0.000000 0.127644 0.006996 1.671599 2711.788174
0.865360 0.000000 0.000000 0.000000 0.000000 0.127644 0.006996 1.671599 2711.788174
0.865360 0.000000 0.000000 0.000000 0.000000 0.127644 0.006996 1.671599 2711.788174
0.865360 0.000000 0.000000 0.000000 0.000000 0.127644 0.006996 1.671599 2711.788174
0.865360 0.000000 0.000000 0.000000 0.000000 0.127644 0.006996 1.671599 2711.788174
0.865360 0.000000 0.000000 0.000000 0.000000 0.127644 0.006996 1.671599 2711.788174
0.865360 0.000000 0.000000 0.000000 0.000000 0.127644 0.006996 1.671599 2711.788174
0.865360 0.000000 0.000000 0.000000 0.000000 0.127644 0.006996 1.671599 2711.788174
0.865360 0.000000 0.000000 0.000000 0.000000 0.127644 0.006996 1.671599 2711.788174
0.865360 0.000000 0.000000 0.000000 0.000000 0.127644 0.006996 1.671599 2711.788174
0.865360 0.000000 0.000000 0.000000 0.000000 0.127644 0.006996 1.671599 2711.788174
0.865360 0.000000 0.000000 0.000000 0.000000 0.127644 0.006996 1.671599 2711.788174
0.865360 0.000000 0.000000 0.000000 0.000000 0.127644 0.006996 1.671599 2711.788174
0.865360 0.000000 0.000000 0.000000 0.000000 0.127644 0.006996 1.671599 2711.788174
0.865360 0.000000 0.000000 0.000000 0.000000 0.127644 0.006996 1.671599 2711.788174
0.865360 0.000000 0.000000 0.000000 0.000000 0.127644 0.006996 1.671599 2711.788174
0.865360 0.000000 0.000000 0.000000 0.000000 0.127644 0.006996 1.671599 2711.788174
0.865360 0.000000 0.000000 0.000000 0.000000 0.127644 0.006996 1.671599 2711.788174
0.865360 0.000000 0.000000 0.000000 0.000000 0.127644 0.006996 1.671599 2711.788174
0.865360 0.000000 0.000000 0.000000 0.000000 0.127644 0.006996 1.671599 2711.788174
0.865360 0.000000 0.000000 0.000000 0.000000 0.127644 0.006996 1.671599 2711.788174
0.865360 0.000000 0.000000 0.000000 0.000000 0.127644 0.006996 1.671599 2711.788174
0.865360 0.000000 0.000000 0.000000 0.000000 0.127644 0.006996 1.671599 2711.788174
0.865360 0.000000 0.000000 0.000000 0.000000 0.127644 0.006996 1.671599 2711.788174
0.865360 0.000000 0.000000 0.000000 0.000000 0.127644 0.006996 1.671599 2711.788174
0.865360 0.000000 0.000000 0.000000 0.000000 0.127644 0.006996 1.671599 2711.788174
0.865360 0.000000 0.000000 0.000000 0.000000 0.127644 0.006996 1.671599 2711.788174
0.865360 0.000000 0.000000 0.000000 0.000000 0.127644 0.006996 1.671599 2711.788174
0.865360 0.000000 0.000000 0.000000 0.000000 0.127644 0.006996 1.671599 2711.788174
0.865360 0.000000 0.000000 0.000000 0.000000 0.127644 0.006996 1.671599 2711.788174
0.865360 0.000000 0.000000 0.000000 0.000000 0.127644 0.006996 1.671599 2711.788174
0.865360 0.000000 0.000000 0.000000 0.000000 0.127644 0.006996 1.671599 2711.788174
0.865360 0.000000 0.000000 0.000000 0.000000 0.127644 0.006996 1.671599 2711.788174
0.865360 0.000000 0.000000 0.000000 0.000000 0.127644 0.006996 1.671599 2711.788174
0.865360 0.000000 0.000000 0.000000 0.000000 0.127644 0.006996 1.671599 2711.788174
0.865360 0.000000 0.000000 0.000000 0.000000 0.127644 0.006996 1.671599 2711.788174
0.865360 0.000000 0.000000 0.000000 0.000000 0.127644 0.006996 1.671599 2711.788174
0.865360 0.000000 0.000000 0.000000 0.000000 0.127644 0.006996 1.671599 2711.788174
0.865360 0.000000 0.000000 0.000000 0.000000 0.127644 0.006996 1.671599 2711.788174
0.865360 0.000000 0.000000 0.000000 0.000000 0.127644 0.006996 1.671599 2711.788174
0.865360 0.000000 0.000000 0.000000 0.000000 0.127644 0.006996 1.671599 2711.788174
0.865360 0.000000 0.000000 0.000000 0.000000 0.127644 0.006996 1.671599 2711.788174
0.865360 0.000000 0.000000 0.000000 0.000000 0.127644 0.006996 1.671599 2711.788174
0.865360 0.000000 0.000000 0.000000 0.000000 0.127644 0.006996 1.671599 2711.788174
0.865360 0.000000 0.000000 0.000000 0.000000 0.127644 0.006996 1.671599 2711.788174
0.865360 0.000000 0.000000 0.000000 0.000000 0.127644 0.006996 1.671599 2711.788174
0.865360 0.000000 0.000000 0.000000 0.000000 0.127644 0.006996 1.671599 2711.788174
0.865360 0.000000 0.000000 0.000000 0.000000 0.127644 0.006996 1.671599 2711.788174
0.865360 0.000000 0.000000 0.000000 0.000000 0.127644 0.006996 1.671599 2711.788174
0.865360 0.000000 0.000000 0.000000 0.000000 0.127644 0.006996 1.671599 2711.788174
0.865360 0.000000 0.000000 0.000000 0.000000 0.127644 0.006996 1.671599 2711.788174
0.865360 0.000000 0.000000 0.000000 0.000000 0.127644 0.006996 1.671599 2711.788174
0.865360 0.000000 0.000000 0.000000 0.000000 0.127644 0.006996 1.671599 2711.788174
0.865360 0.000000 0.000000 0.000000 0.000000 0.127644 0.006996 1.671599 2711.788174
0.865360 0.000000 0.000000 0.000000 0.000000 0.127644 0.006996 1.671599 2711.788174
0.865360 0.000000 0.000000 0.000000 0.000000 0.127644 0.006996 1.671599 2711.788174
0.865360 0.000000 0.000000 0.000000 0.000000 0.127644 0.006996 1.671599 2711.788174
0.865360 0.000000 0.000000 0.000000 0.000000 0.127644 0.006996 1.671599 2711.788174
0.865360 0.000000 0.000000 0.000000 0.000000 0.127644 0.006996 1.671599 2711.788174
0.865360 0.000000 0.000000 0.000000 0.000000 0.127644 0.006996 1.671599 2711.788174
0.865360 0.000000 0.000000 0.000000 0.000000 0.127644 0.006996 1.671599 2711.788174
0.865360 0.000000 0.000000 0.000000 0.000000 0.127644 0.006996 1.671599 2711.788174
0.865360 0.000000 0.000000 0.000000 0.000000 0.127644 0.006996 1.671599 2711.788174
0.865360 0.000000 0.000000 0.000000 0.000000 0.127644 0.006996 1.671599 2711.788174
0.865360 0.000000 0.000000 0.000000 0.000000 0.127644 0.006996 1.671599 2711.788174
0.865360 0.000000 0.000000 0.000000 0.000000 0.127644 0.006996 1.671599 2711.788174
0.865360 0.000000 0.000000 0.000000 0.000000 0.127644 0.006996 1.671599 2711.788174
0.865360 0.000000 0.000000 0.000000 0.000000 0.127644 0.006996 1.671599 2711.788174
0.865360 0.000000 0.000000 0.000000 0.000000 0.127644 0.006996 1.671599 2711.788174
0.865360 0.000000 0.000000 0.000000 0.000000 0.127644 0.006996 1.671599 2711.788174
0.865360 0.000000 0.000000 0.000000 0.000000 0.127644 0.006996 1.671599 2711.788174
0.865360 0.000000 0.000000 0.000000 0.000000 0.127644 0.006996 1.671599 2711.788174
0.865360 0.000000 0.000000 0.000000 0.000000 0.127644 0.006996 1.671599 2711.788174
0.865360 0.000000 0.000000 0.000000 0.000000 0.127644 0.006996 1.671599 2711.788174
0.865360 0.000000 0.000000 0.000000 0.000000 0.127644 0.006996 1.671599 2711.788174
0.865360 0.000000 0.000000 0.000000 0.000000 0.127644 0.006996 1.671599 2711.788174
0.865360 0.000000 0.000000 0.000000 0.000000 0.127644 0.006996 1.671599 2711.788174
0.865360 0.000000 0.000000 0.000000 0.000000 0.127644 0.006996 1.671599 2711.788174
0.865360 0.000000 0.000000 0.000000 0.000000 0.127644 0.006996 1.671599 2711.788174
0.865360 0.000000 0.000000 0.000000 0.000000 0.127644 0.006996 1.671599 2711.788174
0.865360 0.000000 0.000000 0.000000 0.000000 0.127644 0.006996 1.671599 2711.788174
0.865360 0.000000 0.000000 0.000000 0.000000 0.127644 0.006996 1.671599 2711.788174
0.865360 0.000000 0.000000 0.000000 0.000000 0.127644 0.006996 1.671599 2711.788174
0.865360 0.000000 0.000000 0.000000 0.000000 0.127644 0.006996 1.671599 2711.788174
0.865360 0.000000 0.000000 0.000000 0.000000 0.127644 0.006996 1.671599 2711.788174
0.865360 0.000000 0.000000 0.000000 0.000000 0.127644 0.006996 1.671599 2711.788174
0.865360 0.000000 0.000000 0.000000 0.000000 0.127644 0.006996 1.671599 2711.788174
0.865360 0.000000 0.000000 0.000000 0.000000 0.127644 0.006996 1.671599 2711.788174
0.865360 0.000000 0.000000 0.000000 0.000000 0.127644 0.006996 1.671599 2711.788174
0.865360 0.000000 0.000000 0.000000 0.000000 0.127644 0.006996 1.671599 2711.788174
0.865360 0.000000 0.000000 0.000000 0.000000 0.127644 0.006996 1.671599 2711.788174
0.865360 0.000000 0.000000 0.000000 0.000000 0.127644 0.006996 1.671599 2711.788174
0.865360 0.000000 0.000000 0.000000 0.000000 0.127644 0.006996 1.671599 2711.788174
0.865360 0.000000 0.000000 0.000000 0.000000 0.127644 0.006996 1.671599 2711.788174
0.865360 0.000000 0.000000 0.000000 0.000000 0.127644 0.006996 1.671599 2711.788174
0.865360 0.000000 0.000000 0.000000 0.000000 0.127644 0.006996 1.671599 2711.788174
0.865360 0.000000 0.000000 0.000000 0.000000 0.127644 0.006996 1.671599 2711.788174
0.865360 0.000000 0.000000 0.000000 0.000000 0.127644 0.006996 1.671599 2711.788174
0.865360 0.000000 0.000000 0.000000 0.000000 0.127644 0.006996 1.671599 2711.788174
0.865360 0.000000 0.000000 0.000000 0.000000 0.127644 0.006996 1.671599 2711.788174
0.865360 0.000000 0.000000 0.000000 0.000000 0.127644 0.006996 1.671599 2711.788174
0.865360 0.000000 0.000000 0.000000 0.000000 0.127644 0.006996 1.671599 2711.788174
0.865360 0.000000 0.000000 0.000000 0.000000 0.127644 0.006996 1.671599 2711.788174
0.865360 0.000000 0.000000 0.000000 0.000000 0.127644 0.006996 1.671599 2711.788174
0.865360 0.000000 0.000000 0.000000 0.000000 0.127644 0.006996 1.671599 2711.788174
0.865360 0.000000 0.000000 0.000000 0.000000 0.127644 0.006996 1.671599 2711.788174
0.865360 0.000000 0.000000 0.000000 0.000000 0.127644 0.006996 1.671599 2711.788174
0.865360 0.000000 0.000000 0.000000 0.000000 0.127644 0.006996 1.671599 2711.788174
0.865360 0.000000 0.000000 0.000000 0.000000 0.127644 0.006996 1.671599 2711.788174
0.865360 0.000000 0.000000 0.000000 0.000000 0.127644 0.006996 1.671599 2711.788174
0.865360 0.000000 0.000000 0.000000 0.000000 0.127644 0.006996 1.671599 2711.788174
0.865360 0.000000 0.000000 0.000000 0.000000 0.127644 0.006996 1.671599 2711.788174
0.865360 0.000000 0.000000 0.000000 0.000000 0.127644 0.006996 1.671599 2711.788174
0.865360 0.000000 0.000000 0.000000 0.000000 0.127644 0.006996 1.671599 2711.788174
0.865360 0.000000 0.000000 0.000000 0.000000 0.127644 0.006996 1.671599 2711.788174
0.865360 0.000000 0.000000 0.000000 0.000000 0.127644 0.006996 1.671599 2711.788174
0.865360 0.000000 0.000000 0.000000 0.000000 0.127644 0.006996 1.671599 2711.788174
0.865360 0.000000 0.000000 0.000000 0.000000 0.127644 0.006996 1.671599 2711.788174
0.865360 0.000000 0.000000 0.000000 0.000000 0.127644 0.006996 1.671599 2711.788174
0.865360 0.000000 0.000000 0.000000 0.000000 0.127644 0.006996 1.671599 2711.788174
0.865360 0.000000 0.000000 0.000000 0.000000 0.127644 0.006996 1.671599 2711.788174
0.865360 0.000000 0.000000 0.000000 0.000000 0.127644 0.006996 1.671599 2711.788174
0.865360 0.000000 0.000000 0.000000 0.000000 0.127644 0.006996 1.671599 2711.788174
0.865360 0.000000 0.000000 0.000000 0.000000 0.127644 0.006996 1.671599 2711.788174
0.865360 0.000000 0.000000 0.000000 0.000000 0.127644 0.006996 1.671599 2711.788174
0.865360 0.000000 0.000000 0.000000 0.000000 0.127644 0.006996 1.671599 2711.788174
0.865360 0.000000 0.000000 0.000000 0.000000 0.127644 0.006996 1.671599 2711.788174
0.865360 0.000000 0.000000 0.000000 0.000000 0.127644 0.006996 1.671599 2711.788174
0.865360 0.000000 0.000000 0.000000 0.000000 0.127644 0.006996 1.671599 2711.788174
0.865360 0.000000 0.000000 0.000000 0.000000 0.127644 0.006996 1.671599 2711.788174
0.865360 0.000000 0.000000 0.000000 0.000000 0.127644 0.006996 1.671599 2711.788174
0.865360 0.000000 0.000000 0.000000 0.000000 0.127644 0.006996 1.671599 2711.788174
0.865360 0.000000 0.000000 0.000000 0.000000 0.127644 0.006996 1.671599 2711.788174
0.865360 0.000000 0.000000 0.000000 0.000000 0.127644 0.006996 1.671599 2711.788174
0.865360 0.000000 0.000000 0.000000 0.000000 0.127644 0.006996 1.671599 2711.788174
0.865360 0.000000 0.000000 0.000000 0.000000 0.127644 0.006996 1.671599 2711.788174
0.865360 0.000000 0.000000 0.000000 0.000000 0.127644 0.006996 1.671599 2711.788174
0.865360 0.000000 0.000000 0.000000 0.000000 0.127644 0.006996 1.671599 2711.788174
0.865360 0.000000 0.000000 0.000000 0.000000 0.127644 0.006996 1.671599 2711.788174
0.865360 0.000000 0.000000 0.000000 0.000000 0.127644 0.006996 1.671599 2711.788174
0.865360 0.000000 0.000000 0.000000 0.000000 0.127644 0.006996 1.671599 2711.788174
0.865360 0.000000 0.000000 0.000000 0.000000 0.127644 0.006996 1.671599 2711.788174
0.865360 0.000000 0.000000 0.000000 0.000000 0.127644 0.006996 1.671599 2711.788174
0.865360 0.000000 0.000000 0.000000 0.000000 0.127644 0.006996 1.671599 2711.788174
0.865360 0.000000 0.000000 0.000000 0.000000 0.127644 0.006996 1.671599 2711.788174
0.865360 0.000000 0.000000 0.000000 0.000000 0.127644 0.006996 1.671599 2711.788174
0.865360 0.000000 0.000000 0.000000 0.000000 0.127644 0.006996 1.671599 2711.788174
0.865360 0.000000 0.000000 0.000000 0.000000 0.127644 0.006996 1.671599 2711.788174
0.865360 0.000000 0.000000 0.000000 0.000000 0.127644 0.006996 1.671599 2711.788174
0.865360 0.000000 0.000000 0.000000 0.000000 0.127644 0.006996 1.671599 2711.788174
0.865360 0.000000 0.000000 0.000000 0.000000 0.127644 0.006996 1.671599 2711.788174
0.865360 0.000000 0.000000 0.000000 0.000000 0.127644 0.006996 1.671599 2711.788174
0.865360 0.000000 0.000000 0.000000 0.000000 0.127644 0.006996 1.671599 2711.788174
0.865360 0.000000 0.000000 0.000000 0.000000 0.127644 0.006996 1.671599 2711.788174
0.865360 0.000000 0.000000 0.000000 0.000000 0.127644 0.006996 1.671599 2711.788174
0.865360 0.000000 0.000000 0.000000 0.000000 0.127644 0.006996 1.671599 2711.788174
0.865360 0.000000 0.000000 0.000000 0.000000 0.127644 0.006996 1.671599 2711.788174
0.865360 0.000000 0.000000 0.000000 0.000000 0.127644 0.006996 1.671599 2711.788174
0.865360 0.000000 0.000000 0.000000 0.000000 0.127644 0.006996 1.671599 2711.788174
0.865360 0.000000 0.000000 0.000000 0.000000 0.127644 0.006996 1.671599 2711.788174
0.865360 0.000000 0.000000 0.000000 0.000000 0.127644 0.006996 1.671599 2711.788174
0.865360 0.000000 0.000000 0.000000 0.000000 0.127644 0.006996 1.671599 2711.788174
0.865360 0.000000 0.000000 0.000000 0.000000 0.127644 0.006996 1.671599 2711.788174
0.865360 0.000000 0.000000 0.000000 0.000000 0.127644 0.006996 1.671599 2711.788174
0.865360 0.000000 0.000000 0.000000 0.000000 0.127644 0.006996 1.671599 2711.788174
0.865360 0.000000 0.000000 0.000000 0.000000 0.127644 0.006996 1.671599 2711.788174
0.865360 0.000000 0.000000 0.000000 0.000000 0.127644 0.006996 1.671599 2711.788174
0.865360 0.000000 0.000000 0.000000 0.000000 0.127644 0.006996 1.671599 2711.788174
0.865360 0.000000 0.000000 0.000000 0.000000 0.127644 0.006996 1.671599 2711.788174
0.865360 0.000000 0.000000 0.000000 0.000000 0.127644 0.006996 1.671599 2711.788174
0.865360 0.000000 0.000000 0.000000 0.000000 0.127644 0.006996 1.671599 2711.788174
0.865360 0.000000 0.000000 0.000000 0.000000 0.127644 0.006996 1.671599 2711.788174
0.865360 0.000000 0.000000 0.000000 0.000000 0.127644 0.006996 1.671599 2711.788174
0.865360 0.000000 0.000000 0.000000 0.000000 0.127644 0.006996 1.671599 2711.788174
0.865360 0.000000 0.000000 0.000000 0.000000 0.127644 0.006996 1.671599 2711.788174
0.865360 0.000000 0.000000 0.000000 0.000000 0.127644 0.006996 1.671599 2711.788174
0.865360 0.000000 0.000000 0.000000 0.000000 0.127644 0.006996 1.671599 2711.788174
0.865360 0.000000 0.000000 0.000000 0.000000 0.127644 0.006996 1.671599 2711.788174
0.865360 0.000000 0.000000 0.000000 0.000000 0.127644 0.006996 1.671599 2711.788174
0.865360 0.000000 0.000000 0.000000 0.000000 0.127644 0.006996 1.671599 2711.788174
0.865360 0.000000 0.000000 0.000000 0.000000 0.127644 0.006996 1.671599 2711.788174
0.865360 0.000000 0.000000 0.000000 0.000000 0.127644 0.006996 1.671599 2711.788174
0.865360 0.000000 0.000000 0.000000 0.000000 0.127644 0.006996 1.671599 2711.788174
0.865360 0.000000 0.000000 0.000000 0.000000 0.127644 0.006996 1.671599 2711.788174
0.865360 0.000000 0.000000 0.000000 0.000000 0.127644 0.006996 1.671599 2711.788174
0.865360 0.000000 0.000000 0.000000 0.000000 0.127644 0.006996 1.671599 2711.788174
0.865360 0.000000 0.000000 0.000000 0.000000 0.127644 0.006996 1.671599 2711.788174
0.865360 0.000000 0.000000 0.000000 0.000000 0.127644 0.006996 1.671599 2711.788174
0.865360 0.000000 0.000000 0.000000 0.000000 0.127644 0.006996 1.671599 2711.788174
0.865360 0.000000 0.000000 0.000000 0.000000 0.127644 0.006996 1.671599 2711.788174
0.865360 0.000000 0.000000 0.000000 0.000000 0.127644 0.006996 1.671599 2711.788174
0.865360 0.000000 0.000000 0.000000 0.000000 0.127644 0.006996 1.671599 2711.788174
0.865360 0.000000 0.000000 0.000000 0.000000 0.127644 0.006996 1.671599 2711.788174
0.865360 0.000000 0.000000 0.000000 0.000000 0.127644 0.006996 1.671599 2711.788174
0.865360 0.000000 0.000000 0.000000 0.000000 0.127644 0.006996 1.671599 2711.788174
0.865360 0.000000 0.000000 0.000000 0.000000 0.127644 0.006996 1.671599 2711.788174
0.865360 0.000000 0.000000 0.000000 0.000000 0.127644 0.006996 1.671599 2711.788174
0.865360 0.000000 0.000000 0.000000 0.000000 0.127644 0.006996 1.671599 2711.788174
0.865360 0.000000 0.000000 0.000000 0.000000 0.127644 0.006996 1.671599 2711.788174
0.865360 0.000000 0.000000 0.000000 0.000000 0.127644 0.006996 1.671599 2711.788174
0.865360 0.000000 0.000000 0.000000 0.000000 0.127644 0.006996 1.671599 2711.788174
0.865360 0.000000 0.000000 0.000000 0.000000 0.127644 0.006996 1.671599 2711.788174
0.865360 0.000000 0.000000 0.000000 0.000000 0.127644 0.006996 1.671599 2711.788174
0.865360 0.000000 0.000000 0.000000 0.000000 0.127644 0.006996 1.671599 2711.788174
0.865360 0.000000 0.000000 0.000000 0.000000 0.127644 0.006996 1.671599 2711.788174
0.865360 0.000000 0.000000 0.000000 0.000000 0.127644 0.006996 1.671599 2711.788174
0.865360 0.000000 0.000000 0.000000 0.000000 0.127644 0.006996 1.671599 2711.788174
0.865360 0.000000 0.000000 0.000000 0.000000 0.127644 0.006996 1.671599 2711.788174
0.865360 0.000000 0.000000 0.000000 0.000000 0.127644 0.006996 1.671599 2711.788174
0.865360 0.000000 0.000000 0.000000 0.000000 0.127644 0.006996 1.671599 2711.788174
0.865360 0.000000 0.000000 0.000000 0.000000 0.127644 0.006996 1.671599 2711.788174
0.865360 0.000000 0.000000 0.000000 0.000000 0.127644 0.006996 1.671599 2711.788174
0.865360 0.000000 0.000000 0.000000 0.000000 0.127644 0.006996 1.671599 2711.788174
0.865360 0.000000 0.000000 0.000000 0.000000 0.127644 0.006996 1.671599 2711.788174
0.865360 0.000000 0.000000 0.000000 0.000000 0.127644 0.006996 1.671599 2711.788174
0.865360 0.000000 0.000000 0.000000 0.000000 0.127644 0.006996 1.671599 2711.788174
0.865360 0.000000 0.000000 0.000000 0.000000 0.127644 0.006996 1.671599 2711.788174
0.865360 0.000000 0.000000 0.000000 0.000000 0.127644 0.006996 1.671599 2711.788174
0.865360 0.000000 0.000000 0.000000 0.000000 0.127644 0.006996 1.671599 2711.788174
0.865360 0.000000 0.000000 0.000000 0.000000 0.127644 0.006996 1.671599 2711.788174
0.865360 0.000000 0.000000 0.000000 0.000000 0.127644 0.006996 1.671599 2711.788174
0.865360 0.000000 0.000000 0.000000 0.000000 0.127644 0.006996 1.671599 2711.788174
0.865360 0.000000 0.000000 0.000000 0.000000 0.127644 0.006996 1.671599 2711.788174
0.865360 0.000000 0.000000 0.000000 0.000000 0.127644 0.006996 1.671599 2711.788174
0.865360 0.000000 0.000000 0.000000 0.000000 0.127644 0.006996 1.671599 2711.788174
0.865360 0.000000 0.000000 0.000000 0.000000 0.127644 0.006996 1.671599 2711.788174
0.865360 0.000000 0.000000 0.000000 0.000000 0.127644 0.006996 1.671599 2711.788174
0.865360 0.000000 0.000000 0.000000 0.000000 0.127644 0.006996 1.671599 2711.788174
0.865360 0.000000 0.000000 0.000000 0.000000 0.127644 0.006996 1.671599 2711.788174
0.865360 0.000000 0.000000 0.000000 0.000000 0.127644 0.006996 1.671599 2711.788174
0.865360 0.000000 0.000000 0.000000 0.000000 0.127644 0.006996 1.671599 2711.788174
0.865360 0.000000 0.000000 0.000000 0.000000 0.127644 0.006996 1.671599 2711.788174
0.865360 0.000000 0.000000 0.000000 0.000000 0.127644 0.006996 1.671599 2711.788174
0.865360 0.000000 0.000000 0.000000 0.000000 0.127644 0.006996 1.671599 2711.788174
0.865360 0.000000 0.000000 0.000000 0.000000 0.127644 0.006996 1.671599 2711.788174
0.865360 0.000000 0.000000 0.000000 0.000000 0.127644 0.006996 1.671599 2711.788174
0.865360 0.000000 0.000000 0.000000 0.000000 0.127644 0.006996 1.671599 2711.788174
0.865360 0.000000 0.000000 0.000000 0.000000 0.127644 0.006996 1.671599 2711.788174
0.865360 0.000000 0.000000 0.000000 0.000000 0.127644 0.006996 1.671599 2711.788174
0.865360 0.000000 0.000000 0.000000 0.000000 0.127644 0.006996 1.671599 2711.788174
0.865360 0.000000 0.000000 0.000000 0.000000 0.127644 0.006996 1.671599 2711.788174
0.865360 0.000000 0.000000 0.000000 0.000000 0.127644 0.006996 1.671599 2711.788174
0.865360 0.000000 0.000000 0.000000 0.000000 0.127644 0.006996 1.671599 2711.788174
0.865360 0.000000 0.000000 0.000000 0.000000 0.127644 0.006996 1.671599 2711.788174
0.865360 0.000000 0.000000 0.000000 0.000000 0.127644 0.006996 1.671599 2711.788174
0.865360 0.000000 0.000000 0.000000 0.000000 0.127644 0.006996 1.671599 2711.788174
0.865360 0.000000 0.000000 0.000000 0.000000 0.127644 0.006996 1.671599 2711.788174
0.865360 0.000000 0.000000 0.000000 0.000000 0.127644 0.006996 1.671599 2711.788174
0.865360 0.000000 0.000000 0.000000 0.000000 0.127644 0.006996 1.671599 2711.788174
0.865360 0.000000 0.000000 0.000000 0.000000 0.127644 0.006996 1.671599 2711.788174
0.865360 0.000000 0.000000 0.000000 0.000000 0.127644 0.006996 1.671599 2711.788174
0.865360 0.000000 0.000000 0.000000 0.000000 0.127644 0.006996 1.671599 2711.788174
0.865360 0.000000 0.000000 0.000000 0.000000 0.127644 0.006996 1.671599 2711.788174
0.865360 0.000000 0.000000 0.000000 0.000000 0.127644 0.006996 1.671599 2711.788174
0.865360 0.000000 0.000000 0.000000 0.000000 0.127644 0.006996 1.671599 2711.788174
0.865360 0.000000 0.000000 0.000000 0.000000 0.127644 0.006996 1.671599 2711.788174
0.865360 0.000000 0.000000 0.000000 0.000000 0.127644 0.006996 1.671599 2711.788174
0.865360 0.000000 0.000000 0.000000 0.000000 0.127644 0.006996 1.671599 2711.788174
0.865360 0.000000 0.000000 0.000000 0.000000 0.127644 0.006996 1.671599 2711.788174
0.865360 0.000000 0.000000 0.000000 0.000000 0.127644 0.006996 1.671599 2711.788174
0.865360 0.000000 0.000000 0.000000 0.000000 0.127644 0.006996 1.671599 2711.788174
0.865360 0.000000 0.000000 0.000000 0.000000 0.127644 0.006996 1.671599 2711.788174
0.865360 0.000000 0.000000 0.000000 0.000000 0.127644 0.006996 1.671599 2711.788174
