0.341284 0.063440 0.055742 0.032127 0.002045 0.499435 0.005928 1.635251 2067.822906
0.342462 0.062300 0.056148 0.031582 0.002042 0.499515 0.005951 1.641454 2078.107133
0.344949 0.060048 0.056406 0.031052 0.002046 0.499525 0.005975 1.647460 2088.020567
0.348236 0.057303 0.056369 0.030462 0.002044 0.499587 0.005999 1.653169 2100.161062
0.351988 0.054320 0.056250 0.029903 0.002041 0.499473 0.006024 1.658612 2109.872014
0.356180 0.051203 0.055903 0.029303 0.002041 0.499318 0.006052 1.663837 2119.784699
0.360586 0.048207 0.055403 0.028655 0.002038 0.499035 0.006075 1.668691 2128.872467
0.365069 0.045284 0.054726 0.028002 0.002032 0.498787 0.006101 1.673309 2138.817050
0.369725 0.042580 0.053843 0.027318 0.002010 0.498395 0.006127 1.677559 2149.698666
0.374527 0.039941 0.052841 0.026643 0.002001 0.497891 0.006156 1.681598 2159.368547
0.379410 0.037417 0.051745 0.025855 0.002001 0.497396 0.006175 1.685381 2168.083127
0.384470 0.035068 0.050614 0.025103 0.001983 0.496566 0.006197 1.688936 2177.153349
0.389493 0.032910 0.049326 0.024372 0.001973 0.495705 0.006221 1.692234 2187.022538
0.394619 0.030878 0.048069 0.023590 0.001973 0.494628 0.006243 1.695380 2195.768698
0.399752 0.028944 0.046727 0.022823 0.001959 0.493531 0.006264 1.698320 2206.755671
0.404980 0.027143 0.045391 0.022059 0.001932 0.492201 0.006294 1.701102 2216.944704
0.410178 0.025470 0.044010 0.021331 0.001906 0.490787 0.006318 1.703706 2227.907026
0.415364 0.023959 0.042593 0.020590 0.001878 0.489271 0.006344 1.706145 2239.370935
0.420656 0.022594 0.041161 0.019841 0.001852 0.487527 0.006368 1.708384 2248.294275
0.425888 0.021281 0.039756 0.019118 0.001830 0.485738 0.006390 1.710547 2257.488785
0.431152 0.020050 0.038334 0.018385 0.001807 0.483854 0.006417 1.712551 2267.856769
0.436492 0.018876 0.036976 0.017709 0.001783 0.481724 0.006440 1.714479 2278.104641
0.441788 0.017841 0.035609 0.017009 0.001753 0.479530 0.006468 1.716259 2289.188244
0.446996 0.016869 0.034276 0.016327 0.001723 0.477321 0.006488 1.717945 2299.072625
0.452227 0.015989 0.032969 0.015719 0.001695 0.474888 0.006513 1.719537 2308.239321
0.457481 0.015206 0.031660 0.015070 0.001671 0.472375 0.006536 1.721012 2318.241774
0.462757 0.014385 0.030466 0.014497 0.001643 0.469696 0.006556 1.722484 2328.891002
0.467996 0.013620 0.029257 0.013935 0.001625 0.466993 0.006574 1.723893 2337.649727
0.473197 0.012937 0.028102 0.013398 0.001590 0.464183 0.006594 1.725203 2348.993185
0.478329 0.012317 0.026969 0.012835 0.001563 0.461376 0.006611 1.726418 2357.045015
0.483496 0.011716 0.025911 0.012281 0.001536 0.458429 0.006630 1.727591 2366.644461
0.488629 0.011157 0.024915 0.011792 0.001508 0.455349 0.006650 1.728730 2376.114887
0.493734 0.010630 0.023914 0.011304 0.001478 0.452275 0.006664 1.729814 2384.658465
0.498782 0.010212 0.022876 0.010854 0.001440 0.449154 0.006683 1.730795 2394.782942
0.503861 0.009764 0.021929 0.010424 0.001405 0.445916 0.006700 1.731757 2404.272283
0.508917 0.009351 0.021057 0.009976 0.001379 0.442606 0.006714 1.732697 2412.169152
0.513917 0.008979 0.020205 0.009563 0.001344 0.439261 0.006731 1.733586 2420.628676
0.518893 0.008598 0.019388 0.009195 0.001310 0.435864 0.006752 1.734466 2430.419724
0.523851 0.008234 0.018622 0.008820 0.001290 0.432415 0.006768 1.735309 2437.938146
0.528744 0.007917 0.017866 0.008464 0.001246 0.428973 0.006789 1.736098 2448.923072
0.533525 0.007602 0.017101 0.008118 0.001217 0.425632 0.006804 1.736887 2457.893220
0.538399 0.007317 0.016411 0.007785 0.001192 0.422080 0.006816 1.737609 2466.071701
0.543231 0.007041 0.015748 0.007471 0.001166 0.418517 0.006827 1.738332 2473.785402
0.547954 0.006822 0.015099 0.007147 0.001137 0.415000 0.006842 1.738984 2482.380605
0.552682 0.006579 0.014488 0.006873 0.001109 0.411415 0.006854 1.739635 2490.655849
0.557423 0.006330 0.013934 0.006610 0.001076 0.407759 0.006869 1.740291 2498.924364
0.562095 0.006118 0.013363 0.006348 0.001048 0.404143 0.006885 1.740914 2506.501344
0.566735 0.005930 0.012811 0.006113 0.001020 0.400493 0.006899 1.741490 2514.524268
0.571369 0.005739 0.012305 0.005879 0.000995 0.396800 0.006914 1.742069 2521.741597
0.575876 0.005588 0.011856 0.005642 0.000970 0.393144 0.006924 1.742621 2528.301137
0.580428 0.005473 0.011383 0.005416 0.000938 0.389423 0.006939 1.743140 2536.819505
0.584897 0.005320 0.010948 0.005207 0.000911 0.385767 0.006950 1.743667 2544.385905
0.589296 0.005175 0.010506 0.005023 0.000886 0.382150 0.006963 1.744182 2552.473199
0.593734 0.005040 0.010088 0.004848 0.000861 0.378452 0.006977 1.744682 2560.342298
0.598074 0.004909 0.009653 0.004686 0.000838 0.374852 0.006988 1.745159 2567.004261
0.602366 0.004776 0.009313 0.004522 0.000818 0.371209 0.006996 1.745633 2572.761197
0.606613 0.004672 0.008967 0.004355 0.000797 0.367590 0.007005 1.746087 2579.115470
0.610939 0.004567 0.008629 0.004198 0.000775 0.363878 0.007013 1.746534 2585.252525
0.615191 0.004474 0.008318 0.004038 0.000752 0.360203 0.007024 1.746972 2591.823680
0.619342 0.004344 0.008030 0.003902 0.000733 0.356616 0.007032 1.747424 2597.234701
0.623522 0.004229 0.007762 0.003773 0.000717 0.352957 0.007040 1.747853 2602.731781
0.627568 0.004159 0.007482 0.003637 0.000697 0.349408 0.007049 1.748254 2609.484106
0.631617 0.004034 0.007253 0.003512 0.000677 0.345847 0.007060 1.748675 2616.215962
0.635625 0.003968 0.007014 0.003401 0.000658 0.342268 0.007066 1.749057 2622.092411
0.639577 0.003898 0.006770 0.003303 0.000640 0.338740 0.007073 1.749437 2627.621131
0.643509 0.003816 0.006536 0.003202 0.000622 0.335231 0.007084 1.749813 2633.047423
0.647388 0.003754 0.006311 0.003107 0.000607 0.331745 0.007089 1.750178 2637.845893
0.651181 0.003670 0.006096 0.003005 0.000586 0.328364 0.007098 1.750545 2644.682176
0.654992 0.003585 0.005919 0.002910 0.000566 0.324924 0.007105 1.750909 2650.118180
0.658679 0.003523 0.005740 0.002812 0.000552 0.321582 0.007112 1.751257 2654.834816
0.662453 0.003447 0.005566 0.002731 0.000537 0.318147 0.007118 1.751599 2660.140898
0.666135 0.003387 0.005401 0.002650 0.000521 0.314781 0.007125 1.751929 2665.750000
0.669763 0.003329 0.005251 0.002590 0.000507 0.311429 0.007131 1.752261 2670.739775
0.673370 0.003262 0.005094 0.002499 0.000492 0.308145 0.007138 1.752592 2676.659850
0.677024 0.003203 0.004955 0.002409 0.000480 0.304784 0.007146 1.752910 2681.959666
0.680491 0.003170 0.004795 0.002361 0.000464 0.301568 0.007151 1.753220 2686.259333
0.683975 0.003129 0.004674 0.002291 0.000450 0.298323 0.007157 1.753528 2691.636166
0.687378 0.003074 0.004528 0.002235 0.000433 0.295187 0.007165 1.753831 2697.316026
0.690781 0.003034 0.004412 0.002167 0.000419 0.292016 0.007173 1.754127 2702.285416
0.694165 0.002990 0.004302 0.002106 0.000405 0.288855 0.007178 1.754422 2706.482303
0.697537 0.002943 0.004180 0.002064 0.000394 0.285700 0.007182 1.754716 2709.890947
0.700807 0.002909 0.004069 0.002022 0.000382 0.282622 0.007189 1.755006 2714.979158
0.704140 0.002881 0.003953 0.001980 0.000370 0.279482 0.007195 1.755283 2718.930173
0.707367 0.002816 0.003862 0.001956 0.000358 0.276439 0.007202 1.755585 2723.724558
0.710594 0.002777 0.003776 0.001910 0.000348 0.273389 0.007205 1.755854 2727.710212
0.713736 0.002742 0.003689 0.001869 0.000339 0.270414 0.007211 1.756130 2731.254746
0.716828 0.002713 0.003608 0.001819 0.000328 0.267488 0.007216 1.756396 2734.903487
0.719938 0.002674 0.003546 0.001782 0.000321 0.264519 0.007220 1.756661 2738.099999
0.723093 0.002641 0.003469 0.001738 0.000311 0.261522 0.007226 1.756919 2742.196561
0.726119 0.002621 0.003388 0.001699 0.000307 0.258635 0.007229 1.757175 2744.199692
0.729097 0.002595 0.003305 0.001662 0.000298 0.255808 0.007235 1.757425 2748.666823
0.732035 0.002571 0.003232 0.001633 0.000289 0.253000 0.007239 1.757673 2751.891622
0.734911 0.002565 0.003177 0.001601 0.000281 0.250223 0.007243 1.757921 2755.064418
0.737805 0.002538 0.003121 0.001580 0.000270 0.247436 0.007251 1.758169 2759.164295
0.740669 0.002527 0.003063 0.001552 0.000265 0.244672 0.007253 1.758409 2761.662385
0.743506 0.002505 0.003004 0.001528 0.000259 0.241942 0.007255 1.758657 2764.186955
0.746292 0.002477 0.002950 0.001495 0.000256 0.239273 0.007257 1.758894 2766.841351
0.749034 0.002454 0.002907 0.001483 0.000250 0.236613 0.007260 1.759139 2768.961534
0.751734 0.002432 0.002876 0.001456 0.000242 0.233997 0.007263 1.759384 2772.545385
0.754412 0.002405 0.002829 0.001432 0.000237 0.231419 0.007266 1.759624 2775.039005
0.757068 0.002400 0.002778 0.001414 0.000233 0.228840 0.007268 1.759855 2777.197001
0.759703 0.002380 0.002733 0.001395 0.000225 0.226292 0.007270 1.760090 2779.912328
0.762267 0.002362 0.002695 0.001377 0.000218 0.223808 0.007273 1.760326 2783.082079
0.764860 0.002325 0.002669 0.001354 0.000213 0.221303 0.007276 1.760563 2785.659033
0.767382 0.002323 0.002616 0.001328 0.000209 0.218864 0.007278 1.760787 2788.214799
0.769866 0.002294 0.002584 0.001306 0.000204 0.216467 0.007281 1.761024 2790.796298
0.772367 0.002280 0.002523 0.001291 0.000198 0.214058 0.007283 1.761239 2793.231913
0.774862 0.002264 0.002491 0.001274 0.000195 0.211630 0.007286 1.761454 2795.277296
0.777274 0.002252 0.002461 0.001267 0.000188 0.209271 0.007287 1.761682 2797.517752
0.779638 0.002233 0.002433 0.001259 0.000184 0.206963 0.007290 1.761906 2799.026748
0.782024 0.002219 0.002397 0.001244 0.000179 0.204645 0.007292 1.762120 2801.387965
0.784456 0.002207 0.002372 0.001223 0.000175 0.202273 0.007294 1.762328 2803.671325
0.786769 0.002195 0.002358 0.001209 0.000171 0.200002 0.007296 1.762544 2805.289949
0.789045 0.002183 0.002334 0.001196 0.000169 0.197775 0.007299 1.762755 2807.754401
0.791287 0.002151 0.002328 0.001185 0.000166 0.195581 0.007302 1.762980 2809.099163
0.793541 0.002155 0.002290 0.001168 0.000164 0.193379 0.007303 1.763175 2810.422834
0.795762 0.002155 0.002262 0.001156 0.000159 0.191201 0.007305 1.763378 2812.596950
0.797922 0.002164 0.002233 0.001135 0.000155 0.189084 0.007306 1.763567 2814.838859
0.800047 0.002181 0.002209 0.001130 0.000152 0.186973 0.007308 1.763768 2816.617419
0.802189 0.002169 0.002195 0.001109 0.000149 0.184879 0.007311 1.763984 2818.663286
0.804272 0.002161 0.002181 0.001103 0.000145 0.182825 0.007313 1.764198 2821.189484
0.806345 0.002154 0.002162 0.001093 0.000141 0.180791 0.007314 1.764409 2822.633533
0.808378 0.002142 0.002149 0.001090 0.000136 0.178788 0.007317 1.764613 2825.236847
0.810382 0.002148 0.002118 0.001087 0.000135 0.176810 0.007319 1.764817 2826.740969
0.812404 0.002151 0.002092 0.001077 0.000130 0.174826 0.007321 1.765016 2828.454261
0.814369 0.002131 0.002101 0.001068 0.000126 0.172883 0.007323 1.765237 2831.458122
0.816278 0.002146 0.002084 0.001060 0.000121 0.170986 0.007324 1.765441 2833.426632
0.818206 0.002132 0.002089 0.001049 0.000116 0.169081 0.007327 1.765662 2835.750264
0.820114 0.002132 0.002089 0.001056 0.000114 0.167166 0.007328 1.765879 2837.245502
0.821952 0.002122 0.002082 0.001051 0.000112 0.165351 0.007329 1.766089 2838.138504
0.823810 0.002124 0.002068 0.001034 0.000109 0.163524 0.007330 1.766293 2839.650005
0.825643 0.002135 0.002060 0.001019 0.000107 0.161705 0.007331 1.766486 2840.571418
0.827438 0.002149 0.002038 0.001012 0.000104 0.159928 0.007333 1.766679 2841.507318
0.829217 0.002135 0.002036 0.001011 0.000102 0.158166 0.007333 1.766888 2843.226405
0.830975 0.002130 0.002026 0.001016 0.000099 0.156419 0.007334 1.767101 2844.471927
0.832661 0.002135 0.002037 0.001011 0.000098 0.154723 0.007335 1.767315 2845.091705
0.834376 0.002117 0.002042 0.001011 0.000097 0.153021 0.007336 1.767536 2845.541529
0.836083 0.002107 0.002029 0.001016 0.000095 0.151333 0.007337 1.767742 2847.020357
0.837735 0.002101 0.002037 0.001018 0.000091 0.149680 0.007339 1.767961 2848.565683
0.839383 0.002112 0.002035 0.001018 0.000088 0.148024 0.007341 1.768170 2849.750969
0.840980 0.002127 0.002026 0.001014 0.000085 0.146424 0.007342 1.768376 2851.060385
0.842569 0.002127 0.002013 0.001011 0.000083 0.144853 0.007344 1.768585 2852.158026
0.844149 0.002143 0.001998 0.001006 0.000080 0.143278 0.007347 1.768779 2853.713245
0.845721 0.002126 0.001997 0.000992 0.000080 0.141737 0.007347 1.768991 2854.246485
0.847231 0.002145 0.001988 0.000988 0.000077 0.140223 0.007348 1.769191 2854.811950
0.848769 0.002133 0.001989 0.000995 0.000074 0.138690 0.007350 1.769415 2856.082220
0.850299 0.002149 0.001970 0.000997 0.000074 0.137160 0.007350 1.769613 2856.929174
0.851819 0.002144 0.001972 0.000999 0.000073 0.135641 0.007351 1.769827 2858.003548
0.853270 0.002148 0.001957 0.000994 0.000072 0.134205 0.007352 1.770035 2858.534616
0.854705 0.002153 0.001960 0.000989 0.000073 0.132767 0.007352 1.770233 2859.043757
0.856102 0.002164 0.001961 0.000992 0.000071 0.131356 0.007353 1.770447 2860.009704
0.857573 0.002157 0.001970 0.000997 0.000070 0.129879 0.007354 1.770666 2860.312139
0.858998 0.002152 0.001967 0.000998 0.000070 0.128461 0.007355 1.770874 2860.799809
0.860403 0.002147 0.001975 0.000999 0.000069 0.127052 0.007355 1.771083 2861.474258
0.861792 0.002144 0.001967 0.001004 0.000070 0.125667 0.007355 1.771297 2861.689565
0.863173 0.002149 0.001962 0.000997 0.000070 0.124294 0.007356 1.771503 2861.978201
0.864540 0.002132 0.001965 0.000994 0.000070 0.122942 0.007358 1.771721 2863.371265
0.865856 0.002148 0.001958 0.001000 0.000070 0.121609 0.007359 1.771924 2863.932763
0.867174 0.002161 0.001957 0.000998 0.000068 0.120282 0.007360 1.772133 2864.851800
0.868471 0.002164 0.001958 0.000988 0.000067 0.118992 0.007361 1.772338 2865.502388
0.869728 0.002168 0.001953 0.001003 0.000067 0.117721 0.007361 1.772554 2866.261498
0.870961 0.002166 0.001961 0.001000 0.000067 0.116484 0.007362 1.772775 2866.677196
0.872155 0.002186 0.001966 0.001004 0.000064 0.115262 0.007363 1.772987 2867.786542
0.873393 0.002194 0.001969 0.001009 0.000063 0.114008 0.007363 1.773205 2868.034233
0.874628 0.002182 0.001980 0.001012 0.000064 0.112772 0.007363 1.773427 2868.163068
0.875776 0.002198 0.001977 0.001006 0.000062 0.111616 0.007364 1.773635 2868.721676
0.876877 0.002211 0.001987 0.001012 0.000061 0.110486 0.007365 1.773859 2869.015835
0.878037 0.002200 0.002008 0.001014 0.000060 0.109314 0.007366 1.774091 2870.409557
0.879148 0.002211 0.002008 0.001016 0.000059 0.108190 0.007367 1.774305 2870.885847
0.880278 0.002215 0.002009 0.001021 0.000059 0.107052 0.007367 1.774519 2871.509912
0.881367 0.002234 0.002014 0.001018 0.000058 0.105941 0.007368 1.774736 2871.893151
0.882454 0.002262 0.002008 0.001017 0.000056 0.104834 0.007369 1.774952 2872.605090
0.883498 0.002294 0.002003 0.001027 0.000056 0.103752 0.007369 1.775168 2872.853442
0.884562 0.002295 0.002009 0.001036 0.000055 0.102673 0.007370 1.775403 2873.576681
0.885576 0.002312 0.002000 0.001027 0.000055 0.101658 0.007372 1.775619 2873.977911
0.886589 0.002315 0.002005 0.001029 0.000055 0.100635 0.007372 1.775848 2874.251430
0.887581 0.002315 0.002012 0.001029 0.000054 0.099637 0.007372 1.776075 2874.654237
0.888597 0.002305 0.002025 0.001027 0.000053 0.098620 0.007373 1.776310 2875.181766
0.889586 0.002322 0.002025 0.001031 0.000052 0.097611 0.007374 1.776532 2875.266835
0.890557 0.002341 0.002020 0.001026 0.000052 0.096630 0.007375 1.776745 2875.900947
0.891505 0.002348 0.002022 0.001019 0.000052 0.095678 0.007375 1.776967 2876.329596
0.892448 0.002375 0.002025 0.001018 0.000053 0.094706 0.007376 1.777186 2876.723638
0.893372 0.002407 0.002012 0.001021 0.000055 0.093756 0.007376 1.777403 2877.159531
0.894258 0.002414 0.002026 0.001034 0.000055 0.092838 0.007376 1.777650 2877.367841
0.895192 0.002421 0.002041 0.001035 0.000055 0.091879 0.007377 1.777883 2877.758391
0.896123 0.002413 0.002042 0.001044 0.000054 0.090947 0.007378 1.778119 2877.861934
0.897007 0.002425 0.002052 0.001049 0.000054 0.090036 0.007378 1.778354 2878.572999
0.897875 0.002442 0.002046 0.001053 0.000051 0.089156 0.007378 1.778579 2879.901645
0.898730 0.002461 0.002057 0.001047 0.000050 0.088277 0.007378 1.778811 2880.092020
0.899607 0.002467 0.002083 0.001046 0.000049 0.087369 0.007379 1.779064 2880.584440
0.900423 0.002477 0.002087 0.001053 0.000050 0.086530 0.007380 1.779301 2880.875556
0.901222 0.002503 0.002092 0.001051 0.000050 0.085701 0.007381 1.779526 2881.404178
0.902034 0.002502 0.002111 0.001062 0.000051 0.084860 0.007381 1.779782 2881.962987
0.902836 0.002496 0.002134 0.001073 0.000051 0.084028 0.007381 1.780037 2882.307709
0.903614 0.002515 0.002147 0.001076 0.000051 0.083215 0.007382 1.780277 2882.919495
0.904355 0.002539 0.002156 0.001084 0.000051 0.082432 0.007382 1.780523 2883.061016
0.905130 0.002557 0.002177 0.001081 0.000051 0.081621 0.007383 1.780768 2883.525997
0.905862 0.002571 0.002177 0.001084 0.000051 0.080872 0.007384 1.781015 2884.160427
0.906593 0.002591 0.002183 0.001090 0.000050 0.080109 0.007384 1.781266 2884.332891
0.907290 0.002619 0.002190 0.001095 0.000051 0.079371 0.007384 1.781512 2884.406303
0.907981 0.002640 0.002208 0.001107 0.000052 0.078628 0.007385 1.781765 2884.665323
0.908663 0.002638 0.002242 0.001124 0.000052 0.077895 0.007385 1.782039 2884.924607
0.909368 0.002639 0.002243 0.001124 0.000052 0.077187 0.007386 1.782292 2885.290362
0.910022 0.002646 0.002266 0.001126 0.000051 0.076501 0.007387 1.782556 2885.656908
0.910673 0.002659 0.002278 0.001135 0.000051 0.075816 0.007388 1.782818 2886.176568
0.911329 0.002681 0.002280 0.001142 0.000052 0.075127 0.007388 1.783074 2886.528383
0.911995 0.002686 0.002298 0.001143 0.000052 0.074436 0.007389 1.783336 2886.884562
0.912628 0.002687 0.002308 0.001164 0.000051 0.073772 0.007389 1.783612 2887.335020
0.913237 0.002710 0.002316 0.001169 0.000050 0.073127 0.007391 1.783876 2887.789830
0.913875 0.002726 0.002333 0.001169 0.000050 0.072455 0.007392 1.784144 2888.084746
0.914455 0.002762 0.002341 0.001175 0.000051 0.071823 0.007392 1.784407 2888.250623
0.915024 0.002787 0.002358 0.001176 0.000051 0.071211 0.007393 1.784677 2888.533274
0.915593 0.002788 0.002388 0.001191 0.000050 0.070596 0.007394 1.784964 2888.717174
0.916174 0.002803 0.002385 0.001195 0.000052 0.069996 0.007394 1.785228 2888.832550
0.916765 0.002824 0.002396 0.001198 0.000052 0.069371 0.007394 1.785508 2889.105883
0.917279 0.002837 0.002411 0.001197 0.000053 0.068829 0.007395 1.785789 2889.440166
0.917819 0.002861 0.002415 0.001200 0.000054 0.068256 0.007395 1.786053 2889.735374
0.918357 0.002878 0.002438 0.001216 0.000053 0.067662 0.007396 1.786340 2890.034820
0.918894 0.002866 0.002474 0.001223 0.000053 0.067093 0.007397 1.786639 2890.628921
0.919411 0.002880 0.002480 0.001230 0.000054 0.066546 0.007398 1.786923 2891.011331
0.919902 0.002909 0.002487 0.001238 0.000054 0.066012 0.007399 1.787202 2891.300954
0.920381 0.002925 0.002509 0.001253 0.000053 0.065481 0.007399 1.787490 2891.665259
0.920846 0.002938 0.002523 0.001257 0.000053 0.064984 0.007399 1.787786 2891.930558
0.921324 0.002938 0.002547 0.001258 0.000053 0.064480 0.007400 1.788092 2892.241235
0.921795 0.002963 0.002556 0.001271 0.000054 0.063961 0.007400 1.788382 2892.303193
0.922252 0.002981 0.002577 0.001285 0.000054 0.063450 0.007400 1.788690 2892.484048
0.922698 0.003003 0.002578 0.001296 0.000055 0.062969 0.007401 1.788991 2892.600648
0.923157 0.003027 0.002584 0.001292 0.000055 0.062482 0.007401 1.789284 2892.867898
0.923599 0.003030 0.002613 0.001304 0.000056 0.061996 0.007402 1.789589 2893.026184
0.924011 0.003056 0.002625 0.001317 0.000058 0.061532 0.007402 1.789891 2893.216361
0.924450 0.003079 0.002626 0.001319 0.000057 0.061065 0.007403 1.790187 2893.622014
0.924876 0.003076 0.002627 0.001328 0.000057 0.060632 0.007404 1.790491 2894.254190
0.925269 0.003103 0.002632 0.001327 0.000057 0.060207 0.007405 1.790782 2894.641533
0.925651 0.003112 0.002648 0.001334 0.000057 0.059792 0.007406 1.791101 2894.798853
0.926064 0.003130 0.002670 0.001340 0.000058 0.059333 0.007406 1.791404 2894.949461
0.926447 0.003174 0.002682 0.001338 0.000057 0.058895 0.007407 1.791695 2895.546645
0.926809 0.003185 0.002701 0.001343 0.000054 0.058500 0.007408 1.792012 2895.801496
0.927146 0.003211 0.002715 0.001351 0.000054 0.058115 0.007408 1.792330 2896.161607
0.927505 0.003208 0.002723 0.001363 0.000055 0.057737 0.007409 1.792646 2896.482513
0.927838 0.003238 0.002720 0.001370 0.000056 0.057369 0.007409 1.792953 2896.920652
0.928186 0.003266 0.002732 0.001385 0.000057 0.056963 0.007410 1.793266 2897.152964
0.928531 0.003305 0.002759 0.001394 0.000057 0.056544 0.007411 1.793586 2897.392574
0.928854 0.003313 0.002795 0.001398 0.000057 0.056172 0.007411 1.793909 2897.638955
0.929187 0.003329 0.002812 0.001406 0.000058 0.055796 0.007412 1.794229 2897.872791
0.929478 0.003368 0.002824 0.001410 0.000057 0.055450 0.007413 1.794546 2898.358702
0.929785 0.003377 0.002846 0.001413 0.000056 0.055109 0.007414 1.794880 2898.477528
0.930088 0.003399 0.002855 0.001424 0.000058 0.054761 0.007415 1.795209 2898.862244
0.930375 0.003430 0.002870 0.001425 0.000060 0.054426 0.007415 1.795532 2898.971785
0.930645 0.003437 0.002905 0.001439 0.000059 0.054098 0.007416 1.795877 2899.610135
0.930943 0.003457 0.002917 0.001432 0.000058 0.053776 0.007417 1.796199 2899.936828
0.931228 0.003468 0.002929 0.001449 0.000060 0.053448 0.007418 1.796540 2900.246792
0.931461 0.003466 0.002965 0.001463 0.000058 0.053168 0.007418 1.796903 2900.769262
0.931700 0.003499 0.002969 0.001473 0.000058 0.052882 0.007420 1.797244 2901.112291
0.931943 0.003522 0.002985 0.001480 0.000058 0.052591 0.007420 1.797581 2901.373449
0.932188 0.003558 0.003000 0.001480 0.000059 0.052295 0.007420 1.797922 2901.670564
0.932413 0.003577 0.003024 0.001491 0.000060 0.052014 0.007421 1.798280 2901.777558
0.932641 0.003574 0.003057 0.001511 0.000058 0.051737 0.007422 1.798659 2902.437883
0.932854 0.003608 0.003071 0.001512 0.000058 0.051476 0.007422 1.798999 2902.663317
0.933066 0.003635 0.003086 0.001524 0.000059 0.051207 0.007422 1.799350 2902.919719
0.933246 0.003671 0.003111 0.001533 0.000059 0.050956 0.007423 1.799717 2903.026688
0.933437 0.003691 0.003143 0.001544 0.000060 0.050702 0.007423 1.800098 2903.342696
0.933637 0.003701 0.003159 0.001562 0.000060 0.050457 0.007424 1.800463 2903.607237
0.933832 0.003715 0.003169 0.001572 0.000060 0.050226 0.007424 1.800829 2903.931118
0.934019 0.003737 0.003180 0.001569 0.000061 0.050010 0.007425 1.801195 2904.250145
0.934215 0.003747 0.003219 0.001577 0.000061 0.049755 0.007426 1.801573 2904.548647
0.934391 0.003769 0.003233 0.001591 0.000061 0.049529 0.007426 1.801937 2904.988265
0.934549 0.003794 0.003250 0.001589 0.000062 0.049328 0.007427 1.802303 2905.037874
0.934694 0.003830 0.003266 0.001590 0.000064 0.049129 0.007427 1.802669 2905.168340
0.934832 0.003851 0.003288 0.001606 0.000063 0.048932 0.007428 1.803054 2905.535050
0.935001 0.003861 0.003308 0.001614 0.000063 0.048724 0.007428 1.803433 2905.949230
0.935134 0.003876 0.003322 0.001619 0.000063 0.048557 0.007429 1.803815 2906.433914
0.935273 0.003909 0.003336 0.001638 0.000063 0.048352 0.007429 1.804191 2906.660047
0.935413 0.003950 0.003350 0.001648 0.000062 0.048147 0.007430 1.804560 2907.045824
0.935532 0.003976 0.003366 0.001665 0.000063 0.047967 0.007430 1.804948 2907.113574
0.935681 0.003995 0.003383 0.001676 0.000065 0.047769 0.007431 1.805342 2907.236257
0.935795 0.004023 0.003413 0.001667 0.000065 0.047605 0.007431 1.805728 2907.440356
0.935919 0.004037 0.003424 0.001675 0.000065 0.047447 0.007433 1.806122 2907.825038
0.936036 0.004060 0.003449 0.001691 0.000065 0.047264 0.007433 1.806515 2907.955137
0.936136 0.004081 0.003450 0.001699 0.000065 0.047133 0.007434 1.806907 2908.416138
0.936245 0.004120 0.003473 0.001701 0.000066 0.046961 0.007434 1.807295 2908.724437
0.936341 0.004141 0.003494 0.001697 0.000065 0.046826 0.007435 1.807696 2909.283373
0.936402 0.004179 0.003518 0.001713 0.000066 0.046684 0.007437 1.808101 2909.651215
0.936483 0.004224 0.003553 0.001720 0.000067 0.046515 0.007438 1.808499 2910.104771
0.936559 0.004254 0.003586 0.001724 0.000068 0.046369 0.007439 1.808901 2910.289461
0.936628 0.004275 0.003602 0.001739 0.000069 0.046248 0.007439 1.809329 2910.408519
0.936684 0.004298 0.003645 0.001747 0.000070 0.046116 0.007440 1.809762 2910.737539
0.936749 0.004317 0.003648 0.001776 0.000071 0.045998 0.007441 1.810192 2910.941574
0.936829 0.004337 0.003677 0.001770 0.000076 0.045868 0.007441 1.810616 2911.083495
0.936876 0.004379 0.003693 0.001782 0.000074 0.045754 0.007442 1.811028 2911.779279
0.936925 0.004389 0.003715 0.001796 0.000076 0.045655 0.007443 1.811462 2912.167795
0.936977 0.004410 0.003744 0.001811 0.000076 0.045538 0.007444 1.811888 2912.573602
0.937035 0.004420 0.003762 0.001824 0.000076 0.045437 0.007445 1.812316 2913.125727
0.937073 0.004451 0.003772 0.001842 0.000075 0.045341 0.007446 1.812742 2913.659328
0.937117 0.004465 0.003799 0.001846 0.000075 0.045251 0.007447 1.813180 2913.888770
0.937181 0.004474 0.003815 0.001855 0.000075 0.045152 0.007448 1.813605 2914.249465
0.937245 0.004477 0.003825 0.001882 0.000074 0.045049 0.007448 1.814046 2914.612317
0.937284 0.004480 0.003860 0.001888 0.000076 0.044962 0.007449 1.814494 2914.758784
0.937318 0.004481 0.003883 0.001894 0.000076 0.044898 0.007450 1.814943 2915.049920
0.937354 0.004485 0.003904 0.001899 0.000078 0.044829 0.007450 1.815389 2915.295842
0.937385 0.004526 0.003897 0.001911 0.000080 0.044750 0.007451 1.815816 2915.392287
0.937408 0.004582 0.003919 0.001912 0.000082 0.044646 0.007451 1.816244 2915.611818
0.937454 0.004592 0.003929 0.001917 0.000083 0.044573 0.007452 1.816692 2915.799854
0.937453 0.004625 0.003939 0.001927 0.000084 0.044517 0.007453 1.817140 2916.194042
0.937459 0.004632 0.003961 0.001940 0.000084 0.044469 0.007454 1.817604 2916.640774
0.937497 0.004645 0.003975 0.001964 0.000084 0.044379 0.007455 1.818056 2916.993627
0.937497 0.004671 0.003998 0.001968 0.000085 0.044326 0.007457 1.818509 2917.434509
0.937509 0.004687 0.004023 0.001988 0.000083 0.044251 0.007458 1.818966 2917.777629
0.937499 0.004714 0.004031 0.001993 0.000084 0.044220 0.007459 1.819421 2918.084750
0.937494 0.004760 0.004058 0.001991 0.000084 0.044153 0.007460 1.819869 2918.532032
0.937483 0.004782 0.004081 0.001997 0.000084 0.044111 0.007460 1.820331 2919.051220
0.937453 0.004822 0.004105 0.002012 0.000084 0.044061 0.007462 1.820801 2919.598063
0.937435 0.004844 0.004124 0.002011 0.000084 0.044038 0.007462 1.821260 2919.971784
0.937438 0.004851 0.004155 0.002021 0.000086 0.043986 0.007463 1.821735 2920.092247
0.937423 0.004901 0.004157 0.002013 0.000087 0.043955 0.007463 1.822186 2920.369006
0.937417 0.004902 0.004175 0.002028 0.000087 0.043925 0.007464 1.822680 2920.790242
0.937407 0.004903 0.004213 0.002036 0.000088 0.043889 0.007464 1.823164 2921.217905
0.937383 0.004907 0.004239 0.002058 0.000089 0.043858 0.007466 1.823658 2921.851142
0.937381 0.004919 0.004266 0.002071 0.000087 0.043809 0.007467 1.824141 2922.124426
0.937367 0.004938 0.004268 0.002095 0.000087 0.043776 0.007469 1.824623 2922.584299
0.937346 0.004939 0.004292 0.002116 0.000089 0.043748 0.007469 1.825124 2922.769548
0.937327 0.004977 0.004302 0.002112 0.000090 0.043722 0.007470 1.825591 2923.102103
0.937305 0.005014 0.004312 0.002118 0.000088 0.043691 0.007471 1.826058 2923.562258
0.937264 0.005040 0.004323 0.002134 0.000088 0.043679 0.007473 1.826549 2924.001882
0.937229 0.005046 0.004347 0.002154 0.000088 0.043661 0.007474 1.827046 2924.406631
0.937188 0.005056 0.004373 0.002176 0.000088 0.043645 0.007475 1.827550 2924.797166
0.937139 0.005068 0.004403 0.002187 0.000089 0.043638 0.007476 1.828052 2925.176389
0.937109 0.005073 0.004439 0.002188 0.000091 0.043623 0.007476 1.828554 2925.546319
0.937070 0.005103 0.004444 0.002197 0.000094 0.043616 0.007476 1.829044 2925.835440
0.937018 0.005131 0.004449 0.002215 0.000096 0.043613 0.007477 1.829551 2926.133723
0.936954 0.005157 0.004464 0.002218 0.000099 0.043630 0.007478 1.830049 2926.634342
0.936920 0.005152 0.004492 0.002236 0.000097 0.043623 0.007480 1.830569 2927.150157
0.936888 0.005183 0.004497 0.002239 0.000094 0.043618 0.007481 1.831057 2927.547266
0.936811 0.005224 0.004506 0.002238 0.000094 0.043646 0.007481 1.831556 2927.803974
0.936760 0.005209 0.004540 0.002244 0.000094 0.043671 0.007482 1.832088 2928.286190
0.936718 0.005217 0.004564 0.002260 0.000094 0.043665 0.007482 1.832610 2928.704125
0.936693 0.005225 0.004578 0.002267 0.000095 0.043659 0.007483 1.833122 2929.038692
0.936635 0.005230 0.004606 0.002268 0.000093 0.043683 0.007485 1.833648 2929.420942
0.936581 0.005238 0.004645 0.002281 0.000092 0.043677 0.007486 1.834168 2929.786099
0.936531 0.005244 0.004660 0.002293 0.000093 0.043691 0.007487 1.834686 2930.173817
0.936454 0.005298 0.004663 0.002292 0.000094 0.043712 0.007487 1.835183 2930.414078
0.936365 0.005310 0.004687 0.002305 0.000093 0.043752 0.007488 1.835714 2930.867293
0.936301 0.005346 0.004696 0.002313 0.000092 0.043763 0.007489 1.836219 2931.312536
0.936205 0.005363 0.004699 0.002337 0.000091 0.043813 0.007491 1.836754 2931.744157
0.936137 0.005358 0.004716 0.002334 0.000090 0.043873 0.007491 1.837290 2932.162722
0.936062 0.005403 0.004729 0.002331 0.000091 0.043892 0.007493 1.837799 2932.574638
0.935954 0.005434 0.004747 0.002348 0.000091 0.043934 0.007493 1.838334 2932.862983
0.935891 0.005455 0.004741 0.002369 0.000094 0.043957 0.007493 1.838857 2933.068103
0.935805 0.005467 0.004759 0.002381 0.000096 0.043998 0.007494 1.839408 2933.402765
0.935717 0.005491 0.004768 0.002395 0.000097 0.044037 0.007495 1.839937 2933.652435
0.935665 0.005495 0.004777 0.002398 0.000098 0.044071 0.007496 1.840471 2934.202297
0.935591 0.005514 0.004806 0.002409 0.000099 0.044085 0.007497 1.841015 2934.357965
0.935522 0.005523 0.004812 0.002419 0.000102 0.044125 0.007498 1.841549 2934.576739
0.935438 0.005538 0.004833 0.002420 0.000104 0.044168 0.007499 1.842092 2934.999145
0.935363 0.005541 0.004853 0.002425 0.000105 0.044214 0.007500 1.842643 2935.573616
0.935307 0.005534 0.004867 0.002440 0.000105 0.044248 0.007501 1.843184 2935.914801
0.935235 0.005529 0.004885 0.002451 0.000107 0.044292 0.007502 1.843735 2936.250376
0.935170 0.005546 0.004883 0.002460 0.000106 0.044332 0.007503 1.844268 2936.679779
0.935124 0.005532 0.004905 0.002464 0.000106 0.044365 0.007504 1.844824 2937.128109
0.935045 0.005566 0.004911 0.002460 0.000105 0.044408 0.007505 1.845354 2937.579994
0.934962 0.005581 0.004919 0.002464 0.000104 0.044463 0.007506 1.845906 2938.283949
0.934877 0.005599 0.004931 0.002460 0.000106 0.044519 0.007508 1.846459 2938.774643
0.934853 0.005609 0.004933 0.002468 0.000105 0.044522 0.007510 1.846987 2939.534258
0.934789 0.005605 0.004954 0.002460 0.000108 0.044573 0.007511 1.847540 2939.820928
0.934715 0.005617 0.004967 0.002463 0.000108 0.044617 0.007512 1.848090 2940.192068
0.934644 0.005633 0.004980 0.002474 0.000110 0.044647 0.007512 1.848642 2940.336933
0.934559 0.005641 0.005011 0.002477 0.000109 0.044690 0.007514 1.849208 2941.015666
0.934475 0.005660 0.005019 0.002481 0.000108 0.044741 0.007514 1.849759 2941.596404
0.934389 0.005651 0.005074 0.002484 0.000110 0.044777 0.007515 1.850343 2942.076744
0.934347 0.005654 0.005070 0.002488 0.000110 0.044816 0.007516 1.850880 2942.784483
0.934244 0.005663 0.005094 0.002496 0.000109 0.044877 0.007517 1.851444 2943.168055
0.934166 0.005673 0.005084 0.002509 0.000111 0.044939 0.007518 1.852007 2943.539927
0.934091 0.005658 0.005095 0.002519 0.000109 0.045010 0.007519 1.852580 2943.929446
0.934021 0.005672 0.005100 0.002518 0.000109 0.045060 0.007519 1.853131 2944.588622
0.933939 0.005684 0.005100 0.002531 0.000108 0.045118 0.007520 1.853686 2945.155467
0.933838 0.005707 0.005114 0.002524 0.000110 0.045186 0.007521 1.854242 2945.594774
0.933749 0.005722 0.005103 0.002536 0.000112 0.045257 0.007522 1.854801 2946.014291
0.933676 0.005757 0.005102 0.002520 0.000112 0.045309 0.007524 1.855348 2946.924034
0.933606 0.005756 0.005125 0.002535 0.000111 0.045341 0.007525 1.855916 2947.415522
0.933509 0.005788 0.005129 0.002550 0.000110 0.045388 0.007526 1.856475 2948.255685
0.933430 0.005786 0.005159 0.002569 0.000108 0.045420 0.007528 1.857060 2948.936910
0.933344 0.005798 0.005169 0.002563 0.000108 0.045489 0.007528 1.857618 2949.306523
0.933238 0.005815 0.005187 0.002561 0.000107 0.045563 0.007529 1.858197 2949.938743
0.933167 0.005814 0.005198 0.002575 0.000108 0.045607 0.007530 1.858774 2950.777426
0.933037 0.005860 0.005215 0.002582 0.000106 0.045668 0.007533 1.859343 2951.506397
0.932937 0.005898 0.005213 0.002596 0.000102 0.045720 0.007534 1.859893 2952.105095
0.932830 0.005962 0.005207 0.002596 0.000100 0.045770 0.007535 1.860443 2952.503602
0.932748 0.005949 0.005233 0.002617 0.000100 0.045817 0.007536 1.861042 2952.829373
0.932670 0.005960 0.005274 0.002625 0.000101 0.045832 0.007537 1.861639 2953.379837
0.932573 0.005978 0.005265 0.002627 0.000102 0.045916 0.007538 1.862215 2953.745477
0.932453 0.006024 0.005274 0.002614 0.000102 0.045994 0.007540 1.862785 2954.504676
0.932361 0.006001 0.005289 0.002624 0.000106 0.046079 0.007540 1.863378 2954.698726
0.932293 0.005979 0.005297 0.002635 0.000105 0.046150 0.007542 1.863981 2955.300042
0.932179 0.006019 0.005301 0.002626 0.000107 0.046225 0.007542 1.864560 2955.721388
0.932087 0.006015 0.005322 0.002628 0.000109 0.046296 0.007543 1.865159 2955.974965
0.931977 0.006061 0.005330 0.002624 0.000109 0.046353 0.007545 1.865730 2957.040484
0.931905 0.006073 0.005334 0.002630 0.000110 0.046403 0.007545 1.866313 2957.203383
0.931845 0.006078 0.005337 0.002640 0.000110 0.046444 0.007546 1.866901 2957.621990
0.931737 0.006110 0.005354 0.002660 0.000109 0.046483 0.007547 1.867494 2958.117044
0.931625 0.006107 0.005369 0.002676 0.000107 0.046568 0.007548 1.868101 2958.881863
0.931535 0.006096 0.005403 0.002687 0.000109 0.046622 0.007549 1.868713 2959.328446
0.931464 0.006093 0.005433 0.002699 0.000107 0.046653 0.007550 1.869309 2960.089135
0.931351 0.006122 0.005431 0.002708 0.000107 0.046728 0.007552 1.869892 2960.668541
0.931259 0.006135 0.005441 0.002716 0.000105 0.046790 0.007554 1.870493 2961.320467
0.931152 0.006149 0.005464 0.002721 0.000106 0.046853 0.007555 1.871096 2961.858595
0.931054 0.006151 0.005454 0.002728 0.000105 0.046952 0.007556 1.871697 2962.309087
0.930994 0.006146 0.005467 0.002730 0.000105 0.047001 0.007557 1.872296 2962.684414
0.930915 0.006165 0.005470 0.002733 0.000105 0.047054 0.007558 1.872879 2963.087394
0.930839 0.006160 0.005477 0.002744 0.000103 0.047117 0.007560 1.873479 2963.599557
0.930759 0.006162 0.005503 0.002747 0.000103 0.047164 0.007561 1.874079 2963.971328
0.930673 0.006167 0.005496 0.002753 0.000104 0.047245 0.007562 1.874670 2964.440279
0.930587 0.006194 0.005505 0.002739 0.000105 0.047308 0.007562 1.875249 2964.929114
0.930491 0.006194 0.005519 0.002733 0.000106 0.047394 0.007563 1.875856 2965.324856
0.930451 0.006169 0.005525 0.002736 0.000110 0.047447 0.007564 1.876457 2965.663801
0.930363 0.006152 0.005543 0.002746 0.000111 0.047519 0.007565 1.877077 2966.218946
0.930284 0.006150 0.005542 0.002739 0.000114 0.047606 0.007566 1.877665 2967.127763
0.930190 0.006181 0.005532 0.002755 0.000113 0.047663 0.007567 1.878264 2967.607587
0.930103 0.006206 0.005529 0.002749 0.000115 0.047730 0.007569 1.878852 2968.014145
0.930024 0.006227 0.005533 0.002741 0.000117 0.047790 0.007569 1.879442 2968.551641
0.929947 0.006235 0.005537 0.002740 0.000119 0.047852 0.007570 1.880045 2968.923736
0.929878 0.006221 0.005548 0.002737 0.000121 0.047924 0.007571 1.880660 2969.216886
0.929804 0.006225 0.005563 0.002725 0.000120 0.047990 0.007573 1.881269 2969.967661
0.929719 0.006234 0.005548 0.002742 0.000118 0.048064 0.007574 1.881871 2970.739090
0.929631 0.006225 0.005548 0.002760 0.000119 0.048142 0.007575 1.882490 2971.156578
0.929583 0.006226 0.005549 0.002762 0.000121 0.048185 0.007575 1.883095 2971.538345
0.929519 0.006213 0.005553 0.002775 0.000123 0.048240 0.007577 1.883704 2972.008108
0.929438 0.006210 0.005575 0.002781 0.000124 0.048294 0.007578 1.884322 2972.763183
0.929358 0.006216 0.005576 0.002799 0.000124 0.048346 0.007580 1.884941 2973.387604
0.929288 0.006215 0.005574 0.002804 0.000126 0.048411 0.007581 1.885548 2973.926270
0.929197 0.006207 0.005592 0.002804 0.000124 0.048492 0.007584 1.886160 2974.522627
0.929095 0.006233 0.005596 0.002790 0.000126 0.048576 0.007585 1.886758 2975.070069
0.928996 0.006235 0.005599 0.002792 0.000128 0.048663 0.007586 1.887377 2975.792540
0.928905 0.006231 0.005628 0.002790 0.000126 0.048733 0.007588 1.887985 2976.323037
0.928828 0.006249 0.005626 0.002774 0.000121 0.048812 0.007591 1.888582 2977.137446
0.928763 0.006256 0.005610 0.002797 0.000122 0.048859 0.007591 1.889187 2977.441715
0.928716 0.006254 0.005616 0.002809 0.000123 0.048888 0.007593 1.889806 2978.282548
0.928647 0.006282 0.005597 0.002807 0.000123 0.048951 0.007594 1.890400 2978.810258
0.928595 0.006278 0.005594 0.002797 0.000125 0.049016 0.007595 1.890993 2979.636603
0.928525 0.006303 0.005571 0.002816 0.000123 0.049066 0.007597 1.891593 2980.125772
0.928447 0.006301 0.005573 0.002828 0.000123 0.049131 0.007598 1.892215 2980.521756
0.928403 0.006269 0.005602 0.002826 0.000125 0.049174 0.007601 1.892836 2980.803737
0.928303 0.006275 0.005631 0.002825 0.000127 0.049238 0.007601 1.893464 2981.200832
0.928239 0.006258 0.005672 0.002833 0.000130 0.049266 0.007603 1.894103 2982.030431
0.928145 0.006264 0.005671 0.002829 0.000130 0.049357 0.007604 1.894709 2982.657688
0.928097 0.006241 0.005681 0.002817 0.000127 0.049431 0.007605 1.895327 2983.652023
0.928024 0.006253 0.005657 0.002829 0.000130 0.049501 0.007606 1.895946 2984.023081
0.927938 0.006286 0.005672 0.002836 0.000130 0.049531 0.007607 1.896547 2984.299859
0.927851 0.006329 0.005685 0.002830 0.000132 0.049565 0.007608 1.897147 2984.786141
0.927763 0.006333 0.005704 0.002832 0.000132 0.049628 0.007609 1.897764 2985.160652
0.927712 0.006342 0.005677 0.002841 0.000132 0.049688 0.007609 1.898369 2985.820426
0.927665 0.006328 0.005682 0.002843 0.000131 0.049740 0.007611 1.898981 2986.772901
0.927585 0.006342 0.005683 0.002866 0.000132 0.049779 0.007612 1.899601 2987.370518
0.927535 0.006337 0.005670 0.002875 0.000134 0.049835 0.007613 1.900218 2987.814503
0.927479 0.006329 0.005679 0.002885 0.000133 0.049881 0.007614 1.900844 2988.467260
0.927387 0.006360 0.005673 0.002879 0.000134 0.049950 0.007616 1.901434 2989.194437
0.927334 0.006357 0.005663 0.002882 0.000133 0.050013 0.007618 1.902046 2989.916770
0.927274 0.006352 0.005638 0.002896 0.000133 0.050086 0.007620 1.902664 2990.497868
0.927224 0.006340 0.005663 0.002892 0.000133 0.050127 0.007621 1.903286 2991.017049
0.927156 0.006348 0.005670 0.002891 0.000132 0.050180 0.007622 1.903907 2991.737056
0.927128 0.006334 0.005680 0.002885 0.000136 0.050215 0.007623 1.904520 2992.150529
0.927072 0.006322 0.005672 0.002879 0.000135 0.050294 0.007626 1.905145 2992.873397
0.927018 0.006319 0.005680 0.002874 0.000134 0.050347 0.007628 1.905756 2993.766906
0.926989 0.006303 0.005702 0.002871 0.000133 0.050373 0.007629 1.906387 2994.395989
0.926974 0.006294 0.005698 0.002868 0.000134 0.050402 0.007630 1.907000 2994.790078
0.926943 0.006272 0.005677 0.002885 0.000135 0.050457 0.007631 1.907623 2995.492577
0.926874 0.006260 0.005676 0.002875 0.000136 0.050547 0.007632 1.908239 2996.216719
0.926842 0.006246 0.005689 0.002860 0.000138 0.050593 0.007633 1.908849 2996.515252
0.926785 0.006238 0.005704 0.002860 0.000138 0.050640 0.007635 1.909474 2997.256236
0.926747 0.006201 0.005738 0.002874 0.000136 0.050668 0.007637 1.910124 2998.029207
0.926700 0.006215 0.005739 0.002889 0.000135 0.050686 0.007637 1.910724 2998.583217
0.926665 0.006189 0.005748 0.002893 0.000132 0.050733 0.007639 1.911340 2999.419375
0.926620 0.006207 0.005733 0.002883 0.000132 0.050785 0.007641 1.911937 3000.295881
0.926579 0.006209 0.005740 0.002880 0.000132 0.050819 0.007642 1.912548 3000.751032
0.926542 0.006204 0.005738 0.002883 0.000131 0.050860 0.007643 1.913164 3001.071062
0.926472 0.006204 0.005756 0.002875 0.000131 0.050919 0.007643 1.913775 3001.447121
0.926425 0.006207 0.005789 0.002872 0.000129 0.050933 0.007645 1.914384 3002.263961
0.926375 0.006216 0.005805 0.002876 0.000125 0.050955 0.007648 1.914996 3003.533912
0.926334 0.006222 0.005795 0.002885 0.000124 0.050993 0.007649 1.915612 3004.249959
0.926290 0.006242 0.005788 0.002880 0.000125 0.051025 0.007650 1.916224 3004.780588
0.926233 0.006272 0.005768 0.002867 0.000124 0.051086 0.007650 1.916821 3005.293073
0.926175 0.006269 0.005756 0.002852 0.000124 0.051174 0.007651 1.917432 3006.224701
0.926102 0.006277 0.005781 0.002860 0.000124 0.051204 0.007653 1.918050 3006.854461
0.926054 0.006273 0.005784 0.002868 0.000124 0.051244 0.007654 1.918662 3007.362904
0.925985 0.006274 0.005787 0.002885 0.000123 0.051292 0.007655 1.919290 3008.049243
0.925951 0.006269 0.005769 0.002887 0.000123 0.051344 0.007657 1.919894 3008.863482
0.925915 0.006250 0.005775 0.002899 0.000123 0.051379 0.007660 1.920523 3009.348288
0.925882 0.006245 0.005781 0.002896 0.000124 0.051412 0.007660 1.921136 3009.680189
0.925816 0.006256 0.005798 0.002892 0.000124 0.051452 0.007662 1.921764 3010.068394
0.925770 0.006267 0.005786 0.002878 0.000126 0.051510 0.007663 1.922367 3010.585474
0.925715 0.006287 0.005778 0.002892 0.000128 0.051537 0.007665 1.922978 3010.996955
0.925668 0.006274 0.005763 0.002899 0.000128 0.051602 0.007666 1.923587 3011.527267
0.925634 0.006263 0.005775 0.002907 0.000127 0.051626 0.007668 1.924210 3012.105279
0.925557 0.006309 0.005756 0.002892 0.000128 0.051690 0.007668 1.924808 3012.743612
0.925509 0.006307 0.005769 0.002885 0.000130 0.051730 0.007669 1.925432 3013.072084
0.925467 0.006314 0.005764 0.002880 0.000130 0.051775 0.007671 1.926041 3013.742383
0.925423 0.006316 0.005764 0.002876 0.000131 0.051817 0.007673 1.926669 3014.677907
0.925386 0.006308 0.005760 0.002862 0.000129 0.051881 0.007675 1.927286 3015.684485
0.925342 0.006301 0.005745 0.002877 0.000128 0.051932 0.007676 1.927901 3016.047050
0.925302 0.006299 0.005756 0.002885 0.000125 0.051956 0.007677 1.928516 3016.969031
0.925265 0.006280 0.005772 0.002866 0.000124 0.052013 0.007680 1.929126 3017.729352
0.925234 0.006280 0.005790 0.002863 0.000126 0.052025 0.007681 1.929739 3018.134024
0.925212 0.006261 0.005786 0.002863 0.000127 0.052069 0.007683 1.930357 3019.071511
0.925176 0.006257 0.005786 0.002851 0.000127 0.052120 0.007684 1.930976 3019.710474
0.925131 0.006255 0.005787 0.002831 0.000128 0.052183 0.007686 1.931586 3020.287432
0.925087 0.006266 0.005766 0.002843 0.000129 0.052221 0.007686 1.932200 3021.122895
0.925066 0.006236 0.005773 0.002864 0.000130 0.052245 0.007687 1.932837 3021.637023
0.925031 0.006235 0.005749 0.002873 0.000129 0.052294 0.007688 1.933444 3022.379798
0.924998 0.006229 0.005744 0.002861 0.000127 0.052351 0.007689 1.934055 3022.945995
0.924958 0.006255 0.005750 0.002849 0.000123 0.052375 0.007690 1.934663 3023.735155
0.924936 0.006240 0.005760 0.002848 0.000124 0.052400 0.007692 1.935283 3024.374793
0.924898 0.006247 0.005760 0.002843 0.000128 0.052432 0.007693 1.935896 3024.783204
0.924913 0.006256 0.005743 0.002836 0.000126 0.052432 0.007694 1.936485 3025.551254
0.924898 0.006259 0.005734 0.002833 0.000127 0.052454 0.007694 1.937085 3026.123200
0.924873 0.006284 0.005715 0.002823 0.000128 0.052482 0.007695 1.937681 3026.745441
0.924823 0.006277 0.005740 0.002833 0.000132 0.052500 0.007696 1.938312 3027.206992
0.924772 0.006306 0.005712 0.002835 0.000131 0.052548 0.007697 1.938919 3027.953330
0.924773 0.006278 0.005725 0.002829 0.000131 0.052566 0.007698 1.939543 3028.484582
0.924733 0.006283 0.005728 0.002833 0.000131 0.052591 0.007700 1.940162 3029.059996
0.924675 0.006302 0.005745 0.002837 0.000132 0.052608 0.007701 1.940783 3029.761842
0.924617 0.006310 0.005753 0.002838 0.000134 0.052647 0.007701 1.941408 3030.219791
0.924603 0.006310 0.005759 0.002835 0.000136 0.052655 0.007702 1.942025 3030.567470
0.924561 0.006323 0.005761 0.002842 0.000136 0.052675 0.007703 1.942648 3031.150047
0.924529 0.006329 0.005755 0.002842 0.000138 0.052703 0.007704 1.943267 3031.937409
0.924524 0.006312 0.005752 0.002862 0.000137 0.052710 0.007704 1.943897 3032.303643
0.924476 0.006343 0.005747 0.002838 0.000135 0.052753 0.007707 1.944496 3033.318630
0.924473 0.006339 0.005744 0.002841 0.000136 0.052759 0.007708 1.945114 3033.964846
0.924445 0.006317 0.005774 0.002829 0.000136 0.052789 0.007709 1.945745 3034.683794
0.924437 0.006307 0.005772 0.002847 0.000136 0.052791 0.007711 1.946364 3035.422717
0.924422 0.006280 0.005782 0.002867 0.000135 0.052803 0.007712 1.947002 3036.210203
0.924402 0.006291 0.005753 0.002879 0.000134 0.052828 0.007713 1.947612 3037.079486
0.924369 0.006287 0.005753 0.002873 0.000135 0.052871 0.007714 1.948230 3037.573279
0.924349 0.006258 0.005776 0.002879 0.000133 0.052890 0.007715 1.948863 3038.210767
0.924332 0.006261 0.005765 0.002876 0.000133 0.052916 0.007717 1.949478 3039.006056
0.924333 0.006260 0.005754 0.002870 0.000134 0.052932 0.007717 1.950080 3039.349097
0.924309 0.006254 0.005752 0.002868 0.000137 0.052962 0.007718 1.950693 3039.978977
0.924298 0.006228 0.005768 0.002878 0.000138 0.052970 0.007720 1.951318 3040.814789
0.924273 0.006220 0.005766 0.002877 0.000135 0.053007 0.007722 1.951940 3041.744143
0.924276 0.006191 0.005762 0.002891 0.000136 0.053022 0.007723 1.952567 3042.038688
0.924263 0.006187 0.005774 0.002880 0.000138 0.053035 0.007723 1.953172 3042.593863
0.924247 0.006208 0.005736 0.002870 0.000138 0.053078 0.007724 1.953765 3043.054770
0.924229 0.006188 0.005731 0.002885 0.000135 0.053106 0.007725 1.954388 3043.753612
0.924202 0.006198 0.005706 0.002879 0.000135 0.053155 0.007726 1.954981 3044.095304
0.924150 0.006212 0.005696 0.002877 0.000134 0.053203 0.007728 1.955580 3044.603572
0.924122 0.006211 0.005701 0.002872 0.000136 0.053230 0.007729 1.956200 3045.151237
0.924113 0.006199 0.005701 0.002874 0.000134 0.053249 0.007731 1.956802 3046.198323
0.924110 0.006182 0.005708 0.002866 0.000134 0.053270 0.007732 1.957421 3046.730257
0.924120 0.006173 0.005696 0.002856 0.000133 0.053288 0.007734 1.958011 3047.230185
0.924143 0.006144 0.005705 0.002844 0.000134 0.053297 0.007734 1.958615 3047.598954
0.924116 0.006161 0.005684 0.002839 0.000134 0.053332 0.007735 1.959216 3048.157331
0.924074 0.006186 0.005663 0.002838 0.000135 0.053368 0.007737 1.959810 3048.697492
0.924091 0.006182 0.005659 0.002835 0.000133 0.053361 0.007738 1.960401 3049.596625
0.924080 0.006164 0.005657 0.002831 0.000132 0.053396 0.007739 1.961015 3050.266634
0.924105 0.006158 0.005646 0.002834 0.000129 0.053387 0.007741 1.961607 3051.331260
0.924060 0.006188 0.005636 0.002830 0.000130 0.053415 0.007742 1.962200 3051.914834
0.924080 0.006168 0.005649 0.002824 0.000130 0.053405 0.007743 1.962805 3052.508867
0.924070 0.006173 0.005643 0.002816 0.000132 0.053421 0.007745 1.963406 3053.374361
0.924046 0.006212 0.005626 0.002811 0.000132 0.053427 0.007746 1.963990 3053.966794
0.924050 0.006194 0.005636 0.002819 0.000131 0.053422 0.007748 1.964608 3054.954917
0.924047 0.006174 0.005648 0.002822 0.000129 0.053431 0.007750 1.965222 3055.930302
0.924055 0.006175 0.005647 0.002828 0.000130 0.053416 0.007750 1.965834 3056.448545
0.924041 0.006194 0.005647 0.002826 0.000128 0.053411 0.007751 1.966431 3057.309391
0.924070 0.006209 0.005638 0.002835 0.000128 0.053368 0.007752 1.967024 3057.859031
0.924080 0.006179 0.005619 0.002836 0.000128 0.053405 0.007753 1.967636 3058.349439
0.924081 0.006169 0.005622 0.002824 0.000128 0.053421 0.007755 1.968236 3058.878058
0.924033 0.006198 0.005616 0.002825 0.000129 0.053443 0.007756 1.968825 3059.675161
0.924016 0.006208 0.005623 0.002815 0.000131 0.053451 0.007757 1.969427 3060.110331
0.923995 0.006195 0.005615 0.002814 0.000135 0.053488 0.007758 1.970042 3060.495088
0.923994 0.006202 0.005619 0.002803 0.000136 0.053488 0.007759 1.970638 3061.077473
0.924037 0.006180 0.005620 0.002807 0.000134 0.053463 0.007760 1.971238 3061.740988
0.924059 0.006152 0.005630 0.002802 0.000134 0.053462 0.007761 1.971851 3062.288772
0.924044 0.006172 0.005624 0.002814 0.000135 0.053449 0.007763 1.972437 3062.975224
0.924037 0.006184 0.005610 0.002812 0.000135 0.053459 0.007764 1.973037 3063.959253
0.924027 0.006177 0.005626 0.002818 0.000135 0.053450 0.007766 1.973646 3064.763650
0.924015 0.006177 0.005647 0.002820 0.000134 0.053440 0.007767 1.974254 3065.507018
0.924022 0.006163 0.005639 0.002822 0.000136 0.053449 0.007769 1.974856 3066.460703
0.924028 0.006157 0.005623 0.002803 0.000135 0.053483 0.007771 1.975448 3067.500628
0.924044 0.006159 0.005627 0.002792 0.000134 0.053469 0.007774 1.976030 3068.569489
0.924038 0.006146 0.005648 0.002794 0.000135 0.053465 0.007774 1.976646 3069.029787
0.924042 0.006142 0.005637 0.002801 0.000134 0.053468 0.007776 1.977248 3069.575831
0.924069 0.006120 0.005626 0.002824 0.000134 0.053448 0.007778 1.977847 3070.071742
0.924080 0.006098 0.005656 0.002813 0.000135 0.053438 0.007780 1.978463 3070.882345
0.924097 0.006104 0.005650 0.002809 0.000135 0.053425 0.007781 1.979058 3071.362938
0.924101 0.006102 0.005625 0.002813 0.000136 0.053443 0.007781 1.979656 3071.587829
0.924095 0.006107 0.005615 0.002808 0.000136 0.053457 0.007782 1.980248 3072.141208
0.924114 0.006105 0.005600 0.002803 0.000137 0.053458 0.007783 1.980834 3072.909457
0.924138 0.006107 0.005573 0.002812 0.000138 0.053448 0.007784 1.981410 3073.566307
0.924125 0.006110 0.005573 0.002826 0.000139 0.053443 0.007785 1.982005 3074.185645
0.924117 0.006088 0.005585 0.002832 0.000140 0.053451 0.007786 1.982616 3074.566979
0.924118 0.006087 0.005594 0.002822 0.000142 0.053450 0.007788 1.983207 3075.296887
0.924134 0.006056 0.005594 0.002836 0.000145 0.053447 0.007789 1.983806 3075.439114
0.924141 0.006041 0.005587 0.002831 0.000146 0.053464 0.007789 1.984397 3076.226433
0.924138 0.006051 0.005586 0.002827 0.000146 0.053463 0.007790 1.984981 3076.880666
0.924128 0.006045 0.005600 0.002821 0.000144 0.053468 0.007794 1.985593 3077.780251
0.924119 0.006063 0.005610 0.002810 0.000145 0.053458 0.007795 1.986168 3078.482569
0.924131 0.006046 0.005601 0.002805 0.000141 0.053480 0.007796 1.986762 3079.522814
0.924135 0.006034 0.005591 0.002797 0.000139 0.053506 0.007798 1.987354 3080.912444
0.924151 0.006028 0.005589 0.002790 0.000140 0.053503 0.007800 1.987958 3081.909057
0.924166 0.006020 0.005587 0.002774 0.000137 0.053515 0.007801 1.988554 3082.698535
0.924179 0.006014 0.005591 0.002769 0.000135 0.053510 0.007803 1.989138 3083.410006
0.924196 0.006003 0.005584 0.002752 0.000134 0.053528 0.007804 1.989719 3084.213771
0.924199 0.005990 0.005568 0.002753 0.000133 0.053551 0.007806 1.990310 3084.760778
0.924216 0.005983 0.005544 0.002756 0.000135 0.053560 0.007807 1.990897 3085.180476
0.924214 0.006007 0.005537 0.002744 0.000134 0.053557 0.007808 1.991469 3085.815453
0.924267 0.005986 0.005523 0.002748 0.000133 0.053533 0.007810 1.992055 3086.700100
0.924299 0.005980 0.005535 0.002747 0.000131 0.053496 0.007812 1.992636 3087.392132
0.924312 0.005975 0.005531 0.002746 0.000131 0.053492 0.007813 1.993222 3088.385039
0.924340 0.005965 0.005514 0.002741 0.000129 0.053494 0.007816 1.993804 3089.816276
0.924358 0.005960 0.005507 0.002734 0.000130 0.053493 0.007817 1.994387 3090.159420
0.924376 0.005978 0.005474 0.002742 0.000131 0.053482 0.007818 1.994947 3090.545581
0.924393 0.005977 0.005457 0.002741 0.000128 0.053485 0.007819 1.995529 3091.184911
0.924428 0.005954 0.005472 0.002730 0.000130 0.053465 0.007821 1.996122 3091.894616
0.924445 0.005965 0.005479 0.002715 0.000131 0.053443 0.007822 1.996704 3092.472561
0.924471 0.005944 0.005492 0.002729 0.000131 0.053411 0.007822 1.997310 3093.224347
0.924495 0.005935 0.005500 0.002720 0.000133 0.053393 0.007823 1.997899 3093.544621
0.924528 0.005937 0.005486 0.002702 0.000135 0.053388 0.007824 1.998450 3094.059871
0.924545 0.005920 0.005497 0.002709 0.000133 0.053370 0.007826 1.999038 3094.912573
0.924551 0.005918 0.005503 0.002706 0.000133 0.053363 0.007826 1.999612 3095.522072
0.924580 0.005909 0.005516 0.002692 0.000131 0.053345 0.007827 2.000185 3096.571419
0.924594 0.005916 0.005518 0.002690 0.000134 0.053319 0.007828 2.000752 3097.145883
0.924612 0.005904 0.005499 0.002690 0.000132 0.053334 0.007830 2.001315 3097.601519
0.924633 0.005893 0.005498 0.002709 0.000133 0.053304 0.007831 2.001898 3098.120998
0.924664 0.005880 0.005477 0.002716 0.000135 0.053297 0.007831 2.002475 3098.448964
0.924662 0.005891 0.005478 0.002715 0.000134 0.053287 0.007833 2.003051 3099.497270
0.924698 0.005879 0.005480 0.002708 0.000136 0.053265 0.007833 2.003626 3100.073638
0.924711 0.005901 0.005452 0.002698 0.000134 0.053270 0.007835 2.004186 3101.022823
0.924725 0.005899 0.005460 0.002695 0.000136 0.053251 0.007835 2.004759 3101.464389
0.924762 0.005903 0.005458 0.002686 0.000134 0.053221 0.007837 2.005330 3102.277973
0.924775 0.005909 0.005455 0.002676 0.000133 0.053214 0.007837 2.005900 3102.817438
0.924771 0.005926 0.005455 0.002664 0.000135 0.053211 0.007838 2.006470 3103.190194
0.924789 0.005910 0.005466 0.002655 0.000133 0.053208 0.007841 2.007058 3103.950537
0.924769 0.005915 0.005492 0.002646 0.000133 0.053203 0.007842 2.007646 3104.649459
0.924817 0.005894 0.005500 0.002642 0.000132 0.053172 0.007843 2.008219 3105.197240
0.924829 0.005885 0.005495 0.002644 0.000132 0.053172 0.007845 2.008803 3105.879208
0.924836 0.005889 0.005491 0.002652 0.000131 0.053154 0.007847 2.009383 3106.530466
0.924835 0.005888 0.005504 0.002634 0.000132 0.053159 0.007848 2.009968 3107.108064
0.924807 0.005916 0.005501 0.002634 0.000131 0.053162 0.007848 2.010545 3107.630244
0.924841 0.005913 0.005494 0.002628 0.000131 0.053143 0.007850 2.011102 3108.546799
0.924862 0.005882 0.005490 0.002653 0.000133 0.053129 0.007851 2.011711 3109.134858
0.924872 0.005876 0.005486 0.002662 0.000130 0.053120 0.007853 2.012283 3109.869769
0.924888 0.005891 0.005473 0.002643 0.000131 0.053121 0.007854 2.012846 3110.279001
0.924898 0.005909 0.005461 0.002626 0.000131 0.053119 0.007857 2.013403 3110.996130
0.924923 0.005910 0.005447 0.002624 0.000130 0.053107 0.007858 2.013974 3111.852210
0.924933 0.005896 0.005457 0.002618 0.000129 0.053108 0.007860 2.014552 3112.540023
0.924929 0.005926 0.005448 0.002620 0.000129 0.053084 0.007862 2.015120 3113.054889
0.924930 0.005928 0.005446 0.002626 0.000128 0.053079 0.007863 2.015699 3113.581986
0.924933 0.005939 0.005460 0.002640 0.000129 0.053035 0.007864 2.016286 3113.923880
0.924947 0.005916 0.005448 0.002662 0.000128 0.053035 0.007865 2.016885 3115.102596
0.924982 0.005901 0.005437 0.002667 0.000129 0.053017 0.007866 2.017463 3115.434846
0.925023 0.005903 0.005417 0.002668 0.000128 0.052994 0.007867 2.018024 3116.291162
0.925033 0.005910 0.005423 0.002656 0.000126 0.052984 0.007868 2.018594 3117.268619
0.925047 0.005925 0.005399 0.002658 0.000125 0.052978 0.007870 2.019156 3117.731947
0.925052 0.005923 0.005399 0.002658 0.000125 0.052972 0.007871 2.019732 3118.458909
0.925058 0.005919 0.005394 0.002665 0.000123 0.052968 0.007872 2.020310 3119.258759
0.925080 0.005929 0.005373 0.002647 0.000124 0.052972 0.007874 2.020879 3120.003024
0.925073 0.005937 0.005376 0.002645 0.000125 0.052969 0.007876 2.021456 3120.738149
0.925071 0.005939 0.005400 0.002654 0.000124 0.052934 0.007878 2.022043 3121.552058
0.925091 0.005961 0.005356 0.002647 0.000125 0.052942 0.007879 2.022601 3122.233715
0.925101 0.005943 0.005359 0.002661 0.000124 0.052933 0.007880 2.023191 3123.114739
0.925094 0.005952 0.005373 0.002685 0.000123 0.052892 0.007881 2.023782 3123.760190
0.925105 0.005950 0.005346 0.002695 0.000121 0.052901 0.007882 2.024351 3124.130573
0.925099 0.005958 0.005349 0.002694 0.000125 0.052893 0.007882 2.024920 3124.525682
0.925133 0.005951 0.005346 0.002680 0.000125 0.052883 0.007883 2.025481 3125.181028
0.925157 0.005927 0.005349 0.002672 0.000123 0.052886 0.007885 2.026076 3125.984752
0.925154 0.005911 0.005356 0.002663 0.000122 0.052908 0.007886 2.026658 3126.628526
0.925147 0.005897 0.005377 0.002660 0.000124 0.052907 0.007887 2.027249 3127.417285
0.925185 0.005897 0.005365 0.002662 0.000123 0.052881 0.007889 2.027806 3128.187493
0.925188 0.005892 0.005350 0.002663 0.000123 0.052895 0.007890 2.028381 3128.792082
0.925196 0.005895 0.005325 0.002675 0.000123 0.052896 0.007891 2.028955 3129.586259
0.925171 0.005910 0.005335 0.002694 0.000123 0.052875 0.007893 2.029541 3129.918075
0.925184 0.005917 0.005344 0.002716 0.000122 0.052823 0.007893 2.030118 3130.716117
0.925219 0.005880 0.005348 0.002710 0.000123 0.052826 0.007894 2.030709 3131.201949
0.925219 0.005881 0.005337 0.002714 0.000126 0.052826 0.007897 2.031289 3131.881184
0.925265 0.005870 0.005339 0.002707 0.000126 0.052797 0.007897 2.031853 3132.528674
0.925282 0.005853 0.005332 0.002707 0.000127 0.052801 0.007898 2.032433 3132.781630
0.925297 0.005874 0.005325 0.002700 0.000127 0.052777 0.007900 2.032994 3133.421907
0.925287 0.005894 0.005323 0.002708 0.000125 0.052762 0.007902 2.033574 3134.270348
0.925316 0.005901 0.005311 0.002711 0.000126 0.052733 0.007902 2.034136 3134.813926
0.925346 0.005891 0.005299 0.002712 0.000125 0.052724 0.007903 2.034702 3135.291206
0.925358 0.005870 0.005314 0.002718 0.000124 0.052712 0.007905 2.035288 3135.991269
0.925359 0.005867 0.005309 0.002731 0.000123 0.052705 0.007907 2.035875 3136.620634
0.925398 0.005878 0.005296 0.002737 0.000122 0.052660 0.007908 2.036424 3137.183381
0.925407 0.005881 0.005302 0.002715 0.000125 0.052662 0.007908 2.036976 3137.767856
0.925407 0.005867 0.005323 0.002723 0.000125 0.052645 0.007909 2.037565 3138.175321
0.925426 0.005856 0.005329 0.002725 0.000125 0.052628 0.007911 2.038144 3138.663094
0.925460 0.005843 0.005322 0.002717 0.000123 0.052622 0.007913 2.038709 3139.564036
0.925466 0.005851 0.005317 0.002714 0.000123 0.052615 0.007914 2.039281 3140.127229
0.925487 0.005851 0.005328 0.002715 0.000122 0.052585 0.007914 2.039851 3141.093281
0.925504 0.005815 0.005340 0.002717 0.000120 0.052589 0.007916 2.040439 3141.784623
0.925533 0.005785 0.005333 0.002723 0.000119 0.052591 0.007917 2.041013 3142.646316
0.925542 0.005766 0.005331 0.002731 0.000120 0.052592 0.007919 2.041595 3143.284330
0.925581 0.005764 0.005332 0.002707 0.000120 0.052575 0.007920 2.042155 3144.059607
0.925613 0.005749 0.005315 0.002710 0.000120 0.052571 0.007922 2.042725 3144.727164
0.925616 0.005750 0.005295 0.002710 0.000122 0.052584 0.007922 2.043297 3145.098281
0.925618 0.005758 0.005276 0.002724 0.000122 0.052578 0.007923 2.043865 3145.500765
0.925633 0.005745 0.005294 0.002717 0.000120 0.052565 0.007926 2.044437 3146.508420
0.925673 0.005759 0.005253 0.002721 0.000118 0.052550 0.007927 2.044988 3147.227857
0.925662 0.005775 0.005247 0.002713 0.000120 0.052556 0.007928 2.045538 3148.047851
0.925658 0.005781 0.005257 0.002701 0.000118 0.052556 0.007930 2.046106 3148.977824
0.925689 0.005782 0.005273 0.002683 0.000118 0.052524 0.007931 2.046673 3149.706987
0.925701 0.005773 0.005304 0.002694 0.000119 0.052475 0.007933 2.047257 3150.758890
0.925732 0.005754 0.005319 0.002696 0.000119 0.052446 0.007934 2.047840 3151.457892
0.925757 0.005735 0.005335 0.002691 0.000120 0.052428 0.007934 2.048424 3151.885374
0.925751 0.005740 0.005347 0.002683 0.000121 0.052424 0.007935 2.048989 3152.405710
0.925751 0.005735 0.005362 0.002685 0.000120 0.052412 0.007936 2.049565 3153.190485
0.925758 0.005734 0.005380 0.002668 0.000122 0.052401 0.007937 2.050137 3153.797896
0.925767 0.005741 0.005376 0.002660 0.000124 0.052394 0.007938 2.050706 3154.360829
0.925776 0.005722 0.005377 0.002666 0.000124 0.052396 0.007939 2.051280 3155.026144
0.925803 0.005721 0.005355 0.002665 0.000126 0.052390 0.007940 2.051830 3155.495068
0.925831 0.005682 0.005360 0.002675 0.000123 0.052386 0.007943 2.052417 3156.528474
0.925843 0.005688 0.005357 0.002663 0.000122 0.052383 0.007944 2.052976 3157.004265
0.925878 0.005666 0.005366 0.002664 0.000120 0.052362 0.007945 2.053553 3157.627536
0.925882 0.005704 0.005348 0.002654 0.000122 0.052344 0.007946 2.054096 3157.934056
0.925935 0.005684 0.005338 0.002649 0.000121 0.052325 0.007947 2.054659 3158.699913
0.925920 0.005727 0.005347 0.002630 0.000124 0.052304 0.007948 2.055216 3159.305730
0.925950 0.005720 0.005337 0.002630 0.000123 0.052292 0.007949 2.055765 3159.538836
0.925977 0.005705 0.005329 0.002632 0.000122 0.052284 0.007950 2.056327 3160.108935
0.926024 0.005699 0.005337 0.002618 0.000119 0.052251 0.007952 2.056885 3160.972864
0.926062 0.005700 0.005332 0.002606 0.000120 0.052228 0.007953 2.057433 3161.484470
0.926087 0.005694 0.005323 0.002592 0.000119 0.052230 0.007954 2.057993 3162.240113
0.926119 0.005686 0.005308 0.002598 0.000118 0.052215 0.007955 2.058545 3162.706106
0.926125 0.005690 0.005279 0.002616 0.000114 0.052219 0.007956 2.059106 3163.963963
0.926145 0.005691 0.005284 0.002594 0.000117 0.052213 0.007957 2.059652 3164.471998
0.926134 0.005681 0.005289 0.002592 0.000114 0.052230 0.007959 2.060232 3165.082123
0.926144 0.005677 0.005281 0.002605 0.000114 0.052218 0.007961 2.060799 3165.788940
0.926150 0.005685 0.005270 0.002604 0.000115 0.052214 0.007962 2.061358 3166.129446
0.926177 0.005698 0.005273 0.002588 0.000117 0.052184 0.007963 2.061906 3166.625208
0.926211 0.005699 0.005272 0.002596 0.000115 0.052141 0.007965 2.062460 3167.237712
0.926239 0.005702 0.005295 0.002599 0.000115 0.052085 0.007966 2.063025 3167.843927
0.926255 0.005687 0.005292 0.002593 0.000117 0.052089 0.007967 2.063597 3168.389415
0.926265 0.005690 0.005290 0.002596 0.000113 0.052076 0.007969 2.064155 3169.193672
0.926294 0.005707 0.005288 0.002598 0.000113 0.052030 0.007969 2.064706 3169.866956
