0.328668 0.064961 0.057151 0.032802 0.002187 0.507999 0.006232 1.655814 2162.098608
0.330064 0.063564 0.057932 0.031962 0.002189 0.508033 0.006257 1.662194 2172.343439
0.333051 0.060933 0.058529 0.031030 0.002185 0.507990 0.006281 1.668293 2181.080025
0.336831 0.057654 0.058850 0.030116 0.002180 0.508056 0.006312 1.674081 2191.845293
0.341232 0.054107 0.058983 0.029163 0.002175 0.508000 0.006341 1.679586 2202.895601
0.346022 0.050487 0.058780 0.028250 0.002174 0.507921 0.006366 1.684731 2213.214981
0.351072 0.046909 0.058353 0.027378 0.002165 0.507730 0.006392 1.689557 2222.500137
0.356353 0.043551 0.057566 0.026473 0.002152 0.507485 0.006420 1.693944 2233.412659
0.361831 0.040334 0.056644 0.025530 0.002131 0.507082 0.006447 1.698080 2244.828766
0.367399 0.037333 0.055495 0.024613 0.002112 0.506574 0.006475 1.701848 2255.542619
0.373138 0.034461 0.054337 0.023716 0.002101 0.505748 0.006500 1.705396 2266.685485
0.378848 0.031839 0.052963 0.022820 0.002087 0.504920 0.006523 1.708627 2276.788103
0.384693 0.029367 0.051518 0.021922 0.002064 0.503883 0.006553 1.711612 2287.668423
0.390480 0.027045 0.050054 0.021035 0.002060 0.502751 0.006576 1.714410 2298.481250
0.396311 0.024917 0.048474 0.020179 0.002044 0.501476 0.006599 1.716986 2308.783557
0.402238 0.022971 0.046830 0.019317 0.002013 0.500001 0.006629 1.719322 2320.851499
0.408094 0.021126 0.045206 0.018465 0.002000 0.498454 0.006655 1.721528 2330.452905
0.413977 0.019481 0.043581 0.017675 0.001969 0.496636 0.006682 1.723518 2341.687735
0.419913 0.017949 0.041968 0.016898 0.001939 0.494624 0.006710 1.725368 2353.654288
0.425789 0.016555 0.040301 0.016132 0.001901 0.492585 0.006737 1.727060 2365.799171
0.431727 0.015259 0.038690 0.015365 0.001863 0.490334 0.006761 1.728635 2375.746417
0.437611 0.014054 0.037041 0.014633 0.001825 0.488050 0.006787 1.730089 2388.209119
0.443480 0.012955 0.035458 0.013946 0.001793 0.485557 0.006811 1.731419 2399.181829
0.449258 0.011957 0.033876 0.013271 0.001758 0.483045 0.006835 1.732635 2409.468603
0.455068 0.011050 0.032380 0.012633 0.001727 0.480283 0.006859 1.733760 2420.378255
0.460819 0.010208 0.030896 0.012033 0.001703 0.477461 0.006880 1.734802 2430.769320
0.466568 0.009454 0.029458 0.011448 0.001674 0.474498 0.006901 1.735752 2440.059293
0.472259 0.008754 0.028076 0.010872 0.001634 0.471484 0.006923 1.736634 2450.906804
0.477990 0.008082 0.026752 0.010312 0.001599 0.468320 0.006945 1.737471 2460.721508
0.483637 0.007487 0.025406 0.009800 0.001565 0.465141 0.006965 1.738229 2470.093273
0.489312 0.006927 0.024164 0.009325 0.001527 0.461757 0.006987 1.738937 2481.771946
0.494941 0.006442 0.022921 0.008860 0.001492 0.458341 0.007004 1.739574 2491.557963
0.500503 0.005959 0.021762 0.008439 0.001455 0.454857 0.007026 1.740190 2500.347123
0.505983 0.005533 0.020673 0.007997 0.001429 0.451347 0.007039 1.740745 2508.147427
0.511491 0.005142 0.019585 0.007591 0.001394 0.447740 0.007057 1.741261 2517.341051
0.516934 0.004771 0.018586 0.007200 0.001358 0.444074 0.007076 1.741754 2526.630445
0.522337 0.004436 0.017605 0.006825 0.001323 0.440379 0.007095 1.742201 2536.879294
0.527699 0.004140 0.016646 0.006456 0.001299 0.436647 0.007111 1.742614 2544.637519
0.532973 0.003862 0.015757 0.006111 0.001269 0.432899 0.007130 1.743007 2553.033425
0.538227 0.003605 0.014906 0.005799 0.001233 0.429082 0.007148 1.743370 2562.795133
0.543498 0.003356 0.014155 0.005480 0.001208 0.425140 0.007162 1.743718 2570.946170
0.548677 0.003128 0.013415 0.005182 0.001168 0.421248 0.007182 1.744042 2581.755440
0.553793 0.002935 0.012664 0.004910 0.001136 0.417364 0.007197 1.744327 2590.875689
0.558934 0.002745 0.011972 0.004636 0.001104 0.413394 0.007214 1.744604 2599.584595
0.563952 0.002561 0.011348 0.004376 0.001072 0.409461 0.007230 1.744873 2608.676511
0.568869 0.002399 0.010736 0.004151 0.001039 0.405560 0.007245 1.745114 2616.736573
0.573823 0.002247 0.010167 0.003940 0.001013 0.401553 0.007258 1.745347 2624.201531
0.578717 0.002101 0.009605 0.003748 0.000979 0.397576 0.007274 1.745556 2633.197729
0.583572 0.001978 0.009058 0.003544 0.000947 0.393613 0.007288 1.745751 2641.649738
0.588397 0.001858 0.008559 0.003333 0.000922 0.389629 0.007302 1.745934 2649.448038
0.593218 0.001746 0.008089 0.003150 0.000892 0.385587 0.007317 1.746115 2657.660226
0.597959 0.001654 0.007654 0.002980 0.000860 0.381564 0.007330 1.746273 2666.046732
0.602649 0.001546 0.007223 0.002815 0.000834 0.377591 0.007341 1.746431 2673.847524
0.607354 0.001451 0.006809 0.002660 0.000803 0.373570 0.007353 1.746577 2682.655313
0.611940 0.001367 0.006435 0.002520 0.000782 0.369591 0.007365 1.746711 2688.924647
0.616502 0.001294 0.006084 0.002384 0.000762 0.365598 0.007375 1.746838 2695.240492
0.621023 0.001218 0.005751 0.002258 0.000746 0.361620 0.007383 1.746967 2701.161824
0.625441 0.001154 0.005439 0.002137 0.000717 0.357715 0.007396 1.747082 2709.046267
0.629795 0.001088 0.005141 0.002022 0.000693 0.353858 0.007404 1.747194 2715.941035
0.634144 0.001031 0.004870 0.001904 0.000673 0.349964 0.007413 1.747296 2721.534495
0.638486 0.000981 0.004613 0.001802 0.000653 0.346044 0.007421 1.747396 2727.109808
0.642705 0.000927 0.004372 0.001699 0.000633 0.342236 0.007428 1.747492 2733.162040
0.646882 0.000874 0.004129 0.001615 0.000615 0.338450 0.007434 1.747585 2738.569944
0.651054 0.000825 0.003913 0.001522 0.000594 0.334646 0.007446 1.747673 2744.846327
0.655187 0.000789 0.003697 0.001440 0.000575 0.330858 0.007454 1.747746 2751.036204
0.659266 0.000747 0.003508 0.001354 0.000558 0.327104 0.007462 1.747830 2756.710258
0.663256 0.000715 0.003329 0.001280 0.000535 0.323413 0.007473 1.747899 2762.594062
0.667179 0.000686 0.003146 0.001212 0.000521 0.319777 0.007479 1.747966 2767.469842
0.671108 0.000657 0.002972 0.001142 0.000510 0.316126 0.007484 1.748029 2771.964107
0.675036 0.000632 0.002802 0.001087 0.000492 0.312461 0.007490 1.748089 2777.253911
0.678881 0.000601 0.002644 0.001036 0.000478 0.308862 0.007499 1.748151 2781.689011
0.682708 0.000580 0.002494 0.000979 0.000464 0.305272 0.007503 1.748206 2786.641899
0.686466 0.000555 0.002363 0.000925 0.000449 0.301735 0.007509 1.748260 2791.462579
0.690188 0.000530 0.002244 0.000873 0.000431 0.298216 0.007517 1.748311 2797.111862
0.693882 0.000499 0.002129 0.000829 0.000418 0.294719 0.007523 1.748365 2801.777256
0.697527 0.000475 0.002031 0.000784 0.000404 0.291250 0.007530 1.748417 2807.019452
0.701118 0.000453 0.001924 0.000743 0.000389 0.287836 0.007537 1.748462 2811.868631
0.704693 0.000436 0.001815 0.000705 0.000378 0.284432 0.007541 1.748505 2815.296898
0.708223 0.000416 0.001717 0.000670 0.000366 0.281061 0.007548 1.748547 2819.312380
0.711699 0.000402 0.001623 0.000639 0.000351 0.277733 0.007554 1.748583 2824.095478
0.715102 0.000386 0.001535 0.000602 0.000339 0.274479 0.007558 1.748617 2828.598960
0.718511 0.000360 0.001445 0.000575 0.000330 0.271216 0.007562 1.748658 2832.668933
0.721852 0.000348 0.001354 0.000548 0.000320 0.268013 0.007566 1.748694 2836.436510
0.725165 0.000330 0.001285 0.000521 0.000307 0.264821 0.007572 1.748731 2840.777506
0.728435 0.000314 0.001219 0.000499 0.000297 0.261661 0.007576 1.748766 2844.389491
0.731704 0.000305 0.001150 0.000476 0.000290 0.258498 0.007578 1.748793 2847.045988
0.734947 0.000293 0.001094 0.000452 0.000282 0.255351 0.007583 1.748820 2850.557643
0.738109 0.000279 0.001039 0.000426 0.000274 0.252287 0.007587 1.748847 2854.021712
0.741201 0.000266 0.000988 0.000406 0.000265 0.249283 0.007591 1.748876 2857.158538
0.744282 0.000259 0.000941 0.000390 0.000255 0.246281 0.007594 1.748903 2860.082806
0.747313 0.000244 0.000896 0.000372 0.000245 0.243332 0.007598 1.748929 2863.732070
0.750297 0.000237 0.000844 0.000359 0.000237 0.240426 0.007602 1.748952 2866.396456
0.753273 0.000228 0.000798 0.000340 0.000231 0.237525 0.007604 1.748974 2869.062819
0.756196 0.000222 0.000755 0.000323 0.000222 0.234675 0.007608 1.748995 2872.550415
0.759105 0.000215 0.000712 0.000304 0.000215 0.231840 0.007610 1.749016 2875.162899
0.761977 0.000209 0.000670 0.000290 0.000206 0.229034 0.007614 1.749034 2878.763395
0.764909 0.000204 0.000634 0.000275 0.000200 0.226163 0.007616 1.749050 2880.981289
0.767701 0.000196 0.000605 0.000262 0.000190 0.223427 0.007620 1.749068 2884.933825
0.770478 0.000193 0.000580 0.000252 0.000185 0.220692 0.007622 1.749086 2887.336589
0.773197 0.000187 0.000552 0.000238 0.000176 0.218026 0.007626 1.749103 2891.218647
0.775874 0.000177 0.000530 0.000233 0.000171 0.215386 0.007628 1.749123 2893.060350
0.778537 0.000168 0.000509 0.000223 0.000164 0.212769 0.007630 1.749144 2895.442729
0.781192 0.000162 0.000482 0.000217 0.000158 0.210158 0.007633 1.749158 2897.918956
0.783794 0.000157 0.000459 0.000207 0.000154 0.207595 0.007634 1.749171 2899.373289
0.786359 0.000155 0.000431 0.000195 0.000150 0.205075 0.007636 1.749184 2900.896348
0.788914 0.000151 0.000408 0.000187 0.000146 0.202557 0.007638 1.749197 2902.809330
0.791429 0.000145 0.000386 0.000179 0.000140 0.200080 0.007641 1.749212 2905.332107
0.793880 0.000136 0.000365 0.000172 0.000135 0.197669 0.007642 1.749227 2907.682842
0.796305 0.000133 0.000345 0.000163 0.000129 0.195281 0.007644 1.749238 2910.817975
0.798705 0.000128 0.000330 0.000156 0.000126 0.192909 0.007646 1.749251 2912.108201
0.801071 0.000128 0.000315 0.000149 0.000122 0.190569 0.007647 1.749260 2913.551328
0.803434 0.000126 0.000295 0.000141 0.000117 0.188240 0.007648 1.749269 2915.782260
0.805772 0.000118 0.000284 0.000136 0.000114 0.185928 0.007649 1.749282 2916.990710
0.808055 0.000114 0.000265 0.000132 0.000109 0.183676 0.007650 1.749293 2919.336681
0.810323 0.000107 0.000256 0.000128 0.000107 0.181428 0.007652 1.749306 2920.525328
0.812549 0.000101 0.000242 0.000122 0.000102 0.179230 0.007655 1.749317 2922.266495
0.814739 0.000096 0.000231 0.000115 0.000098 0.177064 0.007657 1.749328 2923.804879
0.816925 0.000091 0.000226 0.000110 0.000094 0.174896 0.007658 1.749339 2925.350877
0.819015 0.000089 0.000212 0.000105 0.000091 0.172828 0.007659 1.749346 2926.807065
0.821116 0.000087 0.000199 0.000104 0.000087 0.170745 0.007662 1.749354 2928.938669
0.823128 0.000088 0.000193 0.000097 0.000085 0.168746 0.007663 1.749361 2930.073476
0.825100 0.000083 0.000186 0.000095 0.000081 0.166790 0.007665 1.749372 2931.963183
0.827089 0.000079 0.000182 0.000089 0.000080 0.164815 0.007666 1.749380 2932.702222
0.828987 0.000073 0.000175 0.000089 0.000078 0.162932 0.007667 1.749389 2933.544751
0.830916 0.000067 0.000167 0.000087 0.000074 0.161020 0.007668 1.749397 2935.357842
0.832809 0.000065 0.000159 0.000084 0.000072 0.159142 0.007670 1.749403 2936.708534
0.834606 0.000063 0.000153 0.000081 0.000070 0.157357 0.007670 1.749411 2937.306979
0.836366 0.000061 0.000144 0.000077 0.000067 0.155614 0.007671 1.749417 2938.458415
0.838104 0.000058 0.000136 0.000073 0.000064 0.153891 0.007673 1.749423 2940.010962
0.839778 0.000057 0.000128 0.000070 0.000062 0.152232 0.007674 1.749427 2941.275873
0.841425 0.000056 0.000122 0.000065 0.000061 0.150597 0.007675 1.749432 2942.082991
0.843007 0.000053 0.000120 0.000062 0.000059 0.149022 0.007676 1.749439 2942.942782
0.844575 0.000051 0.000115 0.000059 0.000057 0.147466 0.007676 1.749445 2944.016799
0.846079 0.000047 0.000109 0.000057 0.000055 0.145976 0.007677 1.749451 2944.907976
0.847584 0.000046 0.000104 0.000054 0.000053 0.144480 0.007678 1.749456 2945.692191
0.848972 0.000043 0.000098 0.000052 0.000052 0.143104 0.007679 1.749459 2946.500383
0.850339 0.000043 0.000093 0.000049 0.000051 0.141745 0.007680 1.749464 2947.128153
0.851642 0.000041 0.000090 0.000048 0.000050 0.140448 0.007680 1.749468 2947.658397
0.852943 0.000040 0.000088 0.000046 0.000048 0.139154 0.007682 1.749472 2948.797722
0.854184 0.000039 0.000082 0.000044 0.000045 0.137923 0.007682 1.749474 2950.173994
0.855392 0.000037 0.000080 0.000044 0.000043 0.136720 0.007684 1.749479 2951.403037
0.856560 0.000036 0.000080 0.000041 0.000041 0.135557 0.007684 1.749483 2952.030564
0.857710 0.000034 0.000076 0.000039 0.000040 0.134416 0.007685 1.749486 2952.952136
0.858806 0.000034 0.000071 0.000037 0.000039 0.133327 0.007685 1.749488 2953.123735
0.859873 0.000033 0.000067 0.000036 0.000038 0.132268 0.007685 1.749490 2953.744447
0.860904 0.000030 0.000067 0.000035 0.000037 0.131240 0.007686 1.749494 2954.535060
0.861909 0.000028 0.000066 0.000034 0.000035 0.130241 0.007687 1.749498 2955.878493
0.862896 0.000026 0.000064 0.000031 0.000032 0.129263 0.007687 1.749501 2957.109686
0.863797 0.000024 0.000060 0.000031 0.000031 0.128370 0.007687 1.749504 2957.564972
0.864694 0.000024 0.000057 0.000030 0.000030 0.127477 0.007688 1.749505 2958.269743
0.865543 0.000023 0.000053 0.000030 0.000029 0.126633 0.007689 1.749507 2958.618962
0.866369 0.000022 0.000049 0.000028 0.000028 0.125815 0.007689 1.749509 2959.152498
0.867179 0.000020 0.000048 0.000027 0.000028 0.125009 0.007690 1.749512 2959.221733
0.867943 0.000019 0.000044 0.000026 0.000026 0.124251 0.007691 1.749513 2960.452031
0.868675 0.000018 0.000044 0.000024 0.000025 0.123523 0.007691 1.749515 2961.069354
0.869399 0.000017 0.000040 0.000024 0.000024 0.122804 0.007691 1.749518 2961.307101
0.870073 0.000016 0.000038 0.000023 0.000024 0.122135 0.007692 1.749520 2961.684535
0.870710 0.000016 0.000036 0.000022 0.000023 0.121501 0.007692 1.749522 2962.249674
0.871353 0.000017 0.000034 0.000021 0.000023 0.120860 0.007692 1.749523 2962.252701
0.871969 0.000016 0.000035 0.000018 0.000023 0.120246 0.007692 1.749525 2962.252701
0.872596 0.000015 0.000035 0.000016 0.000022 0.119623 0.007693 1.749527 2963.050121
0.873172 0.000016 0.000032 0.000016 0.000021 0.119051 0.007693 1.749528 2963.727919
0.873689 0.000016 0.000031 0.000015 0.000020 0.118536 0.007694 1.749529 2964.338491
0.874216 0.000016 0.000032 0.000014 0.000018 0.118010 0.007694 1.749531 2965.303464
0.874708 0.000015 0.000031 0.000013 0.000017 0.117521 0.007694 1.749533 2965.894943
0.875164 0.000014 0.000029 0.000013 0.000017 0.117068 0.007695 1.749535 2966.092189
0.875627 0.000014 0.000028 0.000013 0.000017 0.116607 0.007695 1.749536 2966.122435
0.876080 0.000013 0.000026 0.000012 0.000016 0.116157 0.007695 1.749538 2966.352042
0.876497 0.000012 0.000025 0.000012 0.000016 0.115743 0.007695 1.749539 2966.640700
0.876900 0.000012 0.000025 0.000011 0.000016 0.115341 0.007695 1.749541 2966.835968
0.877269 0.000011 0.000023 0.000011 0.000015 0.114976 0.007696 1.749542 2967.148761
0.877624 0.000011 0.000022 0.000011 0.000014 0.114622 0.007697 1.749543 2968.010310
0.877957 0.000011 0.000022 0.000010 0.000014 0.114291 0.007697 1.749543 2968.010310
0.878303 0.000010 0.000022 0.000009 0.000014 0.113946 0.007697 1.749545 2968.010310
0.878629 0.000010 0.000021 0.000009 0.000013 0.113622 0.007697 1.749546 2968.541777
0.878946 0.000011 0.000020 0.000009 0.000012 0.113305 0.007698 1.749547 2968.932594
0.879238 0.000009 0.000021 0.000008 0.000012 0.113014 0.007698 1.749548 2969.324785
0.879521 0.000010 0.000020 0.000008 0.000012 0.112732 0.007698 1.749549 2969.710837
0.879786 0.000011 0.000019 0.000008 0.000012 0.112467 0.007698 1.749551 2969.710837
0.880061 0.000010 0.000019 0.000008 0.000011 0.112194 0.007698 1.749552 2969.960432
0.880315 0.000010 0.000019 0.000008 0.000011 0.111940 0.007698 1.749552 2970.181669
0.880562 0.000010 0.000017 0.000007 0.000010 0.111695 0.007698 1.749553 2970.359993
0.880801 0.000009 0.000016 0.000008 0.000010 0.111458 0.007698 1.749554 2970.803011
0.881010 0.000009 0.000016 0.000008 0.000009 0.111249 0.007699 1.749555 2970.890640
0.881213 0.000008 0.000016 0.000006 0.000009 0.111048 0.007699 1.749556 2971.276425
0.881407 0.000008 0.000016 0.000006 0.000008 0.110856 0.007699 1.749556 2971.731260
0.881604 0.000007 0.000016 0.000006 0.000007 0.110660 0.007700 1.749557 2972.143243
0.881774 0.000007 0.000015 0.000005 0.000007 0.110493 0.007700 1.749558 2972.219987
0.881930 0.000006 0.000016 0.000005 0.000007 0.110337 0.007700 1.749559 2972.219987
0.882090 0.000006 0.000015 0.000005 0.000007 0.110177 0.007700 1.749559 2972.385797
0.882234 0.000006 0.000014 0.000004 0.000006 0.110035 0.007700 1.749560 2972.400361
0.882381 0.000006 0.000013 0.000004 0.000006 0.109890 0.007700 1.749560 2972.400361
0.882530 0.000006 0.000014 0.000004 0.000006 0.109741 0.007700 1.749561 2972.550491
0.882674 0.000006 0.000013 0.000004 0.000006 0.109597 0.007700 1.749562 2972.685652
0.882803 0.000006 0.000013 0.000003 0.000006 0.109469 0.007700 1.749563 2972.685652
0.882936 0.000006 0.000013 0.000004 0.000006 0.109336 0.007701 1.749563 2972.917300
0.883052 0.000006 0.000013 0.000003 0.000006 0.109220 0.007701 1.749564 2972.917300
0.883165 0.000005 0.000013 0.000004 0.000005 0.109108 0.007701 1.749565 2973.084190
0.883270 0.000005 0.000013 0.000004 0.000005 0.109004 0.007701 1.749565 2973.355945
0.883377 0.000005 0.000011 0.000003 0.000004 0.108899 0.007701 1.749566 2973.576168
0.883463 0.000005 0.000011 0.000003 0.000004 0.108813 0.007701 1.749566 2973.576168
0.883556 0.000005 0.000010 0.000003 0.000004 0.108721 0.007701 1.749566 2973.576168
0.883640 0.000005 0.000009 0.000003 0.000004 0.108638 0.007702 1.749567 2973.896425
0.883717 0.000004 0.000009 0.000003 0.000004 0.108562 0.007702 1.749567 2973.896425
0.883791 0.000004 0.000008 0.000003 0.000004 0.108490 0.007702 1.749568 2973.896425
0.883861 0.000004 0.000008 0.000002 0.000003 0.108420 0.007702 1.749568 2973.960638
0.883927 0.000003 0.000008 0.000002 0.000003 0.108355 0.007702 1.749569 2973.960638
0.883993 0.000003 0.000008 0.000002 0.000003 0.108289 0.007702 1.749569 2974.146664
0.884048 0.000003 0.000008 0.000002 0.000003 0.108235 0.007702 1.749569 2974.146664
0.884100 0.000003 0.000007 0.000002 0.000003 0.108184 0.007702 1.749570 2974.146664
0.884151 0.000003 0.000007 0.000002 0.000003 0.108133 0.007702 1.749570 2974.146664
0.884200 0.000002 0.000007 0.000002 0.000003 0.108085 0.007702 1.749570 2974.146664
0.884256 0.000002 0.000007 0.000002 0.000003 0.108029 0.007702 1.749570 2974.146664
0.884309 0.000002 0.000006 0.000002 0.000003 0.107977 0.007702 1.749570 2974.339598
0.884347 0.000002 0.000006 0.000002 0.000003 0.107938 0.007702 1.749571 2974.408819
0.884393 0.000002 0.000006 0.000002 0.000003 0.107893 0.007702 1.749571 2974.408819
0.884436 0.000002 0.000005 0.000002 0.000003 0.107850 0.007702 1.749571 2974.408819
0.884482 0.000002 0.000005 0.000002 0.000003 0.107804 0.007702 1.749571 2974.408819
0.884525 0.000003 0.000005 0.000001 0.000003 0.107761 0.007702 1.749571 2974.408819
0.884566 0.000002 0.000006 0.000001 0.000003 0.107720 0.007702 1.749571 2974.408819
0.884601 0.000002 0.000005 0.000001 0.000003 0.107686 0.007703 1.749571 2974.629277
0.884640 0.000002 0.000005 0.000001 0.000003 0.107648 0.007703 1.749572 2974.629277
0.884676 0.000002 0.000005 0.000001 0.000003 0.107612 0.007703 1.749572 2974.629277
0.884707 0.000002 0.000005 0.000001 0.000003 0.107581 0.007703 1.749572 2974.629277
0.884738 0.000002 0.000005 0.000001 0.000003 0.107550 0.007703 1.749572 2974.629277
0.884768 0.000002 0.000005 0.000001 0.000003 0.107520 0.007703 1.749573 2974.629277
0.884797 0.000002 0.000004 0.000001 0.000003 0.107492 0.007703 1.749573 2974.629277
0.884823 0.000002 0.000004 0.000001 0.000003 0.107465 0.007703 1.749573 2974.748409
0.884850 0.000002 0.000004 0.000000 0.000003 0.107439 0.007703 1.749573 2974.748409
0.884871 0.000002 0.000004 0.000000 0.000002 0.107419 0.007703 1.749573 2974.762932
0.884894 0.000002 0.000003 0.000000 0.000002 0.107396 0.007703 1.749573 2974.762932
0.884913 0.000002 0.000003 0.000000 0.000002 0.107377 0.007703 1.749573 2975.015710
0.884935 0.000002 0.000003 0.000000 0.000002 0.107355 0.007703 1.749573 2975.015710
0.884964 0.000002 0.000003 0.000000 0.000002 0.107327 0.007703 1.749573 2975.015710
0.884987 0.000001 0.000003 0.000000 0.000002 0.107303 0.007703 1.749574 2975.015710
0.885002 0.000001 0.000004 0.000000 0.000002 0.107289 0.007703 1.749574 2975.015710
0.885025 0.000001 0.000004 0.000000 0.000002 0.107266 0.007703 1.749574 2975.015710
0.885048 0.000001 0.000003 0.000000 0.000002 0.107244 0.007703 1.749574 2975.015710
0.885067 0.000001 0.000003 0.000000 0.000002 0.107225 0.007703 1.749574 2975.039772
0.885081 0.000001 0.000003 0.000000 0.000002 0.107211 0.007703 1.749574 2975.135033
0.885099 0.000001 0.000002 0.000000 0.000002 0.107194 0.007703 1.749574 2975.135033
0.885117 0.000000 0.000003 0.000000 0.000002 0.107176 0.007703 1.749575 2975.135033
0.885134 0.000001 0.000003 0.000000 0.000002 0.107158 0.007703 1.749575 2975.135033
0.885146 0.000001 0.000002 0.000000 0.000002 0.107147 0.007703 1.749575 2975.135033
0.885160 0.000001 0.000002 0.000000 0.000002 0.107134 0.007703 1.749575 2975.135033
0.885173 0.000001 0.000002 0.000000 0.000002 0.107120 0.007703 1.749575 2975.135033
0.885187 0.000000 0.000002 0.000000 0.000002 0.107106 0.007703 1.749575 2975.135033
0.885199 0.000000 0.000002 0.000000 0.000002 0.107094 0.007703 1.749575 2975.135033
0.885211 0.000001 0.000002 0.000000 0.000002 0.107082 0.007703 1.749575 2975.135033
0.885226 0.000001 0.000002 0.000000 0.000002 0.107067 0.007703 1.749575 2975.135033
0.885240 0.000000 0.000002 0.000000 0.000002 0.107053 0.007703 1.749575 2975.135033
0.885250 0.000000 0.000002 0.000000 0.000002 0.107043 0.007703 1.749575 2975.135033
0.885263 0.000001 0.000002 0.000000 0.000002 0.107030 0.007703 1.749575 2975.135033
0.885276 0.000001 0.000002 0.000000 0.000002 0.107018 0.007703 1.749575 2975.135033
0.885287 0.000000 0.000002 0.000000 0.000001 0.107006 0.007703 1.749575 2975.254190
0.885296 0.000000 0.000002 0.000000 0.000001 0.106997 0.007703 1.749576 2975.254190
0.885304 0.000000 0.000002 0.000000 0.000001 0.106989 0.007703 1.749576 2975.528905
0.885314 0.000000 0.000002 0.000000 0.000001 0.106979 0.007703 1.749576 2975.528905
0.885325 0.000000 0.000002 0.000000 0.000001 0.106968 0.007703 1.749576 2975.528905
0.885333 0.000000 0.000001 0.000000 0.000001 0.106961 0.007703 1.749576 2975.528905
0.885339 0.000000 0.000002 0.000000 0.000001 0.106955 0.007703 1.749576 2975.528905
0.885345 0.000000 0.000001 0.000000 0.000001 0.106949 0.007703 1.749576 2975.528905
0.885350 0.000000 0.000001 0.000000 0.000001 0.106945 0.007703 1.749576 2975.528905
0.885356 0.000000 0.000001 0.000000 0.000001 0.106939 0.007703 1.749576 2975.528905
0.885363 0.000000 0.000001 0.000000 0.000001 0.106931 0.007703 1.749576 2975.528905
0.885369 0.000000 0.000001 0.000000 0.000001 0.106925 0.007703 1.749576 2975.528905
0.885373 0.000000 0.000001 0.000000 0.000001 0.106921 0.007704 1.749576 2975.659763
0.885377 0.000000 0.000001 0.000000 0.000001 0.106918 0.007704 1.749576 2975.659763
0.885380 0.000000 0.000001 0.000000 0.000001 0.106914 0.007704 1.749576 2975.659763
0.885384 0.000000 0.000002 0.000000 0.000001 0.106910 0.007704 1.749577 2975.659763
0.885389 0.000001 0.000001 0.000000 0.000001 0.106904 0.007704 1.749577 2975.659763
0.885396 0.000001 0.000001 0.000000 0.000001 0.106898 0.007704 1.749577 2975.659763
0.885400 0.000001 0.000001 0.000000 0.000001 0.106894 0.007704 1.749577 2975.659763
0.885405 0.000001 0.000001 0.000000 0.000001 0.106889 0.007704 1.749577 2975.659763
0.885409 0.000001 0.000001 0.000000 0.000001 0.106885 0.007704 1.749577 2975.659763
0.885414 0.000000 0.000001 0.000000 0.000000 0.106880 0.007704 1.749577 2975.797745
0.885418 0.000000 0.000001 0.000000 0.000000 0.106877 0.007704 1.749577 2975.989095
0.885421 0.000000 0.000001 0.000000 0.000000 0.106873 0.007704 1.749577 2975.989095
0.885424 0.000000 0.000001 0.000000 0.000000 0.106870 0.007704 1.749577 2975.989095
0.885427 0.000000 0.000001 0.000000 0.000000 0.106868 0.007704 1.749577 2975.989095
0.885430 0.000000 0.000001 0.000000 0.000000 0.106865 0.007704 1.749577 2975.989095
0.885433 0.000000 0.000001 0.000000 0.000000 0.106861 0.007704 1.749577 2975.989095
0.885436 0.000000 0.000001 0.000000 0.000000 0.106859 0.007704 1.749577 2975.989095
0.885439 0.000000 0.000001 0.000000 0.000000 0.106856 0.007704 1.749577 2975.989095
0.885442 0.000000 0.000001 0.000000 0.000000 0.106853 0.007704 1.749577 2975.989095
0.885444 0.000000 0.000001 0.000000 0.000000 0.106851 0.007704 1.749577 2975.989095
0.885446 0.000000 0.000001 0.000000 0.000000 0.106849 0.007704 1.749577 2975.989095
0.885449 0.000000 0.000001 0.000000 0.000000 0.106846 0.007704 1.749577 2975.989095
0.885453 0.000000 0.000001 0.000000 0.000000 0.106843 0.007704 1.749577 2976.293954
0.885455 0.000000 0.000000 0.000000 0.000000 0.106840 0.007704 1.749577 2976.293954
0.885456 0.000000 0.000000 0.000000 0.000000 0.106839 0.007704 1.749577 2976.293954
0.885457 0.000000 0.000000 0.000000 0.000000 0.106838 0.007704 1.749577 2976.293954
0.885459 0.000000 0.000000 0.000000 0.000000 0.106837 0.007704 1.749577 2976.293954
0.885460 0.000000 0.000000 0.000000 0.000000 0.106836 0.007704 1.749577 2976.293954
0.885462 0.000000 0.000000 0.000000 0.000000 0.106834 0.007704 1.749577 2976.293954
0.885464 0.000000 0.000000 0.000000 0.000000 0.106832 0.007704 1.749577 2976.293954
0.885465 0.000000 0.000000 0.000000 0.000000 0.106831 0.007704 1.749577 2976.293954
0.885466 0.000000 0.000000 0.000000 0.000000 0.106830 0.007704 1.749577 2976.293954
0.885467 0.000000 0.000000 0.000000 0.000000 0.106829 0.007704 1.749577 2976.293954
0.885468 0.000000 0.000000 0.000000 0.000000 0.106828 0.007704 1.749577 2976.293954
0.885469 0.000000 0.000000 0.000000 0.000000 0.106827 0.007704 1.749577 2976.293954
0.885470 0.000000 0.000000 0.000000 0.000000 0.106826 0.007704 1.749578 2976.293954
0.885471 0.000000 0.000000 0.000000 0.000000 0.106825 0.007704 1.749578 2976.293954
0.885473 0.000000 0.000000 0.000000 0.000000 0.106823 0.007704 1.749578 2976.293954
0.885474 0.000000 0.000000 0.000000 0.000000 0.106822 0.007704 1.749578 2976.293954
0.885474 0.000000 0.000000 0.000000 0.000000 0.106822 0.007704 1.749578 2976.293954
0.885475 0.000000 0.000000 0.000000 0.000000 0.106821 0.007704 1.749578 2976.293954
0.885475 0.000000 0.000000 0.000000 0.000000 0.106821 0.007704 1.749578 2976.293954
0.885476 0.000000 0.000000 0.000000 0.000000 0.106821 0.007704 1.749578 2976.293954
0.885476 0.000000 0.000000 0.000000 0.000000 0.106820 0.007704 1.749578 2976.293954
0.885476 0.000000 0.000000 0.000000 0.000000 0.106820 0.007704 1.749578 2976.293954
0.885477 0.000000 0.000000 0.000000 0.000000 0.106820 0.007704 1.749578 2976.293954
0.885477 0.000000 0.000000 0.000000 0.000000 0.106819 0.007704 1.749578 2976.293954
0.885477 0.000000 0.000000 0.000000 0.000000 0.106819 0.007704 1.749578 2976.293954
0.885477 0.000000 0.000000 0.000000 0.000000 0.106819 0.007704 1.749578 2976.293954
0.885477 0.000000 0.000000 0.000000 0.000000 0.106819 0.007704 1.749578 2976.293954
0.885477 0.000000 0.000000 0.000000 0.000000 0.106819 0.007704 1.749578 2976.293954
0.885477 0.000000 0.000000 0.000000 0.000000 0.106819 0.007704 1.749578 2976.293954
0.885477 0.000000 0.000000 0.000000 0.000000 0.106819 0.007704 1.749578 2976.293954
0.885477 0.000000 0.000000 0.000000 0.000000 0.106819 0.007704 1.749578 2976.293954
0.885477 0.000000 0.000000 0.000000 0.000000 0.106819 0.007704 1.749578 2976.293954
0.885477 0.000000 0.000000 0.000000 0.000000 0.106819 0.007704 1.749578 2976.293954
0.885477 0.000000 0.000000 0.000000 0.000000 0.106819 0.007704 1.749578 2976.293954
0.885477 0.000000 0.000000 0.000000 0.000000 0.106819 0.007704 1.749578 2976.293954
0.885477 0.000000 0.000000 0.000000 0.000000 0.106819 0.007704 1.749578 2976.293954
0.885477 0.000000 0.000000 0.000000 0.000000 0.106819 0.007704 1.749578 2976.293954
0.885477 0.000000 0.000000 0.000000 0.000000 0.106819 0.007704 1.749578 2976.293954
0.885477 0.000000 0.000000 0.000000 0.000000 0.106819 0.007704 1.749578 2976.293954
0.885477 0.000000 0.000000 0.000000 0.000000 0.106819 0.007704 1.749578 2976.293954
0.885477 0.000000 0.000000 0.000000 0.000000 0.106819 0.007704 1.749578 2976.293954
0.885477 0.000000 0.000000 0.000000 0.000000 0.106819 0.007704 1.749578 2976.293954
0.885477 0.000000 0.000000 0.000000 0.000000 0.106819 0.007704 1.749578 2976.293954
0.885477 0.000000 0.000000 0.000000 0.000000 0.106819 0.007704 1.749578 2976.293954
0.885477 0.000000 0.000000 0.000000 0.000000 0.106819 0.007704 1.749578 2976.293954
0.885477 0.000000 0.000000 0.000000 0.000000 0.106819 0.007704 1.749578 2976.293954
0.885477 0.000000 0.000000 0.000000 0.000000 0.106819 0.007704 1.749578 2976.293954
0.885477 0.000000 0.000000 0.000000 0.000000 0.106819 0.007704 1.749578 2976.293954
0.885477 0.000000 0.000000 0.000000 0.000000 0.106819 0.007704 1.749578 2976.293954
0.885477 0.000000 0.000000 0.000000 0.000000 0.106819 0.007704 1.749578 2976.293954
0.885477 0.000000 0.000000 0.000000 0.000000 0.106819 0.007704 1.749578 2976.293954
0.885477 0.000000 0.000000 0.000000 0.000000 0.106819 0.007704 1.749578 2976.293954
0.885477 0.000000 0.000000 0.000000 0.000000 0.106819 0.007704 1.749578 2976.293954
0.885477 0.000000 0.000000 0.000000 0.000000 0.106819 0.007704 1.749578 2976.293954
0.885477 0.000000 0.000000 0.000000 0.000000 0.106819 0.007704 1.749578 2976.293954
0.885477 0.000000 0.000000 0.000000 0.000000 0.106819 0.007704 1.749578 2976.293954
0.885477 0.000000 0.000000 0.000000 0.000000 0.106819 0.007704 1.749578 2976.293954
0.885477 0.000000 0.000000 0.000000 0.000000 0.106819 0.007704 1.749578 2976.293954
0.885477 0.000000 0.000000 0.000000 0.000000 0.106819 0.007704 1.749578 2976.293954
0.885477 0.000000 0.000000 0.000000 0.000000 0.106819 0.007704 1.749578 2976.293954
0.885477 0.000000 0.000000 0.000000 0.000000 0.106819 0.007704 1.749578 2976.293954
0.885477 0.000000 0.000000 0.000000 0.000000 0.106819 0.007704 1.749578 2976.293954
0.885477 0.000000 0.000000 0.000000 0.000000 0.106819 0.007704 1.749578 2976.293954
0.885477 0.000000 0.000000 0.000000 0.000000 0.106819 0.007704 1.749578 2976.293954
0.885477 0.000000 0.000000 0.000000 0.000000 0.106819 0.007704 1.749578 2976.293954
0.885477 0.000000 0.000000 0.000000 0.000000 0.106819 0.007704 1.749578 2976.293954
0.885477 0.000000 0.000000 0.000000 0.000000 0.106819 0.007704 1.749578 2976.293954
0.885477 0.000000 0.000000 0.000000 0.000000 0.106819 0.007704 1.749578 2976.293954
0.885477 0.000000 0.000000 0.000000 0.000000 0.106819 0.007704 1.749578 2976.293954
0.885477 0.000000 0.000000 0.000000 0.000000 0.106819 0.007704 1.749578 2976.293954
0.885477 0.000000 0.000000 0.000000 0.000000 0.106819 0.007704 1.749578 2976.293954
0.885477 0.000000 0.000000 0.000000 0.000000 0.106819 0.007704 1.749578 2976.293954
0.885477 0.000000 0.000000 0.000000 0.000000 0.106819 0.007704 1.749578 2976.293954
0.885477 0.000000 0.000000 0.000000 0.000000 0.106819 0.007704 1.749578 2976.293954
0.885477 0.000000 0.000000 0.000000 0.000000 0.106819 0.007704 1.749578 2976.293954
0.885477 0.000000 0.000000 0.000000 0.000000 0.106819 0.007704 1.749578 2976.293954
0.885477 0.000000 0.000000 0.000000 0.000000 0.106819 0.007704 1.749578 2976.293954
0.885477 0.000000 0.000000 0.000000 0.000000 0.106819 0.007704 1.749578 2976.293954
0.885477 0.000000 0.000000 0.000000 0.000000 0.106819 0.007704 1.749578 2976.293954
0.885477 0.000000 0.000000 0.000000 0.000000 0.106819 0.007704 1.749578 2976.293954
0.885477 0.000000 0.000000 0.000000 0.000000 0.106819 0.007704 1.749578 2976.293954
0.885477 0.000000 0.000000 0.000000 0.000000 0.106819 0.007704 1.749578 2976.293954
0.885477 0.000000 0.000000 0.000000 0.000000 0.106819 0.007704 1.749578 2976.293954
0.885477 0.000000 0.000000 0.000000 0.000000 0.106819 0.007704 1.749578 2976.293954
0.885477 0.000000 0.000000 0.000000 0.000000 0.106819 0.007704 1.749578 2976.293954
0.885477 0.000000 0.000000 0.000000 0.000000 0.106819 0.007704 1.749578 2976.293954
0.885477 0.000000 0.000000 0.000000 0.000000 0.106819 0.007704 1.749578 2976.293954
0.885477 0.000000 0.000000 0.000000 0.000000 0.106819 0.007704 1.749578 2976.293954
0.885477 0.000000 0.000000 0.000000 0.000000 0.106819 0.007704 1.749578 2976.293954
0.885477 0.000000 0.000000 0.000000 0.000000 0.106819 0.007704 1.749578 2976.293954
0.885477 0.000000 0.000000 0.000000 0.000000 0.106819 0.007704 1.749578 2976.293954
0.885477 0.000000 0.000000 0.000000 0.000000 0.106819 0.007704 1.749578 2976.293954
0.885477 0.000000 0.000000 0.000000 0.000000 0.106819 0.007704 1.749578 2976.293954
0.885477 0.000000 0.000000 0.000000 0.000000 0.106819 0.007704 1.749578 2976.293954
0.885477 0.000000 0.000000 0.000000 0.000000 0.106819 0.007704 1.749578 2976.293954
0.885477 0.000000 0.000000 0.000000 0.000000 0.106819 0.007704 1.749578 2976.293954
0.885477 0.000000 0.000000 0.000000 0.000000 0.106819 0.007704 1.749578 2976.293954
0.885477 0.000000 0.000000 0.000000 0.000000 0.106819 0.007704 1.749578 2976.293954
0.885477 0.000000 0.000000 0.000000 0.000000 0.106819 0.007704 1.749578 2976.293954
0.885477 0.000000 0.000000 0.000000 0.000000 0.106819 0.007704 1.749578 2976.293954
0.885477 0.000000 0.000000 0.000000 0.000000 0.106819 0.007704 1.749578 2976.293954
0.885477 0.000000 0.000000 0.000000 0.000000 0.106819 0.007704 1.749578 2976.293954
0.885477 0.000000 0.000000 0.000000 0.000000 0.106819 0.007704 1.749578 2976.293954
0.885477 0.000000 0.000000 0.000000 0.000000 0.106819 0.007704 1.749578 2976.293954
0.885477 0.000000 0.000000 0.000000 0.000000 0.106819 0.007704 1.749578 2976.293954
0.885477 0.000000 0.000000 0.000000 0.000000 0.106819 0.007704 1.749578 2976.293954
0.885477 0.000000 0.000000 0.000000 0.000000 0.106819 0.007704 1.749578 2976.293954
0.885477 0.000000 0.000000 0.000000 0.000000 0.106819 0.007704 1.749578 2976.293954
0.885477 0.000000 0.000000 0.000000 0.000000 0.106819 0.007704 1.749578 2976.293954
0.885477 0.000000 0.000000 0.000000 0.000000 0.106819 0.007704 1.749578 2976.293954
0.885477 0.000000 0.000000 0.000000 0.000000 0.106819 0.007704 1.749578 2976.293954
0.885477 0.000000 0.000000 0.000000 0.000000 0.106819 0.007704 1.749578 2976.293954
0.885477 0.000000 0.000000 0.000000 0.000000 0.106819 0.007704 1.749578 2976.293954
0.885477 0.000000 0.000000 0.000000 0.000000 0.106819 0.007704 1.749578 2976.293954
0.885477 0.000000 0.000000 0.000000 0.000000 0.106819 0.007704 1.749578 2976.293954
0.885477 0.000000 0.000000 0.000000 0.000000 0.106819 0.007704 1.749578 2976.293954
0.885477 0.000000 0.000000 0.000000 0.000000 0.106819 0.007704 1.749578 2976.293954
0.885477 0.000000 0.000000 0.000000 0.000000 0.106819 0.007704 1.749578 2976.293954
0.885477 0.000000 0.000000 0.000000 0.000000 0.106819 0.007704 1.749578 2976.293954
0.885477 0.000000 0.000000 0.000000 0.000000 0.106819 0.007704 1.749578 2976.293954
0.885477 0.000000 0.000000 0.000000 0.000000 0.106819 0.007704 1.749578 2976.293954
0.885477 0.000000 0.000000 0.000000 0.000000 0.106819 0.007704 1.749578 2976.293954
0.885477 0.000000 0.000000 0.000000 0.000000 0.106819 0.007704 1.749578 2976.293954
0.885477 0.000000 0.000000 0.000000 0.000000 0.106819 0.007704 1.749578 2976.293954
0.885477 0.000000 0.000000 0.000000 0.000000 0.106819 0.007704 1.749578 2976.293954
0.885477 0.000000 0.000000 0.000000 0.000000 0.106819 0.007704 1.749578 2976.293954
0.885477 0.000000 0.000000 0.000000 0.000000 0.106819 0.007704 1.749578 2976.293954
0.885477 0.000000 0.000000 0.000000 0.000000 0.106819 0.007704 1.749578 2976.293954
0.885477 0.000000 0.000000 0.000000 0.000000 0.106819 0.007704 1.749578 2976.293954
0.885477 0.000000 0.000000 0.000000 0.000000 0.106819 0.007704 1.749578 2976.293954
0.885477 0.000000 0.000000 0.000000 0.000000 0.106819 0.007704 1.749578 2976.293954
0.885477 0.000000 0.000000 0.000000 0.000000 0.106819 0.007704 1.749578 2976.293954
0.885477 0.000000 0.000000 0.000000 0.000000 0.106819 0.007704 1.749578 2976.293954
0.885477 0.000000 0.000000 0.000000 0.000000 0.106819 0.007704 1.749578 2976.293954
0.885477 0.000000 0.000000 0.000000 0.000000 0.106819 0.007704 1.749578 2976.293954
0.885477 0.000000 0.000000 0.000000 0.000000 0.106819 0.007704 1.749578 2976.293954
0.885477 0.000000 0.000000 0.000000 0.000000 0.106819 0.007704 1.749578 2976.293954
0.885477 0.000000 0.000000 0.000000 0.000000 0.106819 0.007704 1.749578 2976.293954
0.885477 0.000000 0.000000 0.000000 0.000000 0.106819 0.007704 1.749578 2976.293954
0.885477 0.000000 0.000000 0.000000 0.000000 0.106819 0.007704 1.749578 2976.293954
0.885477 0.000000 0.000000 0.000000 0.000000 0.106819 0.007704 1.749578 2976.293954
0.885477 0.000000 0.000000 0.000000 0.000000 0.106819 0.007704 1.749578 2976.293954
0.885477 0.000000 0.000000 0.000000 0.000000 0.106819 0.007704 1.749578 2976.293954
0.885477 0.000000 0.000000 0.000000 0.000000 0.106819 0.007704 1.749578 2976.293954
0.885477 0.000000 0.000000 0.000000 0.000000 0.106819 0.007704 1.749578 2976.293954
0.885477 0.000000 0.000000 0.000000 0.000000 0.106819 0.007704 1.749578 2976.293954
0.885477 0.000000 0.000000 0.000000 0.000000 0.106819 0.007704 1.749578 2976.293954
0.885477 0.000000 0.000000 0.000000 0.000000 0.106819 0.007704 1.749578 2976.293954
0.885477 0.000000 0.000000 0.000000 0.000000 0.106819 0.007704 1.749578 2976.293954
0.885477 0.000000 0.000000 0.000000 0.000000 0.106819 0.007704 1.749578 2976.293954
0.885477 0.000000 0.000000 0.000000 0.000000 0.106819 0.007704 1.749578 2976.293954
0.885477 0.000000 0.000000 0.000000 0.000000 0.106819 0.007704 1.749578 2976.293954
0.885477 0.000000 0.000000 0.000000 0.000000 0.106819 0.007704 1.749578 2976.293954
0.885477 0.000000 0.000000 0.000000 0.000000 0.106819 0.007704 1.749578 2976.293954
0.885477 0.000000 0.000000 0.000000 0.000000 0.106819 0.007704 1.749578 2976.293954
0.885477 0.000000 0.000000 0.000000 0.000000 0.106819 0.007704 1.749578 2976.293954
0.885477 0.000000 0.000000 0.000000 0.000000 0.106819 0.007704 1.749578 2976.293954
0.885477 0.000000 0.000000 0.000000 0.000000 0.106819 0.007704 1.749578 2976.293954
0.885477 0.000000 0.000000 0.000000 0.000000 0.106819 0.007704 1.749578 2976.293954
0.885477 0.000000 0.000000 0.000000 0.000000 0.106819 0.007704 1.749578 2976.293954
0.885477 0.000000 0.000000 0.000000 0.000000 0.106819 0.007704 1.749578 2976.293954
0.885477 0.000000 0.000000 0.000000 0.000000 0.106819 0.007704 1.749578 2976.293954
0.885477 0.000000 0.000000 0.000000 0.000000 0.106819 0.007704 1.749578 2976.293954
0.885477 0.000000 0.000000 0.000000 0.000000 0.106819 0.007704 1.749578 2976.293954
0.885477 0.000000 0.000000 0.000000 0.000000 0.106819 0.007704 1.749578 2976.293954
0.885477 0.000000 0.000000 0.000000 0.000000 0.106819 0.007704 1.749578 2976.293954
0.885477 0.000000 0.000000 0.000000 0.000000 0.106819 0.007704 1.749578 2976.293954
0.885477 0.000000 0.000000 0.000000 0.000000 0.106819 0.007704 1.749578 2976.293954
0.885477 0.000000 0.000000 0.000000 0.000000 0.106819 0.007704 1.749578 2976.293954
0.885477 0.000000 0.000000 0.000000 0.000000 0.106819 0.007704 1.749578 2976.293954
0.885477 0.000000 0.000000 0.000000 0.000000 0.106819 0.007704 1.749578 2976.293954
0.885477 0.000000 0.000000 0.000000 0.000000 0.106819 0.007704 1.749578 2976.293954
0.885477 0.000000 0.000000 0.000000 0.000000 0.106819 0.007704 1.749578 2976.293954
0.885477 0.000000 0.000000 0.000000 0.000000 0.106819 0.007704 1.749578 2976.293954
0.885477 0.000000 0.000000 0.000000 0.000000 0.106819 0.007704 1.749578 2976.293954
0.885477 0.000000 0.000000 0.000000 0.000000 0.106819 0.007704 1.749578 2976.293954
0.885477 0.000000 0.000000 0.000000 0.000000 0.106819 0.007704 1.749578 2976.293954
0.885477 0.000000 0.000000 0.000000 0.000000 0.106819 0.007704 1.749578 2976.293954
0.885477 0.000000 0.000000 0.000000 0.000000 0.106819 0.007704 1.749578 2976.293954
0.885477 0.000000 0.000000 0.000000 0.000000 0.106819 0.007704 1.749578 2976.293954
0.885477 0.000000 0.000000 0.000000 0.000000 0.106819 0.007704 1.749578 2976.293954
0.885477 0.000000 0.000000 0.000000 0.000000 0.106819 0.007704 1.749578 2976.293954
0.885477 0.000000 0.000000 0.000000 0.000000 0.106819 0.007704 1.749578 2976.293954
0.885477 0.000000 0.000000 0.000000 0.000000 0.106819 0.007704 1.749578 2976.293954
0.885477 0.000000 0.000000 0.000000 0.000000 0.106819 0.007704 1.749578 2976.293954
0.885477 0.000000 0.000000 0.000000 0.000000 0.106819 0.007704 1.749578 2976.293954
0.885477 0.000000 0.000000 0.000000 0.000000 0.106819 0.007704 1.749578 2976.293954
0.885477 0.000000 0.000000 0.000000 0.000000 0.106819 0.007704 1.749578 2976.293954
0.885477 0.000000 0.000000 0.000000 0.000000 0.106819 0.007704 1.749578 2976.293954
0.885477 0.000000 0.000000 0.000000 0.000000 0.106819 0.007704 1.749578 2976.293954
0.885477 0.000000 0.000000 0.000000 0.000000 0.106819 0.007704 1.749578 2976.293954
0.885477 0.000000 0.000000 0.000000 0.000000 0.106819 0.007704 1.749578 2976.293954
0.885477 0.000000 0.000000 0.000000 0.000000 0.106819 0.007704 1.749578 2976.293954
0.885477 0.000000 0.000000 0.000000 0.000000 0.106819 0.007704 1.749578 2976.293954
0.885477 0.000000 0.000000 0.000000 0.000000 0.106819 0.007704 1.749578 2976.293954
0.885477 0.000000 0.000000 0.000000 0.000000 0.106819 0.007704 1.749578 2976.293954
0.885477 0.000000 0.000000 0.000000 0.000000 0.106819 0.007704 1.749578 2976.293954
0.885477 0.000000 0.000000 0.000000 0.000000 0.106819 0.007704 1.749578 2976.293954
0.885477 0.000000 0.000000 0.000000 0.000000 0.106819 0.007704 1.749578 2976.293954
0.885477 0.000000 0.000000 0.000000 0.000000 0.106819 0.007704 1.749578 2976.293954
0.885477 0.000000 0.000000 0.000000 0.000000 0.106819 0.007704 1.749578 2976.293954
0.885477 0.000000 0.000000 0.000000 0.000000 0.106819 0.007704 1.749578 2976.293954
0.885477 0.000000 0.000000 0.000000 0.000000 0.106819 0.007704 1.749578 2976.293954
0.885477 0.000000 0.000000 0.000000 0.000000 0.106819 0.007704 1.749578 2976.293954
0.885477 0.000000 0.000000 0.000000 0.000000 0.106819 0.007704 1.749578 2976.293954
0.885477 0.000000 0.000000 0.000000 0.000000 0.106819 0.007704 1.749578 2976.293954
0.885477 0.000000 0.000000 0.000000 0.000000 0.106819 0.007704 1.749578 2976.293954
0.885477 0.000000 0.000000 0.000000 0.000000 0.106819 0.007704 1.749578 2976.293954
0.885477 0.000000 0.000000 0.000000 0.000000 0.106819 0.007704 1.749578 2976.293954
0.885477 0.000000 0.000000 0.000000 0.000000 0.106819 0.007704 1.749578 2976.293954
0.885477 0.000000 0.000000 0.000000 0.000000 0.106819 0.007704 1.749578 2976.293954
0.885477 0.000000 0.000000 0.000000 0.000000 0.106819 0.007704 1.749578 2976.293954
0.885477 0.000000 0.000000 0.000000 0.000000 0.106819 0.007704 1.749578 2976.293954
0.885477 0.000000 0.000000 0.000000 0.000000 0.106819 0.007704 1.749578 2976.293954
0.885477 0.000000 0.000000 0.000000 0.000000 0.106819 0.007704 1.749578 2976.293954
0.885477 0.000000 0.000000 0.000000 0.000000 0.106819 0.007704 1.749578 2976.293954
0.885477 0.000000 0.000000 0.000000 0.000000 0.106819 0.007704 1.749578 2976.293954
0.885477 0.000000 0.000000 0.000000 0.000000 0.106819 0.007704 1.749578 2976.293954
0.885477 0.000000 0.000000 0.000000 0.000000 0.106819 0.007704 1.749578 2976.293954
0.885477 0.000000 0.000000 0.000000 0.000000 0.106819 0.007704 1.749578 2976.293954
0.885477 0.000000 0.000000 0.000000 0.000000 0.106819 0.007704 1.749578 2976.293954
0.885477 0.000000 0.000000 0.000000 0.000000 0.106819 0.007704 1.749578 2976.293954
0.885477 0.000000 0.000000 0.000000 0.000000 0.106819 0.007704 1.749578 2976.293954
0.885477 0.000000 0.000000 0.000000 0.000000 0.106819 0.007704 1.749578 2976.293954
0.885477 0.000000 0.000000 0.000000 0.000000 0.106819 0.007704 1.749578 2976.293954
0.885477 0.000000 0.000000 0.000000 0.000000 0.106819 0.007704 1.749578 2976.293954
0.885477 0.000000 0.000000 0.000000 0.000000 0.106819 0.007704 1.749578 2976.293954
0.885477 0.000000 0.000000 0.000000 0.000000 0.106819 0.007704 1.749578 2976.293954
0.885477 0.000000 0.000000 0.000000 0.000000 0.106819 0.007704 1.749578 2976.293954
0.885477 0.000000 0.000000 0.000000 0.000000 0.106819 0.007704 1.749578 2976.293954
0.885477 0.000000 0.000000 0.000000 0.000000 0.106819 0.007704 1.749578 2976.293954
0.885477 0.000000 0.000000 0.000000 0.000000 0.106819 0.007704 1.749578 2976.293954
0.885477 0.000000 0.000000 0.000000 0.000000 0.106819 0.007704 1.749578 2976.293954
0.885477 0.000000 0.000000 0.000000 0.000000 0.106819 0.007704 1.749578 2976.293954
0.885477 0.000000 0.000000 0.000000 0.000000 0.106819 0.007704 1.749578 2976.293954
0.885477 0.000000 0.000000 0.000000 0.000000 0.106819 0.007704 1.749578 2976.293954
0.885477 0.000000 0.000000 0.000000 0.000000 0.106819 0.007704 1.749578 2976.293954
0.885477 0.000000 0.000000 0.000000 0.000000 0.106819 0.007704 1.749578 2976.293954
0.885477 0.000000 0.000000 0.000000 0.000000 0.106819 0.007704 1.749578 2976.293954
0.885477 0.000000 0.000000 0.000000 0.000000 0.106819 0.007704 1.749578 2976.293954
0.885477 0.000000 0.000000 0.000000 0.000000 0.106819 0.007704 1.749578 2976.293954
0.885477 0.000000 0.000000 0.000000 0.000000 0.106819 0.007704 1.749578 2976.293954
0.885477 0.000000 0.000000 0.000000 0.000000 0.106819 0.007704 1.749578 2976.293954
0.885477 0.000000 0.000000 0.000000 0.000000 0.106819 0.007704 1.749578 2976.293954
0.885477 0.000000 0.000000 0.000000 0.000000 0.106819 0.007704 1.749578 2976.293954
0.885477 0.000000 0.000000 0.000000 0.000000 0.106819 0.007704 1.749578 2976.293954
0.885477 0.000000 0.000000 0.000000 0.000000 0.106819 0.007704 1.749578 2976.293954
0.885477 0.000000 0.000000 0.000000 0.000000 0.106819 0.007704 1.749578 2976.293954
0.885477 0.000000 0.000000 0.000000 0.000000 0.106819 0.007704 1.749578 2976.293954
0.885477 0.000000 0.000000 0.000000 0.000000 0.106819 0.007704 1.749578 2976.293954
0.885477 0.000000 0.000000 0.000000 0.000000 0.106819 0.007704 1.749578 2976.293954
0.885477 0.000000 0.000000 0.000000 0.000000 0.106819 0.007704 1.749578 2976.293954
0.885477 0.000000 0.000000 0.000000 0.000000 0.106819 0.007704 1.749578 2976.293954
0.885477 0.000000 0.000000 0.000000 0.000000 0.106819 0.007704 1.749578 2976.293954
0.885477 0.000000 0.000000 0.000000 0.000000 0.106819 0.007704 1.749578 2976.293954
0.885477 0.000000 0.000000 0.000000 0.000000 0.106819 0.007704 1.749578 2976.293954
0.885477 0.000000 0.000000 0.000000 0.000000 0.106819 0.007704 1.749578 2976.293954
0.885477 0.000000 0.000000 0.000000 0.000000 0.106819 0.007704 1.749578 2976.293954
0.885477 0.000000 0.000000 0.000000 0.000000 0.106819 0.007704 1.749578 2976.293954
0.885477 0.000000 0.000000 0.000000 0.000000 0.106819 0.007704 1.749578 2976.293954
0.885477 0.000000 0.000000 0.000000 0.000000 0.106819 0.007704 1.749578 2976.293954
0.885477 0.000000 0.000000 0.000000 0.000000 0.106819 0.007704 1.749578 2976.293954
0.885477 0.000000 0.000000 0.000000 0.000000 0.106819 0.007704 1.749578 2976.293954
0.885477 0.000000 0.000000 0.000000 0.000000 0.106819 0.007704 1.749578 2976.293954
0.885477 0.000000 0.000000 0.000000 0.000000 0.106819 0.007704 1.749578 2976.293954
0.885477 0.000000 0.000000 0.000000 0.000000 0.106819 0.007704 1.749578 2976.293954
0.885477 0.000000 0.000000 0.000000 0.000000 0.106819 0.007704 1.749578 2976.293954
0.885477 0.000000 0.000000 0.000000 0.000000 0.106819 0.007704 1.749578 2976.293954
0.885477 0.000000 0.000000 0.000000 0.000000 0.106819 0.007704 1.749578 2976.293954
0.885477 0.000000 0.000000 0.000000 0.000000 0.106819 0.007704 1.749578 2976.293954
0.885477 0.000000 0.000000 0.000000 0.000000 0.106819 0.007704 1.749578 2976.293954
0.885477 0.000000 0.000000 0.000000 0.000000 0.106819 0.007704 1.749578 2976.293954
0.885477 0.000000 0.000000 0.000000 0.000000 0.106819 0.007704 1.749578 2976.293954
0.885477 0.000000 0.000000 0.000000 0.000000 0.106819 0.007704 1.749578 2976.293954
0.885477 0.000000 0.000000 0.000000 0.000000 0.106819 0.007704 1.749578 2976.293954
0.885477 0.000000 0.000000 0.000000 0.000000 0.106819 0.007704 1.749578 2976.293954
0.885477 0.000000 0.000000 0.000000 0.000000 0.106819 0.007704 1.749578 2976.293954
0.885477 0.000000 0.000000 0.000000 0.000000 0.106819 0.007704 1.749578 2976.293954
0.885477 0.000000 0.000000 0.000000 0.000000 0.106819 0.007704 1.749578 2976.293954
0.885477 0.000000 0.000000 0.000000 0.000000 0.106819 0.007704 1.749578 2976.293954
0.885477 0.000000 0.000000 0.000000 0.000000 0.106819 0.007704 1.749578 2976.293954
0.885477 0.000000 0.000000 0.000000 0.000000 0.106819 0.007704 1.749578 2976.293954
0.885477 0.000000 0.000000 0.000000 0.000000 0.106819 0.007704 1.749578 2976.293954
0.885477 0.000000 0.000000 0.000000 0.000000 0.106819 0.007704 1.749578 2976.293954
0.885477 0.000000 0.000000 0.000000 0.000000 0.106819 0.007704 1.749578 2976.293954
0.885477 0.000000 0.000000 0.000000 0.000000 0.106819 0.007704 1.749578 2976.293954
0.885477 0.000000 0.000000 0.000000 0.000000 0.106819 0.007704 1.749578 2976.293954
0.885477 0.000000 0.000000 0.000000 0.000000 0.106819 0.007704 1.749578 2976.293954
0.885477 0.000000 0.000000 0.000000 0.000000 0.106819 0.007704 1.749578 2976.293954
0.885477 0.000000 0.000000 0.000000 0.000000 0.106819 0.007704 1.749578 2976.293954
0.885477 0.000000 0.000000 0.000000 0.000000 0.106819 0.007704 1.749578 2976.293954
0.885477 0.000000 0.000000 0.000000 0.000000 0.106819 0.007704 1.749578 2976.293954
0.885477 0.000000 0.000000 0.000000 0.000000 0.106819 0.007704 1.749578 2976.293954
0.885477 0.000000 0.000000 0.000000 0.000000 0.106819 0.007704 1.749578 2976.293954
0.885477 0.000000 0.000000 0.000000 0.000000 0.106819 0.007704 1.749578 2976.293954
0.885477 0.000000 0.000000 0.000000 0.000000 0.106819 0.007704 1.749578 2976.293954
0.885477 0.000000 0.000000 0.000000 0.000000 0.106819 0.007704 1.749578 2976.293954
0.885477 0.000000 0.000000 0.000000 0.000000 0.106819 0.007704 1.749578 2976.293954
0.885477 0.000000 0.000000 0.000000 0.000000 0.106819 0.007704 1.749578 2976.293954
0.885477 0.000000 0.000000 0.000000 0.000000 0.106819 0.007704 1.749578 2976.293954
0.885477 0.000000 0.000000 0.000000 0.000000 0.106819 0.007704 1.749578 2976.293954
0.885477 0.000000 0.000000 0.000000 0.000000 0.106819 0.007704 1.749578 2976.293954
0.885477 0.000000 0.000000 0.000000 0.000000 0.106819 0.007704 1.749578 2976.293954
0.885477 0.000000 0.000000 0.000000 0.000000 0.106819 0.007704 1.749578 2976.293954
0.885477 0.000000 0.000000 0.000000 0.000000 0.106819 0.007704 1.749578 2976.293954
0.885477 0.000000 0.000000 0.000000 0.000000 0.106819 0.007704 1.749578 2976.293954
0.885477 0.000000 0.000000 0.000000 0.000000 0.106819 0.007704 1.749578 2976.293954
0.885477 0.000000 0.000000 0.000000 0.000000 0.106819 0.007704 1.749578 2976.293954
0.885477 0.000000 0.000000 0.000000 0.000000 0.106819 0.007704 1.749578 2976.293954
0.885477 0.000000 0.000000 0.000000 0.000000 0.106819 0.007704 1.749578 2976.293954
0.885477 0.000000 0.000000 0.000000 0.000000 0.106819 0.007704 1.749578 2976.293954
0.885477 0.000000 0.000000 0.000000 0.000000 0.106819 0.007704 1.749578 2976.293954
0.885477 0.000000 0.000000 0.000000 0.000000 0.106819 0.007704 1.749578 2976.293954
0.885477 0.000000 0.000000 0.000000 0.000000 0.106819 0.007704 1.749578 2976.293954
0.885477 0.000000 0.000000 0.000000 0.000000 0.106819 0.007704 1.749578 2976.293954
0.885477 0.000000 0.000000 0.000000 0.000000 0.106819 0.007704 1.749578 2976.293954
0.885477 0.000000 0.000000 0.000000 0.000000 0.106819 0.007704 1.749578 2976.293954
0.885477 0.000000 0.000000 0.000000 0.000000 0.106819 0.007704 1.749578 2976.293954
0.885477 0.000000 0.000000 0.000000 0.000000 0.106819 0.007704 1.749578 2976.293954
0.885477 0.000000 0.000000 0.000000 0.000000 0.106819 0.007704 1.749578 2976.293954
0.885477 0.000000 0.000000 0.000000 0.000000 0.106819 0.007704 1.749578 2976.293954
0.885477 0.000000 0.000000 0.000000 0.000000 0.106819 0.007704 1.749578 2976.293954
0.885477 0.000000 0.000000 0.000000 0.000000 0.106819 0.007704 1.749578 2976.293954
0.885477 0.000000 0.000000 0.000000 0.000000 0.106819 0.007704 1.749578 2976.293954
0.885477 0.000000 0.000000 0.000000 0.000000 0.106819 0.007704 1.749578 2976.293954
0.885477 0.000000 0.000000 0.000000 0.000000 0.106819 0.007704 1.749578 2976.293954
0.885477 0.000000 0.000000 0.000000 0.000000 0.106819 0.007704 1.749578 2976.293954
0.885477 0.000000 0.000000 0.000000 0.000000 0.106819 0.007704 1.749578 2976.293954
0.885477 0.000000 0.000000 0.000000 0.000000 0.106819 0.007704 1.749578 2976.293954
0.885477 0.000000 0.000000 0.000000 0.000000 0.106819 0.007704 1.749578 2976.293954
0.885477 0.000000 0.000000 0.000000 0.000000 0.106819 0.007704 1.749578 2976.293954
0.885477 0.000000 0.000000 0.000000 0.000000 0.106819 0.007704 1.749578 2976.293954
0.885477 0.000000 0.000000 0.000000 0.000000 0.106819 0.007704 1.749578 2976.293954
0.885477 0.000000 0.000000 0.000000 0.000000 0.106819 0.007704 1.749578 2976.293954
0.885477 0.000000 0.000000 0.000000 0.000000 0.106819 0.007704 1.749578 2976.293954
0.885477 0.000000 0.000000 0.000000 0.000000 0.106819 0.007704 1.749578 2976.293954
0.885477 0.000000 0.000000 0.000000 0.000000 0.106819 0.007704 1.749578 2976.293954
0.885477 0.000000 0.000000 0.000000 0.000000 0.106819 0.007704 1.749578 2976.293954
0.885477 0.000000 0.000000 0.000000 0.000000 0.106819 0.007704 1.749578 2976.293954
0.885477 0.000000 0.000000 0.000000 0.000000 0.106819 0.007704 1.749578 2976.293954
0.885477 0.000000 0.000000 0.000000 0.000000 0.106819 0.007704 1.749578 2976.293954
0.885477 0.000000 0.000000 0.000000 0.000000 0.106819 0.007704 1.749578 2976.293954
0.885477 0.000000 0.000000 0.000000 0.000000 0.106819 0.007704 1.749578 2976.293954
0.885477 0.000000 0.000000 0.000000 0.000000 0.106819 0.007704 1.749578 2976.293954
0.885477 0.000000 0.000000 0.000000 0.000000 0.106819 0.007704 1.749578 2976.293954
0.885477 0.000000 0.000000 0.000000 0.000000 0.106819 0.007704 1.749578 2976.293954
0.885477 0.000000 0.000000 0.000000 0.000000 0.106819 0.007704 1.749578 2976.293954
0.885477 0.000000 0.000000 0.000000 0.000000 0.106819 0.007704 1.749578 2976.293954
0.885477 0.000000 0.000000 0.000000 0.000000 0.106819 0.007704 1.749578 2976.293954
0.885477 0.000000 0.000000 0.000000 0.000000 0.106819 0.007704 1.749578 2976.293954
0.885477 0.000000 0.000000 0.000000 0.000000 0.106819 0.007704 1.749578 2976.293954
0.885477 0.000000 0.000000 0.000000 0.000000 0.106819 0.007704 1.749578 2976.293954
0.885477 0.000000 0.000000 0.000000 0.000000 0.106819 0.007704 1.749578 2976.293954
0.885477 0.000000 0.000000 0.000000 0.000000 0.106819 0.007704 1.749578 2976.293954
0.885477 0.000000 0.000000 0.000000 0.000000 0.106819 0.007704 1.749578 2976.293954
0.885477 0.000000 0.000000 0.000000 0.000000 0.106819 0.007704 1.749578 2976.293954
0.885477 0.000000 0.000000 0.000000 0.000000 0.106819 0.007704 1.749578 2976.293954
0.885477 0.000000 0.000000 0.000000 0.000000 0.106819 0.007704 1.749578 2976.293954
0.885477 0.000000 0.000000 0.000000 0.000000 0.106819 0.007704 1.749578 2976.293954
0.885477 0.000000 0.000000 0.000000 0.000000 0.106819 0.007704 1.749578 2976.293954
0.885477 0.000000 0.000000 0.000000 0.000000 0.106819 0.007704 1.749578 2976.293954
0.885477 0.000000 0.000000 0.000000 0.000000 0.106819 0.007704 1.749578 2976.293954
0.885477 0.000000 0.000000 0.000000 0.000000 0.106819 0.007704 1.749578 2976.293954
0.885477 0.000000 0.000000 0.000000 0.000000 0.106819 0.007704 1.749578 2976.293954
0.885477 0.000000 0.000000 0.000000 0.000000 0.106819 0.007704 1.749578 2976.293954
0.885477 0.000000 0.000000 0.000000 0.000000 0.106819 0.007704 1.749578 2976.293954
0.885477 0.000000 0.000000 0.000000 0.000000 0.106819 0.007704 1.749578 2976.293954
0.885477 0.000000 0.000000 0.000000 0.000000 0.106819 0.007704 1.749578 2976.293954
0.885477 0.000000 0.000000 0.000000 0.000000 0.106819 0.007704 1.749578 2976.293954
0.885477 0.000000 0.000000 0.000000 0.000000 0.106819 0.007704 1.749578 2976.293954
0.885477 0.000000 0.000000 0.000000 0.000000 0.106819 0.007704 1.749578 2976.293954
0.885477 0.000000 0.000000 0.000000 0.000000 0.106819 0.007704 1.749578 2976.293954
0.885477 0.000000 0.000000 0.000000 0.000000 0.106819 0.007704 1.749578 2976.293954
0.885477 0.000000 0.000000 0.000000 0.000000 0.106819 0.007704 1.749578 2976.293954
0.885477 0.000000 0.000000 0.000000 0.000000 0.106819 0.007704 1.749578 2976.293954
0.885477 0.000000 0.000000 0.000000 0.000000 0.106819 0.007704 1.749578 2976.293954
0.885477 0.000000 0.000000 0.000000 0.000000 0.106819 0.007704 1.749578 2976.293954
0.885477 0.000000 0.000000 0.000000 0.000000 0.106819 0.007704 1.749578 2976.293954
0.885477 0.000000 0.000000 0.000000 0.000000 0.106819 0.007704 1.749578 2976.293954
0.885477 0.000000 0.000000 0.000000 0.000000 0.106819 0.007704 1.749578 2976.293954
0.885477 0.000000 0.000000 0.000000 0.000000 0.106819 0.007704 1.749578 2976.293954
0.885477 0.000000 0.000000 0.000000 0.000000 0.106819 0.007704 1.749578 2976.293954
0.885477 0.000000 0.000000 0.000000 0.000000 0.106819 0.007704 1.749578 2976.293954
0.885477 0.000000 0.000000 0.000000 0.000000 0.106819 0.007704 1.749578 2976.293954
0.885477 0.000000 0.000000 0.000000 0.000000 0.106819 0.007704 1.749578 2976.293954
0.885477 0.000000 0.000000 0.000000 0.000000 0.106819 0.007704 1.749578 2976.293954
0.885477 0.000000 0.000000 0.000000 0.000000 0.106819 0.007704 1.749578 2976.293954
0.885477 0.000000 0.000000 0.000000 0.000000 0.106819 0.007704 1.749578 2976.293954
0.885477 0.000000 0.000000 0.000000 0.000000 0.106819 0.007704 1.749578 2976.293954
0.885477 0.000000 0.000000 0.000000 0.000000 0.106819 0.007704 1.749578 2976.293954
0.885477 0.000000 0.000000 0.000000 0.000000 0.106819 0.007704 1.749578 2976.293954
0.885477 0.000000 0.000000 0.000000 0.000000 0.106819 0.007704 1.749578 2976.293954
0.885477 0.000000 0.000000 0.000000 0.000000 0.106819 0.007704 1.749578 2976.293954
0.885477 0.000000 0.000000 0.000000 0.000000 0.106819 0.007704 1.749578 2976.293954
0.885477 0.000000 0.000000 0.000000 0.000000 0.106819 0.007704 1.749578 2976.293954
0.885477 0.000000 0.000000 0.000000 0.000000 0.106819 0.007704 1.749578 2976.293954
0.885477 0.000000 0.000000 0.000000 0.000000 0.106819 0.007704 1.749578 2976.293954
0.885477 0.000000 0.000000 0.000000 0.000000 0.106819 0.007704 1.749578 2976.293954
0.885477 0.000000 0.000000 0.000000 0.000000 0.106819 0.007704 1.749578 2976.293954
0.885477 0.000000 0.000000 0.000000 0.000000 0.106819 0.007704 1.749578 2976.293954
0.885477 0.000000 0.000000 0.000000 0.000000 0.106819 0.007704 1.749578 2976.293954
0.885477 0.000000 0.000000 0.000000 0.000000 0.106819 0.007704 1.749578 2976.293954
0.885477 0.000000 0.000000 0.000000 0.000000 0.106819 0.007704 1.749578 2976.293954
0.885477 0.000000 0.000000 0.000000 0.000000 0.106819 0.007704 1.749578 2976.293954
0.885477 0.000000 0.000000 0.000000 0.000000 0.106819 0.007704 1.749578 2976.293954
0.885477 0.000000 0.000000 0.000000 0.000000 0.106819 0.007704 1.749578 2976.293954
0.885477 0.000000 0.000000 0.000000 0.000000 0.106819 0.007704 1.749578 2976.293954
0.885477 0.000000 0.000000 0.000000 0.000000 0.106819 0.007704 1.749578 2976.293954
0.885477 0.000000 0.000000 0.000000 0.000000 0.106819 0.007704 1.749578 2976.293954
0.885477 0.000000 0.000000 0.000000 0.000000 0.106819 0.007704 1.749578 2976.293954
0.885477 0.000000 0.000000 0.000000 0.000000 0.106819 0.007704 1.749578 2976.293954
0.885477 0.000000 0.000000 0.000000 0.000000 0.106819 0.007704 1.749578 2976.293954
0.885477 0.000000 0.000000 0.000000 0.000000 0.106819 0.007704 1.749578 2976.293954
0.885477 0.000000 0.000000 0.000000 0.000000 0.106819 0.007704 1.749578 2976.293954
0.885477 0.000000 0.000000 0.000000 0.000000 0.106819 0.007704 1.749578 2976.293954
0.885477 0.000000 0.000000 0.000000 0.000000 0.106819 0.007704 1.749578 2976.293954
0.885477 0.000000 0.000000 0.000000 0.000000 0.106819 0.007704 1.749578 2976.293954
0.885477 0.000000 0.000000 0.000000 0.000000 0.106819 0.007704 1.749578 2976.293954
0.885477 0.000000 0.000000 0.000000 0.000000 0.106819 0.007704 1.749578 2976.293954
0.885477 0.000000 0.000000 0.000000 0.000000 0.106819 0.007704 1.749578 2976.293954
0.885477 0.000000 0.000000 0.000000 0.000000 0.106819 0.007704 1.749578 2976.293954
0.885477 0.000000 0.000000 0.000000 0.000000 0.106819 0.007704 1.749578 2976.293954
0.885477 0.000000 0.000000 0.000000 0.000000 0.106819 0.007704 1.749578 2976.293954
0.885477 0.000000 0.000000 0.000000 0.000000 0.106819 0.007704 1.749578 2976.293954
0.885477 0.000000 0.000000 0.000000 0.000000 0.106819 0.007704 1.749578 2976.293954
0.885477 0.000000 0.000000 0.000000 0.000000 0.106819 0.007704 1.749578 2976.293954
0.885477 0.000000 0.000000 0.000000 0.000000 0.106819 0.007704 1.749578 2976.293954
0.885477 0.000000 0.000000 0.000000 0.000000 0.106819 0.007704 1.749578 2976.293954
0.885477 0.000000 0.000000 0.000000 0.000000 0.106819 0.007704 1.749578 2976.293954
0.885477 0.000000 0.000000 0.000000 0.000000 0.106819 0.007704 1.749578 2976.293954
0.885477 0.000000 0.000000 0.000000 0.000000 0.106819 0.007704 1.749578 2976.293954
0.885477 0.000000 0.000000 0.000000 0.000000 0.106819 0.007704 1.749578 2976.293954
0.885477 0.000000 0.000000 0.000000 0.000000 0.106819 0.007704 1.749578 2976.293954
0.885477 0.000000 0.000000 0.000000 0.000000 0.106819 0.007704 1.749578 2976.293954
0.885477 0.000000 0.000000 0.000000 0.000000 0.106819 0.007704 1.749578 2976.293954
0.885477 0.000000 0.000000 0.000000 0.000000 0.106819 0.007704 1.749578 2976.293954
0.885477 0.000000 0.000000 0.000000 0.000000 0.106819 0.007704 1.749578 2976.293954
0.885477 0.000000 0.000000 0.000000 0.000000 0.106819 0.007704 1.749578 2976.293954
0.885477 0.000000 0.000000 0.000000 0.000000 0.106819 0.007704 1.749578 2976.293954
0.885477 0.000000 0.000000 0.000000 0.000000 0.106819 0.007704 1.749578 2976.293954
0.885477 0.000000 0.000000 0.000000 0.000000 0.106819 0.007704 1.749578 2976.293954
