0.349054 0.064247 0.056060 0.032541 0.002109 0.489975 0.006015 1.591621 2075.271078
0.350285 0.062885 0.057489 0.031070 0.002111 0.490119 0.006042 1.597880 2085.423813
0.353218 0.060001 0.058641 0.029663 0.002094 0.490309 0.006073 1.603956 2097.479502
0.357050 0.056564 0.059455 0.028313 0.002087 0.490435 0.006096 1.609671 2106.856010
0.361479 0.052848 0.059946 0.027082 0.002084 0.490439 0.006124 1.615076 2117.785022
0.366371 0.049073 0.060040 0.025837 0.002063 0.490463 0.006153 1.620106 2129.432492
0.371523 0.045410 0.059828 0.024608 0.002032 0.490419 0.006180 1.624786 2140.978299
0.376821 0.041939 0.059312 0.023423 0.002020 0.490279 0.006204 1.629084 2151.368726
0.382378 0.038657 0.058509 0.022254 0.002003 0.489968 0.006229 1.633004 2161.145155
0.387926 0.035558 0.057594 0.021202 0.001979 0.489487 0.006253 1.636637 2172.675232
0.393575 0.032675 0.056386 0.020157 0.001952 0.488973 0.006281 1.639960 2182.850328
0.399303 0.029959 0.055058 0.019165 0.001931 0.488278 0.006305 1.643045 2193.877307
0.405097 0.027453 0.053618 0.018180 0.001908 0.487416 0.006328 1.645864 2204.427898
0.410921 0.025152 0.052082 0.017258 0.001883 0.486354 0.006351 1.648433 2213.532411
0.416779 0.023022 0.050452 0.016338 0.001853 0.485186 0.006370 1.650790 2223.479793
0.422616 0.021071 0.048746 0.015494 0.001822 0.483858 0.006393 1.652936 2233.436606
0.428449 0.019255 0.047048 0.014666 0.001792 0.482373 0.006418 1.654908 2242.634230
0.434346 0.017569 0.045302 0.013880 0.001766 0.480695 0.006441 1.656736 2252.555995
0.440164 0.016056 0.043504 0.013133 0.001732 0.478948 0.006463 1.658374 2263.388707
0.446059 0.014666 0.041758 0.012414 0.001704 0.476911 0.006487 1.659867 2272.823319
0.451910 0.013393 0.040068 0.011711 0.001665 0.474740 0.006512 1.661247 2283.631142
0.457779 0.012215 0.038367 0.011061 0.001624 0.472421 0.006534 1.662509 2294.992089
0.463593 0.011127 0.036718 0.010425 0.001583 0.469995 0.006559 1.663675 2306.483319
0.469337 0.010136 0.035069 0.009843 0.001543 0.467491 0.006580 1.664735 2317.212475
0.475104 0.009247 0.033482 0.009270 0.001519 0.464782 0.006598 1.665687 2325.001540
0.480848 0.008426 0.031943 0.008747 0.001480 0.461940 0.006616 1.666563 2334.330167
0.486559 0.007696 0.030402 0.008246 0.001441 0.459017 0.006640 1.667341 2344.229571
0.492182 0.007013 0.028954 0.007770 0.001403 0.456017 0.006660 1.668065 2354.995635
0.497829 0.006388 0.027468 0.007317 0.001366 0.452953 0.006679 1.668725 2365.133804
0.503444 0.005825 0.026051 0.006878 0.001335 0.449773 0.006694 1.669321 2374.110273
0.509056 0.005317 0.024725 0.006480 0.001299 0.446411 0.006711 1.669867 2382.420520
0.514611 0.004826 0.023434 0.006098 0.001265 0.443035 0.006732 1.670388 2391.607754
0.520151 0.004412 0.022224 0.005736 0.001228 0.439497 0.006753 1.670830 2400.386861
0.525627 0.004019 0.021050 0.005380 0.001195 0.435961 0.006768 1.671243 2408.978768
0.531044 0.003669 0.019884 0.005067 0.001163 0.432388 0.006784 1.671616 2416.931684
0.536420 0.003340 0.018778 0.004749 0.001134 0.428781 0.006798 1.671966 2424.494324
0.541662 0.003041 0.017750 0.004471 0.001105 0.425157 0.006813 1.672283 2433.135629
0.546897 0.002775 0.016755 0.004200 0.001073 0.421475 0.006825 1.672567 2441.628433
0.552167 0.002531 0.015807 0.003928 0.001043 0.417684 0.006840 1.672828 2448.905430
0.557410 0.002302 0.014891 0.003690 0.001014 0.413839 0.006855 1.673073 2456.568081
0.562569 0.002102 0.014044 0.003460 0.000980 0.409976 0.006869 1.673288 2465.802020
0.567716 0.001918 0.013235 0.003250 0.000944 0.406051 0.006886 1.673483 2474.984705
0.572783 0.001764 0.012494 0.003040 0.000911 0.402105 0.006903 1.673649 2483.054710
0.577746 0.001614 0.011749 0.002845 0.000885 0.398247 0.006914 1.673812 2490.055657
0.582676 0.001468 0.011067 0.002662 0.000866 0.394336 0.006924 1.673970 2496.810220
0.587587 0.001341 0.010421 0.002486 0.000837 0.390390 0.006938 1.674107 2505.879528
0.592423 0.001234 0.009797 0.002326 0.000809 0.386462 0.006950 1.674224 2513.365471
0.597196 0.001121 0.009225 0.002186 0.000780 0.382530 0.006962 1.674346 2520.772936
0.601944 0.001025 0.008682 0.002041 0.000759 0.378575 0.006972 1.674449 2527.093754
0.606696 0.000936 0.008192 0.001909 0.000737 0.374546 0.006984 1.674547 2533.577928
0.611342 0.000856 0.007709 0.001786 0.000717 0.370598 0.006993 1.674637 2538.777488
0.615978 0.000782 0.007234 0.001679 0.000689 0.366633 0.007004 1.674716 2545.731982
0.620594 0.000711 0.006792 0.001570 0.000667 0.362653 0.007012 1.674794 2552.133491
0.625018 0.000649 0.006390 0.001464 0.000644 0.358812 0.007024 1.674860 2559.116645
0.629451 0.000595 0.005990 0.001375 0.000622 0.354933 0.007034 1.674920 2564.509497
0.633860 0.000536 0.005636 0.001282 0.000606 0.351039 0.007042 1.674983 2569.366269
0.638165 0.000484 0.005270 0.001203 0.000586 0.347244 0.007049 1.675038 2575.711956
0.642470 0.000448 0.004917 0.001130 0.000567 0.343409 0.007058 1.675081 2581.058295
0.646716 0.000409 0.004631 0.001055 0.000548 0.339574 0.007067 1.675124 2587.169508
0.650982 0.000375 0.004350 0.000990 0.000527 0.335698 0.007078 1.675161 2593.492892
0.655201 0.000343 0.004071 0.000924 0.000510 0.331867 0.007086 1.675196 2598.338572
0.659288 0.000315 0.003816 0.000864 0.000486 0.328137 0.007093 1.675226 2604.613960
0.663363 0.000290 0.003576 0.000810 0.000468 0.324393 0.007100 1.675257 2610.798431
0.667421 0.000264 0.003362 0.000759 0.000452 0.320637 0.007105 1.675286 2616.675273
0.671298 0.000244 0.003147 0.000708 0.000438 0.317055 0.007110 1.675310 2621.380072
0.675157 0.000221 0.002950 0.000668 0.000421 0.313466 0.007116 1.675336 2627.278253
0.679089 0.000201 0.002763 0.000629 0.000408 0.309788 0.007122 1.675359 2631.227402
0.682973 0.000184 0.002592 0.000584 0.000398 0.306144 0.007126 1.675379 2634.309303
0.686759 0.000171 0.002425 0.000548 0.000384 0.302581 0.007132 1.675394 2638.530866
0.690551 0.000158 0.002277 0.000510 0.000372 0.298996 0.007136 1.675411 2643.230008
0.694242 0.000147 0.002119 0.000471 0.000355 0.295523 0.007143 1.675424 2648.031014
0.697888 0.000134 0.001971 0.000443 0.000342 0.292074 0.007148 1.675438 2652.603368
0.701473 0.000125 0.001845 0.000421 0.000331 0.288651 0.007154 1.675450 2656.244925
0.705045 0.000114 0.001722 0.000395 0.000323 0.285245 0.007156 1.675463 2659.032172
0.708610 0.000105 0.001617 0.000365 0.000313 0.281830 0.007162 1.675474 2662.356588
0.712128 0.000098 0.001501 0.000337 0.000306 0.278464 0.007166 1.675483 2665.071992
0.715600 0.000092 0.001408 0.000317 0.000295 0.275119 0.007170 1.675491 2668.853678
0.719013 0.000088 0.001311 0.000298 0.000286 0.271831 0.007174 1.675497 2672.132139
0.722386 0.000084 0.001220 0.000277 0.000276 0.268579 0.007178 1.675501 2675.490166
0.725697 0.000077 0.001144 0.000256 0.000267 0.265377 0.007181 1.675509 2678.636052
0.728955 0.000071 0.001075 0.000240 0.000257 0.262217 0.007185 1.675515 2682.214487
0.732207 0.000065 0.001008 0.000223 0.000249 0.259060 0.007189 1.675522 2685.547004
0.735438 0.000059 0.000940 0.000209 0.000239 0.255923 0.007192 1.675530 2689.625131
0.738620 0.000055 0.000877 0.000195 0.000232 0.252826 0.007196 1.675534 2693.067720
0.741723 0.000050 0.000824 0.000180 0.000222 0.249802 0.007199 1.675540 2696.523115
0.744817 0.000045 0.000771 0.000168 0.000212 0.246785 0.007202 1.675546 2700.308166
0.747902 0.000042 0.000721 0.000161 0.000205 0.243765 0.007204 1.675550 2703.095635
0.750960 0.000038 0.000680 0.000151 0.000200 0.240766 0.007205 1.675555 2705.191431
0.753940 0.000036 0.000642 0.000142 0.000193 0.237841 0.007208 1.675559 2708.316805
0.756886 0.000033 0.000602 0.000134 0.000186 0.234950 0.007211 1.675562 2711.401762
0.759803 0.000032 0.000566 0.000125 0.000181 0.232081 0.007212 1.675564 2712.973028
0.762648 0.000031 0.000523 0.000115 0.000178 0.229293 0.007213 1.675566 2714.358559
0.765495 0.000028 0.000487 0.000109 0.000172 0.226493 0.007216 1.675569 2716.812048
0.768316 0.000027 0.000457 0.000102 0.000167 0.223713 0.007218 1.675572 2719.125510
0.771104 0.000024 0.000430 0.000095 0.000161 0.220966 0.007220 1.675574 2721.377187
0.773910 0.000022 0.000405 0.000088 0.000152 0.218200 0.007223 1.675577 2724.626692
0.776635 0.000021 0.000375 0.000082 0.000146 0.215515 0.007226 1.675579 2727.248062
0.779320 0.000020 0.000352 0.000074 0.000140 0.212864 0.007229 1.675579 2729.273215
0.781925 0.000019 0.000325 0.000071 0.000134 0.210295 0.007231 1.675581 2731.971053
0.784558 0.000018 0.000305 0.000066 0.000128 0.207691 0.007234 1.675583 2734.035865
0.787165 0.000017 0.000287 0.000063 0.000124 0.205109 0.007235 1.675584 2736.003723
0.789725 0.000018 0.000267 0.000058 0.000117 0.202579 0.007237 1.675586 2738.799249
0.792254 0.000016 0.000252 0.000052 0.000113 0.200074 0.007239 1.675588 2740.674285
0.794735 0.000015 0.000235 0.000050 0.000110 0.197616 0.007240 1.675589 2742.387425
0.797120 0.000012 0.000222 0.000045 0.000107 0.195254 0.007240 1.675592 2743.517245
0.799458 0.000011 0.000208 0.000042 0.000103 0.192937 0.007242 1.675594 2745.144194
0.801775 0.000010 0.000193 0.000040 0.000101 0.190640 0.007242 1.675595 2746.053893
0.804037 0.000009 0.000181 0.000038 0.000097 0.188393 0.007244 1.675595 2747.515625
0.806261 0.000009 0.000169 0.000036 0.000094 0.186184 0.007246 1.675596 2749.042963
0.808448 0.000008 0.000159 0.000034 0.000089 0.184013 0.007248 1.675597 2750.810503
0.810581 0.000008 0.000151 0.000031 0.000084 0.181895 0.007250 1.675597 2753.332831
0.812694 0.000008 0.000143 0.000028 0.000079 0.179798 0.007252 1.675598 2755.748304
0.814746 0.000007 0.000132 0.000027 0.000076 0.177761 0.007252 1.675599 2757.209794
0.816731 0.000007 0.000125 0.000026 0.000074 0.175784 0.007253 1.675600 2758.013486
0.818661 0.000007 0.000116 0.000024 0.000070 0.173867 0.007255 1.675600 2760.285145
0.820498 0.000006 0.000110 0.000022 0.000066 0.172042 0.007256 1.675602 2761.901393
0.822294 0.000006 0.000105 0.000021 0.000064 0.170254 0.007257 1.675602 2763.009404
0.823995 0.000005 0.000100 0.000020 0.000061 0.168562 0.007257 1.675603 2764.617502
0.825729 0.000005 0.000093 0.000019 0.000058 0.166838 0.007257 1.675604 2766.059150
0.827361 0.000004 0.000088 0.000018 0.000056 0.165214 0.007258 1.675605 2767.226165
0.828974 0.000004 0.000081 0.000017 0.000053 0.163612 0.007259 1.675605 2768.564685
0.830547 0.000004 0.000077 0.000017 0.000051 0.162045 0.007260 1.675606 2769.935345
0.832017 0.000003 0.000072 0.000016 0.000049 0.160582 0.007261 1.675606 2770.694880
0.833422 0.000003 0.000066 0.000016 0.000047 0.159185 0.007261 1.675607 2771.648279
0.834783 0.000003 0.000060 0.000015 0.000045 0.157833 0.007262 1.675607 2772.798355
0.836083 0.000002 0.000056 0.000014 0.000043 0.156539 0.007262 1.675607 2773.530111
0.837296 0.000002 0.000052 0.000012 0.000043 0.155332 0.007263 1.675607 2774.076557
0.838518 0.000003 0.000048 0.000012 0.000041 0.154114 0.007264 1.675607 2775.158090
0.839650 0.000003 0.000045 0.000011 0.000038 0.152988 0.007265 1.675607 2776.580939
0.840713 0.000003 0.000043 0.000009 0.000037 0.151930 0.007265 1.675607 2777.411185
0.841708 0.000003 0.000042 0.000009 0.000035 0.150938 0.007266 1.675607 2778.221633
0.842699 0.000003 0.000039 0.000009 0.000034 0.149950 0.007267 1.675607 2779.063730
0.843628 0.000002 0.000037 0.000008 0.000033 0.149025 0.007267 1.675608 2779.807867
0.844510 0.000002 0.000034 0.000008 0.000030 0.148148 0.007268 1.675608 2781.399061
0.845353 0.000001 0.000032 0.000007 0.000029 0.147309 0.007269 1.675609 2782.112615
0.846159 0.000002 0.000030 0.000007 0.000029 0.146504 0.007269 1.675609 2782.228305
0.846907 0.000001 0.000028 0.000007 0.000026 0.145761 0.007270 1.675609 2783.862149
0.847638 0.000001 0.000026 0.000006 0.000025 0.145033 0.007271 1.675609 2784.366617
0.848337 0.000001 0.000024 0.000006 0.000024 0.144336 0.007271 1.675609 2784.491073
0.848986 0.000001 0.000023 0.000005 0.000024 0.143689 0.007272 1.675609 2784.942634
0.849605 0.000001 0.000022 0.000005 0.000023 0.143073 0.007272 1.675609 2785.489876
0.850193 0.000001 0.000021 0.000005 0.000022 0.142486 0.007272 1.675609 2785.948039
0.850762 0.000001 0.000018 0.000005 0.000021 0.141920 0.007273 1.675609 2786.406042
0.851297 0.000001 0.000017 0.000004 0.000020 0.141386 0.007274 1.675609 2787.068190
0.851794 0.000001 0.000016 0.000003 0.000019 0.140892 0.007274 1.675609 2787.693215
0.852246 0.000001 0.000015 0.000003 0.000018 0.140443 0.007275 1.675609 2788.479290
0.852661 0.000001 0.000014 0.000003 0.000017 0.140030 0.007275 1.675609 2789.347273
0.853029 0.000001 0.000013 0.000002 0.000016 0.139664 0.007275 1.675610 2789.583603
0.853381 0.000001 0.000012 0.000002 0.000016 0.139313 0.007276 1.675610 2789.967478
0.853722 0.000000 0.000011 0.000002 0.000015 0.138973 0.007277 1.675610 2790.590347
0.854040 0.000000 0.000010 0.000002 0.000014 0.138656 0.007277 1.675610 2790.763289
0.854330 0.000000 0.000010 0.000001 0.000014 0.138367 0.007277 1.675610 2790.763289
0.854623 0.000001 0.000009 0.000001 0.000014 0.138075 0.007277 1.675610 2791.100046
0.854906 0.000001 0.000009 0.000001 0.000012 0.137793 0.007278 1.675610 2791.994172
0.855162 0.000001 0.000008 0.000001 0.000012 0.137538 0.007278 1.675610 2791.994172
0.855405 0.000001 0.000008 0.000001 0.000012 0.137295 0.007278 1.675610 2791.994172
0.855636 0.000001 0.000007 0.000001 0.000011 0.137065 0.007278 1.675610 2792.550521
0.855861 0.000000 0.000007 0.000001 0.000011 0.136841 0.007278 1.675610 2792.740026
0.856098 0.000000 0.000007 0.000001 0.000011 0.136605 0.007278 1.675610 2793.193976
0.856309 0.000000 0.000006 0.000001 0.000011 0.136395 0.007278 1.675610 2793.193976
0.856519 0.000000 0.000006 0.000001 0.000010 0.136186 0.007278 1.675610 2793.394123
0.856706 0.000000 0.000006 0.000001 0.000010 0.135999 0.007278 1.675610 2793.394123
0.856874 0.000000 0.000005 0.000001 0.000010 0.135833 0.007278 1.675610 2793.750198
0.857030 0.000000 0.000005 0.000001 0.000009 0.135677 0.007279 1.675610 2794.279771
0.857174 0.000000 0.000005 0.000000 0.000008 0.135534 0.007279 1.675611 2794.895200
0.857312 0.000000 0.000005 0.000000 0.000007 0.135396 0.007279 1.675611 2795.311486
0.857455 0.000000 0.000005 0.000000 0.000007 0.135254 0.007279 1.675611 2795.311486
0.857581 0.000000 0.000004 0.000000 0.000007 0.135128 0.007280 1.675611 2795.734942
0.857686 0.000000 0.000004 0.000000 0.000007 0.135024 0.007280 1.675611 2795.897931
0.857788 0.000000 0.000004 0.000000 0.000007 0.134921 0.007280 1.675611 2795.897931
0.857886 0.000000 0.000004 0.000000 0.000006 0.134823 0.007280 1.675611 2796.077758
0.857985 0.000000 0.000004 0.000000 0.000006 0.134725 0.007280 1.675611 2796.077758
0.858086 0.000000 0.000004 0.000000 0.000006 0.134624 0.007280 1.675611 2796.077758
0.858187 0.000000 0.000004 0.000000 0.000006 0.134523 0.007280 1.675611 2796.077758
0.858282 0.000000 0.000004 0.000000 0.000006 0.134428 0.007280 1.675611 2796.077758
0.858368 0.000000 0.000003 0.000000 0.000006 0.134343 0.007280 1.675611 2796.483719
0.858450 0.000000 0.000003 0.000000 0.000006 0.134261 0.007280 1.675611 2796.683558
0.858527 0.000000 0.000003 0.000000 0.000005 0.134184 0.007281 1.675611 2796.929865
0.858599 0.000000 0.000003 0.000000 0.000005 0.134113 0.007281 1.675611 2796.929865
0.858665 0.000000 0.000002 0.000000 0.000005 0.134047 0.007281 1.675611 2797.050053
0.858732 0.000000 0.000002 0.000000 0.000005 0.133981 0.007281 1.675611 2797.050053
0.858795 0.000000 0.000002 0.000000 0.000005 0.133918 0.007281 1.675611 2797.050053
0.858853 0.000000 0.000002 0.000000 0.000005 0.133860 0.007281 1.675611 2797.346132
0.858911 0.000000 0.000002 0.000000 0.000005 0.133802 0.007281 1.675611 2797.346132
0.858960 0.000000 0.000002 0.000000 0.000004 0.133753 0.007281 1.675611 2797.722402
0.859000 0.000000 0.000001 0.000000 0.000004 0.133715 0.007281 1.675611 2797.810982
0.859040 0.000000 0.000001 0.000000 0.000003 0.133675 0.007281 1.675611 2797.954104
0.859070 0.000000 0.000001 0.000000 0.000003 0.133645 0.007281 1.675611 2798.094659
0.859105 0.000000 0.000001 0.000000 0.000003 0.133610 0.007281 1.675611 2798.094659
0.859137 0.000000 0.000001 0.000000 0.000003 0.133578 0.007281 1.675611 2798.332094
0.859165 0.000000 0.000001 0.000000 0.000003 0.133551 0.007281 1.675611 2798.415527
0.859186 0.000000 0.000001 0.000000 0.000003 0.133530 0.007281 1.675611 2798.415527
0.859209 0.000000 0.000001 0.000000 0.000003 0.133507 0.007281 1.675611 2798.415527
0.859234 0.000000 0.000001 0.000000 0.000003 0.133482 0.007281 1.675611 2798.415527
0.859259 0.000000 0.000001 0.000000 0.000002 0.133457 0.007281 1.675611 2798.566628
0.859284 0.000000 0.000000 0.000000 0.000002 0.133432 0.007281 1.675611 2798.566628
0.859307 0.000000 0.000000 0.000000 0.000002 0.133409 0.007281 1.675611 2798.566628
0.859324 0.000000 0.000000 0.000000 0.000002 0.133393 0.007281 1.675611 2798.736637
0.859343 0.000000 0.000000 0.000000 0.000002 0.133374 0.007281 1.675611 2798.736637
0.859361 0.000000 0.000000 0.000000 0.000002 0.133356 0.007281 1.675611 2798.736637
0.859378 0.000000 0.000000 0.000000 0.000002 0.133339 0.007281 1.675611 2798.736637
0.859395 0.000000 0.000000 0.000000 0.000002 0.133322 0.007281 1.675611 2798.736637
0.859407 0.000000 0.000000 0.000000 0.000002 0.133310 0.007281 1.675611 2798.971549
0.859420 0.000000 0.000000 0.000000 0.000002 0.133297 0.007281 1.675611 2798.971549
0.859433 0.000000 0.000000 0.000000 0.000002 0.133284 0.007281 1.675611 2798.971549
0.859446 0.000000 0.000000 0.000000 0.000001 0.133271 0.007281 1.675611 2799.255622
0.859457 0.000000 0.000000 0.000000 0.000001 0.133260 0.007281 1.675611 2799.255622
0.859469 0.000000 0.000000 0.000000 0.000001 0.133249 0.007281 1.675611 2799.255622
0.859480 0.000000 0.000000 0.000000 0.000001 0.133238 0.007281 1.675611 2799.255622
0.859489 0.000000 0.000000 0.000000 0.000001 0.133228 0.007281 1.675611 2799.255622
0.859500 0.000000 0.000000 0.000000 0.000001 0.133218 0.007281 1.675611 2799.255622
0.859508 0.000000 0.000000 0.000000 0.000001 0.133209 0.007281 1.675611 2799.255622
0.859516 0.000000 0.000000 0.000000 0.000001 0.133201 0.007281 1.675611 2799.255622
0.859527 0.000000 0.000000 0.000000 0.000001 0.133190 0.007281 1.675611 2799.255622
0.859536 0.000000 0.000000 0.000000 0.000001 0.133181 0.007281 1.675611 2799.255622
0.859546 0.000000 0.000000 0.000000 0.000001 0.133172 0.007281 1.675611 2799.255622
0.859553 0.000000 0.000000 0.000000 0.000001 0.133164 0.007281 1.675611 2799.255622
0.859562 0.000000 0.000000 0.000000 0.000001 0.133155 0.007281 1.675611 2799.255622
0.859569 0.000000 0.000000 0.000000 0.000001 0.133148 0.007281 1.675611 2799.255622
0.859576 0.000000 0.000000 0.000000 0.000001 0.133142 0.007281 1.675611 2799.255622
0.859582 0.000000 0.000000 0.000000 0.000001 0.133136 0.007281 1.675611 2799.255622
0.859587 0.000000 0.000000 0.000000 0.000001 0.133131 0.007281 1.675611 2799.255622
0.859593 0.000000 0.000000 0.000000 0.000001 0.133125 0.007281 1.675611 2799.255622
0.859601 0.000000 0.000000 0.000000 0.000001 0.133117 0.007281 1.675611 2799.255622
0.859606 0.000000 0.000000 0.000000 0.000001 0.133111 0.007281 1.675611 2799.255622
0.859613 0.000000 0.000000 0.000000 0.000001 0.133104 0.007281 1.675611 2799.255622
0.859619 0.000000 0.000000 0.000000 0.000001 0.133099 0.007281 1.675611 2799.255622
0.859625 0.000000 0.000000 0.000000 0.000001 0.133093 0.007281 1.675611 2799.255622
0.859631 0.000000 0.000000 0.000000 0.000001 0.133087 0.007281 1.675611 2799.255622
0.859638 0.000000 0.000000 0.000000 0.000001 0.133080 0.007281 1.675611 2799.255622
0.859646 0.000000 0.000000 0.000000 0.000001 0.133072 0.007281 1.675611 2799.255622
0.859650 0.000000 0.000000 0.000000 0.000001 0.133068 0.007281 1.675611 2799.255622
0.859655 0.000000 0.000000 0.000000 0.000001 0.133062 0.007281 1.675611 2799.371430
0.859660 0.000000 0.000000 0.000000 0.000001 0.133058 0.007281 1.675611 2799.371430
0.859665 0.000000 0.000000 0.000000 0.000001 0.133053 0.007281 1.675611 2799.371430
0.859668 0.000000 0.000000 0.000000 0.000001 0.133049 0.007282 1.675611 2799.640727
0.859672 0.000000 0.000000 0.000000 0.000001 0.133046 0.007282 1.675611 2799.640727
0.859677 0.000000 0.000000 0.000000 0.000001 0.133040 0.007282 1.675611 2799.640727
0.859679 0.000000 0.000000 0.000000 0.000001 0.133038 0.007282 1.675611 2799.640727
0.859683 0.000000 0.000000 0.000000 0.000000 0.133035 0.007282 1.675611 2799.880867
0.859685 0.000000 0.000000 0.000000 0.000000 0.133033 0.007282 1.675611 2799.880867
0.859688 0.000000 0.000000 0.000000 0.000000 0.133029 0.007282 1.675611 2799.880867
0.859689 0.000000 0.000000 0.000000 0.000000 0.133028 0.007282 1.675611 2799.880867
0.859690 0.000000 0.000000 0.000000 0.000000 0.133027 0.007282 1.675611 2799.880867
0.859692 0.000000 0.000000 0.000000 0.000000 0.133026 0.007282 1.675611 2799.880867
0.859694 0.000000 0.000000 0.000000 0.000000 0.133023 0.007282 1.675611 2799.880867
0.859698 0.000000 0.000000 0.000000 0.000000 0.133020 0.007282 1.675611 2799.880867
0.859700 0.000000 0.000000 0.000000 0.000000 0.133017 0.007282 1.675611 2799.880867
0.859702 0.000000 0.000000 0.000000 0.000000 0.133016 0.007282 1.675611 2799.880867
0.859704 0.000000 0.000000 0.000000 0.000000 0.133014 0.007282 1.675611 2799.880867
0.859707 0.000000 0.000000 0.000000 0.000000 0.133011 0.007282 1.675611 2799.880867
0.859708 0.000000 0.000000 0.000000 0.000000 0.133010 0.007282 1.675611 2799.880867
0.859711 0.000000 0.000000 0.000000 0.000000 0.133007 0.007282 1.675611 2799.880867
0.859712 0.000000 0.000000 0.000000 0.000000 0.133006 0.007282 1.675611 2799.880867
0.859714 0.000000 0.000000 0.000000 0.000000 0.133004 0.007282 1.675611 2799.880867
0.859716 0.000000 0.000000 0.000000 0.000000 0.133002 0.007282 1.675611 2799.880867
0.859717 0.000000 0.000000 0.000000 0.000000 0.133001 0.007282 1.675611 2799.880867
0.859718 0.000000 0.000000 0.000000 0.000000 0.133000 0.007282 1.675611 2800.142951
0.859719 0.000000 0.000000 0.000000 0.000000 0.132999 0.007282 1.675611 2800.142951
0.859720 0.000000 0.000000 0.000000 0.000000 0.132998 0.007282 1.675611 2800.142951
0.859721 0.000000 0.000000 0.000000 0.000000 0.132997 0.007282 1.675611 2800.142951
0.859722 0.000000 0.000000 0.000000 0.000000 0.132996 0.007282 1.675611 2800.142951
0.859722 0.000000 0.000000 0.000000 0.000000 0.132996 0.007282 1.675611 2800.142951
0.859723 0.000000 0.000000 0.000000 0.000000 0.132995 0.007282 1.675611 2800.142951
0.859724 0.000000 0.000000 0.000000 0.000000 0.132994 0.007282 1.675611 2800.142951
0.859726 0.000000 0.000000 0.000000 0.000000 0.132992 0.007282 1.675611 2800.142951
0.859727 0.000000 0.000000 0.000000 0.000000 0.132991 0.007282 1.675611 2800.142951
0.859729 0.000000 0.000000 0.000000 0.000000 0.132989 0.007282 1.675611 2800.142951
0.859730 0.000000 0.000000 0.000000 0.000000 0.132988 0.007282 1.675611 2800.142951
0.859730 0.000000 0.000000 0.000000 0.000000 0.132988 0.007282 1.675611 2800.142951
0.859730 0.000000 0.000000 0.000000 0.000000 0.132988 0.007282 1.675611 2800.142951
0.859730 0.000000 0.000000 0.000000 0.000000 0.132988 0.007282 1.675611 2800.142951
0.859732 0.000000 0.000000 0.000000 0.000000 0.132986 0.007282 1.675611 2800.142951
0.859733 0.000000 0.000000 0.000000 0.000000 0.132985 0.007282 1.675611 2800.142951
0.859733 0.000000 0.000000 0.000000 0.000000 0.132985 0.007282 1.675611 2800.453656
0.859733 0.000000 0.000000 0.000000 0.000000 0.132985 0.007282 1.675611 2800.453656
0.859733 0.000000 0.000000 0.000000 0.000000 0.132985 0.007282 1.675611 2800.453656
0.859733 0.000000 0.000000 0.000000 0.000000 0.132985 0.007282 1.675611 2800.453656
0.859733 0.000000 0.000000 0.000000 0.000000 0.132985 0.007282 1.675611 2800.453656
0.859733 0.000000 0.000000 0.000000 0.000000 0.132985 0.007282 1.675611 2800.453656
0.859733 0.000000 0.000000 0.000000 0.000000 0.132985 0.007282 1.675611 2800.453656
0.859733 0.000000 0.000000 0.000000 0.000000 0.132985 0.007282 1.675611 2800.453656
0.859733 0.000000 0.000000 0.000000 0.000000 0.132985 0.007282 1.675611 2800.453656
0.859733 0.000000 0.000000 0.000000 0.000000 0.132985 0.007282 1.675611 2800.453656
0.859733 0.000000 0.000000 0.000000 0.000000 0.132985 0.007282 1.675611 2800.453656
0.859733 0.000000 0.000000 0.000000 0.000000 0.132985 0.007282 1.675611 2800.453656
0.859733 0.000000 0.000000 0.000000 0.000000 0.132985 0.007282 1.675611 2800.453656
0.859733 0.000000 0.000000 0.000000 0.000000 0.132985 0.007282 1.675611 2800.453656
0.859733 0.000000 0.000000 0.000000 0.000000 0.132985 0.007282 1.675611 2800.453656
0.859733 0.000000 0.000000 0.000000 0.000000 0.132985 0.007282 1.675611 2800.453656
0.859733 0.000000 0.000000 0.000000 0.000000 0.132985 0.007282 1.675611 2800.453656
0.859733 0.000000 0.000000 0.000000 0.000000 0.132985 0.007282 1.675611 2800.453656
0.859733 0.000000 0.000000 0.000000 0.000000 0.132985 0.007282 1.675611 2800.453656
0.859733 0.000000 0.000000 0.000000 0.000000 0.132985 0.007282 1.675611 2800.453656
0.859733 0.000000 0.000000 0.000000 0.000000 0.132985 0.007282 1.675611 2800.453656
0.859733 0.000000 0.000000 0.000000 0.000000 0.132985 0.007282 1.675611 2800.453656
0.859733 0.000000 0.000000 0.000000 0.000000 0.132985 0.007282 1.675611 2800.453656
0.859733 0.000000 0.000000 0.000000 0.000000 0.132985 0.007282 1.675611 2800.453656
0.859733 0.000000 0.000000 0.000000 0.000000 0.132985 0.007282 1.675611 2800.453656
0.859733 0.000000 0.000000 0.000000 0.000000 0.132985 0.007282 1.675611 2800.453656
0.859733 0.000000 0.000000 0.000000 0.000000 0.132985 0.007282 1.675611 2800.453656
0.859733 0.000000 0.000000 0.000000 0.000000 0.132985 0.007282 1.675611 2800.453656
0.859733 0.000000 0.000000 0.000000 0.000000 0.132985 0.007282 1.675611 2800.453656
0.859733 0.000000 0.000000 0.000000 0.000000 0.132985 0.007282 1.675611 2800.453656
0.859733 0.000000 0.000000 0.000000 0.000000 0.132985 0.007282 1.675611 2800.453656
0.859733 0.000000 0.000000 0.000000 0.000000 0.132985 0.007282 1.675611 2800.453656
0.859733 0.000000 0.000000 0.000000 0.000000 0.132985 0.007282 1.675611 2800.453656
0.859733 0.000000 0.000000 0.000000 0.000000 0.132985 0.007282 1.675611 2800.453656
0.859733 0.000000 0.000000 0.000000 0.000000 0.132985 0.007282 1.675611 2800.453656
0.859733 0.000000 0.000000 0.000000 0.000000 0.132985 0.007282 1.675611 2800.453656
0.859733 0.000000 0.000000 0.000000 0.000000 0.132985 0.007282 1.675611 2800.453656
0.859733 0.000000 0.000000 0.000000 0.000000 0.132985 0.007282 1.675611 2800.453656
0.859733 0.000000 0.000000 0.000000 0.000000 0.132985 0.007282 1.675611 2800.453656
0.859733 0.000000 0.000000 0.000000 0.000000 0.132985 0.007282 1.675611 2800.453656
0.859733 0.000000 0.000000 0.000000 0.000000 0.132985 0.007282 1.675611 2800.453656
0.859733 0.000000 0.000000 0.000000 0.000000 0.132985 0.007282 1.675611 2800.453656
0.859733 0.000000 0.000000 0.000000 0.000000 0.132985 0.007282 1.675611 2800.453656
0.859733 0.000000 0.000000 0.000000 0.000000 0.132985 0.007282 1.675611 2800.453656
0.859733 0.000000 0.000000 0.000000 0.000000 0.132985 0.007282 1.675611 2800.453656
0.859733 0.000000 0.000000 0.000000 0.000000 0.132985 0.007282 1.675611 2800.453656
0.859733 0.000000 0.000000 0.000000 0.000000 0.132985 0.007282 1.675611 2800.453656
0.859733 0.000000 0.000000 0.000000 0.000000 0.132985 0.007282 1.675611 2800.453656
0.859733 0.000000 0.000000 0.000000 0.000000 0.132985 0.007282 1.675611 2800.453656
0.859733 0.000000 0.000000 0.000000 0.000000 0.132985 0.007282 1.675611 2800.453656
0.859733 0.000000 0.000000 0.000000 0.000000 0.132985 0.007282 1.675611 2800.453656
0.859733 0.000000 0.000000 0.000000 0.000000 0.132985 0.007282 1.675611 2800.453656
0.859733 0.000000 0.000000 0.000000 0.000000 0.132985 0.007282 1.675611 2800.453656
0.859733 0.000000 0.000000 0.000000 0.000000 0.132985 0.007282 1.675611 2800.453656
0.859733 0.000000 0.000000 0.000000 0.000000 0.132985 0.007282 1.675611 2800.453656
0.859733 0.000000 0.000000 0.000000 0.000000 0.132985 0.007282 1.675611 2800.453656
0.859733 0.000000 0.000000 0.000000 0.000000 0.132985 0.007282 1.675611 2800.453656
0.859733 0.000000 0.000000 0.000000 0.000000 0.132985 0.007282 1.675611 2800.453656
0.859733 0.000000 0.000000 0.000000 0.000000 0.132985 0.007282 1.675611 2800.453656
0.859733 0.000000 0.000000 0.000000 0.000000 0.132985 0.007282 1.675611 2800.453656
0.859733 0.000000 0.000000 0.000000 0.000000 0.132985 0.007282 1.675611 2800.453656
0.859733 0.000000 0.000000 0.000000 0.000000 0.132985 0.007282 1.675611 2800.453656
0.859733 0.000000 0.000000 0.000000 0.000000 0.132985 0.007282 1.675611 2800.453656
0.859733 0.000000 0.000000 0.000000 0.000000 0.132985 0.007282 1.675611 2800.453656
0.859733 0.000000 0.000000 0.000000 0.000000 0.132985 0.007282 1.675611 2800.453656
0.859733 0.000000 0.000000 0.000000 0.000000 0.132985 0.007282 1.675611 2800.453656
0.859733 0.000000 0.000000 0.000000 0.000000 0.132985 0.007282 1.675611 2800.453656
0.859733 0.000000 0.000000 0.000000 0.000000 0.132985 0.007282 1.675611 2800.453656
0.859733 0.000000 0.000000 0.000000 0.000000 0.132985 0.007282 1.675611 2800.453656
0.859733 0.000000 0.000000 0.000000 0.000000 0.132985 0.007282 1.675611 2800.453656
0.859733 0.000000 0.000000 0.000000 0.000000 0.132985 0.007282 1.675611 2800.453656
0.859733 0.000000 0.000000 0.000000 0.000000 0.132985 0.007282 1.675611 2800.453656
0.859733 0.000000 0.000000 0.000000 0.000000 0.132985 0.007282 1.675611 2800.453656
0.859733 0.000000 0.000000 0.000000 0.000000 0.132985 0.007282 1.675611 2800.453656
0.859733 0.000000 0.000000 0.000000 0.000000 0.132985 0.007282 1.675611 2800.453656
0.859733 0.000000 0.000000 0.000000 0.000000 0.132985 0.007282 1.675611 2800.453656
0.859733 0.000000 0.000000 0.000000 0.000000 0.132985 0.007282 1.675611 2800.453656
0.859733 0.000000 0.000000 0.000000 0.000000 0.132985 0.007282 1.675611 2800.453656
0.859733 0.000000 0.000000 0.000000 0.000000 0.132985 0.007282 1.675611 2800.453656
0.859733 0.000000 0.000000 0.000000 0.000000 0.132985 0.007282 1.675611 2800.453656
0.859733 0.000000 0.000000 0.000000 0.000000 0.132985 0.007282 1.675611 2800.453656
0.859733 0.000000 0.000000 0.000000 0.000000 0.132985 0.007282 1.675611 2800.453656
0.859733 0.000000 0.000000 0.000000 0.000000 0.132985 0.007282 1.675611 2800.453656
0.859733 0.000000 0.000000 0.000000 0.000000 0.132985 0.007282 1.675611 2800.453656
0.859733 0.000000 0.000000 0.000000 0.000000 0.132985 0.007282 1.675611 2800.453656
0.859733 0.000000 0.000000 0.000000 0.000000 0.132985 0.007282 1.675611 2800.453656
0.859733 0.000000 0.000000 0.000000 0.000000 0.132985 0.007282 1.675611 2800.453656
0.859733 0.000000 0.000000 0.000000 0.000000 0.132985 0.007282 1.675611 2800.453656
0.859733 0.000000 0.000000 0.000000 0.000000 0.132985 0.007282 1.675611 2800.453656
0.859733 0.000000 0.000000 0.000000 0.000000 0.132985 0.007282 1.675611 2800.453656
0.859733 0.000000 0.000000 0.000000 0.000000 0.132985 0.007282 1.675611 2800.453656
0.859733 0.000000 0.000000 0.000000 0.000000 0.132985 0.007282 1.675611 2800.453656
0.859733 0.000000 0.000000 0.000000 0.000000 0.132985 0.007282 1.675611 2800.453656
0.859733 0.000000 0.000000 0.000000 0.000000 0.132985 0.007282 1.675611 2800.453656
0.859733 0.000000 0.000000 0.000000 0.000000 0.132985 0.007282 1.675611 2800.453656
0.859733 0.000000 0.000000 0.000000 0.000000 0.132985 0.007282 1.675611 2800.453656
0.859733 0.000000 0.000000 0.000000 0.000000 0.132985 0.007282 1.675611 2800.453656
0.859733 0.000000 0.000000 0.000000 0.000000 0.132985 0.007282 1.675611 2800.453656
0.859733 0.000000 0.000000 0.000000 0.000000 0.132985 0.007282 1.675611 2800.453656
0.859733 0.000000 0.000000 0.000000 0.000000 0.132985 0.007282 1.675611 2800.453656
0.859733 0.000000 0.000000 0.000000 0.000000 0.132985 0.007282 1.675611 2800.453656
0.859733 0.000000 0.000000 0.000000 0.000000 0.132985 0.007282 1.675611 2800.453656
0.859733 0.000000 0.000000 0.000000 0.000000 0.132985 0.007282 1.675611 2800.453656
0.859733 0.000000 0.000000 0.000000 0.000000 0.132985 0.007282 1.675611 2800.453656
0.859733 0.000000 0.000000 0.000000 0.000000 0.132985 0.007282 1.675611 2800.453656
0.859733 0.000000 0.000000 0.000000 0.000000 0.132985 0.007282 1.675611 2800.453656
0.859733 0.000000 0.000000 0.000000 0.000000 0.132985 0.007282 1.675611 2800.453656
0.859733 0.000000 0.000000 0.000000 0.000000 0.132985 0.007282 1.675611 2800.453656
0.859733 0.000000 0.000000 0.000000 0.000000 0.132985 0.007282 1.675611 2800.453656
0.859733 0.000000 0.000000 0.000000 0.000000 0.132985 0.007282 1.675611 2800.453656
0.859733 0.000000 0.000000 0.000000 0.000000 0.132985 0.007282 1.675611 2800.453656
0.859733 0.000000 0.000000 0.000000 0.000000 0.132985 0.007282 1.675611 2800.453656
0.859733 0.000000 0.000000 0.000000 0.000000 0.132985 0.007282 1.675611 2800.453656
0.859733 0.000000 0.000000 0.000000 0.000000 0.132985 0.007282 1.675611 2800.453656
0.859733 0.000000 0.000000 0.000000 0.000000 0.132985 0.007282 1.675611 2800.453656
0.859733 0.000000 0.000000 0.000000 0.000000 0.132985 0.007282 1.675611 2800.453656
0.859733 0.000000 0.000000 0.000000 0.000000 0.132985 0.007282 1.675611 2800.453656
0.859733 0.000000 0.000000 0.000000 0.000000 0.132985 0.007282 1.675611 2800.453656
0.859733 0.000000 0.000000 0.000000 0.000000 0.132985 0.007282 1.675611 2800.453656
0.859733 0.000000 0.000000 0.000000 0.000000 0.132985 0.007282 1.675611 2800.453656
0.859733 0.000000 0.000000 0.000000 0.000000 0.132985 0.007282 1.675611 2800.453656
0.859733 0.000000 0.000000 0.000000 0.000000 0.132985 0.007282 1.675611 2800.453656
0.859733 0.000000 0.000000 0.000000 0.000000 0.132985 0.007282 1.675611 2800.453656
0.859733 0.000000 0.000000 0.000000 0.000000 0.132985 0.007282 1.675611 2800.453656
0.859733 0.000000 0.000000 0.000000 0.000000 0.132985 0.007282 1.675611 2800.453656
0.859733 0.000000 0.000000 0.000000 0.000000 0.132985 0.007282 1.675611 2800.453656
0.859733 0.000000 0.000000 0.000000 0.000000 0.132985 0.007282 1.675611 2800.453656
0.859733 0.000000 0.000000 0.000000 0.000000 0.132985 0.007282 1.675611 2800.453656
0.859733 0.000000 0.000000 0.000000 0.000000 0.132985 0.007282 1.675611 2800.453656
0.859733 0.000000 0.000000 0.000000 0.000000 0.132985 0.007282 1.675611 2800.453656
0.859733 0.000000 0.000000 0.000000 0.000000 0.132985 0.007282 1.675611 2800.453656
0.859733 0.000000 0.000000 0.000000 0.000000 0.132985 0.007282 1.675611 2800.453656
0.859733 0.000000 0.000000 0.000000 0.000000 0.132985 0.007282 1.675611 2800.453656
0.859733 0.000000 0.000000 0.000000 0.000000 0.132985 0.007282 1.675611 2800.453656
0.859733 0.000000 0.000000 0.000000 0.000000 0.132985 0.007282 1.675611 2800.453656
0.859733 0.000000 0.000000 0.000000 0.000000 0.132985 0.007282 1.675611 2800.453656
0.859733 0.000000 0.000000 0.000000 0.000000 0.132985 0.007282 1.675611 2800.453656
0.859733 0.000000 0.000000 0.000000 0.000000 0.132985 0.007282 1.675611 2800.453656
0.859733 0.000000 0.000000 0.000000 0.000000 0.132985 0.007282 1.675611 2800.453656
0.859733 0.000000 0.000000 0.000000 0.000000 0.132985 0.007282 1.675611 2800.453656
0.859733 0.000000 0.000000 0.000000 0.000000 0.132985 0.007282 1.675611 2800.453656
0.859733 0.000000 0.000000 0.000000 0.000000 0.132985 0.007282 1.675611 2800.453656
0.859733 0.000000 0.000000 0.000000 0.000000 0.132985 0.007282 1.675611 2800.453656
0.859733 0.000000 0.000000 0.000000 0.000000 0.132985 0.007282 1.675611 2800.453656
0.859733 0.000000 0.000000 0.000000 0.000000 0.132985 0.007282 1.675611 2800.453656
0.859733 0.000000 0.000000 0.000000 0.000000 0.132985 0.007282 1.675611 2800.453656
0.859733 0.000000 0.000000 0.000000 0.000000 0.132985 0.007282 1.675611 2800.453656
0.859733 0.000000 0.000000 0.000000 0.000000 0.132985 0.007282 1.675611 2800.453656
0.859733 0.000000 0.000000 0.000000 0.000000 0.132985 0.007282 1.675611 2800.453656
0.859733 0.000000 0.000000 0.000000 0.000000 0.132985 0.007282 1.675611 2800.453656
0.859733 0.000000 0.000000 0.000000 0.000000 0.132985 0.007282 1.675611 2800.453656
0.859733 0.000000 0.000000 0.000000 0.000000 0.132985 0.007282 1.675611 2800.453656
0.859733 0.000000 0.000000 0.000000 0.000000 0.132985 0.007282 1.675611 2800.453656
0.859733 0.000000 0.000000 0.000000 0.000000 0.132985 0.007282 1.675611 2800.453656
0.859733 0.000000 0.000000 0.000000 0.000000 0.132985 0.007282 1.675611 2800.453656
0.859733 0.000000 0.000000 0.000000 0.000000 0.132985 0.007282 1.675611 2800.453656
0.859733 0.000000 0.000000 0.000000 0.000000 0.132985 0.007282 1.675611 2800.453656
0.859733 0.000000 0.000000 0.000000 0.000000 0.132985 0.007282 1.675611 2800.453656
0.859733 0.000000 0.000000 0.000000 0.000000 0.132985 0.007282 1.675611 2800.453656
0.859733 0.000000 0.000000 0.000000 0.000000 0.132985 0.007282 1.675611 2800.453656
0.859733 0.000000 0.000000 0.000000 0.000000 0.132985 0.007282 1.675611 2800.453656
0.859733 0.000000 0.000000 0.000000 0.000000 0.132985 0.007282 1.675611 2800.453656
0.859733 0.000000 0.000000 0.000000 0.000000 0.132985 0.007282 1.675611 2800.453656
0.859733 0.000000 0.000000 0.000000 0.000000 0.132985 0.007282 1.675611 2800.453656
0.859733 0.000000 0.000000 0.000000 0.000000 0.132985 0.007282 1.675611 2800.453656
0.859733 0.000000 0.000000 0.000000 0.000000 0.132985 0.007282 1.675611 2800.453656
0.859733 0.000000 0.000000 0.000000 0.000000 0.132985 0.007282 1.675611 2800.453656
0.859733 0.000000 0.000000 0.000000 0.000000 0.132985 0.007282 1.675611 2800.453656
0.859733 0.000000 0.000000 0.000000 0.000000 0.132985 0.007282 1.675611 2800.453656
0.859733 0.000000 0.000000 0.000000 0.000000 0.132985 0.007282 1.675611 2800.453656
0.859733 0.000000 0.000000 0.000000 0.000000 0.132985 0.007282 1.675611 2800.453656
0.859733 0.000000 0.000000 0.000000 0.000000 0.132985 0.007282 1.675611 2800.453656
0.859733 0.000000 0.000000 0.000000 0.000000 0.132985 0.007282 1.675611 2800.453656
0.859733 0.000000 0.000000 0.000000 0.000000 0.132985 0.007282 1.675611 2800.453656
0.859733 0.000000 0.000000 0.000000 0.000000 0.132985 0.007282 1.675611 2800.453656
0.859733 0.000000 0.000000 0.000000 0.000000 0.132985 0.007282 1.675611 2800.453656
0.859733 0.000000 0.000000 0.000000 0.000000 0.132985 0.007282 1.675611 2800.453656
0.859733 0.000000 0.000000 0.000000 0.000000 0.132985 0.007282 1.675611 2800.453656
0.859733 0.000000 0.000000 0.000000 0.000000 0.132985 0.007282 1.675611 2800.453656
0.859733 0.000000 0.000000 0.000000 0.000000 0.132985 0.007282 1.675611 2800.453656
0.859733 0.000000 0.000000 0.000000 0.000000 0.132985 0.007282 1.675611 2800.453656
0.859733 0.000000 0.000000 0.000000 0.000000 0.132985 0.007282 1.675611 2800.453656
0.859733 0.000000 0.000000 0.000000 0.000000 0.132985 0.007282 1.675611 2800.453656
0.859733 0.000000 0.000000 0.000000 0.000000 0.132985 0.007282 1.675611 2800.453656
0.859733 0.000000 0.000000 0.000000 0.000000 0.132985 0.007282 1.675611 2800.453656
0.859733 0.000000 0.000000 0.000000 0.000000 0.132985 0.007282 1.675611 2800.453656
0.859733 0.000000 0.000000 0.000000 0.000000 0.132985 0.007282 1.675611 2800.453656
0.859733 0.000000 0.000000 0.000000 0.000000 0.132985 0.007282 1.675611 2800.453656
0.859733 0.000000 0.000000 0.000000 0.000000 0.132985 0.007282 1.675611 2800.453656
0.859733 0.000000 0.000000 0.000000 0.000000 0.132985 0.007282 1.675611 2800.453656
0.859733 0.000000 0.000000 0.000000 0.000000 0.132985 0.007282 1.675611 2800.453656
0.859733 0.000000 0.000000 0.000000 0.000000 0.132985 0.007282 1.675611 2800.453656
0.859733 0.000000 0.000000 0.000000 0.000000 0.132985 0.007282 1.675611 2800.453656
0.859733 0.000000 0.000000 0.000000 0.000000 0.132985 0.007282 1.675611 2800.453656
0.859733 0.000000 0.000000 0.000000 0.000000 0.132985 0.007282 1.675611 2800.453656
0.859733 0.000000 0.000000 0.000000 0.000000 0.132985 0.007282 1.675611 2800.453656
0.859733 0.000000 0.000000 0.000000 0.000000 0.132985 0.007282 1.675611 2800.453656
0.859733 0.000000 0.000000 0.000000 0.000000 0.132985 0.007282 1.675611 2800.453656
0.859733 0.000000 0.000000 0.000000 0.000000 0.132985 0.007282 1.675611 2800.453656
0.859733 0.000000 0.000000 0.000000 0.000000 0.132985 0.007282 1.675611 2800.453656
0.859733 0.000000 0.000000 0.000000 0.000000 0.132985 0.007282 1.675611 2800.453656
0.859733 0.000000 0.000000 0.000000 0.000000 0.132985 0.007282 1.675611 2800.453656
0.859733 0.000000 0.000000 0.000000 0.000000 0.132985 0.007282 1.675611 2800.453656
0.859733 0.000000 0.000000 0.000000 0.000000 0.132985 0.007282 1.675611 2800.453656
0.859733 0.000000 0.000000 0.000000 0.000000 0.132985 0.007282 1.675611 2800.453656
0.859733 0.000000 0.000000 0.000000 0.000000 0.132985 0.007282 1.675611 2800.453656
0.859733 0.000000 0.000000 0.000000 0.000000 0.132985 0.007282 1.675611 2800.453656
0.859733 0.000000 0.000000 0.000000 0.000000 0.132985 0.007282 1.675611 2800.453656
0.859733 0.000000 0.000000 0.000000 0.000000 0.132985 0.007282 1.675611 2800.453656
0.859733 0.000000 0.000000 0.000000 0.000000 0.132985 0.007282 1.675611 2800.453656
0.859733 0.000000 0.000000 0.000000 0.000000 0.132985 0.007282 1.675611 2800.453656
0.859733 0.000000 0.000000 0.000000 0.000000 0.132985 0.007282 1.675611 2800.453656
0.859733 0.000000 0.000000 0.000000 0.000000 0.132985 0.007282 1.675611 2800.453656
0.859733 0.000000 0.000000 0.000000 0.000000 0.132985 0.007282 1.675611 2800.453656
0.859733 0.000000 0.000000 0.000000 0.000000 0.132985 0.007282 1.675611 2800.453656
0.859733 0.000000 0.000000 0.000000 0.000000 0.132985 0.007282 1.675611 2800.453656
0.859733 0.000000 0.000000 0.000000 0.000000 0.132985 0.007282 1.675611 2800.453656
0.859733 0.000000 0.000000 0.000000 0.000000 0.132985 0.007282 1.675611 2800.453656
0.859733 0.000000 0.000000 0.000000 0.000000 0.132985 0.007282 1.675611 2800.453656
0.859733 0.000000 0.000000 0.000000 0.000000 0.132985 0.007282 1.675611 2800.453656
0.859733 0.000000 0.000000 0.000000 0.000000 0.132985 0.007282 1.675611 2800.453656
0.859733 0.000000 0.000000 0.000000 0.000000 0.132985 0.007282 1.675611 2800.453656
0.859733 0.000000 0.000000 0.000000 0.000000 0.132985 0.007282 1.675611 2800.453656
0.859733 0.000000 0.000000 0.000000 0.000000 0.132985 0.007282 1.675611 2800.453656
0.859733 0.000000 0.000000 0.000000 0.000000 0.132985 0.007282 1.675611 2800.453656
0.859733 0.000000 0.000000 0.000000 0.000000 0.132985 0.007282 1.675611 2800.453656
0.859733 0.000000 0.000000 0.000000 0.000000 0.132985 0.007282 1.675611 2800.453656
0.859733 0.000000 0.000000 0.000000 0.000000 0.132985 0.007282 1.675611 2800.453656
0.859733 0.000000 0.000000 0.000000 0.000000 0.132985 0.007282 1.675611 2800.453656
0.859733 0.000000 0.000000 0.000000 0.000000 0.132985 0.007282 1.675611 2800.453656
0.859733 0.000000 0.000000 0.000000 0.000000 0.132985 0.007282 1.675611 2800.453656
0.859733 0.000000 0.000000 0.000000 0.000000 0.132985 0.007282 1.675611 2800.453656
0.859733 0.000000 0.000000 0.000000 0.000000 0.132985 0.007282 1.675611 2800.453656
0.859733 0.000000 0.000000 0.000000 0.000000 0.132985 0.007282 1.675611 2800.453656
0.859733 0.000000 0.000000 0.000000 0.000000 0.132985 0.007282 1.675611 2800.453656
0.859733 0.000000 0.000000 0.000000 0.000000 0.132985 0.007282 1.675611 2800.453656
0.859733 0.000000 0.000000 0.000000 0.000000 0.132985 0.007282 1.675611 2800.453656
0.859733 0.000000 0.000000 0.000000 0.000000 0.132985 0.007282 1.675611 2800.453656
0.859733 0.000000 0.000000 0.000000 0.000000 0.132985 0.007282 1.675611 2800.453656
0.859733 0.000000 0.000000 0.000000 0.000000 0.132985 0.007282 1.675611 2800.453656
0.859733 0.000000 0.000000 0.000000 0.000000 0.132985 0.007282 1.675611 2800.453656
0.859733 0.000000 0.000000 0.000000 0.000000 0.132985 0.007282 1.675611 2800.453656
0.859733 0.000000 0.000000 0.000000 0.000000 0.132985 0.007282 1.675611 2800.453656
0.859733 0.000000 0.000000 0.000000 0.000000 0.132985 0.007282 1.675611 2800.453656
0.859733 0.000000 0.000000 0.000000 0.000000 0.132985 0.007282 1.675611 2800.453656
0.859733 0.000000 0.000000 0.000000 0.000000 0.132985 0.007282 1.675611 2800.453656
0.859733 0.000000 0.000000 0.000000 0.000000 0.132985 0.007282 1.675611 2800.453656
0.859733 0.000000 0.000000 0.000000 0.000000 0.132985 0.007282 1.675611 2800.453656
0.859733 0.000000 0.000000 0.000000 0.000000 0.132985 0.007282 1.675611 2800.453656
0.859733 0.000000 0.000000 0.000000 0.000000 0.132985 0.007282 1.675611 2800.453656
0.859733 0.000000 0.000000 0.000000 0.000000 0.132985 0.007282 1.675611 2800.453656
0.859733 0.000000 0.000000 0.000000 0.000000 0.132985 0.007282 1.675611 2800.453656
0.859733 0.000000 0.000000 0.000000 0.000000 0.132985 0.007282 1.675611 2800.453656
0.859733 0.000000 0.000000 0.000000 0.000000 0.132985 0.007282 1.675611 2800.453656
0.859733 0.000000 0.000000 0.000000 0.000000 0.132985 0.007282 1.675611 2800.453656
0.859733 0.000000 0.000000 0.000000 0.000000 0.132985 0.007282 1.675611 2800.453656
0.859733 0.000000 0.000000 0.000000 0.000000 0.132985 0.007282 1.675611 2800.453656
0.859733 0.000000 0.000000 0.000000 0.000000 0.132985 0.007282 1.675611 2800.453656
0.859733 0.000000 0.000000 0.000000 0.000000 0.132985 0.007282 1.675611 2800.453656
0.859733 0.000000 0.000000 0.000000 0.000000 0.132985 0.007282 1.675611 2800.453656
0.859733 0.000000 0.000000 0.000000 0.000000 0.132985 0.007282 1.675611 2800.453656
0.859733 0.000000 0.000000 0.000000 0.000000 0.132985 0.007282 1.675611 2800.453656
0.859733 0.000000 0.000000 0.000000 0.000000 0.132985 0.007282 1.675611 2800.453656
0.859733 0.000000 0.000000 0.000000 0.000000 0.132985 0.007282 1.675611 2800.453656
0.859733 0.000000 0.000000 0.000000 0.000000 0.132985 0.007282 1.675611 2800.453656
0.859733 0.000000 0.000000 0.000000 0.000000 0.132985 0.007282 1.675611 2800.453656
0.859733 0.000000 0.000000 0.000000 0.000000 0.132985 0.007282 1.675611 2800.453656
0.859733 0.000000 0.000000 0.000000 0.000000 0.132985 0.007282 1.675611 2800.453656
0.859733 0.000000 0.000000 0.000000 0.000000 0.132985 0.007282 1.675611 2800.453656
0.859733 0.000000 0.000000 0.000000 0.000000 0.132985 0.007282 1.675611 2800.453656
0.859733 0.000000 0.000000 0.000000 0.000000 0.132985 0.007282 1.675611 2800.453656
0.859733 0.000000 0.000000 0.000000 0.000000 0.132985 0.007282 1.675611 2800.453656
0.859733 0.000000 0.000000 0.000000 0.000000 0.132985 0.007282 1.675611 2800.453656
0.859733 0.000000 0.000000 0.000000 0.000000 0.132985 0.007282 1.675611 2800.453656
0.859733 0.000000 0.000000 0.000000 0.000000 0.132985 0.007282 1.675611 2800.453656
0.859733 0.000000 0.000000 0.000000 0.000000 0.132985 0.007282 1.675611 2800.453656
0.859733 0.000000 0.000000 0.000000 0.000000 0.132985 0.007282 1.675611 2800.453656
0.859733 0.000000 0.000000 0.000000 0.000000 0.132985 0.007282 1.675611 2800.453656
0.859733 0.000000 0.000000 0.000000 0.000000 0.132985 0.007282 1.675611 2800.453656
0.859733 0.000000 0.000000 0.000000 0.000000 0.132985 0.007282 1.675611 2800.453656
0.859733 0.000000 0.000000 0.000000 0.000000 0.132985 0.007282 1.675611 2800.453656
0.859733 0.000000 0.000000 0.000000 0.000000 0.132985 0.007282 1.675611 2800.453656
0.859733 0.000000 0.000000 0.000000 0.000000 0.132985 0.007282 1.675611 2800.453656
0.859733 0.000000 0.000000 0.000000 0.000000 0.132985 0.007282 1.675611 2800.453656
0.859733 0.000000 0.000000 0.000000 0.000000 0.132985 0.007282 1.675611 2800.453656
0.859733 0.000000 0.000000 0.000000 0.000000 0.132985 0.007282 1.675611 2800.453656
0.859733 0.000000 0.000000 0.000000 0.000000 0.132985 0.007282 1.675611 2800.453656
0.859733 0.000000 0.000000 0.000000 0.000000 0.132985 0.007282 1.675611 2800.453656
0.859733 0.000000 0.000000 0.000000 0.000000 0.132985 0.007282 1.675611 2800.453656
0.859733 0.000000 0.000000 0.000000 0.000000 0.132985 0.007282 1.675611 2800.453656
0.859733 0.000000 0.000000 0.000000 0.000000 0.132985 0.007282 1.675611 2800.453656
0.859733 0.000000 0.000000 0.000000 0.000000 0.132985 0.007282 1.675611 2800.453656
0.859733 0.000000 0.000000 0.000000 0.000000 0.132985 0.007282 1.675611 2800.453656
0.859733 0.000000 0.000000 0.000000 0.000000 0.132985 0.007282 1.675611 2800.453656
0.859733 0.000000 0.000000 0.000000 0.000000 0.132985 0.007282 1.675611 2800.453656
0.859733 0.000000 0.000000 0.000000 0.000000 0.132985 0.007282 1.675611 2800.453656
0.859733 0.000000 0.000000 0.000000 0.000000 0.132985 0.007282 1.675611 2800.453656
0.859733 0.000000 0.000000 0.000000 0.000000 0.132985 0.007282 1.675611 2800.453656
0.859733 0.000000 0.000000 0.000000 0.000000 0.132985 0.007282 1.675611 2800.453656
0.859733 0.000000 0.000000 0.000000 0.000000 0.132985 0.007282 1.675611 2800.453656
0.859733 0.000000 0.000000 0.000000 0.000000 0.132985 0.007282 1.675611 2800.453656
0.859733 0.000000 0.000000 0.000000 0.000000 0.132985 0.007282 1.675611 2800.453656
0.859733 0.000000 0.000000 0.000000 0.000000 0.132985 0.007282 1.675611 2800.453656
0.859733 0.000000 0.000000 0.000000 0.000000 0.132985 0.007282 1.675611 2800.453656
0.859733 0.000000 0.000000 0.000000 0.000000 0.132985 0.007282 1.675611 2800.453656
0.859733 0.000000 0.000000 0.000000 0.000000 0.132985 0.007282 1.675611 2800.453656
0.859733 0.000000 0.000000 0.000000 0.000000 0.132985 0.007282 1.675611 2800.453656
0.859733 0.000000 0.000000 0.000000 0.000000 0.132985 0.007282 1.675611 2800.453656
0.859733 0.000000 0.000000 0.000000 0.000000 0.132985 0.007282 1.675611 2800.453656
0.859733 0.000000 0.000000 0.000000 0.000000 0.132985 0.007282 1.675611 2800.453656
0.859733 0.000000 0.000000 0.000000 0.000000 0.132985 0.007282 1.675611 2800.453656
0.859733 0.000000 0.000000 0.000000 0.000000 0.132985 0.007282 1.675611 2800.453656
0.859733 0.000000 0.000000 0.000000 0.000000 0.132985 0.007282 1.675611 2800.453656
0.859733 0.000000 0.000000 0.000000 0.000000 0.132985 0.007282 1.675611 2800.453656
0.859733 0.000000 0.000000 0.000000 0.000000 0.132985 0.007282 1.675611 2800.453656
0.859733 0.000000 0.000000 0.000000 0.000000 0.132985 0.007282 1.675611 2800.453656
0.859733 0.000000 0.000000 0.000000 0.000000 0.132985 0.007282 1.675611 2800.453656
0.859733 0.000000 0.000000 0.000000 0.000000 0.132985 0.007282 1.675611 2800.453656
0.859733 0.000000 0.000000 0.000000 0.000000 0.132985 0.007282 1.675611 2800.453656
0.859733 0.000000 0.000000 0.000000 0.000000 0.132985 0.007282 1.675611 2800.453656
0.859733 0.000000 0.000000 0.000000 0.000000 0.132985 0.007282 1.675611 2800.453656
0.859733 0.000000 0.000000 0.000000 0.000000 0.132985 0.007282 1.675611 2800.453656
0.859733 0.000000 0.000000 0.000000 0.000000 0.132985 0.007282 1.675611 2800.453656
0.859733 0.000000 0.000000 0.000000 0.000000 0.132985 0.007282 1.675611 2800.453656
0.859733 0.000000 0.000000 0.000000 0.000000 0.132985 0.007282 1.675611 2800.453656
0.859733 0.000000 0.000000 0.000000 0.000000 0.132985 0.007282 1.675611 2800.453656
0.859733 0.000000 0.000000 0.000000 0.000000 0.132985 0.007282 1.675611 2800.453656
0.859733 0.000000 0.000000 0.000000 0.000000 0.132985 0.007282 1.675611 2800.453656
0.859733 0.000000 0.000000 0.000000 0.000000 0.132985 0.007282 1.675611 2800.453656
0.859733 0.000000 0.000000 0.000000 0.000000 0.132985 0.007282 1.675611 2800.453656
0.859733 0.000000 0.000000 0.000000 0.000000 0.132985 0.007282 1.675611 2800.453656
0.859733 0.000000 0.000000 0.000000 0.000000 0.132985 0.007282 1.675611 2800.453656
0.859733 0.000000 0.000000 0.000000 0.000000 0.132985 0.007282 1.675611 2800.453656
0.859733 0.000000 0.000000 0.000000 0.000000 0.132985 0.007282 1.675611 2800.453656
0.859733 0.000000 0.000000 0.000000 0.000000 0.132985 0.007282 1.675611 2800.453656
0.859733 0.000000 0.000000 0.000000 0.000000 0.132985 0.007282 1.675611 2800.453656
0.859733 0.000000 0.000000 0.000000 0.000000 0.132985 0.007282 1.675611 2800.453656
0.859733 0.000000 0.000000 0.000000 0.000000 0.132985 0.007282 1.675611 2800.453656
0.859733 0.000000 0.000000 0.000000 0.000000 0.132985 0.007282 1.675611 2800.453656
0.859733 0.000000 0.000000 0.000000 0.000000 0.132985 0.007282 1.675611 2800.453656
0.859733 0.000000 0.000000 0.000000 0.000000 0.132985 0.007282 1.675611 2800.453656
0.859733 0.000000 0.000000 0.000000 0.000000 0.132985 0.007282 1.675611 2800.453656
0.859733 0.000000 0.000000 0.000000 0.000000 0.132985 0.007282 1.675611 2800.453656
0.859733 0.000000 0.000000 0.000000 0.000000 0.132985 0.007282 1.675611 2800.453656
0.859733 0.000000 0.000000 0.000000 0.000000 0.132985 0.007282 1.675611 2800.453656
0.859733 0.000000 0.000000 0.000000 0.000000 0.132985 0.007282 1.675611 2800.453656
0.859733 0.000000 0.000000 0.000000 0.000000 0.132985 0.007282 1.675611 2800.453656
0.859733 0.000000 0.000000 0.000000 0.000000 0.132985 0.007282 1.675611 2800.453656
0.859733 0.000000 0.000000 0.000000 0.000000 0.132985 0.007282 1.675611 2800.453656
0.859733 0.000000 0.000000 0.000000 0.000000 0.132985 0.007282 1.675611 2800.453656
0.859733 0.000000 0.000000 0.000000 0.000000 0.132985 0.007282 1.675611 2800.453656
0.859733 0.000000 0.000000 0.000000 0.000000 0.132985 0.007282 1.675611 2800.453656
0.859733 0.000000 0.000000 0.000000 0.000000 0.132985 0.007282 1.675611 2800.453656
0.859733 0.000000 0.000000 0.000000 0.000000 0.132985 0.007282 1.675611 2800.453656
0.859733 0.000000 0.000000 0.000000 0.000000 0.132985 0.007282 1.675611 2800.453656
0.859733 0.000000 0.000000 0.000000 0.000000 0.132985 0.007282 1.675611 2800.453656
0.859733 0.000000 0.000000 0.000000 0.000000 0.132985 0.007282 1.675611 2800.453656
0.859733 0.000000 0.000000 0.000000 0.000000 0.132985 0.007282 1.675611 2800.453656
0.859733 0.000000 0.000000 0.000000 0.000000 0.132985 0.007282 1.675611 2800.453656
0.859733 0.000000 0.000000 0.000000 0.000000 0.132985 0.007282 1.675611 2800.453656
0.859733 0.000000 0.000000 0.000000 0.000000 0.132985 0.007282 1.675611 2800.453656
0.859733 0.000000 0.000000 0.000000 0.000000 0.132985 0.007282 1.675611 2800.453656
0.859733 0.000000 0.000000 0.000000 0.000000 0.132985 0.007282 1.675611 2800.453656
0.859733 0.000000 0.000000 0.000000 0.000000 0.132985 0.007282 1.675611 2800.453656
0.859733 0.000000 0.000000 0.000000 0.000000 0.132985 0.007282 1.675611 2800.453656
0.859733 0.000000 0.000000 0.000000 0.000000 0.132985 0.007282 1.675611 2800.453656
0.859733 0.000000 0.000000 0.000000 0.000000 0.132985 0.007282 1.675611 2800.453656
0.859733 0.000000 0.000000 0.000000 0.000000 0.132985 0.007282 1.675611 2800.453656
0.859733 0.000000 0.000000 0.000000 0.000000 0.132985 0.007282 1.675611 2800.453656
0.859733 0.000000 0.000000 0.000000 0.000000 0.132985 0.007282 1.675611 2800.453656
0.859733 0.000000 0.000000 0.000000 0.000000 0.132985 0.007282 1.675611 2800.453656
0.859733 0.000000 0.000000 0.000000 0.000000 0.132985 0.007282 1.675611 2800.453656
0.859733 0.000000 0.000000 0.000000 0.000000 0.132985 0.007282 1.675611 2800.453656
0.859733 0.000000 0.000000 0.000000 0.000000 0.132985 0.007282 1.675611 2800.453656
0.859733 0.000000 0.000000 0.000000 0.000000 0.132985 0.007282 1.675611 2800.453656
0.859733 0.000000 0.000000 0.000000 0.000000 0.132985 0.007282 1.675611 2800.453656
0.859733 0.000000 0.000000 0.000000 0.000000 0.132985 0.007282 1.675611 2800.453656
0.859733 0.000000 0.000000 0.000000 0.000000 0.132985 0.007282 1.675611 2800.453656
0.859733 0.000000 0.000000 0.000000 0.000000 0.132985 0.007282 1.675611 2800.453656
0.859733 0.000000 0.000000 0.000000 0.000000 0.132985 0.007282 1.675611 2800.453656
0.859733 0.000000 0.000000 0.000000 0.000000 0.132985 0.007282 1.675611 2800.453656
0.859733 0.000000 0.000000 0.000000 0.000000 0.132985 0.007282 1.675611 2800.453656
0.859733 0.000000 0.000000 0.000000 0.000000 0.132985 0.007282 1.675611 2800.453656
0.859733 0.000000 0.000000 0.000000 0.000000 0.132985 0.007282 1.675611 2800.453656
0.859733 0.000000 0.000000 0.000000 0.000000 0.132985 0.007282 1.675611 2800.453656
0.859733 0.000000 0.000000 0.000000 0.000000 0.132985 0.007282 1.675611 2800.453656
0.859733 0.000000 0.000000 0.000000 0.000000 0.132985 0.007282 1.675611 2800.453656
0.859733 0.000000 0.000000 0.000000 0.000000 0.132985 0.007282 1.675611 2800.453656
0.859733 0.000000 0.000000 0.000000 0.000000 0.132985 0.007282 1.675611 2800.453656
0.859733 0.000000 0.000000 0.000000 0.000000 0.132985 0.007282 1.675611 2800.453656
0.859733 0.000000 0.000000 0.000000 0.000000 0.132985 0.007282 1.675611 2800.453656
0.859733 0.000000 0.000000 0.000000 0.000000 0.132985 0.007282 1.675611 2800.453656
0.859733 0.000000 0.000000 0.000000 0.000000 0.132985 0.007282 1.675611 2800.453656
0.859733 0.000000 0.000000 0.000000 0.000000 0.132985 0.007282 1.675611 2800.453656
0.859733 0.000000 0.000000 0.000000 0.000000 0.132985 0.007282 1.675611 2800.453656
0.859733 0.000000 0.000000 0.000000 0.000000 0.132985 0.007282 1.675611 2800.453656
0.859733 0.000000 0.000000 0.000000 0.000000 0.132985 0.007282 1.675611 2800.453656
0.859733 0.000000 0.000000 0.000000 0.000000 0.132985 0.007282 1.675611 2800.453656
0.859733 0.000000 0.000000 0.000000 0.000000 0.132985 0.007282 1.675611 2800.453656
0.859733 0.000000 0.000000 0.000000 0.000000 0.132985 0.007282 1.675611 2800.453656
0.859733 0.000000 0.000000 0.000000 0.000000 0.132985 0.007282 1.675611 2800.453656
0.859733 0.000000 0.000000 0.000000 0.000000 0.132985 0.007282 1.675611 2800.453656
0.859733 0.000000 0.000000 0.000000 0.000000 0.132985 0.007282 1.675611 2800.453656
0.859733 0.000000 0.000000 0.000000 0.000000 0.132985 0.007282 1.675611 2800.453656
0.859733 0.000000 0.000000 0.000000 0.000000 0.132985 0.007282 1.675611 2800.453656
0.859733 0.000000 0.000000 0.000000 0.000000 0.132985 0.007282 1.675611 2800.453656
0.859733 0.000000 0.000000 0.000000 0.000000 0.132985 0.007282 1.675611 2800.453656
0.859733 0.000000 0.000000 0.000000 0.000000 0.132985 0.007282 1.675611 2800.453656
0.859733 0.000000 0.000000 0.000000 0.000000 0.132985 0.007282 1.675611 2800.453656
0.859733 0.000000 0.000000 0.000000 0.000000 0.132985 0.007282 1.675611 2800.453656
0.859733 0.000000 0.000000 0.000000 0.000000 0.132985 0.007282 1.675611 2800.453656
0.859733 0.000000 0.000000 0.000000 0.000000 0.132985 0.007282 1.675611 2800.453656
0.859733 0.000000 0.000000 0.000000 0.000000 0.132985 0.007282 1.675611 2800.453656
0.859733 0.000000 0.000000 0.000000 0.000000 0.132985 0.007282 1.675611 2800.453656
0.859733 0.000000 0.000000 0.000000 0.000000 0.132985 0.007282 1.675611 2800.453656
0.859733 0.000000 0.000000 0.000000 0.000000 0.132985 0.007282 1.675611 2800.453656
0.859733 0.000000 0.000000 0.000000 0.000000 0.132985 0.007282 1.675611 2800.453656
0.859733 0.000000 0.000000 0.000000 0.000000 0.132985 0.007282 1.675611 2800.453656
0.859733 0.000000 0.000000 0.000000 0.000000 0.132985 0.007282 1.675611 2800.453656
0.859733 0.000000 0.000000 0.000000 0.000000 0.132985 0.007282 1.675611 2800.453656
0.859733 0.000000 0.000000 0.000000 0.000000 0.132985 0.007282 1.675611 2800.453656
0.859733 0.000000 0.000000 0.000000 0.000000 0.132985 0.007282 1.675611 2800.453656
0.859733 0.000000 0.000000 0.000000 0.000000 0.132985 0.007282 1.675611 2800.453656
0.859733 0.000000 0.000000 0.000000 0.000000 0.132985 0.007282 1.675611 2800.453656
0.859733 0.000000 0.000000 0.000000 0.000000 0.132985 0.007282 1.675611 2800.453656
0.859733 0.000000 0.000000 0.000000 0.000000 0.132985 0.007282 1.675611 2800.453656
0.859733 0.000000 0.000000 0.000000 0.000000 0.132985 0.007282 1.675611 2800.453656
0.859733 0.000000 0.000000 0.000000 0.000000 0.132985 0.007282 1.675611 2800.453656
0.859733 0.000000 0.000000 0.000000 0.000000 0.132985 0.007282 1.675611 2800.453656
0.859733 0.000000 0.000000 0.000000 0.000000 0.132985 0.007282 1.675611 2800.453656
0.859733 0.000000 0.000000 0.000000 0.000000 0.132985 0.007282 1.675611 2800.453656
0.859733 0.000000 0.000000 0.000000 0.000000 0.132985 0.007282 1.675611 2800.453656
0.859733 0.000000 0.000000 0.000000 0.000000 0.132985 0.007282 1.675611 2800.453656
0.859733 0.000000 0.000000 0.000000 0.000000 0.132985 0.007282 1.675611 2800.453656
0.859733 0.000000 0.000000 0.000000 0.000000 0.132985 0.007282 1.675611 2800.453656
0.859733 0.000000 0.000000 0.000000 0.000000 0.132985 0.007282 1.675611 2800.453656
0.859733 0.000000 0.000000 0.000000 0.000000 0.132985 0.007282 1.675611 2800.453656
0.859733 0.000000 0.000000 0.000000 0.000000 0.132985 0.007282 1.675611 2800.453656
0.859733 0.000000 0.000000 0.000000 0.000000 0.132985 0.007282 1.675611 2800.453656
0.859733 0.000000 0.000000 0.000000 0.000000 0.132985 0.007282 1.675611 2800.453656
0.859733 0.000000 0.000000 0.000000 0.000000 0.132985 0.007282 1.675611 2800.453656
0.859733 0.000000 0.000000 0.000000 0.000000 0.132985 0.007282 1.675611 2800.453656
0.859733 0.000000 0.000000 0.000000 0.000000 0.132985 0.007282 1.675611 2800.453656
0.859733 0.000000 0.000000 0.000000 0.000000 0.132985 0.007282 1.675611 2800.453656
0.859733 0.000000 0.000000 0.000000 0.000000 0.132985 0.007282 1.675611 2800.453656
0.859733 0.000000 0.000000 0.000000 0.000000 0.132985 0.007282 1.675611 2800.453656
0.859733 0.000000 0.000000 0.000000 0.000000 0.132985 0.007282 1.675611 2800.453656
0.859733 0.000000 0.000000 0.000000 0.000000 0.132985 0.007282 1.675611 2800.453656
0.859733 0.000000 0.000000 0.000000 0.000000 0.132985 0.007282 1.675611 2800.453656
0.859733 0.000000 0.000000 0.000000 0.000000 0.132985 0.007282 1.675611 2800.453656
0.859733 0.000000 0.000000 0.000000 0.000000 0.132985 0.007282 1.675611 2800.453656
0.859733 0.000000 0.000000 0.000000 0.000000 0.132985 0.007282 1.675611 2800.453656
0.859733 0.000000 0.000000 0.000000 0.000000 0.132985 0.007282 1.675611 2800.453656
0.859733 0.000000 0.000000 0.000000 0.000000 0.132985 0.007282 1.675611 2800.453656
0.859733 0.000000 0.000000 0.000000 0.000000 0.132985 0.007282 1.675611 2800.453656
0.859733 0.000000 0.000000 0.000000 0.000000 0.132985 0.007282 1.675611 2800.453656
