0.348429 0.064232 0.056229 0.032384 0.002092 0.490697 0.005936 1.590749 2053.810957
0.348626 0.063854 0.056506 0.032126 0.002110 0.490820 0.005957 1.597051 2063.187862
0.349191 0.063231 0.056648 0.031876 0.002110 0.490960 0.005984 1.603306 2072.539456
0.349923 0.062478 0.056727 0.031580 0.002117 0.491165 0.006010 1.609445 2083.895500
0.350918 0.061525 0.056786 0.031317 0.002104 0.491312 0.006038 1.615524 2094.503035
0.352063 0.060578 0.056654 0.031048 0.002096 0.491492 0.006069 1.621443 2105.824441
0.353318 0.059565 0.056535 0.030839 0.002093 0.491550 0.006099 1.627360 2117.078051
0.354479 0.058701 0.056360 0.030557 0.002099 0.491677 0.006128 1.633095 2127.165390
0.355827 0.057736 0.056164 0.030236 0.002098 0.491779 0.006159 1.638805 2137.707894
0.357221 0.056913 0.055946 0.029973 0.002094 0.491665 0.006187 1.644439 2148.928432
0.358633 0.056136 0.055630 0.029732 0.002085 0.491574 0.006210 1.649963 2159.017342
0.360102 0.055346 0.055240 0.029487 0.002092 0.491497 0.006236 1.655468 2167.536669
0.361665 0.054635 0.054787 0.029243 0.002088 0.491318 0.006265 1.660779 2178.277391
0.363210 0.053890 0.054335 0.029024 0.002095 0.491156 0.006291 1.666108 2188.291626
0.364714 0.053282 0.053948 0.028775 0.002098 0.490869 0.006314 1.671343 2198.849929
0.366223 0.052656 0.053487 0.028516 0.002095 0.490685 0.006339 1.676537 2209.226451
0.367757 0.052020 0.053067 0.028245 0.002090 0.490455 0.006365 1.681733 2219.195094
0.369300 0.051518 0.052565 0.028076 0.002093 0.490055 0.006393 1.686811 2228.417641
0.370876 0.051078 0.052091 0.027798 0.002086 0.489653 0.006418 1.691801 2239.525151
0.372358 0.050707 0.051649 0.027561 0.002086 0.489195 0.006443 1.696786 2249.084294
0.373953 0.050269 0.051118 0.027392 0.002096 0.488702 0.006470 1.701757 2258.756516
0.375520 0.049967 0.050570 0.027217 0.002090 0.488139 0.006497 1.706602 2269.419447
0.377120 0.049660 0.050097 0.026994 0.002095 0.487511 0.006523 1.711444 2279.125276
0.378581 0.049415 0.049588 0.026760 0.002092 0.487011 0.006552 1.716239 2289.250187
0.380116 0.049148 0.049144 0.026552 0.002097 0.486368 0.006574 1.721045 2299.000790
0.381608 0.048890 0.048722 0.026348 0.002100 0.485727 0.006604 1.725826 2309.115070
0.383109 0.048690 0.048243 0.026191 0.002090 0.485048 0.006628 1.730572 2320.339606
0.384609 0.048429 0.047837 0.026116 0.002083 0.484273 0.006653 1.735374 2330.454619
0.386081 0.048151 0.047503 0.026004 0.002071 0.483511 0.006678 1.740200 2341.628866
0.387585 0.047942 0.047123 0.025856 0.002071 0.482718 0.006705 1.744941 2351.762234
0.389011 0.047866 0.046783 0.025690 0.002066 0.481857 0.006727 1.749635 2361.067180
0.390472 0.047732 0.046456 0.025582 0.002068 0.480940 0.006751 1.754308 2371.009584
0.391901 0.047584 0.046130 0.025458 0.002059 0.480092 0.006776 1.758994 2382.002042
0.393401 0.047476 0.045750 0.025352 0.002049 0.479167 0.006805 1.763636 2393.795150
0.394848 0.047373 0.045470 0.025243 0.002047 0.478186 0.006833 1.768311 2405.800371
0.396181 0.047298 0.045234 0.025131 0.002040 0.477256 0.006861 1.772949 2416.463384
0.397473 0.047333 0.044957 0.024949 0.002030 0.476367 0.006891 1.777513 2426.970050
0.398800 0.047330 0.044683 0.024880 0.002018 0.475369 0.006920 1.782113 2437.000265
0.400082 0.047305 0.044396 0.024825 0.002006 0.474438 0.006948 1.786753 2447.054149
0.401441 0.047196 0.044192 0.024787 0.001998 0.473414 0.006972 1.791425 2457.594913
0.402716 0.047245 0.043970 0.024734 0.001996 0.472343 0.006997 1.796017 2467.509320
0.404010 0.047237 0.043761 0.024657 0.001994 0.471322 0.007019 1.800622 2478.171417
0.405251 0.047247 0.043521 0.024566 0.001990 0.470380 0.007044 1.805211 2489.133406
0.406456 0.047281 0.043386 0.024552 0.001979 0.469276 0.007068 1.809870 2499.763663
0.407750 0.047306 0.043240 0.024533 0.001969 0.468107 0.007094 1.814525 2511.139433
0.408900 0.047390 0.043034 0.024437 0.001965 0.467155 0.007118 1.819068 2521.898766
0.409963 0.047417 0.042935 0.024411 0.001954 0.466178 0.007141 1.823733 2531.717815
0.411144 0.047389 0.042757 0.024452 0.001945 0.465149 0.007164 1.828401 2541.424954
0.412381 0.047336 0.042682 0.024441 0.001944 0.464031 0.007186 1.833039 2551.895968
0.413498 0.047345 0.042578 0.024438 0.001930 0.463000 0.007210 1.837671 2563.332466
0.414569 0.047381 0.042527 0.024436 0.001924 0.461928 0.007235 1.842354 2572.625007
0.415584 0.047485 0.042409 0.024384 0.001914 0.460965 0.007260 1.846998 2583.169426
0.416577 0.047622 0.042267 0.024344 0.001914 0.459994 0.007282 1.851622 2593.227062
0.417663 0.047663 0.042170 0.024313 0.001903 0.458980 0.007309 1.856267 2605.408445
0.418634 0.047768 0.042099 0.024314 0.001905 0.457947 0.007333 1.860928 2615.853092
0.419622 0.047805 0.042071 0.024264 0.001897 0.456981 0.007359 1.865586 2626.645104
0.420636 0.047799 0.042042 0.024239 0.001899 0.456003 0.007384 1.870300 2636.290048
0.421504 0.047887 0.042003 0.024219 0.001896 0.455083 0.007407 1.874976 2645.734120
0.422391 0.047949 0.042006 0.024188 0.001892 0.454140 0.007435 1.879658 2655.319759
0.423274 0.048000 0.041979 0.024230 0.001880 0.453174 0.007462 1.884376 2666.160865
0.424139 0.048084 0.041988 0.024242 0.001873 0.452188 0.007485 1.889093 2676.356396
0.425005 0.048223 0.041928 0.024241 0.001864 0.451230 0.007509 1.893792 2687.057497
0.425861 0.048301 0.041901 0.024268 0.001863 0.450271 0.007535 1.898505 2696.599088
0.426653 0.048352 0.041942 0.024286 0.001860 0.449346 0.007558 1.903272 2706.495762
0.427411 0.048422 0.041945 0.024265 0.001863 0.448507 0.007588 1.908049 2716.862968
0.428214 0.048484 0.041979 0.024273 0.001859 0.447575 0.007616 1.912781 2726.606292
0.428989 0.048625 0.041996 0.024237 0.001848 0.446663 0.007642 1.917498 2736.431453
0.429756 0.048755 0.041952 0.024200 0.001846 0.445820 0.007670 1.922200 2746.398280
0.430519 0.048851 0.041992 0.024216 0.001844 0.444883 0.007696 1.926973 2755.984930
0.431181 0.049001 0.042100 0.024228 0.001842 0.443931 0.007717 1.931714 2765.257998
0.431827 0.049075 0.042097 0.024287 0.001835 0.443134 0.007745 1.936527 2775.571479
0.432526 0.049144 0.042062 0.024305 0.001825 0.442367 0.007771 1.941314 2785.265981
0.433164 0.049121 0.042083 0.024354 0.001831 0.441653 0.007795 1.946152 2793.803121
0.433777 0.049213 0.042174 0.024353 0.001833 0.440834 0.007817 1.951000 2802.208005
0.434288 0.049317 0.042230 0.024361 0.001842 0.440122 0.007840 1.955844 2810.792700
0.434935 0.049387 0.042308 0.024394 0.001839 0.439270 0.007867 1.960678 2820.264679
0.435537 0.049466 0.042350 0.024452 0.001834 0.438470 0.007891 1.965524 2830.527506
0.436100 0.049550 0.042379 0.024480 0.001832 0.437743 0.007916 1.970346 2840.272581
0.436667 0.049576 0.042312 0.024532 0.001833 0.437139 0.007941 1.975185 2849.814169
0.437233 0.049652 0.042291 0.024571 0.001839 0.436449 0.007966 1.980037 2858.614098
0.437841 0.049669 0.042315 0.024620 0.001835 0.435732 0.007988 1.984903 2867.920939
0.438435 0.049656 0.042384 0.024610 0.001834 0.435069 0.008012 1.989785 2878.901357
0.439005 0.049664 0.042456 0.024595 0.001835 0.434410 0.008035 1.994630 2887.972986
0.439559 0.049750 0.042439 0.024658 0.001830 0.433703 0.008061 1.999433 2897.268455
0.440094 0.049817 0.042535 0.024659 0.001829 0.432976 0.008089 2.004295 2907.244167
0.440607 0.049821 0.042581 0.024679 0.001828 0.432370 0.008114 2.009174 2915.980843
0.441083 0.049944 0.042534 0.024721 0.001823 0.431757 0.008138 2.013958 2926.458664
0.441511 0.049990 0.042652 0.024762 0.001829 0.431094 0.008162 2.018885 2935.403470
0.441980 0.050092 0.042699 0.024752 0.001837 0.430455 0.008184 2.023717 2943.948768
0.442447 0.050147 0.042781 0.024789 0.001837 0.429785 0.008215 2.028652 2953.349420
0.442867 0.050183 0.042799 0.024785 0.001836 0.429294 0.008237 2.033561 2962.069324
0.443271 0.050243 0.042859 0.024862 0.001833 0.428667 0.008265 2.038495 2971.650788
0.443680 0.050268 0.042848 0.024922 0.001827 0.428166 0.008289 2.043431 2981.722627
0.444176 0.050285 0.042880 0.024949 0.001827 0.427569 0.008313 2.048359 2991.995662
0.444585 0.050380 0.042885 0.024947 0.001842 0.427028 0.008333 2.053231 3000.248997
0.444923 0.050402 0.042912 0.024969 0.001847 0.426593 0.008355 2.058185 3008.755039
0.445290 0.050445 0.042970 0.024970 0.001842 0.426102 0.008381 2.063112 3017.998884
0.445700 0.050401 0.043014 0.025009 0.001847 0.425627 0.008403 2.068085 3027.699055
0.446082 0.050394 0.043011 0.025049 0.001848 0.425185 0.008431 2.073024 3037.581125
0.446352 0.050489 0.043020 0.025072 0.001855 0.424758 0.008453 2.077931 3047.625999
0.446747 0.050573 0.043028 0.025096 0.001856 0.424224 0.008475 2.082831 3056.627483
0.446988 0.050643 0.043060 0.025145 0.001851 0.423812 0.008501 2.087778 3066.727503
0.447306 0.050669 0.043089 0.025208 0.001858 0.423343 0.008527 2.092768 3075.775325
0.447607 0.050638 0.043138 0.025285 0.001856 0.422925 0.008551 2.097752 3085.305133
0.447859 0.050653 0.043171 0.025302 0.001857 0.422584 0.008575 2.102715 3094.064482
0.448212 0.050671 0.043177 0.025296 0.001856 0.422183 0.008605 2.107586 3104.237852
0.448569 0.050648 0.043234 0.025282 0.001864 0.421773 0.008631 2.112556 3113.236364
0.448934 0.050665 0.043322 0.025277 0.001866 0.421281 0.008654 2.117503 3121.382742
0.449238 0.050646 0.043403 0.025318 0.001867 0.420851 0.008677 2.122466 3130.959068
0.449515 0.050694 0.043437 0.025319 0.001870 0.420465 0.008699 2.127387 3138.628678
0.449837 0.050672 0.043525 0.025278 0.001871 0.420090 0.008725 2.132335 3148.507650
0.450216 0.050664 0.043544 0.025311 0.001878 0.419636 0.008751 2.137284 3158.350207
0.450521 0.050623 0.043540 0.025354 0.001873 0.419315 0.008775 2.142278 3167.728081
0.450788 0.050623 0.043547 0.025348 0.001871 0.419025 0.008798 2.147219 3177.562065
0.451071 0.050703 0.043500 0.025330 0.001871 0.418699 0.008825 2.152113 3186.978658
0.451369 0.050694 0.043554 0.025337 0.001866 0.418329 0.008850 2.157067 3196.915691
0.451661 0.050668 0.043621 0.025306 0.001861 0.418011 0.008872 2.162048 3205.833710
0.451954 0.050617 0.043726 0.025347 0.001853 0.417607 0.008896 2.167027 3216.029914
0.452200 0.050665 0.043741 0.025368 0.001861 0.417241 0.008923 2.171964 3224.974234
0.452414 0.050688 0.043703 0.025410 0.001868 0.416971 0.008946 2.176942 3233.549192
0.452618 0.050703 0.043750 0.025429 0.001870 0.416661 0.008969 2.181918 3241.906420
0.452915 0.050737 0.043764 0.025408 0.001871 0.416314 0.008992 2.186837 3251.075183
0.453183 0.050717 0.043747 0.025411 0.001866 0.416057 0.009019 2.191811 3259.880788
0.453403 0.050735 0.043720 0.025429 0.001870 0.415801 0.009041 2.196744 3268.785466
0.453731 0.050687 0.043721 0.025393 0.001871 0.415532 0.009066 2.201687 3278.603194
0.453953 0.050704 0.043758 0.025401 0.001864 0.415226 0.009096 2.206616 3288.296405
0.454205 0.050659 0.043804 0.025413 0.001864 0.414935 0.009120 2.211590 3298.115986
0.454462 0.050711 0.043853 0.025362 0.001858 0.414609 0.009144 2.216497 3308.366359
0.454702 0.050621 0.043870 0.025339 0.001857 0.414437 0.009173 2.221492 3317.378247
0.454889 0.050618 0.043943 0.025345 0.001862 0.414143 0.009200 2.226483 3326.764335
0.455096 0.050563 0.043988 0.025391 0.001862 0.413873 0.009228 2.231502 3337.009009
0.455243 0.050585 0.043954 0.025398 0.001853 0.413714 0.009253 2.236454 3346.785891
0.455479 0.050671 0.043928 0.025337 0.001863 0.413447 0.009276 2.241338 3355.040293
0.455770 0.050552 0.043946 0.025376 0.001869 0.413189 0.009298 2.246355 3364.249418
0.456011 0.050487 0.043942 0.025387 0.001871 0.412980 0.009322 2.251319 3373.778648
0.456187 0.050449 0.043990 0.025370 0.001880 0.412778 0.009346 2.256327 3382.552479
0.456382 0.050381 0.044033 0.025366 0.001882 0.412588 0.009369 2.261326 3391.490469
0.456560 0.050406 0.044070 0.025326 0.001875 0.412371 0.009393 2.266275 3400.563942
0.456746 0.050383 0.044147 0.025298 0.001878 0.412131 0.009417 2.271245 3409.848515
0.456932 0.050399 0.044030 0.025323 0.001873 0.411997 0.009444 2.276121 3420.718306
0.457119 0.050383 0.044069 0.025299 0.001876 0.411779 0.009475 2.281040 3430.204626
0.457370 0.050331 0.044030 0.025316 0.001892 0.411561 0.009500 2.285980 3439.196297
0.457556 0.050351 0.043991 0.025310 0.001898 0.411374 0.009520 2.290912 3447.379899
0.457737 0.050339 0.044013 0.025310 0.001899 0.411157 0.009545 2.295845 3457.466752
0.457960 0.050324 0.044017 0.025254 0.001907 0.410969 0.009568 2.300756 3465.613497
0.458244 0.050231 0.043968 0.025261 0.001909 0.410792 0.009595 2.305707 3474.602073
0.458554 0.050103 0.043988 0.025261 0.001905 0.410567 0.009621 2.310682 3484.573736
0.458828 0.050056 0.043967 0.025319 0.001905 0.410280 0.009645 2.315614 3493.522433
0.459114 0.049956 0.043982 0.025287 0.001902 0.410092 0.009666 2.320559 3501.192519
0.459330 0.049925 0.044003 0.025300 0.001900 0.409848 0.009693 2.325492 3510.216709
0.459666 0.049879 0.043924 0.025294 0.001896 0.409623 0.009718 2.330366 3519.646733
0.459896 0.049876 0.043897 0.025247 0.001903 0.409437 0.009745 2.335229 3528.637839
0.460192 0.049872 0.043840 0.025230 0.001903 0.409192 0.009771 2.340080 3539.213241
0.460422 0.049878 0.043899 0.025202 0.001902 0.408899 0.009798 2.344978 3548.941462
0.460664 0.049883 0.043831 0.025170 0.001903 0.408727 0.009822 2.349854 3557.038715
0.460896 0.049910 0.043801 0.025181 0.001911 0.408455 0.009845 2.354708 3564.740479
0.461089 0.049865 0.043795 0.025162 0.001904 0.408316 0.009869 2.359634 3574.507199
0.461345 0.049798 0.043758 0.025194 0.001904 0.408104 0.009897 2.364536 3584.318067
0.461517 0.049882 0.043702 0.025158 0.001902 0.407922 0.009918 2.369373 3594.017640
0.461775 0.049921 0.043606 0.025139 0.001902 0.407714 0.009942 2.374209 3602.517838
0.462054 0.049875 0.043568 0.025148 0.001903 0.407483 0.009968 2.379087 3612.332556
0.462274 0.049857 0.043564 0.025128 0.001905 0.407281 0.009993 2.383978 3621.681709
0.462484 0.049826 0.043552 0.025107 0.001895 0.407118 0.010019 2.388901 3631.732841
0.462738 0.049818 0.043540 0.025109 0.001896 0.406855 0.010044 2.393766 3640.913277
0.462988 0.049830 0.043551 0.025096 0.001906 0.406566 0.010063 2.398655 3648.644678
0.463168 0.049838 0.043600 0.025094 0.001897 0.406317 0.010087 2.403533 3658.248738
0.463448 0.049878 0.043553 0.025100 0.001891 0.406018 0.010110 2.408407 3667.591778
0.463673 0.049825 0.043536 0.025090 0.001892 0.405846 0.010138 2.413294 3677.003348
0.463885 0.049885 0.043474 0.025085 0.001886 0.405624 0.010161 2.418104 3686.683286
0.464113 0.049825 0.043462 0.025055 0.001877 0.405481 0.010188 2.422984 3697.264827
0.464373 0.049737 0.043493 0.025055 0.001868 0.405260 0.010214 2.427929 3707.738576
0.464606 0.049740 0.043473 0.025037 0.001864 0.405039 0.010240 2.432789 3716.643299
0.464753 0.049795 0.043422 0.025052 0.001863 0.404849 0.010267 2.437648 3726.252800
0.464948 0.049743 0.043387 0.025019 0.001864 0.404744 0.010296 2.442499 3735.727212
0.465116 0.049797 0.043343 0.025039 0.001864 0.404518 0.010324 2.447350 3745.673089
0.465308 0.049788 0.043344 0.025020 0.001875 0.404315 0.010351 2.452233 3754.167866
0.465475 0.049717 0.043522 0.024985 0.001875 0.404050 0.010376 2.457190 3763.491643
0.465681 0.049757 0.043405 0.024991 0.001870 0.403896 0.010400 2.462002 3772.224475
0.465857 0.049780 0.043402 0.024986 0.001873 0.403680 0.010423 2.466868 3781.572102
0.466097 0.049715 0.043359 0.024986 0.001874 0.403522 0.010447 2.471727 3789.525752
0.466426 0.049551 0.043352 0.025033 0.001883 0.403287 0.010469 2.476661 3798.492616
0.466568 0.049544 0.043367 0.025005 0.001874 0.403148 0.010494 2.481544 3808.065872
0.466732 0.049522 0.043329 0.025066 0.001871 0.402962 0.010519 2.486426 3817.711802
0.466892 0.049499 0.043269 0.025083 0.001866 0.402849 0.010541 2.491322 3827.004880
0.467080 0.049489 0.043262 0.025070 0.001868 0.402665 0.010566 2.496182 3837.090942
0.467279 0.049492 0.043234 0.025020 0.001861 0.402522 0.010593 2.500989 3846.773020
0.467403 0.049521 0.043277 0.025030 0.001867 0.402286 0.010615 2.505869 3854.774893
0.467561 0.049527 0.043317 0.024999 0.001867 0.402091 0.010639 2.510729 3863.066866
0.467740 0.049470 0.043303 0.025016 0.001870 0.401939 0.010662 2.515649 3873.315381
0.467864 0.049514 0.043282 0.025010 0.001880 0.401771 0.010680 2.520475 3882.568838
0.467991 0.049536 0.043305 0.025032 0.001888 0.401544 0.010704 2.525357 3891.155378
0.468230 0.049485 0.043308 0.025005 0.001885 0.401360 0.010727 2.530225 3900.884689
0.468340 0.049468 0.043325 0.025032 0.001886 0.401199 0.010751 2.535100 3909.805391
0.468493 0.049519 0.043357 0.024978 0.001893 0.400983 0.010778 2.539937 3918.503968
0.468675 0.049542 0.043297 0.024983 0.001894 0.400806 0.010801 2.544758 3927.402396
0.468870 0.049496 0.043213 0.024993 0.001901 0.400701 0.010825 2.549616 3937.315161
0.468920 0.049583 0.043186 0.024947 0.001885 0.400628 0.010852 2.554454 3947.967927
0.469075 0.049593 0.043176 0.024953 0.001898 0.400429 0.010876 2.559323 3957.120889
0.469186 0.049625 0.043173 0.024973 0.001895 0.400244 0.010903 2.564173 3966.008239
0.469288 0.049607 0.043192 0.024939 0.001890 0.400156 0.010927 2.569080 3977.024486
0.469418 0.049616 0.043172 0.024934 0.001886 0.400024 0.010949 2.573919 3986.233427
0.469476 0.049612 0.043157 0.024941 0.001883 0.399959 0.010972 2.578818 3995.981193
0.469562 0.049654 0.043217 0.024928 0.001886 0.399757 0.010995 2.583669 4005.530694
0.469612 0.049693 0.043191 0.024926 0.001881 0.399679 0.011018 2.588519 4015.345208
0.469773 0.049690 0.043193 0.024882 0.001872 0.399551 0.011040 2.593366 4024.751372
0.469855 0.049750 0.043234 0.024848 0.001875 0.399371 0.011067 2.598215 4033.548463
0.469994 0.049723 0.043223 0.024865 0.001873 0.399229 0.011092 2.603105 4043.158121
0.470087 0.049743 0.043159 0.024881 0.001872 0.399143 0.011114 2.607951 4052.625203
0.470162 0.049794 0.043118 0.024858 0.001857 0.399072 0.011140 2.612804 4062.735286
0.470326 0.049769 0.043162 0.024884 0.001856 0.398840 0.011163 2.617680 4071.907317
0.470437 0.049707 0.043198 0.024898 0.001847 0.398728 0.011185 2.622596 4081.750164
0.470556 0.049624 0.043232 0.024937 0.001843 0.398596 0.011213 2.627559 4091.566345
0.470665 0.049639 0.043242 0.024973 0.001838 0.398407 0.011236 2.632426 4100.185816
0.470785 0.049724 0.043215 0.024972 0.001828 0.398214 0.011260 2.637234 4110.141087
0.470900 0.049722 0.043278 0.024972 0.001826 0.398019 0.011283 2.642128 4119.824441
0.470947 0.049733 0.043303 0.025005 0.001822 0.397881 0.011309 2.647046 4130.137198
0.470974 0.049794 0.043273 0.025022 0.001825 0.397781 0.011331 2.651907 4138.525259
0.471086 0.049789 0.043278 0.024977 0.001833 0.397683 0.011353 2.656756 4146.644562
0.471110 0.049808 0.043292 0.024994 0.001832 0.397585 0.011380 2.661625 4155.513306
0.471179 0.049781 0.043308 0.024983 0.001819 0.397520 0.011410 2.666559 4166.534248
0.471179 0.049826 0.043282 0.025021 0.001828 0.397433 0.011432 2.671437 4175.267195
0.471273 0.049832 0.043301 0.024968 0.001822 0.397346 0.011457 2.676298 4184.985427
0.471342 0.049799 0.043299 0.025039 0.001819 0.397218 0.011483 2.681250 4194.964388
0.471415 0.049704 0.043351 0.025074 0.001818 0.397127 0.011512 2.686213 4203.740078
0.471490 0.049750 0.043328 0.025053 0.001818 0.397028 0.011532 2.691087 4212.779503
0.471527 0.049761 0.043381 0.025033 0.001816 0.396924 0.011558 2.695983 4222.825028
0.471570 0.049806 0.043416 0.024982 0.001817 0.396828 0.011582 2.700818 4233.173791
0.471602 0.049821 0.043408 0.024995 0.001818 0.396752 0.011604 2.705692 4241.740722
0.471726 0.049850 0.043374 0.024998 0.001823 0.396601 0.011628 2.710544 4250.758564
0.471718 0.049919 0.043350 0.024999 0.001817 0.396541 0.011655 2.715390 4260.892523
0.471834 0.049939 0.043308 0.024990 0.001826 0.396420 0.011682 2.720294 4269.907511
0.471903 0.049920 0.043299 0.025005 0.001830 0.396336 0.011706 2.725201 4277.962717
0.471957 0.049871 0.043363 0.025036 0.001838 0.396205 0.011730 2.730097 4286.418388
0.472040 0.049867 0.043436 0.025029 0.001834 0.396042 0.011753 2.734971 4295.364475
0.472026 0.049838 0.043532 0.025035 0.001840 0.395949 0.011779 2.739929 4303.963506
0.472063 0.049877 0.043511 0.025069 0.001832 0.395846 0.011803 2.744801 4313.768415
0.472117 0.049824 0.043547 0.025062 0.001826 0.395794 0.011829 2.749709 4323.420887
0.472155 0.049862 0.043536 0.025097 0.001825 0.395673 0.011851 2.754570 4332.095707
0.472213 0.049903 0.043565 0.025080 0.001823 0.395539 0.011877 2.759462 4341.648770
0.472232 0.049934 0.043537 0.025084 0.001838 0.395476 0.011898 2.764353 4350.191660
0.472270 0.049986 0.043535 0.025076 0.001830 0.395381 0.011922 2.769200 4359.420066
0.472241 0.050054 0.043540 0.025051 0.001825 0.395342 0.011947 2.774097 4370.807878
0.472298 0.050020 0.043583 0.025091 0.001811 0.395224 0.011974 2.779042 4380.966056
0.472329 0.050021 0.043623 0.025105 0.001808 0.395112 0.012001 2.783942 4391.020909
0.472402 0.049993 0.043653 0.025080 0.001807 0.395038 0.012027 2.788860 4400.985137
0.472369 0.050094 0.043698 0.025076 0.001808 0.394904 0.012050 2.793745 4409.132768
0.472426 0.050110 0.043722 0.025080 0.001802 0.394783 0.012076 2.798650 4418.640953
0.472450 0.050146 0.043695 0.025066 0.001799 0.394742 0.012101 2.803538 4427.724356
0.472419 0.050147 0.043669 0.025082 0.001797 0.394764 0.012123 2.808483 4437.462945
0.472443 0.050189 0.043679 0.025051 0.001802 0.394693 0.012143 2.813368 4446.541695
0.472484 0.050122 0.043765 0.025041 0.001797 0.394622 0.012168 2.818330 4455.287282
0.472508 0.050099 0.043810 0.025062 0.001793 0.394534 0.012194 2.823298 4464.431048
0.472488 0.050194 0.043733 0.025059 0.001803 0.394508 0.012216 2.828159 4473.167912
0.472535 0.050187 0.043748 0.025047 0.001810 0.394433 0.012239 2.833058 4483.040476
0.472598 0.050155 0.043771 0.025066 0.001812 0.394334 0.012264 2.838002 4492.069531
0.472605 0.050200 0.043779 0.025091 0.001820 0.394222 0.012285 2.842895 4500.985967
0.472684 0.050163 0.043808 0.025009 0.001822 0.394202 0.012311 2.847778 4509.847634
0.472635 0.050217 0.043806 0.025002 0.001819 0.394179 0.012342 2.852704 4520.404441
0.472695 0.050172 0.043802 0.025033 0.001817 0.394112 0.012368 2.857646 4529.949872
0.472686 0.050211 0.043831 0.025031 0.001817 0.394035 0.012389 2.862551 4539.542506
0.472720 0.050241 0.043770 0.025053 0.001816 0.393991 0.012409 2.867439 4547.738110
0.472691 0.050210 0.043778 0.025066 0.001828 0.394001 0.012426 2.872397 4555.822339
0.472712 0.050153 0.043810 0.025044 0.001821 0.394010 0.012451 2.877324 4565.987606
0.472764 0.050119 0.043829 0.025024 0.001842 0.393950 0.012471 2.882242 4574.863387
0.472802 0.050058 0.043802 0.024986 0.001850 0.394008 0.012493 2.887157 4583.076775
0.472818 0.050102 0.043730 0.024966 0.001852 0.394011 0.012521 2.892000 4592.381896
0.472829 0.050124 0.043680 0.024987 0.001846 0.393988 0.012547 2.896878 4602.022754
0.472839 0.050112 0.043718 0.025023 0.001851 0.393884 0.012572 2.901810 4610.986288
0.472858 0.050110 0.043681 0.025073 0.001846 0.393835 0.012597 2.906723 4619.712938
0.472831 0.050058 0.043701 0.025085 0.001841 0.393866 0.012619 2.911658 4627.492718
0.472934 0.050017 0.043720 0.025055 0.001837 0.393796 0.012642 2.916545 4638.199180
0.473018 0.049980 0.043683 0.025021 0.001838 0.393798 0.012662 2.921386 4647.195542
0.473047 0.049976 0.043658 0.025060 0.001838 0.393731 0.012689 2.926284 4656.823631
0.473104 0.049951 0.043637 0.025073 0.001836 0.393684 0.012715 2.931185 4666.332114
0.473170 0.049866 0.043691 0.025063 0.001830 0.393639 0.012741 2.936095 4675.861065
0.473188 0.049869 0.043657 0.025057 0.001829 0.393638 0.012763 2.940957 4685.050587
0.473152 0.049916 0.043582 0.025058 0.001831 0.393674 0.012787 2.945833 4694.013437
0.473274 0.049807 0.043542 0.025097 0.001831 0.393638 0.012811 2.950758 4703.430806
0.473310 0.049833 0.043512 0.025065 0.001824 0.393619 0.012836 2.955622 4712.088559
0.473422 0.049824 0.043499 0.025085 0.001822 0.393487 0.012862 2.960484 4721.832308
0.473449 0.049831 0.043498 0.025054 0.001829 0.393455 0.012885 2.965359 4730.810101
0.473498 0.049789 0.043549 0.025046 0.001828 0.393384 0.012907 2.970294 4738.278987
0.473515 0.049804 0.043535 0.025051 0.001832 0.393331 0.012932 2.975145 4748.341492
0.473492 0.049861 0.043407 0.025049 0.001832 0.393401 0.012959 2.979986 4757.491840
0.473492 0.049822 0.043409 0.025074 0.001830 0.393390 0.012984 2.984867 4766.667475
0.473494 0.049767 0.043457 0.025071 0.001839 0.393364 0.013007 2.989799 4775.212954
0.473620 0.049764 0.043360 0.025022 0.001834 0.393373 0.013027 2.994628 4784.117082
0.473672 0.049849 0.043301 0.024990 0.001828 0.393312 0.013049 2.999417 4793.231061
0.473752 0.049789 0.043265 0.024972 0.001816 0.393331 0.013074 3.004311 4803.975330
0.473792 0.049812 0.043281 0.024934 0.001822 0.393261 0.013098 3.009173 4812.369738
0.473814 0.049811 0.043254 0.024945 0.001814 0.393236 0.013124 3.014059 4821.969352
0.473855 0.049797 0.043303 0.024965 0.001815 0.393116 0.013149 3.018980 4830.683823
0.473844 0.049833 0.043303 0.024964 0.001807 0.393065 0.013184 3.023841 4840.718267
0.473859 0.049835 0.043307 0.024984 0.001807 0.392999 0.013208 3.028737 4849.342278
0.473919 0.049801 0.043339 0.025014 0.001805 0.392889 0.013234 3.033652 4858.456592
0.473948 0.049767 0.043274 0.024961 0.001809 0.392984 0.013258 3.038479 4867.537707
0.473995 0.049768 0.043297 0.024976 0.001798 0.392880 0.013286 3.043381 4878.427115
0.474125 0.049650 0.043356 0.024930 0.001800 0.392828 0.013311 3.048280 4887.080152
0.474170 0.049624 0.043368 0.024929 0.001798 0.392778 0.013334 3.053145 4895.829276
0.474257 0.049672 0.043296 0.024895 0.001808 0.392718 0.013353 3.057957 4904.085063
0.474293 0.049668 0.043286 0.024878 0.001807 0.392689 0.013380 3.062836 4914.858529
0.474349 0.049596 0.043233 0.024916 0.001815 0.392691 0.013400 3.067764 4922.616050
0.474383 0.049583 0.043244 0.024921 0.001811 0.392632 0.013426 3.072647 4932.180347
0.474413 0.049561 0.043237 0.024925 0.001813 0.392601 0.013451 3.077538 4939.988682
0.474488 0.049499 0.043271 0.024940 0.001819 0.392509 0.013474 3.082450 4948.193321
0.474508 0.049489 0.043290 0.024958 0.001821 0.392442 0.013492 3.087329 4956.157644
0.474661 0.049415 0.043303 0.024952 0.001827 0.392326 0.013516 3.092208 4964.410530
0.474737 0.049422 0.043294 0.024948 0.001828 0.392231 0.013541 3.097022 4973.546470
0.474752 0.049499 0.043262 0.024917 0.001831 0.392176 0.013563 3.101833 4982.143448
0.474753 0.049491 0.043299 0.024885 0.001837 0.392148 0.013587 3.106716 4991.012680
0.474868 0.049442 0.043255 0.024895 0.001843 0.392090 0.013607 3.111580 5001.222810
0.474963 0.049443 0.043247 0.024880 0.001849 0.391987 0.013632 3.116431 5010.346566
0.475066 0.049398 0.043229 0.024912 0.001839 0.391897 0.013659 3.121278 5019.343681
0.475108 0.049394 0.043309 0.024910 0.001840 0.391758 0.013681 3.126152 5028.757609
0.475161 0.049432 0.043284 0.024891 0.001843 0.391680 0.013708 3.130995 5037.553435
0.475137 0.049470 0.043331 0.024870 0.001844 0.391620 0.013728 3.135861 5047.644464
0.475207 0.049470 0.043321 0.024856 0.001850 0.391538 0.013757 3.140725 5056.556550
0.475184 0.049500 0.043276 0.024861 0.001853 0.391545 0.013780 3.145583 5064.369156
0.475240 0.049577 0.043193 0.024863 0.001852 0.391469 0.013805 3.150423 5074.561873
0.475363 0.049520 0.043177 0.024869 0.001855 0.391386 0.013831 3.155269 5084.515861
0.475401 0.049494 0.043209 0.024820 0.001860 0.391364 0.013853 3.160140 5093.811837
0.475435 0.049463 0.043164 0.024840 0.001861 0.391356 0.013881 3.164992 5102.391095
0.475477 0.049469 0.043197 0.024816 0.001863 0.391270 0.013907 3.169844 5111.438737
0.475480 0.049495 0.043147 0.024809 0.001873 0.391264 0.013932 3.174654 5120.247190
0.475480 0.049548 0.043195 0.024768 0.001869 0.391185 0.013955 3.179507 5128.993659
0.475426 0.049640 0.043153 0.024762 0.001864 0.391174 0.013982 3.184315 5139.556682
0.475524 0.049665 0.043166 0.024728 0.001858 0.391053 0.014007 3.189147 5149.158902
0.475451 0.049773 0.043149 0.024735 0.001861 0.391001 0.014032 3.193994 5157.973094
0.475396 0.049781 0.043204 0.024752 0.001854 0.390957 0.014056 3.198885 5167.162361
0.475409 0.049801 0.043178 0.024766 0.001848 0.390919 0.014079 3.203748 5176.114807
0.475423 0.049778 0.043297 0.024767 0.001852 0.390780 0.014104 3.208668 5184.776497
0.475415 0.049800 0.043370 0.024751 0.001859 0.390675 0.014129 3.213552 5193.972710
0.475421 0.049810 0.043374 0.024734 0.001855 0.390653 0.014155 3.218445 5202.957193
0.475399 0.049738 0.043418 0.024756 0.001862 0.390649 0.014178 3.223386 5212.053922
0.475511 0.049776 0.043399 0.024779 0.001852 0.390480 0.014203 3.228227 5221.172219
0.475588 0.049769 0.043404 0.024757 0.001841 0.390415 0.014227 3.233051 5231.221718
0.475603 0.049729 0.043437 0.024732 0.001841 0.390409 0.014248 3.237956 5240.449215
0.475626 0.049747 0.043404 0.024747 0.001837 0.390366 0.014273 3.242830 5249.000852
0.475669 0.049693 0.043448 0.024765 0.001848 0.390285 0.014293 3.247722 5256.338334
0.475591 0.049702 0.043413 0.024809 0.001837 0.390333 0.014316 3.252625 5266.561712
0.475674 0.049687 0.043417 0.024795 0.001845 0.390242 0.014339 3.257488 5275.441086
0.475646 0.049725 0.043430 0.024749 0.001842 0.390238 0.014369 3.262333 5284.970676
0.475720 0.049655 0.043460 0.024744 0.001834 0.390193 0.014394 3.267243 5294.289258
0.475644 0.049650 0.043393 0.024822 0.001831 0.390244 0.014418 3.272140 5303.199271
0.475556 0.049718 0.043297 0.024837 0.001842 0.390311 0.014437 3.276987 5311.273973
0.475611 0.049675 0.043281 0.024858 0.001845 0.390272 0.014460 3.281839 5320.141611
0.475575 0.049705 0.043239 0.024892 0.001848 0.390257 0.014484 3.286697 5329.006478
0.475604 0.049642 0.043260 0.024923 0.001849 0.390216 0.014506 3.291591 5337.697337
0.475623 0.049630 0.043261 0.024925 0.001842 0.390190 0.014528 3.296446 5348.004636
0.475642 0.049575 0.043331 0.024956 0.001850 0.390095 0.014551 3.301352 5356.502022
0.475643 0.049615 0.043314 0.024967 0.001847 0.390041 0.014573 3.306206 5365.093961
0.475534 0.049675 0.043331 0.024971 0.001846 0.390043 0.014600 3.311074 5373.797520
0.475492 0.049617 0.043317 0.025003 0.001842 0.390104 0.014626 3.316016 5384.628317
0.475432 0.049660 0.043223 0.025028 0.001845 0.390164 0.014647 3.320844 5393.231715
0.475434 0.049658 0.043257 0.025026 0.001842 0.390102 0.014681 3.325716 5402.307209
0.475535 0.049684 0.043261 0.024964 0.001845 0.390006 0.014705 3.330509 5411.133376
0.475567 0.049744 0.043221 0.024887 0.001846 0.390006 0.014730 3.335314 5420.717383
0.475516 0.049745 0.043235 0.024886 0.001845 0.390017 0.014757 3.340214 5429.520852
0.475523 0.049720 0.043242 0.024895 0.001849 0.389990 0.014782 3.345112 5438.093049
0.475548 0.049690 0.043193 0.024945 0.001844 0.389970 0.014808 3.349979 5447.690707
0.475541 0.049707 0.043226 0.024905 0.001844 0.389942 0.014835 3.354843 5457.132162
0.475508 0.049686 0.043210 0.024951 0.001844 0.389942 0.014859 3.359758 5466.077917
0.475538 0.049703 0.043151 0.024953 0.001839 0.389930 0.014885 3.364608 5475.143119
0.475609 0.049667 0.043180 0.024919 0.001837 0.389874 0.014914 3.369494 5485.718842
0.475613 0.049673 0.043132 0.024951 0.001847 0.389848 0.014937 3.374359 5494.749822
0.475662 0.049636 0.043172 0.024956 0.001840 0.389771 0.014963 3.379245 5504.723978
0.475680 0.049654 0.043184 0.024964 0.001850 0.389683 0.014985 3.384103 5513.199120
0.475638 0.049687 0.043185 0.024962 0.001859 0.389660 0.015010 3.388980 5523.081437
0.475564 0.049713 0.043158 0.024967 0.001850 0.389715 0.015033 3.393860 5532.692119
0.475559 0.049708 0.043129 0.024980 0.001849 0.389721 0.015054 3.398725 5541.964795
0.475528 0.049799 0.043065 0.025010 0.001850 0.389668 0.015078 3.403570 5551.875634
0.475522 0.049795 0.043059 0.025003 0.001855 0.389665 0.015101 3.408460 5559.680950
0.475477 0.049793 0.043065 0.025046 0.001846 0.389646 0.015126 3.413379 5569.369225
0.475431 0.049738 0.043109 0.025032 0.001833 0.389706 0.015151 3.418303 5578.847462
0.475436 0.049716 0.043144 0.025011 0.001831 0.389688 0.015175 3.423191 5588.583141
0.475472 0.049741 0.043097 0.024987 0.001826 0.389674 0.015203 3.427994 5598.776610
0.475429 0.049825 0.043070 0.024932 0.001827 0.389689 0.015228 3.432804 5607.935337
0.475400 0.049844 0.043064 0.024936 0.001833 0.389672 0.015251 3.437677 5616.554768
0.475391 0.049820 0.043134 0.024958 0.001837 0.389586 0.015274 3.442593 5625.540947
0.475416 0.049758 0.043152 0.024961 0.001846 0.389570 0.015297 3.447522 5634.519848
0.475453 0.049739 0.043177 0.024944 0.001836 0.389532 0.015320 3.452415 5644.074025
0.475442 0.049703 0.043162 0.024939 0.001831 0.389577 0.015346 3.457289 5653.798140
0.475486 0.049747 0.043199 0.024935 0.001824 0.389438 0.015372 3.462174 5664.496480
0.475494 0.049680 0.043292 0.024912 0.001831 0.389401 0.015390 3.467145 5674.351033
0.475449 0.049708 0.043284 0.024927 0.001826 0.389392 0.015414 3.471995 5683.977790
0.475401 0.049746 0.043284 0.024947 0.001826 0.389358 0.015437 3.476880 5694.279798
0.475414 0.049707 0.043270 0.024985 0.001820 0.389345 0.015458 3.481776 5703.282579
0.475339 0.049750 0.043242 0.024940 0.001823 0.389427 0.015478 3.486620 5711.944790
0.475314 0.049667 0.043291 0.024960 0.001823 0.389444 0.015500 3.491567 5720.906520
0.475319 0.049601 0.043323 0.024979 0.001828 0.389426 0.015523 3.496440 5729.640332
0.475337 0.049524 0.043338 0.024978 0.001834 0.389440 0.015549 3.501354 5738.936157
0.475396 0.049538 0.043270 0.024949 0.001837 0.389433 0.015576 3.506152 5747.870683
0.475410 0.049525 0.043225 0.024950 0.001847 0.389445 0.015599 3.511002 5757.341798
0.475459 0.049569 0.043200 0.024981 0.001842 0.389327 0.015621 3.515805 5766.690178
0.475493 0.049546 0.043175 0.024942 0.001839 0.389357 0.015648 3.520649 5775.936959
0.475525 0.049541 0.043095 0.024933 0.001831 0.389396 0.015679 3.525489 5784.659259
0.475504 0.049528 0.043061 0.024968 0.001825 0.389411 0.015705 3.530327 5794.635249
0.475501 0.049588 0.042991 0.024924 0.001830 0.389438 0.015728 3.535116 5803.019752
0.475530 0.049527 0.042974 0.024925 0.001838 0.389458 0.015748 3.540012 5812.954858
0.475587 0.049508 0.043008 0.024889 0.001831 0.389407 0.015772 3.544853 5822.008931
0.475636 0.049495 0.043017 0.024898 0.001830 0.389331 0.015794 3.549727 5830.973366
0.475583 0.049576 0.042985 0.024945 0.001832 0.389265 0.015814 3.554539 5839.160998
0.475561 0.049593 0.042979 0.024974 0.001829 0.389226 0.015838 3.559406 5847.009629
0.475619 0.049518 0.043011 0.024979 0.001833 0.389176 0.015864 3.564304 5855.835289
0.475592 0.049434 0.043083 0.025038 0.001833 0.389132 0.015889 3.569255 5865.760136
0.475664 0.049437 0.043044 0.025025 0.001827 0.389089 0.015915 3.574065 5875.393992
0.475686 0.049464 0.043054 0.025013 0.001828 0.389018 0.015938 3.578897 5884.866749
0.475710 0.049423 0.043070 0.025046 0.001832 0.388958 0.015962 3.583785 5893.216662
0.475768 0.049444 0.043054 0.025029 0.001827 0.388892 0.015987 3.588602 5902.926626
0.475777 0.049463 0.043017 0.025007 0.001821 0.388904 0.016010 3.593452 5911.691769
0.475859 0.049332 0.043026 0.025021 0.001828 0.388906 0.016030 3.598371 5920.330917
0.475888 0.049369 0.043026 0.024968 0.001824 0.388871 0.016054 3.603196 5930.192051
0.475923 0.049353 0.043022 0.024976 0.001824 0.388822 0.016079 3.607997 5939.609968
0.475933 0.049382 0.043043 0.024962 0.001828 0.388753 0.016100 3.612800 5948.573183
0.475993 0.049300 0.043062 0.024939 0.001825 0.388758 0.016123 3.617664 5957.979364
0.476088 0.049205 0.043054 0.024944 0.001812 0.388748 0.016147 3.622550 5966.954191
0.476103 0.049212 0.043018 0.024906 0.001807 0.388782 0.016172 3.627359 5977.134332
0.476183 0.049279 0.043029 0.024882 0.001810 0.388619 0.016198 3.632128 5986.678753
0.476204 0.049309 0.042974 0.024873 0.001804 0.388614 0.016221 3.636949 5995.830918
0.476223 0.049406 0.042947 0.024814 0.001793 0.388571 0.016246 3.641716 6004.095982
0.476218 0.049456 0.042954 0.024841 0.001795 0.388470 0.016266 3.646557 6012.531146
0.476167 0.049574 0.042905 0.024815 0.001786 0.388462 0.016292 3.651321 6023.479887
0.476082 0.049677 0.042945 0.024822 0.001787 0.388370 0.016316 3.656132 6033.047515
0.476159 0.049588 0.042987 0.024814 0.001786 0.388325 0.016341 3.660997 6042.546246
0.476164 0.049588 0.043033 0.024770 0.001787 0.388295 0.016364 3.665846 6051.408363
0.476163 0.049571 0.042991 0.024818 0.001779 0.388292 0.016386 3.670717 6059.487036
0.476169 0.049513 0.043004 0.024823 0.001788 0.388297 0.016406 3.675575 6067.005136
0.476137 0.049510 0.043071 0.024870 0.001798 0.388187 0.016428 3.680453 6075.155234
0.476216 0.049437 0.043084 0.024890 0.001804 0.388120 0.016449 3.685347 6083.283524
0.476148 0.049430 0.043043 0.024889 0.001810 0.388208 0.016472 3.690232 6091.660157
0.476053 0.049470 0.043091 0.024928 0.001800 0.388161 0.016496 3.695112 6101.035072
0.475989 0.049547 0.043073 0.024892 0.001804 0.388174 0.016521 3.699908 6110.354248
0.476042 0.049516 0.043111 0.024899 0.001806 0.388079 0.016547 3.704762 6119.492030
0.476028 0.049544 0.043131 0.024899 0.001802 0.388025 0.016572 3.709611 6128.636145
0.476026 0.049518 0.043096 0.024921 0.001800 0.388046 0.016593 3.714490 6137.427444
0.475997 0.049415 0.043105 0.024939 0.001801 0.388123 0.016619 3.719386 6147.358540
0.476020 0.049382 0.043146 0.024913 0.001799 0.388093 0.016646 3.724249 6157.823674
0.475968 0.049382 0.043171 0.024901 0.001807 0.388101 0.016670 3.729121 6166.556796
0.476028 0.049350 0.043188 0.024875 0.001812 0.388053 0.016694 3.733960 6175.307408
0.476061 0.049286 0.043231 0.024828 0.001827 0.388052 0.016715 3.738815 6183.162242
0.476066 0.049302 0.043157 0.024806 0.001829 0.388103 0.016737 3.743621 6192.668294
0.476023 0.049303 0.043183 0.024786 0.001838 0.388105 0.016762 3.748469 6202.022245
0.476060 0.049311 0.043171 0.024780 0.001831 0.388058 0.016789 3.753312 6212.133440
0.476045 0.049262 0.043145 0.024808 0.001826 0.388095 0.016818 3.758178 6222.092155
0.476119 0.049197 0.043082 0.024778 0.001832 0.388149 0.016843 3.762998 6231.020458
0.476070 0.049283 0.043082 0.024747 0.001834 0.388117 0.016868 3.767791 6240.570737
0.476170 0.049294 0.043053 0.024736 0.001822 0.388034 0.016891 3.772588 6250.338659
0.476188 0.049302 0.043009 0.024768 0.001830 0.387989 0.016914 3.777430 6260.190546
0.476239 0.049333 0.042991 0.024815 0.001831 0.387854 0.016936 3.782276 6269.088881
0.476217 0.049352 0.042990 0.024745 0.001832 0.387904 0.016960 3.787101 6277.781578
0.476247 0.049359 0.042991 0.024744 0.001842 0.387833 0.016984 3.791910 6286.539786
0.476275 0.049363 0.043017 0.024748 0.001840 0.387751 0.017007 3.796750 6295.271041
0.476227 0.049365 0.043072 0.024760 0.001842 0.387701 0.017033 3.801642 6304.741568
0.476216 0.049465 0.043008 0.024737 0.001837 0.387677 0.017061 3.806431 6315.304292
0.476295 0.049415 0.043054 0.024725 0.001832 0.387602 0.017077 3.811269 6323.638317
0.476327 0.049479 0.043055 0.024730 0.001827 0.387480 0.017101 3.816097 6333.165285
0.476335 0.049524 0.042996 0.024712 0.001832 0.387481 0.017121 3.820907 6341.307560
0.476310 0.049486 0.042968 0.024727 0.001836 0.387525 0.017147 3.825781 6350.976622
0.476294 0.049473 0.042999 0.024700 0.001829 0.387535 0.017169 3.830621 6360.148014
0.476285 0.049465 0.043027 0.024691 0.001838 0.387504 0.017189 3.835481 6369.534828
0.476296 0.049504 0.042962 0.024688 0.001838 0.387495 0.017217 3.840290 6378.719519
0.476300 0.049484 0.043085 0.024659 0.001844 0.387389 0.017241 3.845161 6387.294374
0.476200 0.049625 0.043034 0.024619 0.001835 0.387420 0.017267 3.849929 6396.756334
0.476165 0.049679 0.043015 0.024625 0.001826 0.387397 0.017292 3.854776 6405.686377
0.476080 0.049692 0.043047 0.024657 0.001827 0.387378 0.017319 3.859685 6415.621057
0.476054 0.049698 0.043100 0.024652 0.001828 0.387323 0.017345 3.864556 6424.929106
0.476015 0.049669 0.043080 0.024683 0.001815 0.387370 0.017370 3.869415 6434.122925
0.475867 0.049715 0.043095 0.024696 0.001811 0.387422 0.017395 3.874314 6442.519175
0.475868 0.049674 0.043075 0.024676 0.001808 0.387481 0.017418 3.879190 6452.010426
0.475850 0.049700 0.043023 0.024696 0.001807 0.387483 0.017440 3.884020 6460.541461
0.475799 0.049735 0.043096 0.024660 0.001804 0.387442 0.017464 3.888882 6468.455174
0.475723 0.049752 0.043129 0.024686 0.001806 0.387415 0.017489 3.893761 6476.237613
0.475653 0.049792 0.043114 0.024672 0.001812 0.387449 0.017509 3.898615 6483.821445
0.475611 0.049731 0.043152 0.024661 0.001805 0.387505 0.017536 3.903555 6493.747121
0.475590 0.049642 0.043227 0.024667 0.001811 0.387505 0.017558 3.908461 6502.153794
0.475547 0.049621 0.043210 0.024675 0.001813 0.387551 0.017583 3.913302 6510.649411
0.475487 0.049637 0.043156 0.024696 0.001823 0.387590 0.017612 3.918161 6519.848442
0.475456 0.049627 0.043127 0.024755 0.001824 0.387576 0.017635 3.923010 6528.189050
0.475391 0.049567 0.043107 0.024786 0.001814 0.387673 0.017662 3.927906 6537.647489
0.475422 0.049511 0.043077 0.024837 0.001814 0.387653 0.017686 3.932776 6546.105280
0.475344 0.049598 0.043021 0.024857 0.001811 0.387663 0.017706 3.937580 6555.102329
0.475363 0.049543 0.043020 0.024819 0.001799 0.387725 0.017731 3.942436 6564.373063
0.475402 0.049426 0.043073 0.024850 0.001803 0.387695 0.017752 3.947329 6573.587321
0.475467 0.049371 0.043133 0.024843 0.001800 0.387610 0.017776 3.952231 6582.562884
0.475476 0.049308 0.043155 0.024852 0.001801 0.387612 0.017796 3.957124 6591.330902
0.475458 0.049304 0.043178 0.024802 0.001806 0.387632 0.017820 3.961996 6599.771257
0.475461 0.049342 0.043148 0.024754 0.001812 0.387638 0.017845 3.966809 6608.427468
0.475460 0.049356 0.043109 0.024684 0.001812 0.387709 0.017870 3.971591 6617.828902
0.475528 0.049331 0.043085 0.024663 0.001813 0.387689 0.017891 3.976428 6628.446642
0.475588 0.049269 0.043127 0.024697 0.001815 0.387590 0.017913 3.981296 6637.711651
0.475671 0.049245 0.043085 0.024665 0.001809 0.387588 0.017937 3.986090 6647.271305
0.475598 0.049301 0.043068 0.024651 0.001807 0.387615 0.017961 3.990902 6655.889117
0.475520 0.049287 0.043187 0.024642 0.001811 0.387569 0.017984 3.995778 6664.707179
0.475629 0.049278 0.043190 0.024636 0.001804 0.387453 0.018009 4.000593 6674.194832
0.475551 0.049336 0.043171 0.024651 0.001801 0.387458 0.018031 4.005439 6683.517271
0.475554 0.049259 0.043240 0.024696 0.001806 0.387391 0.018054 4.010372 6692.989854
0.475519 0.049261 0.043241 0.024712 0.001801 0.387382 0.018083 4.015198 6701.669942
0.475501 0.049276 0.043252 0.024756 0.001802 0.387309 0.018104 4.020062 6711.113019
0.475545 0.049284 0.043192 0.024740 0.001797 0.387315 0.018127 4.024882 6721.041585
0.475555 0.049231 0.043199 0.024734 0.001788 0.387341 0.018151 4.029767 6731.114708
0.475498 0.049351 0.043128 0.024717 0.001788 0.387342 0.018176 4.034538 6739.802529
0.475453 0.049409 0.043038 0.024725 0.001793 0.387380 0.018202 4.039372 6749.421792
0.475456 0.049382 0.043034 0.024742 0.001793 0.387362 0.018231 4.044215 6759.856021
0.475403 0.049449 0.043073 0.024688 0.001795 0.387336 0.018256 4.049057 6768.691937
0.475453 0.049432 0.043064 0.024666 0.001791 0.387313 0.018281 4.053885 6778.111328
0.475464 0.049463 0.043039 0.024695 0.001781 0.387255 0.018303 4.058692 6788.352794
0.475449 0.049531 0.043027 0.024705 0.001779 0.387181 0.018327 4.063496 6797.059264
0.475474 0.049501 0.043036 0.024717 0.001780 0.387143 0.018348 4.068352 6805.899679
0.475444 0.049510 0.043017 0.024701 0.001781 0.387176 0.018371 4.073181 6815.335520
0.475441 0.049534 0.042998 0.024693 0.001779 0.387161 0.018393 4.078028 6824.142965
0.475360 0.049575 0.043014 0.024692 0.001775 0.387169 0.018415 4.082896 6832.520352
0.475390 0.049547 0.043073 0.024688 0.001773 0.387090 0.018440 4.087732 6840.929646
0.475449 0.049533 0.043063 0.024685 0.001774 0.387031 0.018466 4.092578 6850.020488
0.475412 0.049526 0.043065 0.024715 0.001777 0.387016 0.018488 4.097452 6858.306756
0.475396 0.049491 0.043100 0.024698 0.001773 0.387025 0.018516 4.102343 6868.958042
0.475375 0.049473 0.043101 0.024731 0.001778 0.387006 0.018535 4.107195 6876.592496
0.475325 0.049509 0.043112 0.024698 0.001785 0.387014 0.018557 4.112036 6884.995256
0.475302 0.049482 0.043164 0.024714 0.001774 0.386980 0.018583 4.116905 6894.814458
0.475318 0.049446 0.043217 0.024695 0.001772 0.386941 0.018611 4.121763 6903.549523
0.475335 0.049368 0.043181 0.024743 0.001773 0.386966 0.018635 4.126624 6911.999451
0.475308 0.049370 0.043190 0.024744 0.001772 0.386957 0.018658 4.131485 6920.347435
0.475397 0.049347 0.043190 0.024739 0.001766 0.386874 0.018687 4.136325 6929.957801
0.475372 0.049350 0.043176 0.024724 0.001764 0.386902 0.018712 4.141173 6938.122243
0.475400 0.049293 0.043169 0.024737 0.001771 0.386898 0.018732 4.146054 6946.503930
0.475454 0.049290 0.043103 0.024745 0.001776 0.386875 0.018757 4.150834 6954.950916
0.475450 0.049270 0.043093 0.024728 0.001774 0.386907 0.018778 4.155674 6963.875979
0.475446 0.049336 0.043033 0.024717 0.001775 0.386897 0.018796 4.160502 6972.475431
0.475554 0.049268 0.043097 0.024714 0.001769 0.386781 0.018816 4.165330 6980.817613
0.475456 0.049344 0.043028 0.024693 0.001767 0.386874 0.018838 4.170119 6988.302200
0.475433 0.049354 0.043042 0.024703 0.001762 0.386846 0.018861 4.174961 6997.426365
0.475375 0.049455 0.043018 0.024690 0.001758 0.386820 0.018883 4.179790 7006.855912
0.475379 0.049504 0.043061 0.024653 0.001763 0.386731 0.018909 4.184598 7015.818908
0.475407 0.049472 0.043095 0.024649 0.001772 0.386676 0.018929 4.189449 7024.707272
0.475383 0.049460 0.043132 0.024698 0.001773 0.386600 0.018953 4.194308 7034.759399
0.475399 0.049419 0.043071 0.024677 0.001771 0.386689 0.018974 4.199117 7043.624901
0.475342 0.049452 0.043082 0.024684 0.001773 0.386665 0.019002 4.203968 7052.037813
0.475352 0.049432 0.043105 0.024696 0.001773 0.386620 0.019023 4.208843 7061.333627
0.475339 0.049390 0.043129 0.024751 0.001772 0.386574 0.019044 4.213714 7069.725483
0.475366 0.049393 0.043079 0.024711 0.001764 0.386617 0.019071 4.218487 7078.921852
0.475339 0.049446 0.043013 0.024736 0.001768 0.386606 0.019091 4.223332 7087.428163
0.475343 0.049395 0.043044 0.024739 0.001768 0.386595 0.019116 4.228189 7095.399425
0.475342 0.049433 0.043053 0.024734 0.001765 0.386537 0.019136 4.233033 7103.827049
0.475340 0.049484 0.043064 0.024746 0.001768 0.386438 0.019158 4.237847 7112.852501
0.475306 0.049432 0.043110 0.024734 0.001773 0.386466 0.019180 4.242712 7122.634119
0.475279 0.049455 0.043152 0.024721 0.001769 0.386416 0.019208 4.247563 7131.748523
0.475229 0.049454 0.043143 0.024764 0.001772 0.386406 0.019232 4.252432 7140.136172
0.475137 0.049529 0.043098 0.024802 0.001777 0.386409 0.019249 4.257262 7147.453322
0.475136 0.049492 0.043112 0.024791 0.001796 0.386401 0.019271 4.262124 7154.996223
0.475098 0.049468 0.043123 0.024803 0.001796 0.386416 0.019295 4.267009 7164.615264
0.475131 0.049406 0.043092 0.024785 0.001797 0.386467 0.019322 4.271869 7174.856217
0.475059 0.049485 0.043076 0.024762 0.001801 0.386473 0.019344 4.276679 7183.689227
0.475151 0.049503 0.043005 0.024716 0.001798 0.386458 0.019369 4.281442 7192.738258
0.475154 0.049488 0.043106 0.024700 0.001799 0.386357 0.019396 4.286325 7201.743313
0.475145 0.049463 0.043129 0.024733 0.001790 0.386320 0.019421 4.291215 7211.388390
0.475107 0.049449 0.043119 0.024715 0.001788 0.386382 0.019440 4.296047 7219.701586
0.475170 0.049427 0.043054 0.024733 0.001794 0.386361 0.019461 4.300904 7228.103182
0.475099 0.049507 0.043073 0.024742 0.001803 0.386298 0.019479 4.305711 7235.405290
0.474970 0.049524 0.043079 0.024764 0.001804 0.386358 0.019501 4.310573 7243.638051
0.474983 0.049556 0.043050 0.024706 0.001793 0.386384 0.019527 4.315360 7252.652731
0.474991 0.049504 0.043069 0.024742 0.001796 0.386346 0.019552 4.320209 7262.855561
0.474985 0.049511 0.042999 0.024768 0.001798 0.386363 0.019576 4.325033 7271.176637
0.474984 0.049476 0.043001 0.024769 0.001803 0.386369 0.019598 4.329906 7280.985822
0.475009 0.049428 0.043013 0.024818 0.001804 0.386309 0.019619 4.334804 7290.662392
0.474966 0.049413 0.043060 0.024794 0.001793 0.386325 0.019649 4.339675 7300.362420
0.475012 0.049326 0.043097 0.024764 0.001784 0.386343 0.019673 4.344581 7310.028696
0.474960 0.049337 0.043101 0.024801 0.001790 0.386317 0.019695 4.349417 7317.584106
0.474931 0.049372 0.043033 0.024821 0.001778 0.386342 0.019723 4.354252 7329.116518
0.474961 0.049339 0.043051 0.024856 0.001787 0.386260 0.019746 4.359090 7337.872154
0.474980 0.049320 0.043033 0.024886 0.001787 0.386223 0.019770 4.363949 7348.156915
0.475034 0.049277 0.043072 0.024864 0.001791 0.386168 0.019794 4.368795 7357.012864
0.475009 0.049308 0.042988 0.024853 0.001791 0.386236 0.019816 4.373611 7366.357728
0.475069 0.049261 0.043007 0.024843 0.001795 0.386185 0.019839 4.378456 7375.306321
0.475087 0.049306 0.042994 0.024816 0.001790 0.386144 0.019864 4.383251 7384.704518
0.475025 0.049353 0.043022 0.024763 0.001793 0.386154 0.019888 4.388076 7393.841826
0.474962 0.049366 0.043005 0.024813 0.001792 0.386150 0.019912 4.392951 7402.440464
0.474997 0.049281 0.042939 0.024841 0.001788 0.386217 0.019936 4.397807 7411.709279
0.474959 0.049275 0.042922 0.024825 0.001784 0.386274 0.019962 4.402618 7420.792481
0.474893 0.049344 0.042847 0.024836 0.001778 0.386316 0.019986 4.407404 7429.118472
0.474917 0.049275 0.042839 0.024852 0.001775 0.386334 0.020009 4.412260 7438.516149
0.474951 0.049338 0.042834 0.024809 0.001774 0.386263 0.020031 4.417035 7447.464300
0.475015 0.049310 0.042771 0.024843 0.001773 0.386239 0.020050 4.421831 7456.238310
0.475015 0.049315 0.042789 0.024817 0.001769 0.386219 0.020076 4.426685 7466.108874
0.474988 0.049269 0.042880 0.024788 0.001768 0.386207 0.020102 4.431567 7474.732559
0.474913 0.049266 0.042913 0.024784 0.001771 0.386228 0.020124 4.436403 7483.355780
0.474920 0.049285 0.042957 0.024764 0.001777 0.386149 0.020148 4.441244 7491.157477
0.474921 0.049295 0.042995 0.024762 0.001769 0.386089 0.020169 4.446083 7499.091914
0.475010 0.049238 0.042997 0.024709 0.001772 0.386077 0.020196 4.450894 7507.231331
0.474958 0.049268 0.042979 0.024667 0.001776 0.386130 0.020223 4.455706 7516.947219
0.474874 0.049275 0.042977 0.024693 0.001772 0.386160 0.020249 4.460545 7526.080805
0.474826 0.049287 0.042990 0.024692 0.001780 0.386153 0.020271 4.465377 7533.932265
0.474842 0.049311 0.043006 0.024697 0.001783 0.386072 0.020288 4.470182 7541.013913
0.474789 0.049321 0.043020 0.024699 0.001790 0.386070 0.020311 4.475048 7549.206213
0.474692 0.049348 0.042979 0.024725 0.001803 0.386126 0.020327 4.479895 7556.396934
0.474753 0.049238 0.043028 0.024753 0.001794 0.386084 0.020351 4.484781 7566.574462
0.474718 0.049230 0.043056 0.024702 0.001797 0.386122 0.020374 4.489614 7575.241240
0.474747 0.049220 0.043009 0.024684 0.001797 0.386144 0.020399 4.494399 7584.441663
0.474773 0.049140 0.042988 0.024691 0.001797 0.386188 0.020423 4.499244 7593.638562
0.474754 0.049176 0.042952 0.024687 0.001789 0.386190 0.020451 4.504052 7603.986582
0.474770 0.049151 0.042980 0.024704 0.001791 0.386132 0.020472 4.508880 7613.670962
0.474727 0.049161 0.043007 0.024705 0.001783 0.386117 0.020501 4.513697 7624.358680
0.474673 0.049241 0.042989 0.024635 0.001785 0.386155 0.020522 4.518474 7632.526900
0.474802 0.049192 0.043006 0.024630 0.001786 0.386043 0.020542 4.523282 7641.117622
0.474776 0.049163 0.042981 0.024689 0.001788 0.386037 0.020566 4.528129 7651.478594
0.474791 0.049114 0.043044 0.024652 0.001787 0.386020 0.020591 4.533000 7661.049889
0.474785 0.049067 0.043001 0.024599 0.001787 0.386144 0.020617 4.537804 7669.624845
0.474823 0.049078 0.042996 0.024561 0.001786 0.386119 0.020638 4.542630 7679.152290
0.474910 0.049077 0.042930 0.024578 0.001791 0.386053 0.020661 4.547454 7688.450006
0.474875 0.049080 0.042926 0.024649 0.001784 0.386000 0.020686 4.552300 7698.398116
0.474907 0.049159 0.042894 0.024619 0.001777 0.385934 0.020709 4.557084 7707.215679
0.474939 0.049143 0.042893 0.024634 0.001777 0.385880 0.020734 4.561927 7715.705661
0.474915 0.049217 0.042967 0.024618 0.001777 0.385750 0.020756 4.566764 7725.487141
0.474862 0.049262 0.042935 0.024621 0.001773 0.385767 0.020779 4.571584 7733.518054
0.474921 0.049178 0.042971 0.024630 0.001776 0.385722 0.020803 4.576445 7743.471334
0.474907 0.049174 0.042919 0.024636 0.001777 0.385761 0.020827 4.581267 7752.183045
0.474919 0.049145 0.042886 0.024639 0.001777 0.385780 0.020854 4.586091 7761.237278
0.474938 0.049149 0.042900 0.024659 0.001777 0.385702 0.020876 4.590907 7769.651247
0.475001 0.049110 0.042917 0.024647 0.001782 0.385647 0.020896 4.595726 7777.652531
0.475000 0.049165 0.042844 0.024643 0.001781 0.385651 0.020916 4.600554 7786.458119
0.474949 0.049171 0.042884 0.024646 0.001780 0.385632 0.020938 4.605405 7794.517331
0.474923 0.049131 0.042901 0.024672 0.001779 0.385630 0.020964 4.610251 7804.558040
0.474968 0.049090 0.042890 0.024698 0.001764 0.385598 0.020992 4.615072 7814.978919
0.474997 0.049064 0.042927 0.024703 0.001765 0.385527 0.021017 4.619910 7824.531773
0.474943 0.049072 0.042928 0.024725 0.001766 0.385527 0.021040 4.624785 7833.810445
0.474991 0.049072 0.042985 0.024731 0.001757 0.385398 0.021066 4.629573 7843.409765
0.475058 0.049027 0.042929 0.024705 0.001764 0.385429 0.021088 4.634375 7851.691946
0.474921 0.049011 0.042952 0.024761 0.001761 0.385482 0.021113 4.639225 7859.773446
0.474898 0.049046 0.042944 0.024741 0.001761 0.385476 0.021136 4.644020 7868.766591
0.474885 0.049071 0.042914 0.024715 0.001764 0.385489 0.021160 4.648783 7877.132509
0.474884 0.049196 0.042822 0.024717 0.001757 0.385442 0.021182 4.653485 7886.579769
0.474868 0.049180 0.042873 0.024713 0.001756 0.385405 0.021205 4.658344 7895.005869
0.474790 0.049166 0.042820 0.024782 0.001750 0.385467 0.021225 4.663195 7904.134691
0.474819 0.049145 0.042816 0.024781 0.001749 0.385443 0.021247 4.668020 7912.882286
0.474764 0.049229 0.042757 0.024762 0.001753 0.385464 0.021271 4.672813 7922.679100
0.474756 0.049170 0.042780 0.024746 0.001756 0.385499 0.021293 4.677681 7931.196761
0.474679 0.049210 0.042806 0.024767 0.001755 0.385466 0.021318 4.682501 7939.313682
0.474646 0.049254 0.042794 0.024733 0.001754 0.385478 0.021341 4.687312 7947.697274
0.474659 0.049279 0.042750 0.024714 0.001750 0.385482 0.021367 4.692097 7957.327869
0.474629 0.049355 0.042722 0.024680 0.001746 0.385478 0.021390 4.696867 7966.365221
0.474653 0.049342 0.042712 0.024668 0.001738 0.385471 0.021416 4.701671 7976.129038
0.474614 0.049278 0.042785 0.024699 0.001736 0.385447 0.021442 4.706547 7985.661374
0.474660 0.049225 0.042796 0.024710 0.001737 0.385407 0.021464 4.711419 7994.995458
0.474587 0.049207 0.042888 0.024716 0.001734 0.385380 0.021489 4.716290 8003.221242
0.474541 0.049223 0.042893 0.024729 0.001733 0.385370 0.021511 4.721131 8011.967243
0.474633 0.049150 0.042868 0.024749 0.001747 0.385322 0.021531 4.725991 8019.442246
0.474627 0.049087 0.042866 0.024774 0.001749 0.385344 0.021553 4.730825 8027.685332
0.474688 0.049031 0.042922 0.024758 0.001748 0.385282 0.021571 4.735647 8035.513946
0.474734 0.049038 0.042869 0.024762 0.001758 0.385248 0.021593 4.740459 8042.777343
0.474794 0.048943 0.042914 0.024744 0.001757 0.385230 0.021618 4.745292 8050.868029
0.474763 0.049072 0.042889 0.024665 0.001766 0.385205 0.021640 4.750043 8059.464679
0.474825 0.049060 0.042811 0.024720 0.001754 0.385163 0.021669 4.754838 8068.845156
0.474778 0.049087 0.042719 0.024740 0.001748 0.385237 0.021691 4.759591 8076.871125
0.474695 0.049148 0.042710 0.024692 0.001738 0.385304 0.021714 4.764382 8086.389960
0.474738 0.049072 0.042755 0.024688 0.001746 0.385264 0.021737 4.769225 8095.029055
0.474725 0.049097 0.042727 0.024714 0.001744 0.385232 0.021762 4.774033 8105.185029
0.474831 0.049027 0.042729 0.024715 0.001744 0.385169 0.021785 4.778851 8113.842665
0.474911 0.049056 0.042693 0.024693 0.001758 0.385084 0.021806 4.783620 8121.577393
0.474979 0.049041 0.042654 0.024662 0.001764 0.385074 0.021827 4.788392 8131.324087
0.474958 0.049032 0.042674 0.024644 0.001761 0.385084 0.021847 4.793210 8139.096129
0.474976 0.048906 0.042760 0.024701 0.001764 0.385022 0.021872 4.798092 8146.389340
0.474968 0.048910 0.042749 0.024663 0.001763 0.385053 0.021894 4.802886 8155.759787
0.475030 0.048908 0.042737 0.024634 0.001766 0.385009 0.021917 4.807670 8164.286466
0.475045 0.048850 0.042743 0.024664 0.001769 0.384997 0.021932 4.812513 8171.721784
0.475069 0.048835 0.042705 0.024673 0.001767 0.384997 0.021954 4.817329 8179.963942
0.475141 0.048796 0.042623 0.024672 0.001772 0.385018 0.021977 4.822144 8188.900296
0.475179 0.048804 0.042590 0.024649 0.001763 0.385012 0.022004 4.826892 8199.006291
0.475233 0.048806 0.042540 0.024668 0.001758 0.384971 0.022024 4.831652 8207.238926
0.475202 0.048858 0.042567 0.024645 0.001763 0.384919 0.022046 4.836443 8215.812239
0.475165 0.048895 0.042618 0.024604 0.001758 0.384893 0.022068 4.841203 8225.192642
0.475139 0.048917 0.042560 0.024595 0.001761 0.384936 0.022092 4.845974 8234.855956
0.475193 0.048854 0.042534 0.024623 0.001762 0.384918 0.022117 4.850785 8244.332409
0.475238 0.048846 0.042535 0.024653 0.001765 0.384826 0.022137 4.855556 8251.837471
0.475276 0.048909 0.042480 0.024602 0.001758 0.384811 0.022164 4.860295 8261.800765
0.475236 0.048918 0.042450 0.024624 0.001755 0.384828 0.022189 4.865042 8270.629091
0.475325 0.048938 0.042372 0.024644 0.001756 0.384749 0.022214 4.869778 8279.277734
0.475308 0.048981 0.042350 0.024605 0.001771 0.384751 0.022234 4.874531 8286.808483
0.475343 0.048952 0.042373 0.024645 0.001781 0.384651 0.022257 4.879351 8294.322623
0.475362 0.048902 0.042360 0.024642 0.001783 0.384670 0.022281 4.884145 8304.380746
0.475345 0.048936 0.042393 0.024667 0.001770 0.384582 0.022307 4.888925 8314.583308
0.475374 0.048973 0.042450 0.024633 0.001776 0.384466 0.022328 4.893695 8323.160914
0.475387 0.048930 0.042429 0.024628 0.001778 0.384497 0.022352 4.898503 8332.703888
0.475402 0.048863 0.042459 0.024649 0.001783 0.384468 0.022376 4.903305 8340.793461
0.475494 0.048767 0.042458 0.024683 0.001785 0.384415 0.022398 4.908109 8349.108340
0.475538 0.048782 0.042446 0.024664 0.001787 0.384361 0.022422 4.912856 8359.024604
0.475647 0.048633 0.042525 0.024674 0.001777 0.384300 0.022445 4.917700 8367.689247
0.475693 0.048649 0.042491 0.024613 0.001780 0.384309 0.022466 4.922457 8376.684936
0.475771 0.048627 0.042470 0.024603 0.001773 0.384265 0.022491 4.927251 8386.751275
0.475786 0.048690 0.042453 0.024597 0.001768 0.384196 0.022509 4.931986 8395.889548
0.475850 0.048680 0.042469 0.024578 0.001774 0.384116 0.022531 4.936800 8403.908828
0.475823 0.048690 0.042508 0.024558 0.001773 0.384093 0.022554 4.941586 8412.786997
0.475833 0.048697 0.042504 0.024580 0.001760 0.384048 0.022579 4.946392 8422.661565
0.475825 0.048749 0.042489 0.024565 0.001753 0.384016 0.022603 4.951185 8431.574058
0.475823 0.048739 0.042476 0.024551 0.001752 0.384029 0.022629 4.956007 8440.763648
0.475723 0.048858 0.042479 0.024530 0.001760 0.384001 0.022649 4.960765 8447.813607
0.475665 0.048862 0.042426 0.024527 0.001767 0.384083 0.022670 4.965527 8455.624230
0.475661 0.048825 0.042468 0.024541 0.001772 0.384041 0.022691 4.970350 8463.482888
0.475691 0.048779 0.042477 0.024546 0.001767 0.384024 0.022716 4.975149 8473.468258
0.475655 0.048808 0.042485 0.024578 0.001764 0.383973 0.022737 4.979948 8481.140565
0.475731 0.048788 0.042484 0.024594 0.001759 0.383884 0.022760 4.984747 8489.770273
0.475751 0.048798 0.042476 0.024578 0.001757 0.383852 0.022788 4.989514 8498.650265
0.475785 0.048771 0.042543 0.024576 0.001759 0.383754 0.022812 4.994304 8507.596177
0.475838 0.048742 0.042617 0.024564 0.001766 0.383640 0.022833 4.999125 8515.374395
0.475774 0.048764 0.042663 0.024564 0.001769 0.383611 0.022856 5.003931 8524.094610
0.475741 0.048747 0.042654 0.024563 0.001769 0.383648 0.022878 5.008744 8533.207190
0.475688 0.048855 0.042578 0.024556 0.001774 0.383648 0.022902 5.013466 8542.276596
0.475711 0.048820 0.042544 0.024537 0.001770 0.383694 0.022925 5.018242 8551.555579
0.475698 0.048842 0.042552 0.024473 0.001770 0.383721 0.022945 5.023027 8559.841823
0.475716 0.048847 0.042519 0.024520 0.001773 0.383660 0.022967 5.027834 8568.724321
0.475740 0.048862 0.042503 0.024463 0.001788 0.383656 0.022987 5.032588 8575.962494
0.475742 0.048863 0.042542 0.024471 0.001783 0.383592 0.023009 5.037385 8585.421794
0.475536 0.048959 0.042532 0.024472 0.001777 0.383689 0.023035 5.042161 8594.924118
0.475463 0.049011 0.042525 0.024449 0.001787 0.383707 0.023059 5.046936 8603.201595
0.475362 0.048949 0.042596 0.024470 0.001795 0.383743 0.023085 5.051807 8611.902571
0.475344 0.049044 0.042650 0.024447 0.001801 0.383608 0.023106 5.056576 8620.891775
0.475388 0.049026 0.042711 0.024393 0.001794 0.383554 0.023133 5.061390 8630.553213
0.475430 0.049005 0.042717 0.024429 0.001785 0.383477 0.023157 5.066192 8640.081234
0.475493 0.048978 0.042695 0.024468 0.001784 0.383407 0.023176 5.070995 8648.433341
0.475421 0.048998 0.042714 0.024476 0.001777 0.383415 0.023199 5.075783 8658.441603
0.475378 0.048994 0.042695 0.024456 0.001766 0.383489 0.023222 5.080590 8667.220003
0.475365 0.048979 0.042675 0.024471 0.001770 0.383495 0.023243 5.085389 8676.424424
0.475309 0.048957 0.042733 0.024500 0.001773 0.383463 0.023265 5.090241 8684.670763
0.475305 0.048940 0.042772 0.024430 0.001774 0.383490 0.023288 5.094993 8692.825605
0.475250 0.048979 0.042722 0.024437 0.001774 0.383527 0.023309 5.099781 8700.940547
0.475199 0.049017 0.042679 0.024404 0.001772 0.383597 0.023332 5.104567 8710.203133
0.475114 0.049035 0.042697 0.024389 0.001777 0.383635 0.023355 5.109393 8718.655122
0.475144 0.048977 0.042705 0.024417 0.001774 0.383601 0.023382 5.114217 8728.304056
0.475211 0.048940 0.042681 0.024410 0.001766 0.383584 0.023408 5.119009 8738.321170
0.475191 0.048906 0.042691 0.024386 0.001761 0.383635 0.023431 5.123840 8747.209072
0.475252 0.048883 0.042642 0.024335 0.001775 0.383662 0.023451 5.128601 8755.061472
0.475285 0.048950 0.042604 0.024308 0.001778 0.383604 0.023471 5.133340 8764.170473
0.475292 0.048982 0.042574 0.024285 0.001784 0.383590 0.023493 5.138084 8772.463922
