0.326961 0.064955 0.057350 0.033179 0.002177 0.509164 0.006212 1.657237 2132.244619
0.328467 0.063607 0.058720 0.031673 0.002172 0.509118 0.006243 1.663527 2143.752285
0.331448 0.060847 0.059811 0.030253 0.002167 0.509206 0.006267 1.669587 2155.477045
0.335487 0.057347 0.060660 0.028883 0.002162 0.509167 0.006294 1.675434 2165.345673
0.340116 0.053580 0.061093 0.027616 0.002153 0.509120 0.006322 1.680922 2175.962293
0.345164 0.049821 0.061119 0.026361 0.002138 0.509043 0.006354 1.686002 2188.071437
0.350417 0.046172 0.060849 0.025187 0.002120 0.508873 0.006382 1.690718 2198.701629
0.355897 0.042679 0.060338 0.023938 0.002106 0.508633 0.006409 1.695059 2209.130540
0.361553 0.039385 0.059536 0.022757 0.002087 0.508248 0.006434 1.699041 2218.656311
0.367338 0.036273 0.058483 0.021663 0.002053 0.507727 0.006463 1.702703 2230.781988
0.373191 0.033387 0.057264 0.020577 0.002039 0.507059 0.006483 1.706080 2240.881563
0.379105 0.030690 0.055972 0.019482 0.002007 0.506231 0.006513 1.709181 2252.713689
0.385062 0.028198 0.054479 0.018466 0.001971 0.505282 0.006541 1.711998 2264.209160
0.391144 0.025817 0.052985 0.017508 0.001943 0.504038 0.006567 1.714647 2273.719700
0.397153 0.023628 0.051365 0.016587 0.001909 0.502769 0.006589 1.717075 2285.164088
0.403222 0.021624 0.049709 0.015702 0.001873 0.501256 0.006614 1.719282 2296.334489
0.409283 0.019779 0.047957 0.014878 0.001840 0.499625 0.006638 1.721297 2307.815454
0.415272 0.018074 0.046235 0.014082 0.001807 0.497867 0.006662 1.723155 2316.999474
0.421319 0.016553 0.044476 0.013310 0.001763 0.495888 0.006691 1.724806 2328.559531
0.427408 0.015116 0.042733 0.012615 0.001732 0.493684 0.006712 1.726355 2338.760480
0.433498 0.013831 0.040944 0.011907 0.001695 0.491388 0.006736 1.727737 2349.816251
0.439521 0.012640 0.039212 0.011269 0.001662 0.488940 0.006756 1.729015 2358.630446
0.445601 0.011525 0.037518 0.010595 0.001631 0.486352 0.006778 1.730211 2368.129397
0.451536 0.010492 0.035810 0.010009 0.001594 0.483763 0.006797 1.731313 2377.715968
0.457540 0.009553 0.034190 0.009429 0.001556 0.480912 0.006819 1.732304 2387.146390
0.463498 0.008708 0.032575 0.008890 0.001525 0.477969 0.006836 1.733195 2395.642095
0.469419 0.007939 0.031023 0.008397 0.001480 0.474887 0.006856 1.734007 2406.925583
0.475245 0.007266 0.029502 0.007917 0.001446 0.471748 0.006875 1.734728 2417.590068
0.481092 0.006602 0.028076 0.007461 0.001408 0.468465 0.006894 1.735429 2426.972250
0.486880 0.006009 0.026696 0.007008 0.001359 0.465127 0.006921 1.736058 2439.068670
0.492639 0.005506 0.025334 0.006580 0.001329 0.461674 0.006939 1.736589 2448.281337
0.498345 0.005032 0.024026 0.006206 0.001292 0.458140 0.006958 1.737098 2457.748931
0.504041 0.004579 0.022764 0.005833 0.001256 0.454552 0.006974 1.737578 2467.831728
0.509719 0.004185 0.021537 0.005491 0.001225 0.450853 0.006991 1.737997 2476.807469
0.515279 0.003826 0.020374 0.005161 0.001189 0.447165 0.007007 1.738379 2486.135772
0.520806 0.003491 0.019265 0.004853 0.001149 0.443414 0.007022 1.738733 2495.877533
0.526269 0.003188 0.018227 0.004544 0.001115 0.439617 0.007039 1.739052 2505.156412
0.531718 0.002898 0.017246 0.004276 0.001083 0.435726 0.007053 1.739361 2514.488060
0.537159 0.002643 0.016313 0.004013 0.001049 0.431756 0.007068 1.739633 2523.084624
0.542503 0.002402 0.015421 0.003766 0.001019 0.427806 0.007083 1.739891 2531.893705
0.547784 0.002199 0.014532 0.003547 0.000982 0.423858 0.007098 1.740110 2540.131173
0.553027 0.002019 0.013675 0.003317 0.000948 0.419902 0.007112 1.740301 2548.300057
0.558192 0.001847 0.012923 0.003102 0.000921 0.415890 0.007125 1.740486 2556.587382
0.563361 0.001692 0.012180 0.002905 0.000893 0.411832 0.007137 1.740653 2564.286378
0.568408 0.001552 0.011454 0.002724 0.000864 0.407851 0.007147 1.740805 2572.347692
0.573565 0.001421 0.010812 0.002547 0.000837 0.403659 0.007161 1.740944 2580.275503
0.578568 0.001293 0.010175 0.002377 0.000809 0.399605 0.007174 1.741079 2588.875111
0.583490 0.001175 0.009582 0.002226 0.000784 0.395557 0.007186 1.741206 2596.391195
0.588431 0.001073 0.009012 0.002077 0.000758 0.391452 0.007197 1.741317 2603.306367
0.593290 0.000980 0.008469 0.001945 0.000738 0.387374 0.007204 1.741416 2608.740848
0.598095 0.000898 0.007968 0.001820 0.000716 0.383292 0.007213 1.741505 2615.125792
0.602817 0.000817 0.007489 0.001708 0.000694 0.379252 0.007222 1.741592 2620.324741
0.607493 0.000757 0.007022 0.001600 0.000667 0.375229 0.007232 1.741661 2626.853318
0.612134 0.000689 0.006594 0.001503 0.000640 0.371197 0.007243 1.741737 2633.023079
0.616700 0.000628 0.006181 0.001405 0.000619 0.367216 0.007251 1.741803 2639.756008
0.621246 0.000575 0.005804 0.001315 0.000602 0.363198 0.007259 1.741861 2645.042892
0.625859 0.000522 0.005473 0.001233 0.000582 0.359063 0.007269 1.741918 2650.781891
0.630352 0.000477 0.005135 0.001153 0.000558 0.355048 0.007278 1.741966 2657.759965
0.634749 0.000435 0.004815 0.001083 0.000538 0.351094 0.007286 1.742013 2663.089587
0.639109 0.000400 0.004510 0.001022 0.000517 0.347150 0.007292 1.742051 2668.915602
0.643417 0.000360 0.004243 0.000948 0.000498 0.343231 0.007302 1.742093 2675.103758
0.647695 0.000331 0.003966 0.000889 0.000486 0.339327 0.007306 1.742126 2679.341174
0.651919 0.000305 0.003727 0.000832 0.000469 0.335434 0.007315 1.742156 2684.478447
0.656088 0.000278 0.003503 0.000778 0.000452 0.331580 0.007322 1.742187 2689.751813
0.660202 0.000255 0.003278 0.000722 0.000437 0.327776 0.007330 1.742214 2694.204310
0.664227 0.000234 0.003073 0.000672 0.000418 0.324038 0.007337 1.742238 2700.608418
0.668249 0.000215 0.002867 0.000629 0.000403 0.320295 0.007343 1.742259 2705.718000
0.672259 0.000193 0.002691 0.000589 0.000390 0.316533 0.007346 1.742283 2710.266674
0.676113 0.000173 0.002519 0.000551 0.000374 0.312918 0.007353 1.742307 2715.493896
0.679997 0.000162 0.002359 0.000515 0.000360 0.309247 0.007359 1.742321 2720.590568
0.683754 0.000151 0.002206 0.000475 0.000349 0.305701 0.007364 1.742335 2724.749313
0.687563 0.000141 0.002071 0.000446 0.000337 0.302072 0.007370 1.742348 2729.182636
0.691330 0.000131 0.001930 0.000421 0.000324 0.298489 0.007374 1.742360 2733.436490
0.695097 0.000126 0.001800 0.000392 0.000312 0.294895 0.007379 1.742369 2737.514452
0.698808 0.000113 0.001687 0.000367 0.000303 0.291339 0.007383 1.742384 2740.682440
0.702429 0.000103 0.001581 0.000346 0.000294 0.287861 0.007387 1.742396 2743.994787
0.705972 0.000097 0.001475 0.000324 0.000283 0.284458 0.007390 1.742405 2747.611858
0.709507 0.000090 0.001384 0.000304 0.000275 0.281047 0.007393 1.742413 2750.512883
0.712955 0.000083 0.001293 0.000282 0.000264 0.277727 0.007395 1.742421 2753.439984
0.716399 0.000077 0.001206 0.000264 0.000252 0.274402 0.007400 1.742428 2757.768254
0.719817 0.000071 0.001135 0.000249 0.000242 0.271081 0.007404 1.742436 2760.828303
0.723203 0.000064 0.001059 0.000236 0.000230 0.267798 0.007409 1.742444 2764.951247
0.726539 0.000060 0.000989 0.000220 0.000221 0.264558 0.007412 1.742450 2768.359233
0.729808 0.000054 0.000937 0.000206 0.000214 0.261366 0.007415 1.742457 2771.290867
0.733065 0.000048 0.000879 0.000190 0.000206 0.258195 0.007417 1.742464 2774.363224
0.736287 0.000046 0.000820 0.000178 0.000198 0.255052 0.007420 1.742467 2777.361287
0.739456 0.000042 0.000764 0.000165 0.000190 0.251958 0.007424 1.742472 2780.286274
0.742568 0.000039 0.000712 0.000156 0.000182 0.248916 0.007427 1.742477 2783.174863
0.745640 0.000035 0.000674 0.000145 0.000174 0.245901 0.007431 1.742482 2786.115928
0.748747 0.000033 0.000628 0.000135 0.000167 0.242857 0.007433 1.742485 2788.500105
0.751757 0.000031 0.000587 0.000125 0.000164 0.239902 0.007435 1.742488 2790.238332
0.754751 0.000029 0.000549 0.000118 0.000157 0.236959 0.007438 1.742492 2792.954656
0.757700 0.000027 0.000513 0.000111 0.000151 0.234057 0.007441 1.742495 2795.568023
0.760603 0.000025 0.000483 0.000104 0.000146 0.231197 0.007442 1.742498 2797.287671
0.763496 0.000022 0.000450 0.000095 0.000143 0.228351 0.007442 1.742501 2798.589061
0.766319 0.000021 0.000421 0.000086 0.000137 0.225572 0.007444 1.742503 2801.600878
0.769108 0.000018 0.000398 0.000081 0.000130 0.222819 0.007447 1.742507 2804.596989
0.771881 0.000017 0.000370 0.000075 0.000127 0.220082 0.007448 1.742508 2806.028463
0.774611 0.000016 0.000348 0.000070 0.000122 0.217383 0.007450 1.742508 2808.211755
0.777309 0.000014 0.000322 0.000066 0.000117 0.214721 0.007452 1.742510 2810.233498
0.779942 0.000014 0.000300 0.000060 0.000111 0.212120 0.007453 1.742511 2812.592375
0.782546 0.000014 0.000278 0.000054 0.000107 0.209547 0.007455 1.742512 2814.452380
0.785071 0.000013 0.000259 0.000050 0.000103 0.207049 0.007455 1.742513 2816.062426
0.787609 0.000012 0.000245 0.000047 0.000099 0.204530 0.007457 1.742514 2817.876973
0.790068 0.000010 0.000230 0.000044 0.000095 0.202093 0.007459 1.742516 2819.939986
0.792488 0.000009 0.000215 0.000040 0.000091 0.199697 0.007461 1.742518 2821.580277
0.794877 0.000008 0.000200 0.000037 0.000086 0.197329 0.007462 1.742519 2823.799745
0.797203 0.000008 0.000185 0.000035 0.000083 0.195023 0.007464 1.742520 2825.399691
0.799545 0.000008 0.000170 0.000033 0.000079 0.192698 0.007465 1.742520 2827.020227
0.801776 0.000008 0.000160 0.000031 0.000076 0.190481 0.007466 1.742520 2828.328942
0.803960 0.000009 0.000146 0.000029 0.000074 0.188314 0.007467 1.742521 2829.519077
0.806076 0.000008 0.000137 0.000025 0.000072 0.186214 0.007468 1.742522 2830.728268
0.808114 0.000008 0.000127 0.000024 0.000069 0.184188 0.007470 1.742522 2832.169271
0.810091 0.000007 0.000117 0.000022 0.000066 0.182225 0.007471 1.742523 2833.575576
0.811973 0.000006 0.000109 0.000022 0.000065 0.180353 0.007472 1.742524 2834.106735
0.813828 0.000006 0.000103 0.000021 0.000062 0.178507 0.007473 1.742525 2835.456819
0.815580 0.000006 0.000094 0.000020 0.000059 0.176767 0.007474 1.742525 2837.179979
0.817253 0.000005 0.000089 0.000019 0.000057 0.175102 0.007475 1.742526 2838.039667
0.818894 0.000005 0.000082 0.000018 0.000056 0.173469 0.007476 1.742527 2838.772558
0.820498 0.000005 0.000076 0.000017 0.000055 0.171873 0.007476 1.742527 2839.624160
0.822027 0.000005 0.000070 0.000016 0.000054 0.170351 0.007476 1.742527 2839.894747
0.823489 0.000005 0.000066 0.000014 0.000052 0.168897 0.007476 1.742528 2841.012948
0.824892 0.000004 0.000063 0.000013 0.000049 0.167501 0.007478 1.742528 2842.833866
0.826263 0.000004 0.000059 0.000012 0.000047 0.166135 0.007479 1.742529 2843.836367
0.827561 0.000004 0.000054 0.000012 0.000046 0.164844 0.007479 1.742529 2844.714571
0.828824 0.000004 0.000051 0.000011 0.000044 0.163587 0.007480 1.742529 2845.789653
0.830040 0.000003 0.000049 0.000010 0.000043 0.162373 0.007481 1.742529 2846.310697
0.831187 0.000003 0.000045 0.000010 0.000042 0.161232 0.007481 1.742530 2846.946945
0.832282 0.000004 0.000041 0.000009 0.000041 0.160141 0.007481 1.742530 2847.143806
0.833341 0.000004 0.000039 0.000008 0.000040 0.159086 0.007481 1.742530 2847.471053
0.834385 0.000004 0.000036 0.000008 0.000039 0.158047 0.007481 1.742530 2848.106973
0.835352 0.000003 0.000033 0.000008 0.000037 0.157085 0.007482 1.742530 2849.366601
0.836310 0.000003 0.000031 0.000008 0.000036 0.156130 0.007482 1.742531 2849.721689
0.837223 0.000002 0.000029 0.000007 0.000035 0.155222 0.007482 1.742531 2850.315092
0.838082 0.000002 0.000027 0.000006 0.000035 0.154365 0.007482 1.742531 2850.592259
0.838907 0.000002 0.000026 0.000006 0.000033 0.153542 0.007483 1.742532 2851.161968
0.839689 0.000002 0.000024 0.000006 0.000033 0.152763 0.007484 1.742532 2851.455809
0.840460 0.000002 0.000022 0.000005 0.000032 0.151995 0.007484 1.742532 2851.930033
0.841195 0.000002 0.000021 0.000005 0.000031 0.151262 0.007484 1.742532 2852.506534
0.841828 0.000001 0.000018 0.000004 0.000029 0.150634 0.007485 1.742532 2854.153877
0.842439 0.000001 0.000018 0.000004 0.000028 0.150024 0.007485 1.742532 2854.531702
0.843043 0.000000 0.000016 0.000004 0.000026 0.149424 0.007486 1.742533 2855.657827
0.843612 0.000000 0.000015 0.000003 0.000026 0.148856 0.007486 1.742533 2855.657827
0.844157 0.000000 0.000015 0.000003 0.000025 0.148314 0.007487 1.742533 2856.300024
0.844680 0.000000 0.000013 0.000003 0.000025 0.147791 0.007487 1.742533 2856.655174
0.845181 0.000000 0.000013 0.000003 0.000024 0.147292 0.007487 1.742533 2856.973324
0.845686 0.000000 0.000012 0.000002 0.000024 0.146788 0.007487 1.742533 2857.188292
0.846163 0.000001 0.000011 0.000002 0.000023 0.146313 0.007488 1.742533 2857.820445
0.846622 0.000001 0.000010 0.000001 0.000022 0.145855 0.007489 1.742533 2858.810148
0.847058 0.000001 0.000009 0.000001 0.000021 0.145420 0.007489 1.742533 2859.113472
0.847463 0.000001 0.000008 0.000001 0.000020 0.145015 0.007490 1.742533 2859.562438
0.847842 0.000001 0.000007 0.000001 0.000020 0.144638 0.007490 1.742533 2860.062508
0.848180 0.000001 0.000007 0.000000 0.000018 0.144303 0.007491 1.742533 2860.794197
0.848478 0.000001 0.000006 0.000000 0.000017 0.144006 0.007491 1.742533 2861.657378
0.848780 0.000001 0.000006 0.000000 0.000016 0.143705 0.007491 1.742533 2862.258887
0.849054 0.000001 0.000006 0.000000 0.000016 0.143432 0.007491 1.742533 2862.507692
0.849320 0.000001 0.000006 0.000000 0.000015 0.143166 0.007492 1.742533 2862.793207
0.849583 0.000001 0.000005 0.000000 0.000015 0.142904 0.007492 1.742533 2863.130024
0.849792 0.000001 0.000005 0.000000 0.000014 0.142696 0.007492 1.742534 2863.424993
0.850033 0.000000 0.000005 0.000000 0.000013 0.142455 0.007493 1.742534 2864.059681
0.850245 0.000000 0.000005 0.000000 0.000012 0.142244 0.007493 1.742534 2864.470698
0.850439 0.000000 0.000004 0.000000 0.000012 0.142051 0.007493 1.742534 2864.696030
0.850630 0.000000 0.000004 0.000000 0.000011 0.141860 0.007493 1.742534 2865.058971
0.850799 0.000000 0.000003 0.000000 0.000011 0.141692 0.007493 1.742534 2865.393832
0.850955 0.000000 0.000003 0.000000 0.000011 0.141538 0.007494 1.742534 2865.559106
0.851109 0.000000 0.000003 0.000000 0.000011 0.141383 0.007494 1.742534 2865.559106
0.851260 0.000000 0.000003 0.000000 0.000010 0.141232 0.007494 1.742534 2865.720771
0.851407 0.000000 0.000002 0.000000 0.000010 0.141085 0.007494 1.742534 2865.858636
0.851551 0.000000 0.000002 0.000000 0.000010 0.140943 0.007494 1.742534 2866.088008
0.851686 0.000000 0.000002 0.000000 0.000010 0.140807 0.007494 1.742534 2866.211382
0.851818 0.000000 0.000002 0.000000 0.000010 0.140675 0.007494 1.742534 2866.211382
0.851940 0.000000 0.000002 0.000000 0.000009 0.140554 0.007494 1.742534 2866.423080
0.852058 0.000000 0.000002 0.000000 0.000009 0.140436 0.007494 1.742534 2866.623215
0.852180 0.000000 0.000002 0.000000 0.000009 0.140315 0.007494 1.742534 2866.795337
0.852294 0.000000 0.000002 0.000000 0.000009 0.140201 0.007495 1.742534 2867.041196
0.852400 0.000000 0.000002 0.000000 0.000009 0.140094 0.007495 1.742534 2867.041196
0.852514 0.000000 0.000002 0.000000 0.000008 0.139981 0.007495 1.742534 2867.281893
0.852619 0.000000 0.000002 0.000000 0.000008 0.139876 0.007495 1.742534 2867.858267
0.852721 0.000000 0.000002 0.000000 0.000007 0.139774 0.007495 1.742534 2867.907317
0.852805 0.000000 0.000001 0.000000 0.000007 0.139690 0.007495 1.742534 2867.907317
0.852890 0.000000 0.000001 0.000000 0.000007 0.139605 0.007496 1.742534 2868.261857
0.852967 0.000000 0.000001 0.000000 0.000006 0.139529 0.007496 1.742534 2868.794067
0.853035 0.000000 0.000001 0.000000 0.000006 0.139461 0.007496 1.742534 2869.213674
0.853103 0.000000 0.000001 0.000000 0.000006 0.139394 0.007496 1.742534 2869.393617
0.853168 0.000000 0.000001 0.000000 0.000006 0.139329 0.007496 1.742534 2869.393617
0.853231 0.000000 0.000000 0.000000 0.000005 0.139267 0.007496 1.742534 2869.557152
0.853284 0.000000 0.000001 0.000000 0.000005 0.139213 0.007496 1.742535 2869.749569
0.853339 0.000000 0.000001 0.000000 0.000005 0.139158 0.007497 1.742535 2869.903129
0.853389 0.000000 0.000001 0.000000 0.000005 0.139109 0.007497 1.742535 2869.903129
0.853435 0.000000 0.000001 0.000000 0.000005 0.139063 0.007497 1.742535 2869.903129
0.853478 0.000000 0.000001 0.000000 0.000005 0.139020 0.007497 1.742535 2869.904391
0.853521 0.000000 0.000000 0.000000 0.000005 0.138977 0.007497 1.742535 2869.904391
0.853566 0.000001 0.000000 0.000000 0.000005 0.138931 0.007497 1.742535 2869.904391
0.853610 0.000001 0.000000 0.000000 0.000004 0.138887 0.007497 1.742535 2869.932953
0.853647 0.000001 0.000000 0.000000 0.000004 0.138850 0.007497 1.742535 2869.932953
0.853689 0.000001 0.000000 0.000000 0.000004 0.138809 0.007497 1.742535 2869.932953
0.853726 0.000001 0.000000 0.000000 0.000004 0.138772 0.007497 1.742535 2869.932953
0.853762 0.000001 0.000000 0.000000 0.000004 0.138736 0.007497 1.742535 2869.932953
0.853795 0.000000 0.000000 0.000000 0.000004 0.138703 0.007497 1.742535 2870.081749
0.853826 0.000000 0.000001 0.000000 0.000004 0.138672 0.007497 1.742535 2870.081749
0.853860 0.000000 0.000001 0.000000 0.000004 0.138638 0.007497 1.742535 2870.081749
0.853896 0.000000 0.000001 0.000000 0.000004 0.138602 0.007497 1.742535 2870.081749
0.853930 0.000000 0.000001 0.000000 0.000004 0.138568 0.007497 1.742535 2870.319513
0.853959 0.000000 0.000001 0.000000 0.000003 0.138540 0.007497 1.742535 2870.694575
0.853989 0.000000 0.000001 0.000000 0.000003 0.138510 0.007497 1.742535 2870.694575
0.854013 0.000000 0.000001 0.000000 0.000003 0.138486 0.007497 1.742535 2870.749977
0.854036 0.000000 0.000001 0.000000 0.000003 0.138463 0.007497 1.742536 2870.839963
0.854059 0.000000 0.000001 0.000000 0.000003 0.138440 0.007497 1.742536 2870.839963
0.854080 0.000000 0.000001 0.000000 0.000003 0.138419 0.007497 1.742536 2870.895038
0.854097 0.000000 0.000001 0.000000 0.000003 0.138402 0.007497 1.742536 2870.895038
0.854115 0.000000 0.000001 0.000000 0.000003 0.138384 0.007497 1.742536 2870.895038
0.854134 0.000000 0.000001 0.000000 0.000002 0.138366 0.007497 1.742536 2870.910097
0.854152 0.000000 0.000000 0.000000 0.000002 0.138348 0.007497 1.742536 2870.910097
0.854168 0.000000 0.000000 0.000000 0.000002 0.138332 0.007498 1.742536 2870.936872
0.854184 0.000000 0.000000 0.000000 0.000002 0.138316 0.007498 1.742536 2870.936872
0.854197 0.000000 0.000000 0.000000 0.000002 0.138303 0.007498 1.742536 2870.936872
0.854214 0.000000 0.000000 0.000000 0.000002 0.138286 0.007498 1.742536 2870.936872
0.854229 0.000000 0.000000 0.000000 0.000002 0.138271 0.007498 1.742536 2870.936872
0.854246 0.000000 0.000000 0.000000 0.000002 0.138254 0.007498 1.742536 2871.043818
0.854258 0.000000 0.000000 0.000000 0.000002 0.138242 0.007498 1.742536 2871.043818
0.854270 0.000000 0.000000 0.000000 0.000002 0.138229 0.007498 1.742536 2871.043818
0.854282 0.000000 0.000000 0.000000 0.000002 0.138218 0.007498 1.742536 2871.043818
0.854291 0.000000 0.000000 0.000000 0.000002 0.138208 0.007498 1.742536 2871.043818
0.854300 0.000000 0.000000 0.000000 0.000002 0.138199 0.007498 1.742536 2871.043818
0.854311 0.000000 0.000000 0.000000 0.000002 0.138189 0.007498 1.742536 2871.314025
0.854319 0.000000 0.000000 0.000000 0.000002 0.138181 0.007498 1.742536 2871.314025
0.854330 0.000000 0.000000 0.000000 0.000001 0.138171 0.007498 1.742536 2871.564296
0.854336 0.000000 0.000000 0.000000 0.000001 0.138165 0.007498 1.742536 2871.564296
0.854345 0.000000 0.000000 0.000000 0.000001 0.138155 0.007498 1.742536 2871.774416
0.854354 0.000000 0.000000 0.000000 0.000001 0.138146 0.007498 1.742536 2871.774416
0.854360 0.000000 0.000000 0.000000 0.000001 0.138140 0.007498 1.742536 2871.774416
0.854366 0.000000 0.000000 0.000000 0.000001 0.138134 0.007498 1.742536 2871.843286
0.854370 0.000000 0.000000 0.000000 0.000001 0.138130 0.007498 1.742536 2871.843286
0.854376 0.000000 0.000000 0.000000 0.000001 0.138124 0.007498 1.742536 2871.843286
0.854383 0.000000 0.000000 0.000000 0.000001 0.138117 0.007498 1.742536 2871.843286
0.854387 0.000000 0.000000 0.000000 0.000001 0.138113 0.007498 1.742536 2871.843286
0.854393 0.000000 0.000000 0.000000 0.000001 0.138108 0.007498 1.742536 2871.843286
0.854397 0.000000 0.000000 0.000000 0.000001 0.138103 0.007498 1.742536 2871.843286
0.854401 0.000000 0.000000 0.000000 0.000001 0.138099 0.007498 1.742536 2871.843286
0.854407 0.000000 0.000000 0.000000 0.000001 0.138093 0.007498 1.742536 2871.843286
0.854412 0.000000 0.000000 0.000000 0.000001 0.138088 0.007498 1.742536 2871.843286
0.854417 0.000000 0.000000 0.000000 0.000000 0.138084 0.007498 1.742536 2872.118964
0.854419 0.000000 0.000000 0.000000 0.000000 0.138082 0.007498 1.742536 2872.118964
0.854421 0.000000 0.000000 0.000000 0.000000 0.138081 0.007498 1.742536 2872.345013
0.854422 0.000000 0.000000 0.000000 0.000000 0.138080 0.007498 1.742536 2872.345013
0.854423 0.000000 0.000000 0.000000 0.000000 0.138078 0.007498 1.742536 2872.345013
0.854424 0.000000 0.000000 0.000000 0.000000 0.138078 0.007498 1.742536 2872.345013
0.854424 0.000000 0.000000 0.000000 0.000000 0.138077 0.007498 1.742536 2872.617298
0.854424 0.000000 0.000000 0.000000 0.000000 0.138077 0.007498 1.742536 2872.617298
0.854424 0.000000 0.000000 0.000000 0.000000 0.138077 0.007498 1.742536 2872.617298
0.854424 0.000000 0.000000 0.000000 0.000000 0.138077 0.007498 1.742536 2872.617298
0.854424 0.000000 0.000000 0.000000 0.000000 0.138077 0.007498 1.742536 2872.617298
0.854424 0.000000 0.000000 0.000000 0.000000 0.138077 0.007498 1.742536 2872.617298
0.854424 0.000000 0.000000 0.000000 0.000000 0.138077 0.007498 1.742536 2872.617298
0.854424 0.000000 0.000000 0.000000 0.000000 0.138077 0.007498 1.742536 2872.617298
0.854424 0.000000 0.000000 0.000000 0.000000 0.138077 0.007498 1.742536 2872.617298
0.854424 0.000000 0.000000 0.000000 0.000000 0.138077 0.007498 1.742536 2872.617298
0.854424 0.000000 0.000000 0.000000 0.000000 0.138077 0.007498 1.742536 2872.617298
0.854424 0.000000 0.000000 0.000000 0.000000 0.138077 0.007498 1.742536 2872.617298
0.854424 0.000000 0.000000 0.000000 0.000000 0.138077 0.007498 1.742536 2872.617298
0.854424 0.000000 0.000000 0.000000 0.000000 0.138077 0.007498 1.742536 2872.617298
0.854424 0.000000 0.000000 0.000000 0.000000 0.138077 0.007498 1.742536 2872.617298
0.854424 0.000000 0.000000 0.000000 0.000000 0.138077 0.007498 1.742536 2872.617298
0.854424 0.000000 0.000000 0.000000 0.000000 0.138077 0.007498 1.742536 2872.617298
0.854424 0.000000 0.000000 0.000000 0.000000 0.138077 0.007498 1.742536 2872.617298
0.854424 0.000000 0.000000 0.000000 0.000000 0.138077 0.007498 1.742536 2872.617298
0.854424 0.000000 0.000000 0.000000 0.000000 0.138077 0.007498 1.742536 2872.617298
0.854424 0.000000 0.000000 0.000000 0.000000 0.138077 0.007498 1.742536 2872.617298
0.854424 0.000000 0.000000 0.000000 0.000000 0.138077 0.007498 1.742536 2872.617298
0.854424 0.000000 0.000000 0.000000 0.000000 0.138077 0.007498 1.742536 2872.617298
0.854424 0.000000 0.000000 0.000000 0.000000 0.138077 0.007498 1.742536 2872.617298
0.854424 0.000000 0.000000 0.000000 0.000000 0.138077 0.007498 1.742536 2872.617298
0.854424 0.000000 0.000000 0.000000 0.000000 0.138077 0.007498 1.742536 2872.617298
0.854424 0.000000 0.000000 0.000000 0.000000 0.138077 0.007498 1.742536 2872.617298
0.854424 0.000000 0.000000 0.000000 0.000000 0.138077 0.007498 1.742536 2872.617298
0.854424 0.000000 0.000000 0.000000 0.000000 0.138077 0.007498 1.742536 2872.617298
0.854424 0.000000 0.000000 0.000000 0.000000 0.138077 0.007498 1.742536 2872.617298
0.854424 0.000000 0.000000 0.000000 0.000000 0.138077 0.007498 1.742536 2872.617298
0.854424 0.000000 0.000000 0.000000 0.000000 0.138077 0.007498 1.742536 2872.617298
0.854424 0.000000 0.000000 0.000000 0.000000 0.138077 0.007498 1.742536 2872.617298
0.854424 0.000000 0.000000 0.000000 0.000000 0.138077 0.007498 1.742536 2872.617298
0.854424 0.000000 0.000000 0.000000 0.000000 0.138077 0.007498 1.742536 2872.617298
0.854424 0.000000 0.000000 0.000000 0.000000 0.138077 0.007498 1.742536 2872.617298
0.854424 0.000000 0.000000 0.000000 0.000000 0.138077 0.007498 1.742536 2872.617298
0.854424 0.000000 0.000000 0.000000 0.000000 0.138077 0.007498 1.742536 2872.617298
0.854424 0.000000 0.000000 0.000000 0.000000 0.138077 0.007498 1.742536 2872.617298
0.854424 0.000000 0.000000 0.000000 0.000000 0.138077 0.007498 1.742536 2872.617298
0.854424 0.000000 0.000000 0.000000 0.000000 0.138077 0.007498 1.742536 2872.617298
0.854424 0.000000 0.000000 0.000000 0.000000 0.138077 0.007498 1.742536 2872.617298
0.854424 0.000000 0.000000 0.000000 0.000000 0.138077 0.007498 1.742536 2872.617298
0.854424 0.000000 0.000000 0.000000 0.000000 0.138077 0.007498 1.742536 2872.617298
0.854424 0.000000 0.000000 0.000000 0.000000 0.138077 0.007498 1.742536 2872.617298
0.854424 0.000000 0.000000 0.000000 0.000000 0.138077 0.007498 1.742536 2872.617298
0.854424 0.000000 0.000000 0.000000 0.000000 0.138077 0.007498 1.742536 2872.617298
0.854424 0.000000 0.000000 0.000000 0.000000 0.138077 0.007498 1.742536 2872.617298
0.854424 0.000000 0.000000 0.000000 0.000000 0.138077 0.007498 1.742536 2872.617298
0.854424 0.000000 0.000000 0.000000 0.000000 0.138077 0.007498 1.742536 2872.617298
0.854424 0.000000 0.000000 0.000000 0.000000 0.138077 0.007498 1.742536 2872.617298
0.854424 0.000000 0.000000 0.000000 0.000000 0.138077 0.007498 1.742536 2872.617298
0.854424 0.000000 0.000000 0.000000 0.000000 0.138077 0.007498 1.742536 2872.617298
0.854424 0.000000 0.000000 0.000000 0.000000 0.138077 0.007498 1.742536 2872.617298
0.854424 0.000000 0.000000 0.000000 0.000000 0.138077 0.007498 1.742536 2872.617298
0.854424 0.000000 0.000000 0.000000 0.000000 0.138077 0.007498 1.742536 2872.617298
0.854424 0.000000 0.000000 0.000000 0.000000 0.138077 0.007498 1.742536 2872.617298
0.854424 0.000000 0.000000 0.000000 0.000000 0.138077 0.007498 1.742536 2872.617298
0.854424 0.000000 0.000000 0.000000 0.000000 0.138077 0.007498 1.742536 2872.617298
0.854424 0.000000 0.000000 0.000000 0.000000 0.138077 0.007498 1.742536 2872.617298
0.854424 0.000000 0.000000 0.000000 0.000000 0.138077 0.007498 1.742536 2872.617298
0.854424 0.000000 0.000000 0.000000 0.000000 0.138077 0.007498 1.742536 2872.617298
0.854424 0.000000 0.000000 0.000000 0.000000 0.138077 0.007498 1.742536 2872.617298
0.854424 0.000000 0.000000 0.000000 0.000000 0.138077 0.007498 1.742536 2872.617298
0.854424 0.000000 0.000000 0.000000 0.000000 0.138077 0.007498 1.742536 2872.617298
0.854424 0.000000 0.000000 0.000000 0.000000 0.138077 0.007498 1.742536 2872.617298
0.854424 0.000000 0.000000 0.000000 0.000000 0.138077 0.007498 1.742536 2872.617298
0.854424 0.000000 0.000000 0.000000 0.000000 0.138077 0.007498 1.742536 2872.617298
0.854424 0.000000 0.000000 0.000000 0.000000 0.138077 0.007498 1.742536 2872.617298
0.854424 0.000000 0.000000 0.000000 0.000000 0.138077 0.007498 1.742536 2872.617298
0.854424 0.000000 0.000000 0.000000 0.000000 0.138077 0.007498 1.742536 2872.617298
0.854424 0.000000 0.000000 0.000000 0.000000 0.138077 0.007498 1.742536 2872.617298
0.854424 0.000000 0.000000 0.000000 0.000000 0.138077 0.007498 1.742536 2872.617298
0.854424 0.000000 0.000000 0.000000 0.000000 0.138077 0.007498 1.742536 2872.617298
0.854424 0.000000 0.000000 0.000000 0.000000 0.138077 0.007498 1.742536 2872.617298
0.854424 0.000000 0.000000 0.000000 0.000000 0.138077 0.007498 1.742536 2872.617298
0.854424 0.000000 0.000000 0.000000 0.000000 0.138077 0.007498 1.742536 2872.617298
0.854424 0.000000 0.000000 0.000000 0.000000 0.138077 0.007498 1.742536 2872.617298
0.854424 0.000000 0.000000 0.000000 0.000000 0.138077 0.007498 1.742536 2872.617298
0.854424 0.000000 0.000000 0.000000 0.000000 0.138077 0.007498 1.742536 2872.617298
0.854424 0.000000 0.000000 0.000000 0.000000 0.138077 0.007498 1.742536 2872.617298
0.854424 0.000000 0.000000 0.000000 0.000000 0.138077 0.007498 1.742536 2872.617298
0.854424 0.000000 0.000000 0.000000 0.000000 0.138077 0.007498 1.742536 2872.617298
0.854424 0.000000 0.000000 0.000000 0.000000 0.138077 0.007498 1.742536 2872.617298
0.854424 0.000000 0.000000 0.000000 0.000000 0.138077 0.007498 1.742536 2872.617298
0.854424 0.000000 0.000000 0.000000 0.000000 0.138077 0.007498 1.742536 2872.617298
0.854424 0.000000 0.000000 0.000000 0.000000 0.138077 0.007498 1.742536 2872.617298
0.854424 0.000000 0.000000 0.000000 0.000000 0.138077 0.007498 1.742536 2872.617298
0.854424 0.000000 0.000000 0.000000 0.000000 0.138077 0.007498 1.742536 2872.617298
0.854424 0.000000 0.000000 0.000000 0.000000 0.138077 0.007498 1.742536 2872.617298
0.854424 0.000000 0.000000 0.000000 0.000000 0.138077 0.007498 1.742536 2872.617298
0.854424 0.000000 0.000000 0.000000 0.000000 0.138077 0.007498 1.742536 2872.617298
0.854424 0.000000 0.000000 0.000000 0.000000 0.138077 0.007498 1.742536 2872.617298
0.854424 0.000000 0.000000 0.000000 0.000000 0.138077 0.007498 1.742536 2872.617298
0.854424 0.000000 0.000000 0.000000 0.000000 0.138077 0.007498 1.742536 2872.617298
0.854424 0.000000 0.000000 0.000000 0.000000 0.138077 0.007498 1.742536 2872.617298
0.854424 0.000000 0.000000 0.000000 0.000000 0.138077 0.007498 1.742536 2872.617298
0.854424 0.000000 0.000000 0.000000 0.000000 0.138077 0.007498 1.742536 2872.617298
0.854424 0.000000 0.000000 0.000000 0.000000 0.138077 0.007498 1.742536 2872.617298
0.854424 0.000000 0.000000 0.000000 0.000000 0.138077 0.007498 1.742536 2872.617298
0.854424 0.000000 0.000000 0.000000 0.000000 0.138077 0.007498 1.742536 2872.617298
0.854424 0.000000 0.000000 0.000000 0.000000 0.138077 0.007498 1.742536 2872.617298
0.854424 0.000000 0.000000 0.000000 0.000000 0.138077 0.007498 1.742536 2872.617298
0.854424 0.000000 0.000000 0.000000 0.000000 0.138077 0.007498 1.742536 2872.617298
0.854424 0.000000 0.000000 0.000000 0.000000 0.138077 0.007498 1.742536 2872.617298
0.854424 0.000000 0.000000 0.000000 0.000000 0.138077 0.007498 1.742536 2872.617298
0.854424 0.000000 0.000000 0.000000 0.000000 0.138077 0.007498 1.742536 2872.617298
0.854424 0.000000 0.000000 0.000000 0.000000 0.138077 0.007498 1.742536 2872.617298
0.854424 0.000000 0.000000 0.000000 0.000000 0.138077 0.007498 1.742536 2872.617298
0.854424 0.000000 0.000000 0.000000 0.000000 0.138077 0.007498 1.742536 2872.617298
0.854424 0.000000 0.000000 0.000000 0.000000 0.138077 0.007498 1.742536 2872.617298
0.854424 0.000000 0.000000 0.000000 0.000000 0.138077 0.007498 1.742536 2872.617298
0.854424 0.000000 0.000000 0.000000 0.000000 0.138077 0.007498 1.742536 2872.617298
0.854424 0.000000 0.000000 0.000000 0.000000 0.138077 0.007498 1.742536 2872.617298
0.854424 0.000000 0.000000 0.000000 0.000000 0.138077 0.007498 1.742536 2872.617298
0.854424 0.000000 0.000000 0.000000 0.000000 0.138077 0.007498 1.742536 2872.617298
0.854424 0.000000 0.000000 0.000000 0.000000 0.138077 0.007498 1.742536 2872.617298
0.854424 0.000000 0.000000 0.000000 0.000000 0.138077 0.007498 1.742536 2872.617298
0.854424 0.000000 0.000000 0.000000 0.000000 0.138077 0.007498 1.742536 2872.617298
0.854424 0.000000 0.000000 0.000000 0.000000 0.138077 0.007498 1.742536 2872.617298
0.854424 0.000000 0.000000 0.000000 0.000000 0.138077 0.007498 1.742536 2872.617298
0.854424 0.000000 0.000000 0.000000 0.000000 0.138077 0.007498 1.742536 2872.617298
0.854424 0.000000 0.000000 0.000000 0.000000 0.138077 0.007498 1.742536 2872.617298
0.854424 0.000000 0.000000 0.000000 0.000000 0.138077 0.007498 1.742536 2872.617298
0.854424 0.000000 0.000000 0.000000 0.000000 0.138077 0.007498 1.742536 2872.617298
0.854424 0.000000 0.000000 0.000000 0.000000 0.138077 0.007498 1.742536 2872.617298
0.854424 0.000000 0.000000 0.000000 0.000000 0.138077 0.007498 1.742536 2872.617298
0.854424 0.000000 0.000000 0.000000 0.000000 0.138077 0.007498 1.742536 2872.617298
0.854424 0.000000 0.000000 0.000000 0.000000 0.138077 0.007498 1.742536 2872.617298
0.854424 0.000000 0.000000 0.000000 0.000000 0.138077 0.007498 1.742536 2872.617298
0.854424 0.000000 0.000000 0.000000 0.000000 0.138077 0.007498 1.742536 2872.617298
0.854424 0.000000 0.000000 0.000000 0.000000 0.138077 0.007498 1.742536 2872.617298
0.854424 0.000000 0.000000 0.000000 0.000000 0.138077 0.007498 1.742536 2872.617298
0.854424 0.000000 0.000000 0.000000 0.000000 0.138077 0.007498 1.742536 2872.617298
0.854424 0.000000 0.000000 0.000000 0.000000 0.138077 0.007498 1.742536 2872.617298
0.854424 0.000000 0.000000 0.000000 0.000000 0.138077 0.007498 1.742536 2872.617298
0.854424 0.000000 0.000000 0.000000 0.000000 0.138077 0.007498 1.742536 2872.617298
0.854424 0.000000 0.000000 0.000000 0.000000 0.138077 0.007498 1.742536 2872.617298
0.854424 0.000000 0.000000 0.000000 0.000000 0.138077 0.007498 1.742536 2872.617298
0.854424 0.000000 0.000000 0.000000 0.000000 0.138077 0.007498 1.742536 2872.617298
0.854424 0.000000 0.000000 0.000000 0.000000 0.138077 0.007498 1.742536 2872.617298
0.854424 0.000000 0.000000 0.000000 0.000000 0.138077 0.007498 1.742536 2872.617298
0.854424 0.000000 0.000000 0.000000 0.000000 0.138077 0.007498 1.742536 2872.617298
0.854424 0.000000 0.000000 0.000000 0.000000 0.138077 0.007498 1.742536 2872.617298
0.854424 0.000000 0.000000 0.000000 0.000000 0.138077 0.007498 1.742536 2872.617298
0.854424 0.000000 0.000000 0.000000 0.000000 0.138077 0.007498 1.742536 2872.617298
0.854424 0.000000 0.000000 0.000000 0.000000 0.138077 0.007498 1.742536 2872.617298
0.854424 0.000000 0.000000 0.000000 0.000000 0.138077 0.007498 1.742536 2872.617298
0.854424 0.000000 0.000000 0.000000 0.000000 0.138077 0.007498 1.742536 2872.617298
0.854424 0.000000 0.000000 0.000000 0.000000 0.138077 0.007498 1.742536 2872.617298
0.854424 0.000000 0.000000 0.000000 0.000000 0.138077 0.007498 1.742536 2872.617298
0.854424 0.000000 0.000000 0.000000 0.000000 0.138077 0.007498 1.742536 2872.617298
0.854424 0.000000 0.000000 0.000000 0.000000 0.138077 0.007498 1.742536 2872.617298
0.854424 0.000000 0.000000 0.000000 0.000000 0.138077 0.007498 1.742536 2872.617298
0.854424 0.000000 0.000000 0.000000 0.000000 0.138077 0.007498 1.742536 2872.617298
0.854424 0.000000 0.000000 0.000000 0.000000 0.138077 0.007498 1.742536 2872.617298
0.854424 0.000000 0.000000 0.000000 0.000000 0.138077 0.007498 1.742536 2872.617298
0.854424 0.000000 0.000000 0.000000 0.000000 0.138077 0.007498 1.742536 2872.617298
0.854424 0.000000 0.000000 0.000000 0.000000 0.138077 0.007498 1.742536 2872.617298
0.854424 0.000000 0.000000 0.000000 0.000000 0.138077 0.007498 1.742536 2872.617298
0.854424 0.000000 0.000000 0.000000 0.000000 0.138077 0.007498 1.742536 2872.617298
0.854424 0.000000 0.000000 0.000000 0.000000 0.138077 0.007498 1.742536 2872.617298
0.854424 0.000000 0.000000 0.000000 0.000000 0.138077 0.007498 1.742536 2872.617298
0.854424 0.000000 0.000000 0.000000 0.000000 0.138077 0.007498 1.742536 2872.617298
0.854424 0.000000 0.000000 0.000000 0.000000 0.138077 0.007498 1.742536 2872.617298
0.854424 0.000000 0.000000 0.000000 0.000000 0.138077 0.007498 1.742536 2872.617298
0.854424 0.000000 0.000000 0.000000 0.000000 0.138077 0.007498 1.742536 2872.617298
0.854424 0.000000 0.000000 0.000000 0.000000 0.138077 0.007498 1.742536 2872.617298
0.854424 0.000000 0.000000 0.000000 0.000000 0.138077 0.007498 1.742536 2872.617298
0.854424 0.000000 0.000000 0.000000 0.000000 0.138077 0.007498 1.742536 2872.617298
0.854424 0.000000 0.000000 0.000000 0.000000 0.138077 0.007498 1.742536 2872.617298
0.854424 0.000000 0.000000 0.000000 0.000000 0.138077 0.007498 1.742536 2872.617298
0.854424 0.000000 0.000000 0.000000 0.000000 0.138077 0.007498 1.742536 2872.617298
0.854424 0.000000 0.000000 0.000000 0.000000 0.138077 0.007498 1.742536 2872.617298
0.854424 0.000000 0.000000 0.000000 0.000000 0.138077 0.007498 1.742536 2872.617298
0.854424 0.000000 0.000000 0.000000 0.000000 0.138077 0.007498 1.742536 2872.617298
0.854424 0.000000 0.000000 0.000000 0.000000 0.138077 0.007498 1.742536 2872.617298
0.854424 0.000000 0.000000 0.000000 0.000000 0.138077 0.007498 1.742536 2872.617298
0.854424 0.000000 0.000000 0.000000 0.000000 0.138077 0.007498 1.742536 2872.617298
0.854424 0.000000 0.000000 0.000000 0.000000 0.138077 0.007498 1.742536 2872.617298
0.854424 0.000000 0.000000 0.000000 0.000000 0.138077 0.007498 1.742536 2872.617298
0.854424 0.000000 0.000000 0.000000 0.000000 0.138077 0.007498 1.742536 2872.617298
0.854424 0.000000 0.000000 0.000000 0.000000 0.138077 0.007498 1.742536 2872.617298
0.854424 0.000000 0.000000 0.000000 0.000000 0.138077 0.007498 1.742536 2872.617298
0.854424 0.000000 0.000000 0.000000 0.000000 0.138077 0.007498 1.742536 2872.617298
0.854424 0.000000 0.000000 0.000000 0.000000 0.138077 0.007498 1.742536 2872.617298
0.854424 0.000000 0.000000 0.000000 0.000000 0.138077 0.007498 1.742536 2872.617298
0.854424 0.000000 0.000000 0.000000 0.000000 0.138077 0.007498 1.742536 2872.617298
0.854424 0.000000 0.000000 0.000000 0.000000 0.138077 0.007498 1.742536 2872.617298
0.854424 0.000000 0.000000 0.000000 0.000000 0.138077 0.007498 1.742536 2872.617298
0.854424 0.000000 0.000000 0.000000 0.000000 0.138077 0.007498 1.742536 2872.617298
0.854424 0.000000 0.000000 0.000000 0.000000 0.138077 0.007498 1.742536 2872.617298
0.854424 0.000000 0.000000 0.000000 0.000000 0.138077 0.007498 1.742536 2872.617298
0.854424 0.000000 0.000000 0.000000 0.000000 0.138077 0.007498 1.742536 2872.617298
0.854424 0.000000 0.000000 0.000000 0.000000 0.138077 0.007498 1.742536 2872.617298
0.854424 0.000000 0.000000 0.000000 0.000000 0.138077 0.007498 1.742536 2872.617298
0.854424 0.000000 0.000000 0.000000 0.000000 0.138077 0.007498 1.742536 2872.617298
0.854424 0.000000 0.000000 0.000000 0.000000 0.138077 0.007498 1.742536 2872.617298
0.854424 0.000000 0.000000 0.000000 0.000000 0.138077 0.007498 1.742536 2872.617298
0.854424 0.000000 0.000000 0.000000 0.000000 0.138077 0.007498 1.742536 2872.617298
0.854424 0.000000 0.000000 0.000000 0.000000 0.138077 0.007498 1.742536 2872.617298
0.854424 0.000000 0.000000 0.000000 0.000000 0.138077 0.007498 1.742536 2872.617298
0.854424 0.000000 0.000000 0.000000 0.000000 0.138077 0.007498 1.742536 2872.617298
0.854424 0.000000 0.000000 0.000000 0.000000 0.138077 0.007498 1.742536 2872.617298
0.854424 0.000000 0.000000 0.000000 0.000000 0.138077 0.007498 1.742536 2872.617298
0.854424 0.000000 0.000000 0.000000 0.000000 0.138077 0.007498 1.742536 2872.617298
0.854424 0.000000 0.000000 0.000000 0.000000 0.138077 0.007498 1.742536 2872.617298
0.854424 0.000000 0.000000 0.000000 0.000000 0.138077 0.007498 1.742536 2872.617298
0.854424 0.000000 0.000000 0.000000 0.000000 0.138077 0.007498 1.742536 2872.617298
0.854424 0.000000 0.000000 0.000000 0.000000 0.138077 0.007498 1.742536 2872.617298
0.854424 0.000000 0.000000 0.000000 0.000000 0.138077 0.007498 1.742536 2872.617298
0.854424 0.000000 0.000000 0.000000 0.000000 0.138077 0.007498 1.742536 2872.617298
0.854424 0.000000 0.000000 0.000000 0.000000 0.138077 0.007498 1.742536 2872.617298
0.854424 0.000000 0.000000 0.000000 0.000000 0.138077 0.007498 1.742536 2872.617298
0.854424 0.000000 0.000000 0.000000 0.000000 0.138077 0.007498 1.742536 2872.617298
0.854424 0.000000 0.000000 0.000000 0.000000 0.138077 0.007498 1.742536 2872.617298
0.854424 0.000000 0.000000 0.000000 0.000000 0.138077 0.007498 1.742536 2872.617298
0.854424 0.000000 0.000000 0.000000 0.000000 0.138077 0.007498 1.742536 2872.617298
0.854424 0.000000 0.000000 0.000000 0.000000 0.138077 0.007498 1.742536 2872.617298
0.854424 0.000000 0.000000 0.000000 0.000000 0.138077 0.007498 1.742536 2872.617298
0.854424 0.000000 0.000000 0.000000 0.000000 0.138077 0.007498 1.742536 2872.617298
0.854424 0.000000 0.000000 0.000000 0.000000 0.138077 0.007498 1.742536 2872.617298
0.854424 0.000000 0.000000 0.000000 0.000000 0.138077 0.007498 1.742536 2872.617298
0.854424 0.000000 0.000000 0.000000 0.000000 0.138077 0.007498 1.742536 2872.617298
0.854424 0.000000 0.000000 0.000000 0.000000 0.138077 0.007498 1.742536 2872.617298
0.854424 0.000000 0.000000 0.000000 0.000000 0.138077 0.007498 1.742536 2872.617298
0.854424 0.000000 0.000000 0.000000 0.000000 0.138077 0.007498 1.742536 2872.617298
0.854424 0.000000 0.000000 0.000000 0.000000 0.138077 0.007498 1.742536 2872.617298
0.854424 0.000000 0.000000 0.000000 0.000000 0.138077 0.007498 1.742536 2872.617298
0.854424 0.000000 0.000000 0.000000 0.000000 0.138077 0.007498 1.742536 2872.617298
0.854424 0.000000 0.000000 0.000000 0.000000 0.138077 0.007498 1.742536 2872.617298
0.854424 0.000000 0.000000 0.000000 0.000000 0.138077 0.007498 1.742536 2872.617298
0.854424 0.000000 0.000000 0.000000 0.000000 0.138077 0.007498 1.742536 2872.617298
0.854424 0.000000 0.000000 0.000000 0.000000 0.138077 0.007498 1.742536 2872.617298
0.854424 0.000000 0.000000 0.000000 0.000000 0.138077 0.007498 1.742536 2872.617298
0.854424 0.000000 0.000000 0.000000 0.000000 0.138077 0.007498 1.742536 2872.617298
0.854424 0.000000 0.000000 0.000000 0.000000 0.138077 0.007498 1.742536 2872.617298
0.854424 0.000000 0.000000 0.000000 0.000000 0.138077 0.007498 1.742536 2872.617298
0.854424 0.000000 0.000000 0.000000 0.000000 0.138077 0.007498 1.742536 2872.617298
0.854424 0.000000 0.000000 0.000000 0.000000 0.138077 0.007498 1.742536 2872.617298
0.854424 0.000000 0.000000 0.000000 0.000000 0.138077 0.007498 1.742536 2872.617298
0.854424 0.000000 0.000000 0.000000 0.000000 0.138077 0.007498 1.742536 2872.617298
0.854424 0.000000 0.000000 0.000000 0.000000 0.138077 0.007498 1.742536 2872.617298
0.854424 0.000000 0.000000 0.000000 0.000000 0.138077 0.007498 1.742536 2872.617298
0.854424 0.000000 0.000000 0.000000 0.000000 0.138077 0.007498 1.742536 2872.617298
0.854424 0.000000 0.000000 0.000000 0.000000 0.138077 0.007498 1.742536 2872.617298
0.854424 0.000000 0.000000 0.000000 0.000000 0.138077 0.007498 1.742536 2872.617298
0.854424 0.000000 0.000000 0.000000 0.000000 0.138077 0.007498 1.742536 2872.617298
0.854424 0.000000 0.000000 0.000000 0.000000 0.138077 0.007498 1.742536 2872.617298
0.854424 0.000000 0.000000 0.000000 0.000000 0.138077 0.007498 1.742536 2872.617298
0.854424 0.000000 0.000000 0.000000 0.000000 0.138077 0.007498 1.742536 2872.617298
0.854424 0.000000 0.000000 0.000000 0.000000 0.138077 0.007498 1.742536 2872.617298
0.854424 0.000000 0.000000 0.000000 0.000000 0.138077 0.007498 1.742536 2872.617298
0.854424 0.000000 0.000000 0.000000 0.000000 0.138077 0.007498 1.742536 2872.617298
0.854424 0.000000 0.000000 0.000000 0.000000 0.138077 0.007498 1.742536 2872.617298
0.854424 0.000000 0.000000 0.000000 0.000000 0.138077 0.007498 1.742536 2872.617298
0.854424 0.000000 0.000000 0.000000 0.000000 0.138077 0.007498 1.742536 2872.617298
0.854424 0.000000 0.000000 0.000000 0.000000 0.138077 0.007498 1.742536 2872.617298
0.854424 0.000000 0.000000 0.000000 0.000000 0.138077 0.007498 1.742536 2872.617298
0.854424 0.000000 0.000000 0.000000 0.000000 0.138077 0.007498 1.742536 2872.617298
0.854424 0.000000 0.000000 0.000000 0.000000 0.138077 0.007498 1.742536 2872.617298
0.854424 0.000000 0.000000 0.000000 0.000000 0.138077 0.007498 1.742536 2872.617298
0.854424 0.000000 0.000000 0.000000 0.000000 0.138077 0.007498 1.742536 2872.617298
0.854424 0.000000 0.000000 0.000000 0.000000 0.138077 0.007498 1.742536 2872.617298
0.854424 0.000000 0.000000 0.000000 0.000000 0.138077 0.007498 1.742536 2872.617298
0.854424 0.000000 0.000000 0.000000 0.000000 0.138077 0.007498 1.742536 2872.617298
0.854424 0.000000 0.000000 0.000000 0.000000 0.138077 0.007498 1.742536 2872.617298
0.854424 0.000000 0.000000 0.000000 0.000000 0.138077 0.007498 1.742536 2872.617298
0.854424 0.000000 0.000000 0.000000 0.000000 0.138077 0.007498 1.742536 2872.617298
0.854424 0.000000 0.000000 0.000000 0.000000 0.138077 0.007498 1.742536 2872.617298
0.854424 0.000000 0.000000 0.000000 0.000000 0.138077 0.007498 1.742536 2872.617298
0.854424 0.000000 0.000000 0.000000 0.000000 0.138077 0.007498 1.742536 2872.617298
0.854424 0.000000 0.000000 0.000000 0.000000 0.138077 0.007498 1.742536 2872.617298
0.854424 0.000000 0.000000 0.000000 0.000000 0.138077 0.007498 1.742536 2872.617298
0.854424 0.000000 0.000000 0.000000 0.000000 0.138077 0.007498 1.742536 2872.617298
0.854424 0.000000 0.000000 0.000000 0.000000 0.138077 0.007498 1.742536 2872.617298
0.854424 0.000000 0.000000 0.000000 0.000000 0.138077 0.007498 1.742536 2872.617298
0.854424 0.000000 0.000000 0.000000 0.000000 0.138077 0.007498 1.742536 2872.617298
0.854424 0.000000 0.000000 0.000000 0.000000 0.138077 0.007498 1.742536 2872.617298
0.854424 0.000000 0.000000 0.000000 0.000000 0.138077 0.007498 1.742536 2872.617298
0.854424 0.000000 0.000000 0.000000 0.000000 0.138077 0.007498 1.742536 2872.617298
0.854424 0.000000 0.000000 0.000000 0.000000 0.138077 0.007498 1.742536 2872.617298
0.854424 0.000000 0.000000 0.000000 0.000000 0.138077 0.007498 1.742536 2872.617298
0.854424 0.000000 0.000000 0.000000 0.000000 0.138077 0.007498 1.742536 2872.617298
0.854424 0.000000 0.000000 0.000000 0.000000 0.138077 0.007498 1.742536 2872.617298
0.854424 0.000000 0.000000 0.000000 0.000000 0.138077 0.007498 1.742536 2872.617298
0.854424 0.000000 0.000000 0.000000 0.000000 0.138077 0.007498 1.742536 2872.617298
0.854424 0.000000 0.000000 0.000000 0.000000 0.138077 0.007498 1.742536 2872.617298
0.854424 0.000000 0.000000 0.000000 0.000000 0.138077 0.007498 1.742536 2872.617298
0.854424 0.000000 0.000000 0.000000 0.000000 0.138077 0.007498 1.742536 2872.617298
0.854424 0.000000 0.000000 0.000000 0.000000 0.138077 0.007498 1.742536 2872.617298
0.854424 0.000000 0.000000 0.000000 0.000000 0.138077 0.007498 1.742536 2872.617298
0.854424 0.000000 0.000000 0.000000 0.000000 0.138077 0.007498 1.742536 2872.617298
0.854424 0.000000 0.000000 0.000000 0.000000 0.138077 0.007498 1.742536 2872.617298
0.854424 0.000000 0.000000 0.000000 0.000000 0.138077 0.007498 1.742536 2872.617298
0.854424 0.000000 0.000000 0.000000 0.000000 0.138077 0.007498 1.742536 2872.617298
0.854424 0.000000 0.000000 0.000000 0.000000 0.138077 0.007498 1.742536 2872.617298
0.854424 0.000000 0.000000 0.000000 0.000000 0.138077 0.007498 1.742536 2872.617298
0.854424 0.000000 0.000000 0.000000 0.000000 0.138077 0.007498 1.742536 2872.617298
0.854424 0.000000 0.000000 0.000000 0.000000 0.138077 0.007498 1.742536 2872.617298
0.854424 0.000000 0.000000 0.000000 0.000000 0.138077 0.007498 1.742536 2872.617298
0.854424 0.000000 0.000000 0.000000 0.000000 0.138077 0.007498 1.742536 2872.617298
0.854424 0.000000 0.000000 0.000000 0.000000 0.138077 0.007498 1.742536 2872.617298
0.854424 0.000000 0.000000 0.000000 0.000000 0.138077 0.007498 1.742536 2872.617298
0.854424 0.000000 0.000000 0.000000 0.000000 0.138077 0.007498 1.742536 2872.617298
0.854424 0.000000 0.000000 0.000000 0.000000 0.138077 0.007498 1.742536 2872.617298
0.854424 0.000000 0.000000 0.000000 0.000000 0.138077 0.007498 1.742536 2872.617298
0.854424 0.000000 0.000000 0.000000 0.000000 0.138077 0.007498 1.742536 2872.617298
0.854424 0.000000 0.000000 0.000000 0.000000 0.138077 0.007498 1.742536 2872.617298
0.854424 0.000000 0.000000 0.000000 0.000000 0.138077 0.007498 1.742536 2872.617298
0.854424 0.000000 0.000000 0.000000 0.000000 0.138077 0.007498 1.742536 2872.617298
0.854424 0.000000 0.000000 0.000000 0.000000 0.138077 0.007498 1.742536 2872.617298
0.854424 0.000000 0.000000 0.000000 0.000000 0.138077 0.007498 1.742536 2872.617298
0.854424 0.000000 0.000000 0.000000 0.000000 0.138077 0.007498 1.742536 2872.617298
0.854424 0.000000 0.000000 0.000000 0.000000 0.138077 0.007498 1.742536 2872.617298
0.854424 0.000000 0.000000 0.000000 0.000000 0.138077 0.007498 1.742536 2872.617298
0.854424 0.000000 0.000000 0.000000 0.000000 0.138077 0.007498 1.742536 2872.617298
0.854424 0.000000 0.000000 0.000000 0.000000 0.138077 0.007498 1.742536 2872.617298
0.854424 0.000000 0.000000 0.000000 0.000000 0.138077 0.007498 1.742536 2872.617298
0.854424 0.000000 0.000000 0.000000 0.000000 0.138077 0.007498 1.742536 2872.617298
0.854424 0.000000 0.000000 0.000000 0.000000 0.138077 0.007498 1.742536 2872.617298
0.854424 0.000000 0.000000 0.000000 0.000000 0.138077 0.007498 1.742536 2872.617298
0.854424 0.000000 0.000000 0.000000 0.000000 0.138077 0.007498 1.742536 2872.617298
0.854424 0.000000 0.000000 0.000000 0.000000 0.138077 0.007498 1.742536 2872.617298
0.854424 0.000000 0.000000 0.000000 0.000000 0.138077 0.007498 1.742536 2872.617298
0.854424 0.000000 0.000000 0.000000 0.000000 0.138077 0.007498 1.742536 2872.617298
0.854424 0.000000 0.000000 0.000000 0.000000 0.138077 0.007498 1.742536 2872.617298
0.854424 0.000000 0.000000 0.000000 0.000000 0.138077 0.007498 1.742536 2872.617298
0.854424 0.000000 0.000000 0.000000 0.000000 0.138077 0.007498 1.742536 2872.617298
0.854424 0.000000 0.000000 0.000000 0.000000 0.138077 0.007498 1.742536 2872.617298
0.854424 0.000000 0.000000 0.000000 0.000000 0.138077 0.007498 1.742536 2872.617298
0.854424 0.000000 0.000000 0.000000 0.000000 0.138077 0.007498 1.742536 2872.617298
0.854424 0.000000 0.000000 0.000000 0.000000 0.138077 0.007498 1.742536 2872.617298
0.854424 0.000000 0.000000 0.000000 0.000000 0.138077 0.007498 1.742536 2872.617298
0.854424 0.000000 0.000000 0.000000 0.000000 0.138077 0.007498 1.742536 2872.617298
0.854424 0.000000 0.000000 0.000000 0.000000 0.138077 0.007498 1.742536 2872.617298
0.854424 0.000000 0.000000 0.000000 0.000000 0.138077 0.007498 1.742536 2872.617298
0.854424 0.000000 0.000000 0.000000 0.000000 0.138077 0.007498 1.742536 2872.617298
0.854424 0.000000 0.000000 0.000000 0.000000 0.138077 0.007498 1.742536 2872.617298
0.854424 0.000000 0.000000 0.000000 0.000000 0.138077 0.007498 1.742536 2872.617298
0.854424 0.000000 0.000000 0.000000 0.000000 0.138077 0.007498 1.742536 2872.617298
0.854424 0.000000 0.000000 0.000000 0.000000 0.138077 0.007498 1.742536 2872.617298
0.854424 0.000000 0.000000 0.000000 0.000000 0.138077 0.007498 1.742536 2872.617298
0.854424 0.000000 0.000000 0.000000 0.000000 0.138077 0.007498 1.742536 2872.617298
0.854424 0.000000 0.000000 0.000000 0.000000 0.138077 0.007498 1.742536 2872.617298
0.854424 0.000000 0.000000 0.000000 0.000000 0.138077 0.007498 1.742536 2872.617298
0.854424 0.000000 0.000000 0.000000 0.000000 0.138077 0.007498 1.742536 2872.617298
0.854424 0.000000 0.000000 0.000000 0.000000 0.138077 0.007498 1.742536 2872.617298
0.854424 0.000000 0.000000 0.000000 0.000000 0.138077 0.007498 1.742536 2872.617298
0.854424 0.000000 0.000000 0.000000 0.000000 0.138077 0.007498 1.742536 2872.617298
0.854424 0.000000 0.000000 0.000000 0.000000 0.138077 0.007498 1.742536 2872.617298
0.854424 0.000000 0.000000 0.000000 0.000000 0.138077 0.007498 1.742536 2872.617298
0.854424 0.000000 0.000000 0.000000 0.000000 0.138077 0.007498 1.742536 2872.617298
0.854424 0.000000 0.000000 0.000000 0.000000 0.138077 0.007498 1.742536 2872.617298
0.854424 0.000000 0.000000 0.000000 0.000000 0.138077 0.007498 1.742536 2872.617298
0.854424 0.000000 0.000000 0.000000 0.000000 0.138077 0.007498 1.742536 2872.617298
0.854424 0.000000 0.000000 0.000000 0.000000 0.138077 0.007498 1.742536 2872.617298
0.854424 0.000000 0.000000 0.000000 0.000000 0.138077 0.007498 1.742536 2872.617298
0.854424 0.000000 0.000000 0.000000 0.000000 0.138077 0.007498 1.742536 2872.617298
0.854424 0.000000 0.000000 0.000000 0.000000 0.138077 0.007498 1.742536 2872.617298
0.854424 0.000000 0.000000 0.000000 0.000000 0.138077 0.007498 1.742536 2872.617298
0.854424 0.000000 0.000000 0.000000 0.000000 0.138077 0.007498 1.742536 2872.617298
0.854424 0.000000 0.000000 0.000000 0.000000 0.138077 0.007498 1.742536 2872.617298
0.854424 0.000000 0.000000 0.000000 0.000000 0.138077 0.007498 1.742536 2872.617298
0.854424 0.000000 0.000000 0.000000 0.000000 0.138077 0.007498 1.742536 2872.617298
0.854424 0.000000 0.000000 0.000000 0.000000 0.138077 0.007498 1.742536 2872.617298
0.854424 0.000000 0.000000 0.000000 0.000000 0.138077 0.007498 1.742536 2872.617298
0.854424 0.000000 0.000000 0.000000 0.000000 0.138077 0.007498 1.742536 2872.617298
0.854424 0.000000 0.000000 0.000000 0.000000 0.138077 0.007498 1.742536 2872.617298
0.854424 0.000000 0.000000 0.000000 0.000000 0.138077 0.007498 1.742536 2872.617298
0.854424 0.000000 0.000000 0.000000 0.000000 0.138077 0.007498 1.742536 2872.617298
0.854424 0.000000 0.000000 0.000000 0.000000 0.138077 0.007498 1.742536 2872.617298
0.854424 0.000000 0.000000 0.000000 0.000000 0.138077 0.007498 1.742536 2872.617298
0.854424 0.000000 0.000000 0.000000 0.000000 0.138077 0.007498 1.742536 2872.617298
0.854424 0.000000 0.000000 0.000000 0.000000 0.138077 0.007498 1.742536 2872.617298
0.854424 0.000000 0.000000 0.000000 0.000000 0.138077 0.007498 1.742536 2872.617298
0.854424 0.000000 0.000000 0.000000 0.000000 0.138077 0.007498 1.742536 2872.617298
0.854424 0.000000 0.000000 0.000000 0.000000 0.138077 0.007498 1.742536 2872.617298
0.854424 0.000000 0.000000 0.000000 0.000000 0.138077 0.007498 1.742536 2872.617298
0.854424 0.000000 0.000000 0.000000 0.000000 0.138077 0.007498 1.742536 2872.617298
0.854424 0.000000 0.000000 0.000000 0.000000 0.138077 0.007498 1.742536 2872.617298
0.854424 0.000000 0.000000 0.000000 0.000000 0.138077 0.007498 1.742536 2872.617298
0.854424 0.000000 0.000000 0.000000 0.000000 0.138077 0.007498 1.742536 2872.617298
0.854424 0.000000 0.000000 0.000000 0.000000 0.138077 0.007498 1.742536 2872.617298
0.854424 0.000000 0.000000 0.000000 0.000000 0.138077 0.007498 1.742536 2872.617298
0.854424 0.000000 0.000000 0.000000 0.000000 0.138077 0.007498 1.742536 2872.617298
0.854424 0.000000 0.000000 0.000000 0.000000 0.138077 0.007498 1.742536 2872.617298
0.854424 0.000000 0.000000 0.000000 0.000000 0.138077 0.007498 1.742536 2872.617298
0.854424 0.000000 0.000000 0.000000 0.000000 0.138077 0.007498 1.742536 2872.617298
0.854424 0.000000 0.000000 0.000000 0.000000 0.138077 0.007498 1.742536 2872.617298
0.854424 0.000000 0.000000 0.000000 0.000000 0.138077 0.007498 1.742536 2872.617298
0.854424 0.000000 0.000000 0.000000 0.000000 0.138077 0.007498 1.742536 2872.617298
0.854424 0.000000 0.000000 0.000000 0.000000 0.138077 0.007498 1.742536 2872.617298
0.854424 0.000000 0.000000 0.000000 0.000000 0.138077 0.007498 1.742536 2872.617298
0.854424 0.000000 0.000000 0.000000 0.000000 0.138077 0.007498 1.742536 2872.617298
0.854424 0.000000 0.000000 0.000000 0.000000 0.138077 0.007498 1.742536 2872.617298
0.854424 0.000000 0.000000 0.000000 0.000000 0.138077 0.007498 1.742536 2872.617298
0.854424 0.000000 0.000000 0.000000 0.000000 0.138077 0.007498 1.742536 2872.617298
0.854424 0.000000 0.000000 0.000000 0.000000 0.138077 0.007498 1.742536 2872.617298
0.854424 0.000000 0.000000 0.000000 0.000000 0.138077 0.007498 1.742536 2872.617298
0.854424 0.000000 0.000000 0.000000 0.000000 0.138077 0.007498 1.742536 2872.617298
0.854424 0.000000 0.000000 0.000000 0.000000 0.138077 0.007498 1.742536 2872.617298
0.854424 0.000000 0.000000 0.000000 0.000000 0.138077 0.007498 1.742536 2872.617298
0.854424 0.000000 0.000000 0.000000 0.000000 0.138077 0.007498 1.742536 2872.617298
0.854424 0.000000 0.000000 0.000000 0.000000 0.138077 0.007498 1.742536 2872.617298
0.854424 0.000000 0.000000 0.000000 0.000000 0.138077 0.007498 1.742536 2872.617298
0.854424 0.000000 0.000000 0.000000 0.000000 0.138077 0.007498 1.742536 2872.617298
0.854424 0.000000 0.000000 0.000000 0.000000 0.138077 0.007498 1.742536 2872.617298
0.854424 0.000000 0.000000 0.000000 0.000000 0.138077 0.007498 1.742536 2872.617298
0.854424 0.000000 0.000000 0.000000 0.000000 0.138077 0.007498 1.742536 2872.617298
0.854424 0.000000 0.000000 0.000000 0.000000 0.138077 0.007498 1.742536 2872.617298
0.854424 0.000000 0.000000 0.000000 0.000000 0.138077 0.007498 1.742536 2872.617298
0.854424 0.000000 0.000000 0.000000 0.000000 0.138077 0.007498 1.742536 2872.617298
0.854424 0.000000 0.000000 0.000000 0.000000 0.138077 0.007498 1.742536 2872.617298
0.854424 0.000000 0.000000 0.000000 0.000000 0.138077 0.007498 1.742536 2872.617298
0.854424 0.000000 0.000000 0.000000 0.000000 0.138077 0.007498 1.742536 2872.617298
0.854424 0.000000 0.000000 0.000000 0.000000 0.138077 0.007498 1.742536 2872.617298
0.854424 0.000000 0.000000 0.000000 0.000000 0.138077 0.007498 1.742536 2872.617298
0.854424 0.000000 0.000000 0.000000 0.000000 0.138077 0.007498 1.742536 2872.617298
0.854424 0.000000 0.000000 0.000000 0.000000 0.138077 0.007498 1.742536 2872.617298
0.854424 0.000000 0.000000 0.000000 0.000000 0.138077 0.007498 1.742536 2872.617298
0.854424 0.000000 0.000000 0.000000 0.000000 0.138077 0.007498 1.742536 2872.617298
0.854424 0.000000 0.000000 0.000000 0.000000 0.138077 0.007498 1.742536 2872.617298
0.854424 0.000000 0.000000 0.000000 0.000000 0.138077 0.007498 1.742536 2872.617298
0.854424 0.000000 0.000000 0.000000 0.000000 0.138077 0.007498 1.742536 2872.617298
0.854424 0.000000 0.000000 0.000000 0.000000 0.138077 0.007498 1.742536 2872.617298
0.854424 0.000000 0.000000 0.000000 0.000000 0.138077 0.007498 1.742536 2872.617298
0.854424 0.000000 0.000000 0.000000 0.000000 0.138077 0.007498 1.742536 2872.617298
0.854424 0.000000 0.000000 0.000000 0.000000 0.138077 0.007498 1.742536 2872.617298
0.854424 0.000000 0.000000 0.000000 0.000000 0.138077 0.007498 1.742536 2872.617298
0.854424 0.000000 0.000000 0.000000 0.000000 0.138077 0.007498 1.742536 2872.617298
0.854424 0.000000 0.000000 0.000000 0.000000 0.138077 0.007498 1.742536 2872.617298
0.854424 0.000000 0.000000 0.000000 0.000000 0.138077 0.007498 1.742536 2872.617298
0.854424 0.000000 0.000000 0.000000 0.000000 0.138077 0.007498 1.742536 2872.617298
0.854424 0.000000 0.000000 0.000000 0.000000 0.138077 0.007498 1.742536 2872.617298
0.854424 0.000000 0.000000 0.000000 0.000000 0.138077 0.007498 1.742536 2872.617298
0.854424 0.000000 0.000000 0.000000 0.000000 0.138077 0.007498 1.742536 2872.617298
0.854424 0.000000 0.000000 0.000000 0.000000 0.138077 0.007498 1.742536 2872.617298
0.854424 0.000000 0.000000 0.000000 0.000000 0.138077 0.007498 1.742536 2872.617298
0.854424 0.000000 0.000000 0.000000 0.000000 0.138077 0.007498 1.742536 2872.617298
0.854424 0.000000 0.000000 0.000000 0.000000 0.138077 0.007498 1.742536 2872.617298
0.854424 0.000000 0.000000 0.000000 0.000000 0.138077 0.007498 1.742536 2872.617298
0.854424 0.000000 0.000000 0.000000 0.000000 0.138077 0.007498 1.742536 2872.617298
0.854424 0.000000 0.000000 0.000000 0.000000 0.138077 0.007498 1.742536 2872.617298
0.854424 0.000000 0.000000 0.000000 0.000000 0.138077 0.007498 1.742536 2872.617298
0.854424 0.000000 0.000000 0.000000 0.000000 0.138077 0.007498 1.742536 2872.617298
0.854424 0.000000 0.000000 0.000000 0.000000 0.138077 0.007498 1.742536 2872.617298
0.854424 0.000000 0.000000 0.000000 0.000000 0.138077 0.007498 1.742536 2872.617298
0.854424 0.000000 0.000000 0.000000 0.000000 0.138077 0.007498 1.742536 2872.617298
0.854424 0.000000 0.000000 0.000000 0.000000 0.138077 0.007498 1.742536 2872.617298
0.854424 0.000000 0.000000 0.000000 0.000000 0.138077 0.007498 1.742536 2872.617298
0.854424 0.000000 0.000000 0.000000 0.000000 0.138077 0.007498 1.742536 2872.617298
0.854424 0.000000 0.000000 0.000000 0.000000 0.138077 0.007498 1.742536 2872.617298
0.854424 0.000000 0.000000 0.000000 0.000000 0.138077 0.007498 1.742536 2872.617298
0.854424 0.000000 0.000000 0.000000 0.000000 0.138077 0.007498 1.742536 2872.617298
0.854424 0.000000 0.000000 0.000000 0.000000 0.138077 0.007498 1.742536 2872.617298
0.854424 0.000000 0.000000 0.000000 0.000000 0.138077 0.007498 1.742536 2872.617298
0.854424 0.000000 0.000000 0.000000 0.000000 0.138077 0.007498 1.742536 2872.617298
0.854424 0.000000 0.000000 0.000000 0.000000 0.138077 0.007498 1.742536 2872.617298
0.854424 0.000000 0.000000 0.000000 0.000000 0.138077 0.007498 1.742536 2872.617298
0.854424 0.000000 0.000000 0.000000 0.000000 0.138077 0.007498 1.742536 2872.617298
0.854424 0.000000 0.000000 0.000000 0.000000 0.138077 0.007498 1.742536 2872.617298
0.854424 0.000000 0.000000 0.000000 0.000000 0.138077 0.007498 1.742536 2872.617298
0.854424 0.000000 0.000000 0.000000 0.000000 0.138077 0.007498 1.742536 2872.617298
0.854424 0.000000 0.000000 0.000000 0.000000 0.138077 0.007498 1.742536 2872.617298
0.854424 0.000000 0.000000 0.000000 0.000000 0.138077 0.007498 1.742536 2872.617298
0.854424 0.000000 0.000000 0.000000 0.000000 0.138077 0.007498 1.742536 2872.617298
0.854424 0.000000 0.000000 0.000000 0.000000 0.138077 0.007498 1.742536 2872.617298
0.854424 0.000000 0.000000 0.000000 0.000000 0.138077 0.007498 1.742536 2872.617298
0.854424 0.000000 0.000000 0.000000 0.000000 0.138077 0.007498 1.742536 2872.617298
0.854424 0.000000 0.000000 0.000000 0.000000 0.138077 0.007498 1.742536 2872.617298
0.854424 0.000000 0.000000 0.000000 0.000000 0.138077 0.007498 1.742536 2872.617298
0.854424 0.000000 0.000000 0.000000 0.000000 0.138077 0.007498 1.742536 2872.617298
0.854424 0.000000 0.000000 0.000000 0.000000 0.138077 0.007498 1.742536 2872.617298
0.854424 0.000000 0.000000 0.000000 0.000000 0.138077 0.007498 1.742536 2872.617298
0.854424 0.000000 0.000000 0.000000 0.000000 0.138077 0.007498 1.742536 2872.617298
0.854424 0.000000 0.000000 0.000000 0.000000 0.138077 0.007498 1.742536 2872.617298
0.854424 0.000000 0.000000 0.000000 0.000000 0.138077 0.007498 1.742536 2872.617298
0.854424 0.000000 0.000000 0.000000 0.000000 0.138077 0.007498 1.742536 2872.617298
0.854424 0.000000 0.000000 0.000000 0.000000 0.138077 0.007498 1.742536 2872.617298
0.854424 0.000000 0.000000 0.000000 0.000000 0.138077 0.007498 1.742536 2872.617298
0.854424 0.000000 0.000000 0.000000 0.000000 0.138077 0.007498 1.742536 2872.617298
0.854424 0.000000 0.000000 0.000000 0.000000 0.138077 0.007498 1.742536 2872.617298
