0.339136 0.062210 0.056230 0.032562 0.002140 0.501445 0.006278 1.648241
0.342087 0.059646 0.056120 0.032322 0.002134 0.501384 0.006308 1.654235
0.345831 0.056409 0.055904 0.031969 0.002132 0.501422 0.006333 1.660004
0.350076 0.052995 0.055484 0.031554 0.002140 0.501397 0.006355 1.665397
0.354802 0.049589 0.054999 0.030971 0.002135 0.501120 0.006384 1.670406
0.359755 0.046161 0.054346 0.030274 0.002132 0.500927 0.006405 1.675131
0.364820 0.042925 0.053402 0.029546 0.002127 0.500748 0.006432 1.679496
0.370185 0.039797 0.052366 0.028725 0.002114 0.500355 0.006461 1.683562
0.375575 0.036899 0.051154 0.027849 0.002111 0.499927 0.006485 1.687301
0.381116 0.034189 0.049908 0.026908 0.002111 0.499257 0.006510 1.690765
0.386688 0.031521 0.048678 0.026089 0.002101 0.498378 0.006544 1.694103
0.392245 0.029152 0.047238 0.025199 0.002068 0.497528 0.006570 1.697081
0.397815 0.026946 0.045875 0.024323 0.002046 0.496399 0.006598 1.699885
0.403449 0.024928 0.044482 0.023339 0.002030 0.495147 0.006624 1.702426
0.409177 0.023050 0.042993 0.022417 0.002021 0.493698 0.006645 1.704770
0.414942 0.021342 0.041397 0.021493 0.001987 0.492164 0.006675 1.706901
0.420688 0.019740 0.039854 0.020571 0.001960 0.490487 0.006699 1.708922
0.426464 0.018222 0.038394 0.019744 0.001930 0.488519 0.006727 1.710825
0.432164 0.016887 0.036919 0.018880 0.001906 0.486493 0.006753 1.712506
0.437828 0.015631 0.035474 0.018002 0.001888 0.484404 0.006774 1.714095
0.443536 0.014498 0.034055 0.017143 0.001870 0.482099 0.006799 1.715588
0.449190 0.013432 0.032687 0.016340 0.001851 0.479681 0.006820 1.716958
0.454929 0.012483 0.031248 0.015613 0.001810 0.477073 0.006844 1.718216
0.460656 0.011593 0.029899 0.014844 0.001784 0.474358 0.006867 1.719392
0.466336 0.010746 0.028613 0.014128 0.001754 0.471531 0.006893 1.720497
0.472063 0.009961 0.027375 0.013457 0.001735 0.468504 0.006906 1.721548
0.477623 0.009267 0.026155 0.012755 0.001704 0.465568 0.006928 1.722500
0.483181 0.008652 0.024929 0.012067 0.001674 0.462548 0.006951 1.723375
0.488741 0.008077 0.023774 0.011464 0.001641 0.459332 0.006971 1.724183
0.494260 0.007498 0.022676 0.010910 0.001609 0.456056 0.006990 1.724966
0.499743 0.007019 0.021580 0.010331 0.001582 0.452734 0.007012 1.725661
0.505214 0.006546 0.020557 0.009829 0.001541 0.449279 0.007035 1.726334
0.510614 0.006094 0.019554 0.009334 0.001509 0.445843 0.007052 1.726960
0.516067 0.005706 0.018564 0.008870 0.001474 0.442244 0.007075 1.727544
0.521439 0.005336 0.017653 0.008389 0.001436 0.438653 0.007094 1.728091
0.526728 0.004980 0.016779 0.007980 0.001406 0.435016 0.007111 1.728617
0.532043 0.004687 0.015942 0.007550 0.001366 0.431284 0.007128 1.729075
0.537370 0.004396 0.015150 0.007145 0.001330 0.427460 0.007148 1.729520
0.542586 0.004130 0.014432 0.006787 0.001295 0.423604 0.007166 1.729962
0.547709 0.003875 0.013713 0.006419 0.001263 0.419838 0.007181 1.730384
0.552890 0.003636 0.013019 0.006076 0.001232 0.415948 0.007198 1.730757
0.557920 0.003462 0.012334 0.005758 0.001202 0.412114 0.007209 1.731070
0.562928 0.003257 0.011742 0.005433 0.001176 0.408234 0.007229 1.731407
0.567873 0.003061 0.011123 0.005162 0.001148 0.404393 0.007240 1.731729
0.572819 0.002893 0.010531 0.004901 0.001116 0.400487 0.007253 1.732016
0.577742 0.002736 0.009982 0.004647 0.001081 0.396544 0.007267 1.732299
0.582616 0.002593 0.009464 0.004386 0.001059 0.392604 0.007279 1.732559
0.587437 0.002471 0.008965 0.004115 0.001035 0.388688 0.007289 1.732792
0.592249 0.002347 0.008508 0.003866 0.001009 0.384720 0.007300 1.733024
0.597001 0.002215 0.008084 0.003666 0.000986 0.380735 0.007313 1.733251
0.601724 0.002103 0.007678 0.003493 0.000957 0.376719 0.007327 1.733467
0.606344 0.001993 0.007256 0.003292 0.000931 0.372849 0.007335 1.733667
0.610948 0.001882 0.006889 0.003105 0.000899 0.368928 0.007350 1.733858
0.615493 0.001798 0.006537 0.002942 0.000863 0.365004 0.007365 1.734034
0.620053 0.001722 0.006196 0.002781 0.000833 0.361041 0.007375 1.734199
0.624539 0.001639 0.005919 0.002634 0.000804 0.357080 0.007387 1.734371
0.628915 0.001557 0.005632 0.002500 0.000781 0.353221 0.007395 1.734527
0.633254 0.001495 0.005331 0.002371 0.000756 0.349389 0.007405 1.734681
0.637513 0.001426 0.005045 0.002256 0.000730 0.345614 0.007416 1.734824
0.641696 0.001380 0.004765 0.002155 0.000707 0.341875 0.007424 1.734957
0.645877 0.001319 0.004524 0.002047 0.000681 0.338116 0.007437 1.735091
0.650086 0.001271 0.004304 0.001942 0.000660 0.334291 0.007447 1.735216
0.654174 0.001202 0.004093 0.001835 0.000641 0.330603 0.007453 1.735353
0.658288 0.001155 0.003875 0.001733 0.000619 0.326868 0.007461 1.735470
0.662406 0.001112 0.003695 0.001633 0.000593 0.323090 0.007471 1.735578
0.666450 0.001063 0.003506 0.001534 0.000580 0.319389 0.007478 1.735682
0.670309 0.000994 0.003335 0.001467 0.000560 0.315849 0.007487 1.735806
0.674233 0.000947 0.003172 0.001392 0.000543 0.312219 0.007495 1.735905
0.678102 0.000919 0.003027 0.001322 0.000523 0.308603 0.007505 1.735990
0.681891 0.000883 0.002878 0.001254 0.000509 0.305075 0.007510 1.736082
0.685724 0.000855 0.002735 0.001181 0.000497 0.301492 0.007517 1.736164
0.689447 0.000808 0.002610 0.001138 0.000479 0.297992 0.007527 1.736260
0.693091 0.000769 0.002480 0.001084 0.000466 0.294575 0.007537 1.736343
0.696707 0.000749 0.002360 0.001015 0.000455 0.291174 0.007541 1.736414
0.700290 0.000717 0.002248 0.000956 0.000440 0.287803 0.007546 1.736490
0.703813 0.000702 0.002127 0.000914 0.000421 0.284469 0.007554 1.736548
0.707319 0.000662 0.002040 0.000865 0.000403 0.281149 0.007562 1.736630
0.710821 0.000642 0.001936 0.000829 0.000390 0.277817 0.007566 1.736685
0.714257 0.000609 0.001844 0.000800 0.000382 0.274540 0.007569 1.736749
0.717629 0.000586 0.001758 0.000765 0.000372 0.271316 0.007574 1.736810
0.721007 0.000557 0.001681 0.000727 0.000358 0.268091 0.007580 1.736876
0.724336 0.000544 0.001595 0.000678 0.000344 0.264917 0.007587 1.736922
0.727587 0.000522 0.001517 0.000640 0.000332 0.261810 0.007592 1.736976
0.730830 0.000500 0.001454 0.000608 0.000319 0.258690 0.007600 1.737026
0.734000 0.000484 0.001390 0.000576 0.000307 0.255641 0.007603 1.737073
0.737173 0.000460 0.001325 0.000552 0.000295 0.252588 0.007607 1.737120
0.740284 0.000446 0.001266 0.000524 0.000283 0.249586 0.007610 1.737165
0.743372 0.000430 0.001211 0.000499 0.000273 0.246603 0.007613 1.737209
0.746401 0.000415 0.001156 0.000480 0.000261 0.243671 0.007616 1.737253
0.749417 0.000398 0.001117 0.000462 0.000252 0.240732 0.007622 1.737302
0.752410 0.000383 0.001063 0.000436 0.000242 0.237840 0.007626 1.737338
0.755339 0.000367 0.001015 0.000412 0.000234 0.235004 0.007629 1.737380
0.758259 0.000363 0.000969 0.000392 0.000228 0.232159 0.007631 1.737410
0.761111 0.000365 0.000915 0.000377 0.000219 0.229380 0.007634 1.737439
0.763930 0.000353 0.000870 0.000359 0.000214 0.226637 0.007637 1.737470
0.766719 0.000339 0.000836 0.000344 0.000204 0.223915 0.007642 1.737502
0.769412 0.000325 0.000807 0.000331 0.000197 0.221282 0.007647 1.737545
0.772150 0.000318 0.000768 0.000321 0.000192 0.218601 0.007649 1.737575
0.774857 0.000304 0.000738 0.000311 0.000187 0.215950 0.007652 1.737608
0.777494 0.000298 0.000701 0.000297 0.000178 0.213377 0.007656 1.737631
0.780190 0.000294 0.000670 0.000282 0.000172 0.210733 0.007658 1.737658
0.782807 0.000294 0.000650 0.000271 0.000165 0.208151 0.007661 1.737682
0.785390 0.000284 0.000621 0.000261 0.000162 0.205620 0.007663 1.737713
0.787947 0.000280 0.000590 0.000253 0.000157 0.203108 0.007665 1.737732
0.790495 0.000270 0.000572 0.000243 0.000152 0.200602 0.007666 1.737762
0.792990 0.000265 0.000549 0.000234 0.000148 0.198148 0.007667 1.737784
0.795413 0.000257 0.000527 0.000228 0.000142 0.195766 0.007667 1.737811
0.797867 0.000242 0.000516 0.000216 0.000136 0.193353 0.007670 1.737840
0.800278 0.000240 0.000502 0.000202 0.000131 0.190974 0.007672 1.737860
0.802589 0.000228 0.000483 0.000194 0.000126 0.188708 0.007673 1.737887
0.804923 0.000213 0.000471 0.000186 0.000124 0.186408 0.007675 1.737914
0.807260 0.000214 0.000454 0.000181 0.000121 0.184093 0.007676 1.737934
0.809480 0.000211 0.000440 0.000173 0.000118 0.181900 0.007678 1.737954
0.811759 0.000207 0.000419 0.000164 0.000114 0.179656 0.007680 1.737967
0.814031 0.000205 0.000397 0.000158 0.000111 0.177416 0.007681 1.737984
0.816188 0.000196 0.000388 0.000147 0.000106 0.175292 0.007683 1.738004
0.818396 0.000190 0.000370 0.000143 0.000103 0.173111 0.007686 1.738025
0.820570 0.000180 0.000355 0.000140 0.000098 0.170968 0.007689 1.738044
0.822735 0.000170 0.000342 0.000141 0.000097 0.168825 0.007690 1.738065
0.824815 0.000168 0.000333 0.000135 0.000093 0.166764 0.007692 1.738079
0.826928 0.000161 0.000322 0.000131 0.000091 0.164674 0.007693 1.738098
0.828963 0.000155 0.000313 0.000123 0.000086 0.162662 0.007696 1.738113
0.830947 0.000143 0.000307 0.000119 0.000081 0.160704 0.007698 1.738134
0.832880 0.000138 0.000301 0.000116 0.000079 0.158788 0.007698 1.738148
0.834859 0.000129 0.000290 0.000111 0.000074 0.156835 0.007701 1.738163
0.836727 0.000126 0.000288 0.000101 0.000073 0.154984 0.007701 1.738177
0.838561 0.000123 0.000281 0.000099 0.000069 0.153164 0.007702 1.738190
0.840361 0.000126 0.000271 0.000097 0.000065 0.151375 0.007705 1.738201
0.842204 0.000120 0.000265 0.000097 0.000060 0.149548 0.007707 1.738217
0.843925 0.000119 0.000254 0.000093 0.000058 0.147844 0.007708 1.738228
0.845664 0.000119 0.000243 0.000085 0.000054 0.146125 0.007709 1.738237
0.847366 0.000116 0.000229 0.000082 0.000053 0.144443 0.007709 1.738248
0.848997 0.000114 0.000225 0.000080 0.000050 0.142822 0.007710 1.738261
0.850669 0.000106 0.000219 0.000082 0.000049 0.141164 0.007710 1.738278
0.852284 0.000105 0.000217 0.000081 0.000046 0.139555 0.007712 1.738289
0.853895 0.000105 0.000210 0.000074 0.000046 0.137957 0.007713 1.738296
0.855453 0.000106 0.000201 0.000071 0.000045 0.136411 0.007714 1.738304
0.856997 0.000101 0.000190 0.000069 0.000044 0.134885 0.007714 1.738315
0.858444 0.000097 0.000183 0.000062 0.000041 0.133458 0.007715 1.738324
0.859865 0.000094 0.000174 0.000062 0.000039 0.132047 0.007716 1.738331
0.861260 0.000088 0.000170 0.000059 0.000039 0.130668 0.007716 1.738342
0.862583 0.000089 0.000165 0.000058 0.000038 0.129350 0.007716 1.738350
0.863894 0.000090 0.000160 0.000056 0.000037 0.128045 0.007717 1.738357
0.865160 0.000084 0.000160 0.000056 0.000036 0.126786 0.007717 1.738368
0.866380 0.000082 0.000158 0.000054 0.000035 0.125573 0.007717 1.738377
0.867588 0.000077 0.000153 0.000051 0.000033 0.124379 0.007717 1.738385
0.868725 0.000076 0.000147 0.000050 0.000032 0.123251 0.007718 1.738394
0.869881 0.000078 0.000143 0.000049 0.000031 0.122099 0.007718 1.738398
0.871032 0.000084 0.000136 0.000047 0.000030 0.120952 0.007719 1.738404
0.872134 0.000083 0.000131 0.000043 0.000027 0.119860 0.007721 1.738410
0.873213 0.000081 0.000122 0.000040 0.000027 0.118796 0.007721 1.738418
0.874244 0.000077 0.000118 0.000040 0.000027 0.117773 0.007721 1.738425
0.875246 0.000073 0.000114 0.000039 0.000026 0.116782 0.007721 1.738434
0.876245 0.000069 0.000114 0.000036 0.000024 0.115789 0.007723 1.738440
0.877216 0.000063 0.000108 0.000038 0.000024 0.114829 0.007723 1.738448
0.878175 0.000066 0.000103 0.000038 0.000021 0.113873 0.007724 1.738453
0.879093 0.000066 0.000099 0.000037 0.000021 0.112959 0.007724 1.738458
0.879952 0.000063 0.000095 0.000036 0.000022 0.112107 0.007725 1.738467
0.880802 0.000057 0.000094 0.000036 0.000021 0.111264 0.007726 1.738475
0.881625 0.000058 0.000088 0.000036 0.000020 0.110446 0.007726 1.738478
0.882387 0.000059 0.000084 0.000035 0.000019 0.109689 0.007726 1.738482
0.883115 0.000054 0.000084 0.000035 0.000017 0.108965 0.007728 1.738490
0.883766 0.000052 0.000083 0.000035 0.000016 0.108317 0.007729 1.738497
0.884455 0.000054 0.000077 0.000035 0.000015 0.107634 0.007730 1.738499
0.885122 0.000050 0.000077 0.000034 0.000015 0.106972 0.007730 1.738507
0.885748 0.000048 0.000078 0.000034 0.000014 0.106348 0.007730 1.738511
0.886330 0.000047 0.000076 0.000034 0.000014 0.105767 0.007730 1.738517
0.886881 0.000046 0.000077 0.000035 0.000014 0.105215 0.007731 1.738521
0.887443 0.000047 0.000071 0.000034 0.000013 0.104659 0.007731 1.738525
0.888001 0.000048 0.000069 0.000034 0.000012 0.104103 0.007731 1.738529
0.888552 0.000048 0.000066 0.000034 0.000012 0.103557 0.007731 1.738532
0.889074 0.000045 0.000064 0.000034 0.000012 0.103039 0.007731 1.738537
0.889563 0.000044 0.000060 0.000033 0.000011 0.102557 0.007732 1.738541
0.890012 0.000044 0.000061 0.000031 0.000011 0.102108 0.007732 1.738544
0.890510 0.000044 0.000057 0.000031 0.000010 0.101615 0.007732 1.738547
0.890945 0.000043 0.000057 0.000028 0.000010 0.101185 0.007732 1.738550
0.891357 0.000043 0.000055 0.000026 0.000009 0.100777 0.007732 1.738552
0.891769 0.000041 0.000056 0.000027 0.000009 0.100365 0.007732 1.738556
0.892139 0.000042 0.000052 0.000024 0.000008 0.100000 0.007734 1.738559
0.892512 0.000040 0.000052 0.000024 0.000008 0.099630 0.007734 1.738564
0.892887 0.000038 0.000052 0.000024 0.000008 0.099257 0.007734 1.738569
0.893247 0.000038 0.000053 0.000024 0.000007 0.098898 0.007734 1.738572
0.893584 0.000037 0.000051 0.000021 0.000007 0.098565 0.007734 1.738575
0.893879 0.000035 0.000052 0.000020 0.000007 0.098273 0.007734 1.738580
0.894181 0.000033 0.000051 0.000022 0.000006 0.097972 0.007735 1.738583
0.894477 0.000033 0.000049 0.000020 0.000006 0.097680 0.007735 1.738586
0.894767 0.000033 0.000051 0.000021 0.000006 0.097388 0.007735 1.738591
0.895065 0.000033 0.000050 0.000020 0.000006 0.097091 0.007735 1.738593
0.895336 0.000033 0.000045 0.000019 0.000006 0.096826 0.007735 1.738595
0.895605 0.000031 0.000043 0.000017 0.000006 0.096563 0.007735 1.738597
0.895863 0.000031 0.000041 0.000016 0.000006 0.096308 0.007735 1.738598
0.896110 0.000030 0.000038 0.000016 0.000005 0.096066 0.007735 1.738601
0.896343 0.000029 0.000036 0.000017 0.000005 0.095835 0.007735 1.738605
0.896554 0.000028 0.000035 0.000017 0.000005 0.095627 0.007735 1.738608
0.896765 0.000028 0.000034 0.000018 0.000005 0.095416 0.007735 1.738611
0.896949 0.000026 0.000034 0.000017 0.000005 0.095234 0.007735 1.738616
0.897153 0.000024 0.000033 0.000017 0.000005 0.095033 0.007735 1.738620
0.897326 0.000024 0.000030 0.000016 0.000005 0.094864 0.007735 1.738621
0.897510 0.000022 0.000032 0.000016 0.000005 0.094680 0.007735 1.738625
0.897699 0.000020 0.000030 0.000013 0.000005 0.094498 0.007735 1.738628
0.897863 0.000020 0.000030 0.000014 0.000005 0.094333 0.007735 1.738631
0.898023 0.000019 0.000028 0.000014 0.000004 0.094177 0.007735 1.738632
0.898172 0.000021 0.000026 0.000013 0.000004 0.094029 0.007735 1.738633
0.898318 0.000022 0.000027 0.000013 0.000004 0.093882 0.007735 1.738633
0.898468 0.000020 0.000027 0.000012 0.000004 0.093734 0.007735 1.738636
0.898608 0.000019 0.000027 0.000012 0.000004 0.093596 0.007735 1.738638
0.898756 0.000019 0.000028 0.000011 0.000004 0.093448 0.007735 1.738639
0.898897 0.000016 0.000027 0.000012 0.000004 0.093310 0.007735 1.738643
0.899025 0.000016 0.000026 0.000010 0.000004 0.093185 0.007735 1.738644
0.899132 0.000015 0.000028 0.000011 0.000003 0.093077 0.007735 1.738646
0.899243 0.000015 0.000028 0.000011 0.000003 0.092965 0.007735 1.738647
0.899357 0.000014 0.000029 0.000010 0.000003 0.092852 0.007735 1.738649
0.899467 0.000014 0.000027 0.000010 0.000003 0.092744 0.007735 1.738650
0.899568 0.000014 0.000024 0.000010 0.000003 0.092647 0.007735 1.738651
0.899673 0.000014 0.000024 0.000009 0.000003 0.092543 0.007735 1.738652
0.899765 0.000013 0.000024 0.000008 0.000003 0.092451 0.007735 1.738655
0.899842 0.000014 0.000024 0.000008 0.000002 0.092375 0.007735 1.738656
0.899930 0.000015 0.000022 0.000006 0.000002 0.092290 0.007735 1.738656
0.900008 0.000013 0.000022 0.000006 0.000002 0.092215 0.007735 1.738658
0.900082 0.000014 0.000020 0.000005 0.000003 0.092142 0.007735 1.738658
0.900160 0.000013 0.000019 0.000005 0.000003 0.092065 0.007735 1.738659
0.900229 0.000014 0.000017 0.000004 0.000003 0.091998 0.007735 1.738659
0.900291 0.000013 0.000018 0.000004 0.000002 0.091937 0.007736 1.738660
0.900361 0.000015 0.000016 0.000004 0.000002 0.091866 0.007736 1.738661
0.900423 0.000013 0.000017 0.000004 0.000002 0.091805 0.007736 1.738663
0.900494 0.000010 0.000017 0.000006 0.000002 0.091736 0.007736 1.738667
0.900562 0.000010 0.000015 0.000006 0.000002 0.091670 0.007736 1.738668
0.900614 0.000010 0.000014 0.000006 0.000002 0.091618 0.007736 1.738668
0.900683 0.000010 0.000014 0.000006 0.000002 0.091550 0.007736 1.738669
0.900744 0.000009 0.000014 0.000005 0.000002 0.091491 0.007736 1.738670
0.900793 0.000011 0.000014 0.000005 0.000002 0.091440 0.007736 1.738670
0.900847 0.000009 0.000015 0.000005 0.000002 0.091386 0.007736 1.738672
0.900898 0.000009 0.000013 0.000006 0.000002 0.091337 0.007736 1.738673
0.900949 0.000008 0.000011 0.000005 0.000002 0.091289 0.007736 1.738673
0.901006 0.000010 0.000011 0.000004 0.000002 0.091232 0.007736 1.738674
0.901063 0.000009 0.000010 0.000004 0.000001 0.091176 0.007737 1.738674
0.901118 0.000009 0.000010 0.000003 0.000001 0.091123 0.007737 1.738675
0.901163 0.000008 0.000010 0.000003 0.000001 0.091078 0.007737 1.738675
0.901198 0.000009 0.000010 0.000003 0.000000 0.091042 0.007737 1.738676
0.901238 0.000008 0.000011 0.000003 0.000000 0.091003 0.007737 1.738677
0.901277 0.000009 0.000011 0.000003 0.000000 0.090963 0.007737 1.738679
0.901310 0.000008 0.000011 0.000003 0.000000 0.090930 0.007737 1.738680
0.901350 0.000009 0.000010 0.000003 0.000000 0.090889 0.007737 1.738680
0.901384 0.000008 0.000011 0.000003 0.000000 0.090856 0.007737 1.738681
0.901418 0.000008 0.000011 0.000003 0.000000 0.090823 0.007737 1.738682
0.901453 0.000009 0.000011 0.000003 0.000000 0.090788 0.007737 1.738682
0.901482 0.000008 0.000012 0.000003 0.000000 0.090758 0.007737 1.738683
0.901519 0.000008 0.000011 0.000003 0.000000 0.090722 0.007737 1.738683
0.901548 0.000008 0.000012 0.000003 0.000000 0.090692 0.007737 1.738684
0.901574 0.000008 0.000012 0.000002 0.000000 0.090667 0.007737 1.738685
0.901613 0.000008 0.000010 0.000002 0.000000 0.090629 0.007737 1.738685
0.901646 0.000009 0.000011 0.000002 0.000000 0.090596 0.007737 1.738686
0.901677 0.000009 0.000010 0.000002 0.000000 0.090565 0.007737 1.738686
0.901699 0.000009 0.000011 0.000002 0.000000 0.090542 0.007737 1.738687
0.901723 0.000008 0.000010 0.000003 0.000000 0.090519 0.007737 1.738688
0.901746 0.000009 0.000009 0.000003 0.000000 0.090495 0.007737 1.738688
0.901773 0.000009 0.000010 0.000003 0.000000 0.090468 0.007737 1.738689
0.901795 0.000008 0.000010 0.000003 0.000000 0.090447 0.007737 1.738690
0.901819 0.000008 0.000009 0.000003 0.000000 0.090424 0.007737 1.738691
0.901840 0.000008 0.000010 0.000003 0.000000 0.090402 0.007737 1.738692
0.901858 0.000008 0.000011 0.000002 0.000000 0.090384 0.007737 1.738693
0.901875 0.000008 0.000009 0.000002 0.000000 0.090368 0.007737 1.738693
0.901892 0.000007 0.000008 0.000002 0.000000 0.090354 0.007737 1.738695
0.901912 0.000007 0.000008 0.000002 0.000000 0.090334 0.007737 1.738695
0.901936 0.000007 0.000008 0.000002 0.000000 0.090310 0.007737 1.738695
0.901955 0.000005 0.000007 0.000002 0.000000 0.090294 0.007737 1.738697
0.901967 0.000005 0.000008 0.000003 0.000000 0.090281 0.007737 1.738699
0.901991 0.000004 0.000007 0.000003 0.000000 0.090258 0.007737 1.738700
0.902008 0.000004 0.000008 0.000003 0.000000 0.090240 0.007737 1.738701
0.902027 0.000005 0.000008 0.000002 0.000000 0.090221 0.007737 1.738701
0.902038 0.000005 0.000008 0.000002 0.000000 0.090210 0.007737 1.738701
0.902053 0.000005 0.000007 0.000003 0.000000 0.090195 0.007737 1.738701
0.902065 0.000006 0.000007 0.000003 0.000000 0.090183 0.007737 1.738701
0.902080 0.000006 0.000007 0.000002 0.000000 0.090168 0.007737 1.738701
0.902093 0.000006 0.000007 0.000003 0.000000 0.090155 0.007737 1.738702
0.902113 0.000006 0.000007 0.000003 0.000000 0.090135 0.007737 1.738702
0.902126 0.000005 0.000006 0.000003 0.000000 0.090122 0.007737 1.738702
0.902137 0.000005 0.000007 0.000003 0.000000 0.090111 0.007737 1.738703
0.902153 0.000004 0.000007 0.000003 0.000000 0.090095 0.007737 1.738704
0.902164 0.000003 0.000007 0.000004 0.000000 0.090084 0.007737 1.738705
0.902179 0.000005 0.000006 0.000004 0.000000 0.090069 0.007737 1.738705
0.902187 0.000004 0.000007 0.000003 0.000000 0.090062 0.007737 1.738706
0.902201 0.000004 0.000007 0.000003 0.000000 0.090049 0.007737 1.738706
0.902213 0.000004 0.000006 0.000003 0.000000 0.090037 0.007737 1.738706
0.902227 0.000004 0.000006 0.000003 0.000000 0.090023 0.007737 1.738706
0.902239 0.000004 0.000006 0.000003 0.000000 0.090011 0.007737 1.738706
0.902247 0.000004 0.000007 0.000003 0.000000 0.090003 0.007737 1.738707
0.902259 0.000004 0.000006 0.000003 0.000000 0.089991 0.007737 1.738707
0.902269 0.000004 0.000006 0.000003 0.000000 0.089981 0.007737 1.738708
0.902280 0.000004 0.000006 0.000003 0.000000 0.089970 0.007737 1.738708
0.902293 0.000003 0.000007 0.000003 0.000000 0.089957 0.007737 1.738708
0.902300 0.000003 0.000006 0.000003 0.000000 0.089950 0.007737 1.738709
0.902308 0.000003 0.000005 0.000003 0.000000 0.089944 0.007737 1.738709
0.902318 0.000004 0.000005 0.000003 0.000000 0.089933 0.007737 1.738709
0.902327 0.000003 0.000005 0.000003 0.000000 0.089925 0.007737 1.738709
0.902335 0.000003 0.000005 0.000003 0.000000 0.089917 0.007737 1.738710
0.902339 0.000005 0.000005 0.000002 0.000000 0.089912 0.007737 1.738710
0.902346 0.000004 0.000006 0.000002 0.000000 0.089905 0.007737 1.738711
0.902354 0.000004 0.000006 0.000002 0.000000 0.089897 0.007737 1.738711
0.902365 0.000004 0.000006 0.000002 0.000000 0.089886 0.007737 1.738711
0.902370 0.000005 0.000006 0.000002 0.000000 0.089880 0.007737 1.738712
0.902377 0.000005 0.000006 0.000002 0.000000 0.089873 0.007737 1.738712
0.902381 0.000006 0.000005 0.000002 0.000000 0.089870 0.007737 1.738712
0.902387 0.000006 0.000005 0.000001 0.000000 0.089864 0.007737 1.738712
0.902392 0.000005 0.000004 0.000002 0.000000 0.089860 0.007737 1.738713
0.902397 0.000004 0.000005 0.000002 0.000000 0.089856 0.007737 1.738714
0.902402 0.000004 0.000005 0.000002 0.000000 0.089851 0.007737 1.738715
0.902405 0.000005 0.000004 0.000001 0.000000 0.089848 0.007737 1.738715
0.902410 0.000004 0.000005 0.000001 0.000000 0.089843 0.007737 1.738715
0.902415 0.000004 0.000004 0.000001 0.000000 0.089839 0.007737 1.738715
0.902419 0.000003 0.000004 0.000001 0.000000 0.089835 0.007737 1.738716
0.902423 0.000003 0.000005 0.000001 0.000000 0.089831 0.007737 1.738717
0.902426 0.000003 0.000005 0.000001 0.000000 0.089827 0.007737 1.738717
0.902429 0.000004 0.000005 0.000002 0.000000 0.089823 0.007737 1.738717
0.902432 0.000004 0.000005 0.000001 0.000000 0.089821 0.007737 1.738717
0.902435 0.000004 0.000005 0.000001 0.000000 0.089817 0.007737 1.738718
0.902439 0.000004 0.000005 0.000000 0.000000 0.089814 0.007737 1.738718
0.902444 0.000004 0.000005 0.000000 0.000000 0.089810 0.007737 1.738718
0.902446 0.000005 0.000005 0.000001 0.000000 0.089806 0.007737 1.738719
0.902449 0.000005 0.000004 0.000001 0.000000 0.089804 0.007737 1.738719
0.902452 0.000003 0.000004 0.000002 0.000000 0.089801 0.007737 1.738720
0.902457 0.000003 0.000004 0.000002 0.000000 0.089796 0.007737 1.738721
0.902463 0.000003 0.000003 0.000002 0.000000 0.089791 0.007737 1.738721
0.902469 0.000003 0.000003 0.000001 0.000000 0.089786 0.007737 1.738721
0.902474 0.000002 0.000004 0.000002 0.000000 0.089781 0.007737 1.738722
0.902479 0.000001 0.000004 0.000002 0.000000 0.089777 0.007737 1.738723
0.902480 0.000000 0.000003 0.000001 0.000000 0.089777 0.007737 1.738723
0.902484 0.000001 0.000003 0.000001 0.000000 0.089773 0.007737 1.738723
0.902486 0.000000 0.000003 0.000002 0.000000 0.089771 0.007737 1.738724
0.902488 0.000000 0.000003 0.000002 0.000000 0.089769 0.007737 1.738724
0.902491 0.000001 0.000003 0.000002 0.000000 0.089766 0.007737 1.738724
0.902494 0.000001 0.000003 0.000002 0.000000 0.089763 0.007737 1.738724
0.902496 0.000001 0.000003 0.000002 0.000000 0.089761 0.007737 1.738724
0.902499 0.000001 0.000003 0.000002 0.000000 0.089758 0.007737 1.738724
0.902500 0.000000 0.000003 0.000002 0.000000 0.089756 0.007737 1.738724
0.902504 0.000000 0.000003 0.000002 0.000000 0.089753 0.007737 1.738724
0.902505 0.000000 0.000003 0.000002 0.000000 0.089752 0.007738 1.738724
0.902507 0.000000 0.000002 0.000002 0.000000 0.089751 0.007738 1.738724
0.902509 0.000000 0.000001 0.000002 0.000000 0.089750 0.007738 1.738724
0.902512 0.000000 0.000001 0.000002 0.000000 0.089747 0.007738 1.738724
0.902515 0.000000 0.000000 0.000002 0.000000 0.089744 0.007738 1.738724
0.902518 0.000000 0.000000 0.000002 0.000000 0.089742 0.007738 1.738724
0.902521 0.000000 0.000000 0.000002 0.000000 0.089738 0.007738 1.738724
0.902523 0.000000 0.000000 0.000002 0.000000 0.089737 0.007738 1.738724
0.902525 0.000000 0.000000 0.000002 0.000000 0.089734 0.007738 1.738724
0.902529 0.000000 0.000000 0.000002 0.000000 0.089731 0.007738 1.738724
0.902531 0.000000 0.000000 0.000002 0.000000 0.089729 0.007738 1.738724
0.902535 0.000000 0.000000 0.000002 0.000000 0.089725 0.007738 1.738724
0.902539 0.000000 0.000000 0.000001 0.000000 0.089721 0.007738 1.738724
0.902541 0.000000 0.000000 0.000001 0.000000 0.089719 0.007738 1.738724
0.902544 0.000000 0.000000 0.000001 0.000000 0.089716 0.007738 1.738724
0.902546 0.000000 0.000000 0.000001 0.000000 0.089714 0.007738 1.738724
0.902549 0.000000 0.000000 0.000001 0.000000 0.089711 0.007738 1.738724
0.902551 0.000000 0.000001 0.000001 0.000000 0.089709 0.007738 1.738725
0.902553 0.000000 0.000001 0.000001 0.000000 0.089707 0.007738 1.738725
0.902554 0.000000 0.000001 0.000001 0.000000 0.089706 0.007738 1.738725
0.902556 0.000000 0.000001 0.000001 0.000000 0.089704 0.007738 1.738725
0.902559 0.000000 0.000001 0.000001 0.000000 0.089701 0.007738 1.738725
0.902560 0.000000 0.000001 0.000001 0.000000 0.089700 0.007738 1.738725
0.902562 0.000000 0.000001 0.000001 0.000000 0.089698 0.007738 1.738725
0.902563 0.000000 0.000000 0.000001 0.000000 0.089697 0.007738 1.738725
0.902565 0.000000 0.000000 0.000001 0.000000 0.089696 0.007738 1.738725
0.902566 0.000000 0.000000 0.000001 0.000000 0.089695 0.007738 1.738725
0.902567 0.000000 0.000000 0.000001 0.000000 0.089694 0.007738 1.738725
0.902569 0.000000 0.000000 0.000001 0.000000 0.089692 0.007738 1.738725
0.902570 0.000000 0.000000 0.000001 0.000000 0.089691 0.007738 1.738725
0.902571 0.000000 0.000000 0.000001 0.000000 0.089690 0.007738 1.738725
0.902572 0.000000 0.000000 0.000001 0.000000 0.089689 0.007738 1.738725
0.902573 0.000000 0.000000 0.000000 0.000000 0.089689 0.007738 1.738725
0.902574 0.000000 0.000000 0.000000 0.000000 0.089687 0.007738 1.738725
0.902575 0.000000 0.000000 0.000000 0.000000 0.089686 0.007738 1.738725
0.902576 0.000000 0.000000 0.000000 0.000000 0.089685 0.007738 1.738725
0.902577 0.000000 0.000000 0.000000 0.000000 0.089685 0.007738 1.738725
0.902577 0.000000 0.000000 0.000000 0.000000 0.089684 0.007738 1.738725
0.902578 0.000000 0.000000 0.000000 0.000000 0.089684 0.007738 1.738725
0.902578 0.000000 0.000000 0.000000 0.000000 0.089683 0.007738 1.738725
0.902579 0.000000 0.000000 0.000000 0.000000 0.089682 0.007738 1.738725
0.902580 0.000000 0.000000 0.000000 0.000000 0.089682 0.007738 1.738725
0.902580 0.000000 0.000000 0.000000 0.000000 0.089682 0.007738 1.738725
0.902580 0.000000 0.000000 0.000000 0.000000 0.089682 0.007738 1.738725
0.902580 0.000000 0.000000 0.000000 0.000000 0.089682 0.007738 1.738725
0.902580 0.000000 0.000000 0.000000 0.000000 0.089682 0.007738 1.738725
0.902580 0.000000 0.000000 0.000000 0.000000 0.089682 0.007738 1.738725
0.902580 0.000000 0.000000 0.000000 0.000000 0.089682 0.007738 1.738725
0.902580 0.000000 0.000000 0.000000 0.000000 0.089682 0.007738 1.738725
0.902580 0.000000 0.000000 0.000000 0.000000 0.089682 0.007738 1.738725
0.902580 0.000000 0.000000 0.000000 0.000000 0.089682 0.007738 1.738725
0.902580 0.000000 0.000000 0.000000 0.000000 0.089682 0.007738 1.738725
0.902580 0.000000 0.000000 0.000000 0.000000 0.089682 0.007738 1.738725
0.902580 0.000000 0.000000 0.000000 0.000000 0.089682 0.007738 1.738725
0.902580 0.000000 0.000000 0.000000 0.000000 0.089682 0.007738 1.738725
0.902580 0.000000 0.000000 0.000000 0.000000 0.089682 0.007738 1.738725
0.902580 0.000000 0.000000 0.000000 0.000000 0.089682 0.007738 1.738725
0.902580 0.000000 0.000000 0.000000 0.000000 0.089682 0.007738 1.738725
0.902580 0.000000 0.000000 0.000000 0.000000 0.089682 0.007738 1.738725
0.902580 0.000000 0.000000 0.000000 0.000000 0.089682 0.007738 1.738725
0.902580 0.000000 0.000000 0.000000 0.000000 0.089682 0.007738 1.738725
0.902580 0.000000 0.000000 0.000000 0.000000 0.089682 0.007738 1.738725
0.902580 0.000000 0.000000 0.000000 0.000000 0.089682 0.007738 1.738725
0.902580 0.000000 0.000000 0.000000 0.000000 0.089682 0.007738 1.738725
0.902580 0.000000 0.000000 0.000000 0.000000 0.089682 0.007738 1.738725
0.902580 0.000000 0.000000 0.000000 0.000000 0.089682 0.007738 1.738725
0.902580 0.000000 0.000000 0.000000 0.000000 0.089682 0.007738 1.738725
0.902580 0.000000 0.000000 0.000000 0.000000 0.089682 0.007738 1.738725
0.902580 0.000000 0.000000 0.000000 0.000000 0.089682 0.007738 1.738725
0.902580 0.000000 0.000000 0.000000 0.000000 0.089682 0.007738 1.738725
0.902580 0.000000 0.000000 0.000000 0.000000 0.089682 0.007738 1.738725
0.902580 0.000000 0.000000 0.000000 0.000000 0.089682 0.007738 1.738725
0.902580 0.000000 0.000000 0.000000 0.000000 0.089682 0.007738 1.738725
0.902580 0.000000 0.000000 0.000000 0.000000 0.089682 0.007738 1.738725
0.902580 0.000000 0.000000 0.000000 0.000000 0.089682 0.007738 1.738725
0.902580 0.000000 0.000000 0.000000 0.000000 0.089682 0.007738 1.738725
0.902580 0.000000 0.000000 0.000000 0.000000 0.089682 0.007738 1.738725
0.902580 0.000000 0.000000 0.000000 0.000000 0.089682 0.007738 1.738725
0.902580 0.000000 0.000000 0.000000 0.000000 0.089682 0.007738 1.738725
0.902580 0.000000 0.000000 0.000000 0.000000 0.089682 0.007738 1.738725
0.902580 0.000000 0.000000 0.000000 0.000000 0.089682 0.007738 1.738725
0.902580 0.000000 0.000000 0.000000 0.000000 0.089682 0.007738 1.738725
0.902580 0.000000 0.000000 0.000000 0.000000 0.089682 0.007738 1.738725
0.902580 0.000000 0.000000 0.000000 0.000000 0.089682 0.007738 1.738725
0.902580 0.000000 0.000000 0.000000 0.000000 0.089682 0.007738 1.738725
0.902580 0.000000 0.000000 0.000000 0.000000 0.089682 0.007738 1.738725
0.902580 0.000000 0.000000 0.000000 0.000000 0.089682 0.007738 1.738725
0.902580 0.000000 0.000000 0.000000 0.000000 0.089682 0.007738 1.738725
0.902580 0.000000 0.000000 0.000000 0.000000 0.089682 0.007738 1.738725
0.902580 0.000000 0.000000 0.000000 0.000000 0.089682 0.007738 1.738725
0.902580 0.000000 0.000000 0.000000 0.000000 0.089682 0.007738 1.738725
0.902580 0.000000 0.000000 0.000000 0.000000 0.089682 0.007738 1.738725
0.902580 0.000000 0.000000 0.000000 0.000000 0.089682 0.007738 1.738725
0.902580 0.000000 0.000000 0.000000 0.000000 0.089682 0.007738 1.738725
0.902580 0.000000 0.000000 0.000000 0.000000 0.089682 0.007738 1.738725
0.902580 0.000000 0.000000 0.000000 0.000000 0.089682 0.007738 1.738725
0.902580 0.000000 0.000000 0.000000 0.000000 0.089682 0.007738 1.738725
0.902580 0.000000 0.000000 0.000000 0.000000 0.089682 0.007738 1.738725
0.902580 0.000000 0.000000 0.000000 0.000000 0.089682 0.007738 1.738725
0.902580 0.000000 0.000000 0.000000 0.000000 0.089682 0.007738 1.738725
0.902580 0.000000 0.000000 0.000000 0.000000 0.089682 0.007738 1.738725
0.902580 0.000000 0.000000 0.000000 0.000000 0.089682 0.007738 1.738725
0.902580 0.000000 0.000000 0.000000 0.000000 0.089682 0.007738 1.738725
0.902580 0.000000 0.000000 0.000000 0.000000 0.089682 0.007738 1.738725
0.902580 0.000000 0.000000 0.000000 0.000000 0.089682 0.007738 1.738725
0.902580 0.000000 0.000000 0.000000 0.000000 0.089682 0.007738 1.738725
0.902580 0.000000 0.000000 0.000000 0.000000 0.089682 0.007738 1.738725
0.902580 0.000000 0.000000 0.000000 0.000000 0.089682 0.007738 1.738725
0.902580 0.000000 0.000000 0.000000 0.000000 0.089682 0.007738 1.738725
0.902580 0.000000 0.000000 0.000000 0.000000 0.089682 0.007738 1.738725
0.902580 0.000000 0.000000 0.000000 0.000000 0.089682 0.007738 1.738725
0.902580 0.000000 0.000000 0.000000 0.000000 0.089682 0.007738 1.738725
0.902580 0.000000 0.000000 0.000000 0.000000 0.089682 0.007738 1.738725
0.902580 0.000000 0.000000 0.000000 0.000000 0.089682 0.007738 1.738725
0.902580 0.000000 0.000000 0.000000 0.000000 0.089682 0.007738 1.738725
0.902580 0.000000 0.000000 0.000000 0.000000 0.089682 0.007738 1.738725
0.902580 0.000000 0.000000 0.000000 0.000000 0.089682 0.007738 1.738725
0.902580 0.000000 0.000000 0.000000 0.000000 0.089682 0.007738 1.738725
0.902580 0.000000 0.000000 0.000000 0.000000 0.089682 0.007738 1.738725
0.902580 0.000000 0.000000 0.000000 0.000000 0.089682 0.007738 1.738725
0.902580 0.000000 0.000000 0.000000 0.000000 0.089682 0.007738 1.738725
0.902580 0.000000 0.000000 0.000000 0.000000 0.089682 0.007738 1.738725
0.902580 0.000000 0.000000 0.000000 0.000000 0.089682 0.007738 1.738725
0.902580 0.000000 0.000000 0.000000 0.000000 0.089682 0.007738 1.738725
0.902580 0.000000 0.000000 0.000000 0.000000 0.089682 0.007738 1.738725
0.902580 0.000000 0.000000 0.000000 0.000000 0.089682 0.007738 1.738725
0.902580 0.000000 0.000000 0.000000 0.000000 0.089682 0.007738 1.738725
0.902580 0.000000 0.000000 0.000000 0.000000 0.089682 0.007738 1.738725
0.902580 0.000000 0.000000 0.000000 0.000000 0.089682 0.007738 1.738725
0.902580 0.000000 0.000000 0.000000 0.000000 0.089682 0.007738 1.738725
0.902580 0.000000 0.000000 0.000000 0.000000 0.089682 0.007738 1.738725
0.902580 0.000000 0.000000 0.000000 0.000000 0.089682 0.007738 1.738725
0.902580 0.000000 0.000000 0.000000 0.000000 0.089682 0.007738 1.738725
0.902580 0.000000 0.000000 0.000000 0.000000 0.089682 0.007738 1.738725
0.902580 0.000000 0.000000 0.000000 0.000000 0.089682 0.007738 1.738725
0.902580 0.000000 0.000000 0.000000 0.000000 0.089682 0.007738 1.738725
0.902580 0.000000 0.000000 0.000000 0.000000 0.089682 0.007738 1.738725
0.902580 0.000000 0.000000 0.000000 0.000000 0.089682 0.007738 1.738725
0.902580 0.000000 0.000000 0.000000 0.000000 0.089682 0.007738 1.738725
0.902580 0.000000 0.000000 0.000000 0.000000 0.089682 0.007738 1.738725
0.902580 0.000000 0.000000 0.000000 0.000000 0.089682 0.007738 1.738725
0.902580 0.000000 0.000000 0.000000 0.000000 0.089682 0.007738 1.738725
0.902580 0.000000 0.000000 0.000000 0.000000 0.089682 0.007738 1.738725
0.902580 0.000000 0.000000 0.000000 0.000000 0.089682 0.007738 1.738725
0.902580 0.000000 0.000000 0.000000 0.000000 0.089682 0.007738 1.738725
0.902580 0.000000 0.000000 0.000000 0.000000 0.089682 0.007738 1.738725
0.902580 0.000000 0.000000 0.000000 0.000000 0.089682 0.007738 1.738725
0.902580 0.000000 0.000000 0.000000 0.000000 0.089682 0.007738 1.738725
0.902580 0.000000 0.000000 0.000000 0.000000 0.089682 0.007738 1.738725
0.902580 0.000000 0.000000 0.000000 0.000000 0.089682 0.007738 1.738725
0.902580 0.000000 0.000000 0.000000 0.000000 0.089682 0.007738 1.738725
0.902580 0.000000 0.000000 0.000000 0.000000 0.089682 0.007738 1.738725
0.902580 0.000000 0.000000 0.000000 0.000000 0.089682 0.007738 1.738725
0.902580 0.000000 0.000000 0.000000 0.000000 0.089682 0.007738 1.738725
0.902580 0.000000 0.000000 0.000000 0.000000 0.089682 0.007738 1.738725
0.902580 0.000000 0.000000 0.000000 0.000000 0.089682 0.007738 1.738725
0.902580 0.000000 0.000000 0.000000 0.000000 0.089682 0.007738 1.738725
0.902580 0.000000 0.000000 0.000000 0.000000 0.089682 0.007738 1.738725
0.902580 0.000000 0.000000 0.000000 0.000000 0.089682 0.007738 1.738725
0.902580 0.000000 0.000000 0.000000 0.000000 0.089682 0.007738 1.738725
0.902580 0.000000 0.000000 0.000000 0.000000 0.089682 0.007738 1.738725
0.902580 0.000000 0.000000 0.000000 0.000000 0.089682 0.007738 1.738725
0.902580 0.000000 0.000000 0.000000 0.000000 0.089682 0.007738 1.738725
0.902580 0.000000 0.000000 0.000000 0.000000 0.089682 0.007738 1.738725
0.902580 0.000000 0.000000 0.000000 0.000000 0.089682 0.007738 1.738725
0.902580 0.000000 0.000000 0.000000 0.000000 0.089682 0.007738 1.738725
0.902580 0.000000 0.000000 0.000000 0.000000 0.089682 0.007738 1.738725
0.902580 0.000000 0.000000 0.000000 0.000000 0.089682 0.007738 1.738725
0.902580 0.000000 0.000000 0.000000 0.000000 0.089682 0.007738 1.738725
0.902580 0.000000 0.000000 0.000000 0.000000 0.089682 0.007738 1.738725
0.902580 0.000000 0.000000 0.000000 0.000000 0.089682 0.007738 1.738725
0.902580 0.000000 0.000000 0.000000 0.000000 0.089682 0.007738 1.738725
0.902580 0.000000 0.000000 0.000000 0.000000 0.089682 0.007738 1.738725
0.902580 0.000000 0.000000 0.000000 0.000000 0.089682 0.007738 1.738725
0.902580 0.000000 0.000000 0.000000 0.000000 0.089682 0.007738 1.738725
0.902580 0.000000 0.000000 0.000000 0.000000 0.089682 0.007738 1.738725
0.902580 0.000000 0.000000 0.000000 0.000000 0.089682 0.007738 1.738725
0.902580 0.000000 0.000000 0.000000 0.000000 0.089682 0.007738 1.738725
0.902580 0.000000 0.000000 0.000000 0.000000 0.089682 0.007738 1.738725
0.902580 0.000000 0.000000 0.000000 0.000000 0.089682 0.007738 1.738725
0.902580 0.000000 0.000000 0.000000 0.000000 0.089682 0.007738 1.738725
0.902580 0.000000 0.000000 0.000000 0.000000 0.089682 0.007738 1.738725
0.902580 0.000000 0.000000 0.000000 0.000000 0.089682 0.007738 1.738725
0.902580 0.000000 0.000000 0.000000 0.000000 0.089682 0.007738 1.738725
0.902580 0.000000 0.000000 0.000000 0.000000 0.089682 0.007738 1.738725
0.902580 0.000000 0.000000 0.000000 0.000000 0.089682 0.007738 1.738725
0.902580 0.000000 0.000000 0.000000 0.000000 0.089682 0.007738 1.738725
0.902580 0.000000 0.000000 0.000000 0.000000 0.089682 0.007738 1.738725
0.902580 0.000000 0.000000 0.000000 0.000000 0.089682 0.007738 1.738725
0.902580 0.000000 0.000000 0.000000 0.000000 0.089682 0.007738 1.738725
0.902580 0.000000 0.000000 0.000000 0.000000 0.089682 0.007738 1.738725
0.902580 0.000000 0.000000 0.000000 0.000000 0.089682 0.007738 1.738725
0.902580 0.000000 0.000000 0.000000 0.000000 0.089682 0.007738 1.738725
0.902580 0.000000 0.000000 0.000000 0.000000 0.089682 0.007738 1.738725
0.902580 0.000000 0.000000 0.000000 0.000000 0.089682 0.007738 1.738725
0.902580 0.000000 0.000000 0.000000 0.000000 0.089682 0.007738 1.738725
0.902580 0.000000 0.000000 0.000000 0.000000 0.089682 0.007738 1.738725
0.902580 0.000000 0.000000 0.000000 0.000000 0.089682 0.007738 1.738725
0.902580 0.000000 0.000000 0.000000 0.000000 0.089682 0.007738 1.738725
0.902580 0.000000 0.000000 0.000000 0.000000 0.089682 0.007738 1.738725
0.902580 0.000000 0.000000 0.000000 0.000000 0.089682 0.007738 1.738725
0.902580 0.000000 0.000000 0.000000 0.000000 0.089682 0.007738 1.738725
0.902580 0.000000 0.000000 0.000000 0.000000 0.089682 0.007738 1.738725
0.902580 0.000000 0.000000 0.000000 0.000000 0.089682 0.007738 1.738725
0.902580 0.000000 0.000000 0.000000 0.000000 0.089682 0.007738 1.738725
0.902580 0.000000 0.000000 0.000000 0.000000 0.089682 0.007738 1.738725
0.902580 0.000000 0.000000 0.000000 0.000000 0.089682 0.007738 1.738725
0.902580 0.000000 0.000000 0.000000 0.000000 0.089682 0.007738 1.738725
0.902580 0.000000 0.000000 0.000000 0.000000 0.089682 0.007738 1.738725
0.902580 0.000000 0.000000 0.000000 0.000000 0.089682 0.007738 1.738725
0.902580 0.000000 0.000000 0.000000 0.000000 0.089682 0.007738 1.738725
0.902580 0.000000 0.000000 0.000000 0.000000 0.089682 0.007738 1.738725
0.902580 0.000000 0.000000 0.000000 0.000000 0.089682 0.007738 1.738725
0.902580 0.000000 0.000000 0.000000 0.000000 0.089682 0.007738 1.738725
0.902580 0.000000 0.000000 0.000000 0.000000 0.089682 0.007738 1.738725
0.902580 0.000000 0.000000 0.000000 0.000000 0.089682 0.007738 1.738725
0.902580 0.000000 0.000000 0.000000 0.000000 0.089682 0.007738 1.738725
0.902580 0.000000 0.000000 0.000000 0.000000 0.089682 0.007738 1.738725
0.902580 0.000000 0.000000 0.000000 0.000000 0.089682 0.007738 1.738725
0.902580 0.000000 0.000000 0.000000 0.000000 0.089682 0.007738 1.738725
0.902580 0.000000 0.000000 0.000000 0.000000 0.089682 0.007738 1.738725
0.902580 0.000000 0.000000 0.000000 0.000000 0.089682 0.007738 1.738725
0.902580 0.000000 0.000000 0.000000 0.000000 0.089682 0.007738 1.738725
0.902580 0.000000 0.000000 0.000000 0.000000 0.089682 0.007738 1.738725
0.902580 0.000000 0.000000 0.000000 0.000000 0.089682 0.007738 1.738725
0.902580 0.000000 0.000000 0.000000 0.000000 0.089682 0.007738 1.738725
0.902580 0.000000 0.000000 0.000000 0.000000 0.089682 0.007738 1.738725
0.902580 0.000000 0.000000 0.000000 0.000000 0.089682 0.007738 1.738725
0.902580 0.000000 0.000000 0.000000 0.000000 0.089682 0.007738 1.738725
0.902580 0.000000 0.000000 0.000000 0.000000 0.089682 0.007738 1.738725
0.902580 0.000000 0.000000 0.000000 0.000000 0.089682 0.007738 1.738725
0.902580 0.000000 0.000000 0.000000 0.000000 0.089682 0.007738 1.738725
0.902580 0.000000 0.000000 0.000000 0.000000 0.089682 0.007738 1.738725
0.902580 0.000000 0.000000 0.000000 0.000000 0.089682 0.007738 1.738725
0.902580 0.000000 0.000000 0.000000 0.000000 0.089682 0.007738 1.738725
0.902580 0.000000 0.000000 0.000000 0.000000 0.089682 0.007738 1.738725
0.902580 0.000000 0.000000 0.000000 0.000000 0.089682 0.007738 1.738725
0.902580 0.000000 0.000000 0.000000 0.000000 0.089682 0.007738 1.738725
0.902580 0.000000 0.000000 0.000000 0.000000 0.089682 0.007738 1.738725
0.902580 0.000000 0.000000 0.000000 0.000000 0.089682 0.007738 1.738725
0.902580 0.000000 0.000000 0.000000 0.000000 0.089682 0.007738 1.738725
0.902580 0.000000 0.000000 0.000000 0.000000 0.089682 0.007738 1.738725
0.902580 0.000000 0.000000 0.000000 0.000000 0.089682 0.007738 1.738725
0.902580 0.000000 0.000000 0.000000 0.000000 0.089682 0.007738 1.738725
0.902580 0.000000 0.000000 0.000000 0.000000 0.089682 0.007738 1.738725
0.902580 0.000000 0.000000 0.000000 0.000000 0.089682 0.007738 1.738725
0.902580 0.000000 0.000000 0.000000 0.000000 0.089682 0.007738 1.738725
0.902580 0.000000 0.000000 0.000000 0.000000 0.089682 0.007738 1.738725
0.902580 0.000000 0.000000 0.000000 0.000000 0.089682 0.007738 1.738725
0.902580 0.000000 0.000000 0.000000 0.000000 0.089682 0.007738 1.738725
0.902580 0.000000 0.000000 0.000000 0.000000 0.089682 0.007738 1.738725
0.902580 0.000000 0.000000 0.000000 0.000000 0.089682 0.007738 1.738725
0.902580 0.000000 0.000000 0.000000 0.000000 0.089682 0.007738 1.738725
0.902580 0.000000 0.000000 0.000000 0.000000 0.089682 0.007738 1.738725
0.902580 0.000000 0.000000 0.000000 0.000000 0.089682 0.007738 1.738725
0.902580 0.000000 0.000000 0.000000 0.000000 0.089682 0.007738 1.738725
0.902580 0.000000 0.000000 0.000000 0.000000 0.089682 0.007738 1.738725
0.902580 0.000000 0.000000 0.000000 0.000000 0.089682 0.007738 1.738725
0.902580 0.000000 0.000000 0.000000 0.000000 0.089682 0.007738 1.738725
0.902580 0.000000 0.000000 0.000000 0.000000 0.089682 0.007738 1.738725
0.902580 0.000000 0.000000 0.000000 0.000000 0.089682 0.007738 1.738725
0.902580 0.000000 0.000000 0.000000 0.000000 0.089682 0.007738 1.738725
0.902580 0.000000 0.000000 0.000000 0.000000 0.089682 0.007738 1.738725
0.902580 0.000000 0.000000 0.000000 0.000000 0.089682 0.007738 1.738725
0.902580 0.000000 0.000000 0.000000 0.000000 0.089682 0.007738 1.738725
0.902580 0.000000 0.000000 0.000000 0.000000 0.089682 0.007738 1.738725
0.902580 0.000000 0.000000 0.000000 0.000000 0.089682 0.007738 1.738725
0.902580 0.000000 0.000000 0.000000 0.000000 0.089682 0.007738 1.738725
0.902580 0.000000 0.000000 0.000000 0.000000 0.089682 0.007738 1.738725
0.902580 0.000000 0.000000 0.000000 0.000000 0.089682 0.007738 1.738725
0.902580 0.000000 0.000000 0.000000 0.000000 0.089682 0.007738 1.738725
0.902580 0.000000 0.000000 0.000000 0.000000 0.089682 0.007738 1.738725
0.902580 0.000000 0.000000 0.000000 0.000000 0.089682 0.007738 1.738725
0.902580 0.000000 0.000000 0.000000 0.000000 0.089682 0.007738 1.738725
0.902580 0.000000 0.000000 0.000000 0.000000 0.089682 0.007738 1.738725
0.902580 0.000000 0.000000 0.000000 0.000000 0.089682 0.007738 1.738725
0.902580 0.000000 0.000000 0.000000 0.000000 0.089682 0.007738 1.738725
0.902580 0.000000 0.000000 0.000000 0.000000 0.089682 0.007738 1.738725
0.902580 0.000000 0.000000 0.000000 0.000000 0.089682 0.007738 1.738725
0.902580 0.000000 0.000000 0.000000 0.000000 0.089682 0.007738 1.738725
0.902580 0.000000 0.000000 0.000000 0.000000 0.089682 0.007738 1.738725
0.902580 0.000000 0.000000 0.000000 0.000000 0.089682 0.007738 1.738725
0.902580 0.000000 0.000000 0.000000 0.000000 0.089682 0.007738 1.738725
0.902580 0.000000 0.000000 0.000000 0.000000 0.089682 0.007738 1.738725
0.902580 0.000000 0.000000 0.000000 0.000000 0.089682 0.007738 1.738725
0.902580 0.000000 0.000000 0.000000 0.000000 0.089682 0.007738 1.738725
0.902580 0.000000 0.000000 0.000000 0.000000 0.089682 0.007738 1.738725
0.902580 0.000000 0.000000 0.000000 0.000000 0.089682 0.007738 1.738725
0.902580 0.000000 0.000000 0.000000 0.000000 0.089682 0.007738 1.738725
0.902580 0.000000 0.000000 0.000000 0.000000 0.089682 0.007738 1.738725
0.902580 0.000000 0.000000 0.000000 0.000000 0.089682 0.007738 1.738725
0.902580 0.000000 0.000000 0.000000 0.000000 0.089682 0.007738 1.738725
0.902580 0.000000 0.000000 0.000000 0.000000 0.089682 0.007738 1.738725
0.902580 0.000000 0.000000 0.000000 0.000000 0.089682 0.007738 1.738725
0.902580 0.000000 0.000000 0.000000 0.000000 0.089682 0.007738 1.738725
0.902580 0.000000 0.000000 0.000000 0.000000 0.089682 0.007738 1.738725
0.902580 0.000000 0.000000 0.000000 0.000000 0.089682 0.007738 1.738725
0.902580 0.000000 0.000000 0.000000 0.000000 0.089682 0.007738 1.738725
0.902580 0.000000 0.000000 0.000000 0.000000 0.089682 0.007738 1.738725
0.902580 0.000000 0.000000 0.000000 0.000000 0.089682 0.007738 1.738725
0.902580 0.000000 0.000000 0.000000 0.000000 0.089682 0.007738 1.738725
0.902580 0.000000 0.000000 0.000000 0.000000 0.089682 0.007738 1.738725
0.902580 0.000000 0.000000 0.000000 0.000000 0.089682 0.007738 1.738725
0.902580 0.000000 0.000000 0.000000 0.000000 0.089682 0.007738 1.738725
0.902580 0.000000 0.000000 0.000000 0.000000 0.089682 0.007738 1.738725
0.902580 0.000000 0.000000 0.000000 0.000000 0.089682 0.007738 1.738725
0.902580 0.000000 0.000000 0.000000 0.000000 0.089682 0.007738 1.738725
0.902580 0.000000 0.000000 0.000000 0.000000 0.089682 0.007738 1.738725
0.902580 0.000000 0.000000 0.000000 0.000000 0.089682 0.007738 1.738725
0.902580 0.000000 0.000000 0.000000 0.000000 0.089682 0.007738 1.738725
0.902580 0.000000 0.000000 0.000000 0.000000 0.089682 0.007738 1.738725
0.902580 0.000000 0.000000 0.000000 0.000000 0.089682 0.007738 1.738725
0.902580 0.000000 0.000000 0.000000 0.000000 0.089682 0.007738 1.738725
0.902580 0.000000 0.000000 0.000000 0.000000 0.089682 0.007738 1.738725
0.902580 0.000000 0.000000 0.000000 0.000000 0.089682 0.007738 1.738725
0.902580 0.000000 0.000000 0.000000 0.000000 0.089682 0.007738 1.738725
0.902580 0.000000 0.000000 0.000000 0.000000 0.089682 0.007738 1.738725
0.902580 0.000000 0.000000 0.000000 0.000000 0.089682 0.007738 1.738725
0.902580 0.000000 0.000000 0.000000 0.000000 0.089682 0.007738 1.738725
0.902580 0.000000 0.000000 0.000000 0.000000 0.089682 0.007738 1.738725
0.902580 0.000000 0.000000 0.000000 0.000000 0.089682 0.007738 1.738725
0.902580 0.000000 0.000000 0.000000 0.000000 0.089682 0.007738 1.738725
0.902580 0.000000 0.000000 0.000000 0.000000 0.089682 0.007738 1.738725
0.902580 0.000000 0.000000 0.000000 0.000000 0.089682 0.007738 1.738725
0.902580 0.000000 0.000000 0.000000 0.000000 0.089682 0.007738 1.738725
0.902580 0.000000 0.000000 0.000000 0.000000 0.089682 0.007738 1.738725
0.902580 0.000000 0.000000 0.000000 0.000000 0.089682 0.007738 1.738725
0.902580 0.000000 0.000000 0.000000 0.000000 0.089682 0.007738 1.738725
0.902580 0.000000 0.000000 0.000000 0.000000 0.089682 0.007738 1.738725
0.902580 0.000000 0.000000 0.000000 0.000000 0.089682 0.007738 1.738725
0.902580 0.000000 0.000000 0.000000 0.000000 0.089682 0.007738 1.738725
0.902580 0.000000 0.000000 0.000000 0.000000 0.089682 0.007738 1.738725
0.902580 0.000000 0.000000 0.000000 0.000000 0.089682 0.007738 1.738725
0.902580 0.000000 0.000000 0.000000 0.000000 0.089682 0.007738 1.738725
0.902580 0.000000 0.000000 0.000000 0.000000 0.089682 0.007738 1.738725
0.902580 0.000000 0.000000 0.000000 0.000000 0.089682 0.007738 1.738725
0.902580 0.000000 0.000000 0.000000 0.000000 0.089682 0.007738 1.738725
0.902580 0.000000 0.000000 0.000000 0.000000 0.089682 0.007738 1.738725
0.902580 0.000000 0.000000 0.000000 0.000000 0.089682 0.007738 1.738725
0.902580 0.000000 0.000000 0.000000 0.000000 0.089682 0.007738 1.738725
0.902580 0.000000 0.000000 0.000000 0.000000 0.089682 0.007738 1.738725
0.902580 0.000000 0.000000 0.000000 0.000000 0.089682 0.007738 1.738725
0.902580 0.000000 0.000000 0.000000 0.000000 0.089682 0.007738 1.738725
0.902580 0.000000 0.000000 0.000000 0.000000 0.089682 0.007738 1.738725
0.902580 0.000000 0.000000 0.000000 0.000000 0.089682 0.007738 1.738725
0.902580 0.000000 0.000000 0.000000 0.000000 0.089682 0.007738 1.738725
0.902580 0.000000 0.000000 0.000000 0.000000 0.089682 0.007738 1.738725
0.902580 0.000000 0.000000 0.000000 0.000000 0.089682 0.007738 1.738725
0.902580 0.000000 0.000000 0.000000 0.000000 0.089682 0.007738 1.738725
0.902580 0.000000 0.000000 0.000000 0.000000 0.089682 0.007738 1.738725
0.902580 0.000000 0.000000 0.000000 0.000000 0.089682 0.007738 1.738725
0.902580 0.000000 0.000000 0.000000 0.000000 0.089682 0.007738 1.738725
0.902580 0.000000 0.000000 0.000000 0.000000 0.089682 0.007738 1.738725
0.902580 0.000000 0.000000 0.000000 0.000000 0.089682 0.007738 1.738725
0.902580 0.000000 0.000000 0.000000 0.000000 0.089682 0.007738 1.738725
0.902580 0.000000 0.000000 0.000000 0.000000 0.089682 0.007738 1.738725
0.902580 0.000000 0.000000 0.000000 0.000000 0.089682 0.007738 1.738725
0.902580 0.000000 0.000000 0.000000 0.000000 0.089682 0.007738 1.738725
0.902580 0.000000 0.000000 0.000000 0.000000 0.089682 0.007738 1.738725
0.902580 0.000000 0.000000 0.000000 0.000000 0.089682 0.007738 1.738725
0.902580 0.000000 0.000000 0.000000 0.000000 0.089682 0.007738 1.738725
0.902580 0.000000 0.000000 0.000000 0.000000 0.089682 0.007738 1.738725
0.902580 0.000000 0.000000 0.000000 0.000000 0.089682 0.007738 1.738725
0.902580 0.000000 0.000000 0.000000 0.000000 0.089682 0.007738 1.738725
0.902580 0.000000 0.000000 0.000000 0.000000 0.089682 0.007738 1.738725
0.902580 0.000000 0.000000 0.000000 0.000000 0.089682 0.007738 1.738725
0.902580 0.000000 0.000000 0.000000 0.000000 0.089682 0.007738 1.738725
0.902580 0.000000 0.000000 0.000000 0.000000 0.089682 0.007738 1.738725
0.902580 0.000000 0.000000 0.000000 0.000000 0.089682 0.007738 1.738725
0.902580 0.000000 0.000000 0.000000 0.000000 0.089682 0.007738 1.738725
0.902580 0.000000 0.000000 0.000000 0.000000 0.089682 0.007738 1.738725
0.902580 0.000000 0.000000 0.000000 0.000000 0.089682 0.007738 1.738725
0.902580 0.000000 0.000000 0.000000 0.000000 0.089682 0.007738 1.738725
0.902580 0.000000 0.000000 0.000000 0.000000 0.089682 0.007738 1.738725
0.902580 0.000000 0.000000 0.000000 0.000000 0.089682 0.007738 1.738725
0.902580 0.000000 0.000000 0.000000 0.000000 0.089682 0.007738 1.738725
0.902580 0.000000 0.000000 0.000000 0.000000 0.089682 0.007738 1.738725
0.902580 0.000000 0.000000 0.000000 0.000000 0.089682 0.007738 1.738725
0.902580 0.000000 0.000000 0.000000 0.000000 0.089682 0.007738 1.738725
0.902580 0.000000 0.000000 0.000000 0.000000 0.089682 0.007738 1.738725
0.902580 0.000000 0.000000 0.000000 0.000000 0.089682 0.007738 1.738725
0.902580 0.000000 0.000000 0.000000 0.000000 0.089682 0.007738 1.738725
0.902580 0.000000 0.000000 0.000000 0.000000 0.089682 0.007738 1.738725
0.902580 0.000000 0.000000 0.000000 0.000000 0.089682 0.007738 1.738725
0.902580 0.000000 0.000000 0.000000 0.000000 0.089682 0.007738 1.738725
0.902580 0.000000 0.000000 0.000000 0.000000 0.089682 0.007738 1.738725
0.902580 0.000000 0.000000 0.000000 0.000000 0.089682 0.007738 1.738725
0.902580 0.000000 0.000000 0.000000 0.000000 0.089682 0.007738 1.738725
0.902580 0.000000 0.000000 0.000000 0.000000 0.089682 0.007738 1.738725
0.902580 0.000000 0.000000 0.000000 0.000000 0.089682 0.007738 1.738725
0.902580 0.000000 0.000000 0.000000 0.000000 0.089682 0.007738 1.738725
0.902580 0.000000 0.000000 0.000000 0.000000 0.089682 0.007738 1.738725
0.902580 0.000000 0.000000 0.000000 0.000000 0.089682 0.007738 1.738725
