0.345050 0.064197 0.056137 0.032551 0.002121 0.493833 0.006111 1.611975 2109.383743
0.346286 0.062853 0.057533 0.031149 0.002122 0.493921 0.006136 1.618257 2120.768959
0.349367 0.060051 0.058533 0.029777 0.002122 0.493985 0.006164 1.624235 2131.297869
0.353314 0.056647 0.059254 0.028407 0.002112 0.494075 0.006190 1.629916 2140.625561
0.357781 0.052983 0.059722 0.027108 0.002095 0.494093 0.006218 1.635287 2152.513229
0.362680 0.049245 0.059853 0.025851 0.002082 0.494040 0.006249 1.640315 2163.268885
0.367881 0.045565 0.059689 0.024666 0.002066 0.493861 0.006272 1.645017 2173.984703
0.373248 0.042079 0.059192 0.023529 0.002044 0.493609 0.006299 1.649335 2184.699242
0.378826 0.038702 0.058497 0.022362 0.002022 0.493266 0.006326 1.653357 2194.700765
0.384441 0.035590 0.057520 0.021274 0.001995 0.492825 0.006355 1.657010 2206.177147
0.390205 0.032683 0.056345 0.020282 0.001967 0.492136 0.006382 1.660354 2215.680152
0.396017 0.029993 0.055000 0.019260 0.001946 0.491377 0.006407 1.663413 2227.082327
0.401885 0.027516 0.053570 0.018243 0.001914 0.490439 0.006434 1.666197 2237.111449
0.407800 0.025194 0.052042 0.017294 0.001890 0.489317 0.006462 1.668795 2247.387220
0.413707 0.023091 0.050430 0.016368 0.001869 0.488051 0.006485 1.671132 2257.059126
0.419648 0.021099 0.048724 0.015517 0.001827 0.486671 0.006513 1.673309 2269.676821
0.425645 0.019312 0.047080 0.014649 0.001800 0.484975 0.006539 1.675260 2280.016385
0.431563 0.017628 0.045373 0.013873 0.001771 0.483230 0.006562 1.677083 2289.511371
0.437567 0.016116 0.043636 0.013085 0.001740 0.481271 0.006586 1.678720 2299.269563
0.443457 0.014707 0.041895 0.012382 0.001706 0.479247 0.006605 1.680230 2307.418242
0.449360 0.013415 0.040148 0.011701 0.001667 0.477081 0.006628 1.681616 2318.012329
0.455206 0.012250 0.038388 0.011068 0.001638 0.474802 0.006648 1.682874 2326.860335
0.461085 0.011165 0.036731 0.010474 0.001607 0.472270 0.006668 1.684039 2334.990759
0.466927 0.010157 0.035093 0.009921 0.001567 0.469650 0.006685 1.685111 2344.790775
0.472816 0.009282 0.033437 0.009354 0.001534 0.466873 0.006705 1.686045 2354.322046
0.478601 0.008455 0.031855 0.008822 0.001497 0.464042 0.006727 1.686921 2364.468939
0.484324 0.007712 0.030328 0.008313 0.001461 0.461117 0.006745 1.687717 2374.259048
0.490094 0.007036 0.028848 0.007805 0.001425 0.458023 0.006769 1.688438 2383.979627
0.495705 0.006406 0.027413 0.007349 0.001384 0.454958 0.006786 1.689104 2393.723855
0.501313 0.005836 0.026030 0.006931 0.001347 0.451737 0.006806 1.689706 2403.380987
0.506890 0.005309 0.024709 0.006513 0.001316 0.448440 0.006824 1.690268 2412.446585
0.512419 0.004857 0.023401 0.006107 0.001281 0.445093 0.006843 1.690756 2421.201213
0.518042 0.004418 0.022137 0.005751 0.001254 0.441543 0.006856 1.691220 2428.798765
0.523506 0.004054 0.020928 0.005401 0.001222 0.438016 0.006872 1.691608 2436.751479
0.528997 0.003693 0.019781 0.005084 0.001192 0.434362 0.006891 1.691992 2445.935589
0.534349 0.003366 0.018726 0.004778 0.001153 0.430719 0.006909 1.692342 2455.389262
0.539772 0.003072 0.017699 0.004480 0.001120 0.426933 0.006924 1.692653 2464.010630
0.545107 0.002796 0.016711 0.004198 0.001088 0.423160 0.006940 1.692945 2472.368985
0.550401 0.002544 0.015783 0.003941 0.001058 0.419321 0.006952 1.693211 2480.742271
0.555606 0.002326 0.014874 0.003705 0.001028 0.415498 0.006962 1.693445 2489.254689
0.560859 0.002134 0.014019 0.003475 0.000996 0.411540 0.006977 1.693655 2497.845317
0.565965 0.001948 0.013193 0.003260 0.000967 0.407673 0.006993 1.693852 2505.556829
0.571131 0.001786 0.012440 0.003054 0.000936 0.403645 0.007008 1.694026 2513.927202
0.576144 0.001629 0.011710 0.002871 0.000907 0.399719 0.007019 1.694195 2521.224899
0.581099 0.001492 0.011032 0.002699 0.000879 0.395767 0.007032 1.694345 2529.831853
0.586022 0.001362 0.010389 0.002527 0.000859 0.391801 0.007041 1.694486 2535.645110
0.590886 0.001232 0.009799 0.002366 0.000837 0.387828 0.007053 1.694624 2542.013983
0.595772 0.001120 0.009235 0.002216 0.000810 0.383780 0.007065 1.694744 2549.382878
0.600529 0.001022 0.008696 0.002079 0.000780 0.379819 0.007077 1.694852 2557.544825
0.605249 0.000935 0.008157 0.001943 0.000754 0.375875 0.007087 1.694946 2564.553819
0.609921 0.000854 0.007671 0.001822 0.000731 0.371904 0.007097 1.695033 2570.934844
0.614527 0.000782 0.007209 0.001699 0.000708 0.367970 0.007105 1.695112 2577.079762
0.619081 0.000721 0.006778 0.001588 0.000684 0.364034 0.007115 1.695181 2583.356718
0.623623 0.000655 0.006371 0.001498 0.000656 0.360070 0.007126 1.695252 2592.064629
0.628130 0.000591 0.005988 0.001404 0.000638 0.356116 0.007133 1.695324 2597.135731
0.632517 0.000541 0.005615 0.001303 0.000620 0.352262 0.007141 1.695379 2602.094023
0.636932 0.000499 0.005256 0.001216 0.000598 0.348348 0.007151 1.695424 2609.146184
0.641295 0.000456 0.004940 0.001141 0.000575 0.344434 0.007158 1.695471 2615.538591
0.645564 0.000419 0.004627 0.001062 0.000556 0.340607 0.007165 1.695513 2622.147034
0.649822 0.000384 0.004339 0.000991 0.000534 0.336755 0.007175 1.695554 2628.876297
0.654059 0.000354 0.004075 0.000928 0.000517 0.332885 0.007181 1.695587 2634.480375
0.658205 0.000326 0.003815 0.000863 0.000500 0.329102 0.007189 1.695621 2640.195023
0.662265 0.000294 0.003592 0.000814 0.000480 0.325360 0.007197 1.695656 2645.952668
0.666329 0.000273 0.003368 0.000763 0.000463 0.321600 0.007203 1.695680 2650.871300
0.670360 0.000253 0.003160 0.000714 0.000449 0.317855 0.007209 1.695705 2655.847792
0.674335 0.000232 0.002960 0.000675 0.000432 0.314149 0.007217 1.695729 2660.755178
0.678315 0.000213 0.002777 0.000620 0.000419 0.310435 0.007221 1.695751 2664.698847
0.682200 0.000197 0.002599 0.000583 0.000405 0.306788 0.007228 1.695770 2669.088042
0.686032 0.000180 0.002430 0.000542 0.000391 0.303192 0.007234 1.695789 2673.159141
0.689865 0.000166 0.002266 0.000504 0.000379 0.299580 0.007239 1.695806 2676.788618
0.693526 0.000150 0.002123 0.000475 0.000369 0.296112 0.007244 1.695824 2680.389468
0.697233 0.000138 0.001986 0.000443 0.000355 0.292596 0.007249 1.695837 2685.679875
0.700856 0.000126 0.001857 0.000419 0.000347 0.289142 0.007253 1.695851 2688.948988
0.704438 0.000119 0.001738 0.000390 0.000336 0.285719 0.007260 1.695860 2692.569642
0.708010 0.000111 0.001634 0.000364 0.000323 0.282292 0.007266 1.695869 2697.354585
0.711489 0.000102 0.001528 0.000336 0.000312 0.278963 0.007270 1.695880 2701.531823
0.714949 0.000100 0.001420 0.000316 0.000301 0.275639 0.007275 1.695884 2704.986538
0.718357 0.000092 0.001329 0.000296 0.000289 0.272359 0.007279 1.695893 2708.744472
0.721775 0.000083 0.001250 0.000273 0.000279 0.269058 0.007282 1.695903 2712.032327
0.725137 0.000078 0.001168 0.000251 0.000267 0.265812 0.007287 1.695911 2716.190860
0.728460 0.000071 0.001095 0.000235 0.000260 0.262588 0.007291 1.695919 2719.198106
0.731722 0.000066 0.001025 0.000218 0.000252 0.259422 0.007294 1.695926 2722.454347
0.734954 0.000060 0.000958 0.000203 0.000241 0.256287 0.007298 1.695933 2725.993131
0.738162 0.000055 0.000896 0.000187 0.000232 0.253167 0.007301 1.695938 2729.594681
0.741313 0.000050 0.000843 0.000172 0.000225 0.250093 0.007304 1.695945 2732.830981
0.744432 0.000046 0.000793 0.000160 0.000216 0.247046 0.007307 1.695949 2736.546157
0.747522 0.000042 0.000744 0.000151 0.000206 0.244025 0.007310 1.695953 2740.191160
0.750528 0.000040 0.000697 0.000140 0.000197 0.241084 0.007314 1.695957 2743.944746
0.753528 0.000037 0.000646 0.000132 0.000191 0.238149 0.007317 1.695961 2746.218945
0.756482 0.000033 0.000604 0.000124 0.000185 0.235253 0.007320 1.695965 2749.178362
0.759445 0.000029 0.000562 0.000117 0.000175 0.232350 0.007323 1.695969 2752.866267
0.762303 0.000029 0.000523 0.000110 0.000165 0.229545 0.007326 1.695971 2756.770908
0.765135 0.000027 0.000490 0.000103 0.000159 0.226757 0.007330 1.695974 2759.641983
0.767913 0.000026 0.000453 0.000097 0.000152 0.224029 0.007331 1.695975 2762.162371
0.770648 0.000025 0.000423 0.000090 0.000146 0.221335 0.007332 1.695977 2764.798305
0.773375 0.000022 0.000395 0.000086 0.000141 0.218646 0.007335 1.695980 2767.566248
0.776083 0.000021 0.000373 0.000078 0.000134 0.215972 0.007339 1.695981 2770.607983
0.778778 0.000019 0.000348 0.000073 0.000129 0.213313 0.007340 1.695984 2772.764639
0.781384 0.000019 0.000323 0.000069 0.000123 0.210741 0.007342 1.695984 2775.387205
0.783977 0.000018 0.000301 0.000065 0.000118 0.208179 0.007344 1.695986 2777.679007
0.786506 0.000017 0.000283 0.000061 0.000113 0.205676 0.007345 1.695988 2779.841667
0.789012 0.000016 0.000261 0.000056 0.000107 0.203200 0.007348 1.695988 2782.501169
0.791501 0.000014 0.000247 0.000052 0.000103 0.200733 0.007349 1.695990 2784.161999
0.793923 0.000014 0.000229 0.000047 0.000099 0.198339 0.007351 1.695991 2786.096063
0.796300 0.000013 0.000209 0.000044 0.000094 0.195987 0.007352 1.695992 2788.487935
0.798671 0.000012 0.000197 0.000043 0.000089 0.193633 0.007354 1.695993 2790.233634
0.800967 0.000012 0.000186 0.000040 0.000086 0.191355 0.007355 1.695994 2791.708952
0.803224 0.000012 0.000173 0.000038 0.000084 0.189112 0.007356 1.695995 2792.690624
0.805428 0.000011 0.000166 0.000035 0.000080 0.186923 0.007357 1.695996 2794.330162
0.807594 0.000010 0.000155 0.000033 0.000078 0.184772 0.007358 1.695997 2795.563773
0.809687 0.000010 0.000143 0.000031 0.000074 0.182696 0.007359 1.695997 2797.582640
0.811729 0.000009 0.000133 0.000028 0.000072 0.180670 0.007360 1.695998 2798.912975
0.813687 0.000009 0.000122 0.000025 0.000070 0.178727 0.007360 1.695999 2799.973250
0.815637 0.000009 0.000113 0.000022 0.000068 0.176790 0.007361 1.695999 2800.621058
0.817471 0.000008 0.000106 0.000021 0.000065 0.174968 0.007361 1.696000 2801.783322
0.819268 0.000008 0.000100 0.000019 0.000064 0.173180 0.007362 1.696001 2802.627094
0.820977 0.000006 0.000095 0.000019 0.000061 0.171479 0.007363 1.696002 2804.394402
0.822600 0.000006 0.000088 0.000017 0.000059 0.169866 0.007364 1.696002 2805.258262
0.824207 0.000006 0.000085 0.000016 0.000056 0.168265 0.007365 1.696003 2806.653779
0.825748 0.000006 0.000080 0.000015 0.000053 0.166731 0.007367 1.696003 2808.287439
0.827285 0.000005 0.000074 0.000014 0.000051 0.165205 0.007367 1.696004 2809.305785
0.828721 0.000005 0.000070 0.000013 0.000049 0.163773 0.007368 1.696004 2810.131028
0.830103 0.000005 0.000067 0.000013 0.000047 0.162397 0.007369 1.696005 2810.892598
0.831438 0.000005 0.000062 0.000012 0.000045 0.161069 0.007370 1.696005 2812.207465
0.832754 0.000004 0.000058 0.000011 0.000044 0.159759 0.007370 1.696006 2813.038824
0.834025 0.000004 0.000056 0.000011 0.000042 0.158491 0.007370 1.696007 2813.638099
0.835232 0.000004 0.000052 0.000011 0.000041 0.157290 0.007371 1.696007 2814.437833
0.836391 0.000003 0.000051 0.000011 0.000039 0.156133 0.007372 1.696008 2815.261482
0.837542 0.000002 0.000048 0.000010 0.000039 0.154987 0.007372 1.696009 2815.415239
0.838632 0.000002 0.000045 0.000009 0.000038 0.153902 0.007372 1.696009 2816.163041
0.839647 0.000002 0.000042 0.000009 0.000036 0.152892 0.007373 1.696009 2817.291113
0.840586 0.000002 0.000036 0.000008 0.000035 0.151959 0.007374 1.696009 2818.128505
0.841490 0.000002 0.000034 0.000007 0.000034 0.151058 0.007374 1.696010 2818.537605
0.842363 0.000002 0.000033 0.000007 0.000033 0.150188 0.007375 1.696010 2819.238412
0.843201 0.000001 0.000032 0.000006 0.000032 0.149353 0.007375 1.696010 2819.965955
0.844003 0.000001 0.000029 0.000006 0.000031 0.148554 0.007375 1.696010 2820.455052
0.844752 0.000001 0.000028 0.000006 0.000029 0.147809 0.007376 1.696010 2821.568978
0.845482 0.000001 0.000026 0.000006 0.000028 0.147081 0.007376 1.696010 2822.250365
0.846177 0.000000 0.000025 0.000006 0.000026 0.146389 0.007377 1.696011 2822.986336
0.846811 0.000000 0.000022 0.000005 0.000025 0.145759 0.007378 1.696011 2824.037431
0.847406 0.000000 0.000021 0.000005 0.000024 0.145166 0.007378 1.696011 2824.187492
0.847990 0.000000 0.000020 0.000005 0.000023 0.144585 0.007378 1.696011 2824.979141
0.848515 0.000000 0.000019 0.000005 0.000022 0.144061 0.007378 1.696011 2825.600987
0.849019 0.000000 0.000018 0.000004 0.000021 0.143560 0.007379 1.696011 2825.977763
0.849460 0.000000 0.000017 0.000004 0.000021 0.143119 0.007379 1.696011 2825.977763
0.849925 0.000000 0.000015 0.000004 0.000020 0.142657 0.007379 1.696011 2826.737726
0.850362 0.000000 0.000015 0.000004 0.000020 0.142221 0.007379 1.696011 2827.246387
0.850780 0.000000 0.000014 0.000004 0.000019 0.141804 0.007380 1.696011 2827.438525
0.851184 0.000000 0.000013 0.000003 0.000019 0.141402 0.007380 1.696011 2827.702811
0.851555 0.000000 0.000012 0.000003 0.000018 0.141033 0.007380 1.696011 2828.526024
0.851915 0.000000 0.000010 0.000003 0.000017 0.140675 0.007381 1.696011 2828.953213
0.852254 0.000000 0.000009 0.000002 0.000017 0.140336 0.007381 1.696011 2828.953213
0.852565 0.000000 0.000009 0.000002 0.000017 0.140026 0.007381 1.696011 2829.327830
0.852879 0.000000 0.000008 0.000002 0.000016 0.139713 0.007381 1.696011 2829.468327
0.853181 0.000000 0.000008 0.000002 0.000016 0.139412 0.007381 1.696011 2829.689643
0.853444 0.000000 0.000008 0.000002 0.000015 0.139150 0.007381 1.696011 2830.268800
0.853687 0.000001 0.000007 0.000002 0.000014 0.138907 0.007382 1.696011 2831.046683
0.853937 0.000001 0.000006 0.000002 0.000013 0.138659 0.007383 1.696011 2831.372241
0.854155 0.000000 0.000006 0.000002 0.000012 0.138442 0.007383 1.696012 2831.772544
0.854364 0.000000 0.000006 0.000001 0.000011 0.138235 0.007384 1.696012 2832.491619
0.854540 0.000000 0.000006 0.000001 0.000011 0.138059 0.007384 1.696012 2832.782613
0.854722 0.000000 0.000006 0.000001 0.000010 0.137878 0.007384 1.696012 2832.964570
0.854892 0.000000 0.000005 0.000001 0.000010 0.137708 0.007384 1.696012 2833.396630
0.855054 0.000000 0.000004 0.000001 0.000010 0.137547 0.007384 1.696012 2833.592626
0.855194 0.000000 0.000004 0.000001 0.000010 0.137407 0.007384 1.696012 2833.592626
0.855332 0.000000 0.000004 0.000001 0.000009 0.137270 0.007384 1.696012 2833.787420
0.855462 0.000000 0.000003 0.000001 0.000009 0.137141 0.007385 1.696012 2833.994686
0.855587 0.000000 0.000003 0.000001 0.000008 0.137016 0.007385 1.696012 2834.370143
0.855707 0.000000 0.000003 0.000001 0.000008 0.136896 0.007386 1.696012 2834.702510
0.855823 0.000000 0.000003 0.000001 0.000008 0.136780 0.007386 1.696012 2834.702510
0.855943 0.000000 0.000003 0.000001 0.000008 0.136660 0.007386 1.696012 2834.894482
0.856047 0.000000 0.000003 0.000000 0.000007 0.136556 0.007386 1.696012 2834.970875
0.856158 0.000000 0.000003 0.000000 0.000007 0.136445 0.007386 1.696012 2834.970875
0.856253 0.000000 0.000003 0.000000 0.000007 0.136351 0.007386 1.696012 2835.159468
0.856347 0.000000 0.000002 0.000000 0.000007 0.136257 0.007386 1.696012 2835.159468
0.856444 0.000000 0.000002 0.000000 0.000007 0.136161 0.007386 1.696012 2835.587742
0.856523 0.000000 0.000002 0.000000 0.000006 0.136082 0.007387 1.696012 2835.802600
0.856603 0.000000 0.000002 0.000000 0.000006 0.136002 0.007387 1.696012 2836.038647
0.856675 0.000000 0.000002 0.000000 0.000006 0.135930 0.007387 1.696012 2836.038647
0.856757 0.000000 0.000002 0.000000 0.000006 0.135848 0.007387 1.696012 2836.038647
0.856823 0.000000 0.000002 0.000000 0.000006 0.135782 0.007387 1.696012 2836.038647
0.856897 0.000000 0.000001 0.000000 0.000006 0.135709 0.007387 1.696012 2836.237085
0.856955 0.000000 0.000001 0.000000 0.000006 0.135650 0.007387 1.696013 2836.413378
0.857012 0.000000 0.000001 0.000000 0.000005 0.135594 0.007388 1.696013 2836.635813
0.857064 0.000000 0.000001 0.000000 0.000005 0.135542 0.007388 1.696013 2836.834078
0.857118 0.000000 0.000001 0.000000 0.000005 0.135488 0.007388 1.696013 2836.834078
0.857175 0.000000 0.000001 0.000000 0.000005 0.135432 0.007388 1.696013 2836.834078
0.857222 0.000000 0.000001 0.000000 0.000005 0.135384 0.007388 1.696013 2836.834078
0.857269 0.000000 0.000001 0.000000 0.000005 0.135337 0.007388 1.696013 2836.834078
0.857310 0.000000 0.000001 0.000000 0.000005 0.135297 0.007388 1.696013 2836.834078
0.857357 0.000000 0.000001 0.000000 0.000005 0.135250 0.007388 1.696013 2836.834078
0.857401 0.000000 0.000001 0.000000 0.000005 0.135206 0.007388 1.696013 2836.834078
0.857440 0.000000 0.000001 0.000000 0.000005 0.135167 0.007388 1.696013 2837.035977
0.857481 0.000000 0.000001 0.000000 0.000005 0.135126 0.007388 1.696013 2837.035977
0.857524 0.000000 0.000001 0.000000 0.000005 0.135083 0.007388 1.696013 2837.035977
0.857565 0.000000 0.000000 0.000000 0.000005 0.135043 0.007388 1.696013 2837.035977
0.857598 0.000000 0.000000 0.000000 0.000005 0.135009 0.007388 1.696013 2837.035977
0.857634 0.000000 0.000000 0.000000 0.000005 0.134973 0.007388 1.696013 2837.035977
0.857670 0.000000 0.000000 0.000000 0.000005 0.134938 0.007388 1.696013 2837.256721
0.857706 0.000000 0.000000 0.000000 0.000005 0.134901 0.007388 1.696013 2837.256721
0.857732 0.000000 0.000000 0.000000 0.000004 0.134876 0.007388 1.696013 2837.433782
0.857757 0.000000 0.000000 0.000000 0.000004 0.134850 0.007388 1.696013 2837.433782
0.857783 0.000000 0.000000 0.000000 0.000004 0.134825 0.007389 1.696013 2837.664305
0.857806 0.000000 0.000000 0.000000 0.000003 0.134802 0.007389 1.696013 2837.908885
0.857824 0.000000 0.000000 0.000000 0.000003 0.134785 0.007389 1.696013 2838.127021
0.857842 0.000000 0.000000 0.000000 0.000003 0.134766 0.007389 1.696013 2838.127021
0.857857 0.000000 0.000000 0.000000 0.000003 0.134751 0.007389 1.696013 2838.127021
0.857874 0.000000 0.000000 0.000000 0.000002 0.134734 0.007389 1.696013 2838.589367
0.857891 0.000000 0.000000 0.000000 0.000002 0.134717 0.007389 1.696013 2838.589367
0.857908 0.000000 0.000000 0.000000 0.000002 0.134700 0.007389 1.696013 2838.589367
0.857925 0.000000 0.000000 0.000000 0.000002 0.134683 0.007389 1.696013 2838.589367
0.857945 0.000000 0.000000 0.000000 0.000002 0.134664 0.007389 1.696013 2838.589367
0.857958 0.000000 0.000000 0.000000 0.000002 0.134650 0.007390 1.696013 2838.788618
0.857973 0.000000 0.000000 0.000000 0.000002 0.134636 0.007390 1.696013 2838.788618
0.857985 0.000000 0.000000 0.000000 0.000002 0.134623 0.007390 1.696013 2838.788618
0.857995 0.000000 0.000000 0.000000 0.000002 0.134613 0.007390 1.696013 2838.788618
0.858005 0.000000 0.000000 0.000000 0.000002 0.134603 0.007390 1.696013 2838.788618
0.858016 0.000000 0.000000 0.000000 0.000002 0.134593 0.007390 1.696013 2838.920729
0.858026 0.000000 0.000000 0.000000 0.000002 0.134582 0.007390 1.696013 2838.920729
0.858035 0.000000 0.000000 0.000000 0.000002 0.134574 0.007390 1.696013 2839.160856
0.858041 0.000000 0.000000 0.000000 0.000002 0.134568 0.007390 1.696013 2839.160856
0.858052 0.000000 0.000000 0.000000 0.000002 0.134557 0.007390 1.696013 2839.160856
0.858060 0.000000 0.000000 0.000000 0.000002 0.134549 0.007390 1.696013 2839.160856
0.858069 0.000000 0.000000 0.000000 0.000002 0.134540 0.007390 1.696013 2839.160856
0.858079 0.000000 0.000000 0.000000 0.000002 0.134530 0.007390 1.696013 2839.160856
0.858087 0.000000 0.000000 0.000000 0.000002 0.134522 0.007390 1.696013 2839.160856
0.858097 0.000000 0.000000 0.000000 0.000002 0.134512 0.007390 1.696013 2839.160856
0.858104 0.000000 0.000000 0.000000 0.000001 0.134505 0.007390 1.696013 2839.417629
0.858113 0.000000 0.000000 0.000000 0.000001 0.134496 0.007390 1.696013 2839.417629
0.858120 0.000000 0.000000 0.000000 0.000001 0.134489 0.007390 1.696013 2839.417629
0.858127 0.000000 0.000000 0.000000 0.000001 0.134482 0.007390 1.696013 2839.417629
0.858136 0.000000 0.000000 0.000000 0.000001 0.134474 0.007390 1.696013 2839.417629
0.858142 0.000000 0.000000 0.000000 0.000001 0.134467 0.007390 1.696013 2839.417629
0.858148 0.000000 0.000000 0.000000 0.000001 0.134461 0.007390 1.696013 2839.417629
0.858155 0.000000 0.000000 0.000000 0.000001 0.134454 0.007390 1.696013 2839.417629
0.858161 0.000000 0.000000 0.000000 0.000001 0.134448 0.007390 1.696013 2839.417629
0.858167 0.000000 0.000000 0.000000 0.000001 0.134442 0.007390 1.696013 2839.417629
0.858173 0.000000 0.000000 0.000000 0.000001 0.134436 0.007390 1.696013 2839.417629
0.858178 0.000000 0.000000 0.000000 0.000001 0.134432 0.007390 1.696013 2839.417629
0.858183 0.000000 0.000000 0.000000 0.000001 0.134426 0.007390 1.696013 2839.417629
0.858187 0.000000 0.000000 0.000000 0.000001 0.134423 0.007390 1.696013 2839.708519
0.858193 0.000000 0.000000 0.000000 0.000001 0.134417 0.007390 1.696013 2839.708519
0.858198 0.000000 0.000000 0.000000 0.000001 0.134411 0.007390 1.696013 2839.770090
0.858201 0.000000 0.000000 0.000000 0.000001 0.134409 0.007390 1.696013 2839.770090
0.858206 0.000000 0.000000 0.000000 0.000001 0.134404 0.007390 1.696013 2839.770090
0.858208 0.000000 0.000000 0.000000 0.000001 0.134401 0.007390 1.696013 2839.770090
0.858211 0.000000 0.000000 0.000000 0.000001 0.134398 0.007390 1.696013 2839.770090
0.858214 0.000000 0.000000 0.000000 0.000001 0.134395 0.007390 1.696013 2839.770090
0.858217 0.000000 0.000000 0.000000 0.000001 0.134393 0.007390 1.696013 2839.770090
0.858220 0.000000 0.000000 0.000000 0.000001 0.134389 0.007390 1.696013 2839.770090
0.858223 0.000000 0.000000 0.000000 0.000001 0.134386 0.007390 1.696013 2839.770090
0.858226 0.000000 0.000000 0.000000 0.000001 0.134384 0.007390 1.696013 2839.770090
0.858230 0.000000 0.000000 0.000000 0.000001 0.134380 0.007390 1.696013 2839.770090
0.858232 0.000000 0.000000 0.000000 0.000001 0.134377 0.007390 1.696013 2839.770090
0.858236 0.000000 0.000000 0.000000 0.000001 0.134373 0.007390 1.696013 2839.770090
0.858238 0.000000 0.000000 0.000000 0.000001 0.134371 0.007390 1.696013 2839.770090
0.858242 0.000000 0.000000 0.000000 0.000001 0.134368 0.007390 1.696013 2839.770090
0.858243 0.000000 0.000000 0.000000 0.000001 0.134367 0.007390 1.696013 2839.770090
0.858245 0.000000 0.000000 0.000000 0.000001 0.134365 0.007390 1.696013 2839.770090
0.858249 0.000000 0.000000 0.000000 0.000001 0.134361 0.007390 1.696013 2839.770090
0.858251 0.000000 0.000000 0.000000 0.000001 0.134359 0.007390 1.696013 2839.770090
0.858254 0.000000 0.000000 0.000000 0.000001 0.134355 0.007390 1.696013 2839.770090
0.858256 0.000000 0.000000 0.000000 0.000001 0.134353 0.007390 1.696013 2839.770090
0.858259 0.000000 0.000000 0.000000 0.000001 0.134351 0.007390 1.696013 2839.770090
0.858261 0.000000 0.000000 0.000000 0.000001 0.134348 0.007390 1.696013 2839.770090
0.858264 0.000000 0.000000 0.000000 0.000001 0.134345 0.007390 1.696013 2839.770090
0.858267 0.000000 0.000000 0.000000 0.000001 0.134343 0.007390 1.696013 2839.770090
0.858268 0.000000 0.000000 0.000000 0.000001 0.134341 0.007390 1.696013 2839.770090
0.858271 0.000000 0.000000 0.000000 0.000001 0.134338 0.007390 1.696013 2839.770090
0.858273 0.000000 0.000000 0.000000 0.000001 0.134336 0.007390 1.696013 2839.770090
0.858275 0.000000 0.000000 0.000000 0.000001 0.134334 0.007390 1.696013 2839.770090
0.858278 0.000000 0.000000 0.000000 0.000001 0.134332 0.007390 1.696013 2839.770090
0.858279 0.000000 0.000000 0.000000 0.000001 0.134330 0.007390 1.696013 2839.770090
0.858282 0.000000 0.000000 0.000000 0.000000 0.134328 0.007390 1.696013 2840.092067
0.858283 0.000000 0.000000 0.000000 0.000000 0.134326 0.007390 1.696013 2840.092067
0.858285 0.000000 0.000000 0.000000 0.000000 0.134324 0.007390 1.696013 2840.092067
0.858286 0.000000 0.000000 0.000000 0.000000 0.134323 0.007390 1.696013 2840.092067
0.858287 0.000000 0.000000 0.000000 0.000000 0.134322 0.007390 1.696013 2840.092067
0.858288 0.000000 0.000000 0.000000 0.000000 0.134321 0.007390 1.696013 2840.092067
0.858289 0.000000 0.000000 0.000000 0.000000 0.134320 0.007390 1.696013 2840.092067
0.858292 0.000000 0.000000 0.000000 0.000000 0.134318 0.007390 1.696013 2840.092067
0.858292 0.000000 0.000000 0.000000 0.000000 0.134317 0.007390 1.696013 2840.092067
0.858295 0.000000 0.000000 0.000000 0.000000 0.134315 0.007390 1.696013 2840.092067
0.858296 0.000000 0.000000 0.000000 0.000000 0.134314 0.007390 1.696013 2840.092067
0.858298 0.000000 0.000000 0.000000 0.000000 0.134312 0.007390 1.696013 2840.092067
0.858298 0.000000 0.000000 0.000000 0.000000 0.134311 0.007390 1.696013 2840.092067
0.858300 0.000000 0.000000 0.000000 0.000000 0.134309 0.007390 1.696013 2840.092067
0.858302 0.000000 0.000000 0.000000 0.000000 0.134308 0.007390 1.696013 2840.092067
0.858303 0.000000 0.000000 0.000000 0.000000 0.134306 0.007390 1.696013 2840.092067
0.858305 0.000000 0.000000 0.000000 0.000000 0.134304 0.007390 1.696013 2840.092067
0.858306 0.000000 0.000000 0.000000 0.000000 0.134303 0.007390 1.696013 2840.092067
0.858307 0.000000 0.000000 0.000000 0.000000 0.134303 0.007390 1.696013 2840.092067
0.858309 0.000000 0.000000 0.000000 0.000000 0.134301 0.007390 1.696013 2840.092067
0.858311 0.000000 0.000000 0.000000 0.000000 0.134299 0.007390 1.696013 2840.092067
0.858312 0.000000 0.000000 0.000000 0.000000 0.134297 0.007390 1.696013 2840.092067
0.858314 0.000000 0.000000 0.000000 0.000000 0.134296 0.007390 1.696013 2840.092067
0.858315 0.000000 0.000000 0.000000 0.000000 0.134294 0.007390 1.696013 2840.092067
0.858317 0.000000 0.000000 0.000000 0.000000 0.134293 0.007390 1.696013 2840.092067
0.858318 0.000000 0.000000 0.000000 0.000000 0.134291 0.007390 1.696013 2840.092067
0.858319 0.000000 0.000000 0.000000 0.000000 0.134291 0.007390 1.696013 2840.092067
0.858319 0.000000 0.000000 0.000000 0.000000 0.134290 0.007390 1.696013 2840.092067
0.858320 0.000000 0.000000 0.000000 0.000000 0.134290 0.007390 1.696013 2840.414525
0.858320 0.000000 0.000000 0.000000 0.000000 0.134289 0.007390 1.696013 2840.414525
0.858321 0.000000 0.000000 0.000000 0.000000 0.134289 0.007390 1.696013 2840.414525
0.858322 0.000000 0.000000 0.000000 0.000000 0.134288 0.007390 1.696013 2840.414525
0.858322 0.000000 0.000000 0.000000 0.000000 0.134288 0.007390 1.696013 2840.414525
0.858322 0.000000 0.000000 0.000000 0.000000 0.134287 0.007390 1.696013 2840.414525
0.858323 0.000000 0.000000 0.000000 0.000000 0.134287 0.007390 1.696013 2840.414525
0.858323 0.000000 0.000000 0.000000 0.000000 0.134287 0.007390 1.696013 2840.414525
0.858323 0.000000 0.000000 0.000000 0.000000 0.134286 0.007390 1.696013 2840.414525
0.858324 0.000000 0.000000 0.000000 0.000000 0.134286 0.007390 1.696013 2840.414525
0.858324 0.000000 0.000000 0.000000 0.000000 0.134286 0.007390 1.696013 2840.414525
0.858324 0.000000 0.000000 0.000000 0.000000 0.134286 0.007390 1.696013 2840.414525
0.858324 0.000000 0.000000 0.000000 0.000000 0.134285 0.007390 1.696013 2840.414525
0.858325 0.000000 0.000000 0.000000 0.000000 0.134285 0.007390 1.696013 2840.414525
0.858325 0.000000 0.000000 0.000000 0.000000 0.134285 0.007390 1.696013 2840.414525
0.858325 0.000000 0.000000 0.000000 0.000000 0.134285 0.007390 1.696013 2840.414525
0.858325 0.000000 0.000000 0.000000 0.000000 0.134284 0.007390 1.696013 2840.414525
0.858326 0.000000 0.000000 0.000000 0.000000 0.134284 0.007390 1.696013 2840.414525
0.858326 0.000000 0.000000 0.000000 0.000000 0.134284 0.007390 1.696013 2840.414525
0.858326 0.000000 0.000000 0.000000 0.000000 0.134283 0.007390 1.696013 2840.414525
0.858327 0.000000 0.000000 0.000000 0.000000 0.134283 0.007390 1.696013 2840.414525
0.858327 0.000000 0.000000 0.000000 0.000000 0.134283 0.007390 1.696013 2840.414525
0.858327 0.000000 0.000000 0.000000 0.000000 0.134283 0.007390 1.696013 2840.414525
0.858328 0.000000 0.000000 0.000000 0.000000 0.134281 0.007390 1.696013 2840.414525
0.858329 0.000000 0.000000 0.000000 0.000000 0.134281 0.007390 1.696013 2840.414525
0.858329 0.000000 0.000000 0.000000 0.000000 0.134281 0.007390 1.696013 2840.414525
0.858329 0.000000 0.000000 0.000000 0.000000 0.134280 0.007390 1.696013 2840.414525
0.858329 0.000000 0.000000 0.000000 0.000000 0.134280 0.007390 1.696013 2840.414525
0.858330 0.000000 0.000000 0.000000 0.000000 0.134279 0.007390 1.696013 2840.414525
0.858330 0.000000 0.000000 0.000000 0.000000 0.134279 0.007390 1.696013 2840.414525
0.858331 0.000000 0.000000 0.000000 0.000000 0.134279 0.007390 1.696013 2840.414525
0.858331 0.000000 0.000000 0.000000 0.000000 0.134279 0.007390 1.696013 2840.414525
0.858331 0.000000 0.000000 0.000000 0.000000 0.134279 0.007390 1.696013 2840.414525
0.858331 0.000000 0.000000 0.000000 0.000000 0.134278 0.007390 1.696013 2840.414525
0.858332 0.000000 0.000000 0.000000 0.000000 0.134277 0.007390 1.696013 2840.414525
0.858332 0.000000 0.000000 0.000000 0.000000 0.134277 0.007391 1.696013 2840.632917
0.858332 0.000000 0.000000 0.000000 0.000000 0.134277 0.007391 1.696013 2840.632917
0.858332 0.000000 0.000000 0.000000 0.000000 0.134277 0.007391 1.696013 2840.632917
0.858332 0.000000 0.000000 0.000000 0.000000 0.134277 0.007391 1.696013 2840.632917
0.858332 0.000000 0.000000 0.000000 0.000000 0.134277 0.007391 1.696013 2840.632917
0.858332 0.000000 0.000000 0.000000 0.000000 0.134277 0.007391 1.696013 2840.632917
0.858332 0.000000 0.000000 0.000000 0.000000 0.134277 0.007391 1.696013 2840.632917
0.858332 0.000000 0.000000 0.000000 0.000000 0.134277 0.007391 1.696013 2840.632917
0.858332 0.000000 0.000000 0.000000 0.000000 0.134277 0.007391 1.696013 2840.632917
0.858332 0.000000 0.000000 0.000000 0.000000 0.134277 0.007391 1.696013 2840.632917
0.858332 0.000000 0.000000 0.000000 0.000000 0.134277 0.007391 1.696013 2840.632917
0.858332 0.000000 0.000000 0.000000 0.000000 0.134277 0.007391 1.696013 2840.632917
0.858332 0.000000 0.000000 0.000000 0.000000 0.134277 0.007391 1.696013 2840.632917
0.858332 0.000000 0.000000 0.000000 0.000000 0.134277 0.007391 1.696013 2840.632917
0.858332 0.000000 0.000000 0.000000 0.000000 0.134277 0.007391 1.696013 2840.632917
0.858332 0.000000 0.000000 0.000000 0.000000 0.134277 0.007391 1.696013 2840.632917
0.858332 0.000000 0.000000 0.000000 0.000000 0.134277 0.007391 1.696013 2840.632917
0.858332 0.000000 0.000000 0.000000 0.000000 0.134277 0.007391 1.696013 2840.632917
0.858332 0.000000 0.000000 0.000000 0.000000 0.134277 0.007391 1.696013 2840.632917
0.858332 0.000000 0.000000 0.000000 0.000000 0.134277 0.007391 1.696013 2840.632917
0.858332 0.000000 0.000000 0.000000 0.000000 0.134277 0.007391 1.696013 2840.632917
0.858332 0.000000 0.000000 0.000000 0.000000 0.134277 0.007391 1.696013 2840.632917
0.858332 0.000000 0.000000 0.000000 0.000000 0.134277 0.007391 1.696013 2840.632917
0.858332 0.000000 0.000000 0.000000 0.000000 0.134277 0.007391 1.696013 2840.632917
0.858332 0.000000 0.000000 0.000000 0.000000 0.134277 0.007391 1.696013 2840.632917
0.858332 0.000000 0.000000 0.000000 0.000000 0.134277 0.007391 1.696013 2840.632917
0.858332 0.000000 0.000000 0.000000 0.000000 0.134277 0.007391 1.696013 2840.632917
0.858332 0.000000 0.000000 0.000000 0.000000 0.134277 0.007391 1.696013 2840.632917
0.858332 0.000000 0.000000 0.000000 0.000000 0.134277 0.007391 1.696013 2840.632917
0.858332 0.000000 0.000000 0.000000 0.000000 0.134277 0.007391 1.696013 2840.632917
0.858332 0.000000 0.000000 0.000000 0.000000 0.134277 0.007391 1.696013 2840.632917
0.858332 0.000000 0.000000 0.000000 0.000000 0.134277 0.007391 1.696013 2840.632917
0.858332 0.000000 0.000000 0.000000 0.000000 0.134277 0.007391 1.696013 2840.632917
0.858332 0.000000 0.000000 0.000000 0.000000 0.134277 0.007391 1.696013 2840.632917
0.858332 0.000000 0.000000 0.000000 0.000000 0.134277 0.007391 1.696013 2840.632917
0.858332 0.000000 0.000000 0.000000 0.000000 0.134277 0.007391 1.696013 2840.632917
0.858332 0.000000 0.000000 0.000000 0.000000 0.134277 0.007391 1.696013 2840.632917
0.858332 0.000000 0.000000 0.000000 0.000000 0.134277 0.007391 1.696013 2840.632917
0.858332 0.000000 0.000000 0.000000 0.000000 0.134277 0.007391 1.696013 2840.632917
0.858332 0.000000 0.000000 0.000000 0.000000 0.134277 0.007391 1.696013 2840.632917
0.858332 0.000000 0.000000 0.000000 0.000000 0.134277 0.007391 1.696013 2840.632917
0.858332 0.000000 0.000000 0.000000 0.000000 0.134277 0.007391 1.696013 2840.632917
0.858332 0.000000 0.000000 0.000000 0.000000 0.134277 0.007391 1.696013 2840.632917
0.858332 0.000000 0.000000 0.000000 0.000000 0.134277 0.007391 1.696013 2840.632917
0.858332 0.000000 0.000000 0.000000 0.000000 0.134277 0.007391 1.696013 2840.632917
0.858332 0.000000 0.000000 0.000000 0.000000 0.134277 0.007391 1.696013 2840.632917
0.858332 0.000000 0.000000 0.000000 0.000000 0.134277 0.007391 1.696013 2840.632917
0.858332 0.000000 0.000000 0.000000 0.000000 0.134277 0.007391 1.696013 2840.632917
0.858332 0.000000 0.000000 0.000000 0.000000 0.134277 0.007391 1.696013 2840.632917
0.858332 0.000000 0.000000 0.000000 0.000000 0.134277 0.007391 1.696013 2840.632917
0.858332 0.000000 0.000000 0.000000 0.000000 0.134277 0.007391 1.696013 2840.632917
0.858332 0.000000 0.000000 0.000000 0.000000 0.134277 0.007391 1.696013 2840.632917
0.858332 0.000000 0.000000 0.000000 0.000000 0.134277 0.007391 1.696013 2840.632917
0.858332 0.000000 0.000000 0.000000 0.000000 0.134277 0.007391 1.696013 2840.632917
0.858332 0.000000 0.000000 0.000000 0.000000 0.134277 0.007391 1.696013 2840.632917
0.858332 0.000000 0.000000 0.000000 0.000000 0.134277 0.007391 1.696013 2840.632917
0.858332 0.000000 0.000000 0.000000 0.000000 0.134277 0.007391 1.696013 2840.632917
0.858332 0.000000 0.000000 0.000000 0.000000 0.134277 0.007391 1.696013 2840.632917
0.858332 0.000000 0.000000 0.000000 0.000000 0.134277 0.007391 1.696013 2840.632917
0.858332 0.000000 0.000000 0.000000 0.000000 0.134277 0.007391 1.696013 2840.632917
0.858332 0.000000 0.000000 0.000000 0.000000 0.134277 0.007391 1.696013 2840.632917
0.858332 0.000000 0.000000 0.000000 0.000000 0.134277 0.007391 1.696013 2840.632917
0.858332 0.000000 0.000000 0.000000 0.000000 0.134277 0.007391 1.696013 2840.632917
0.858332 0.000000 0.000000 0.000000 0.000000 0.134277 0.007391 1.696013 2840.632917
0.858332 0.000000 0.000000 0.000000 0.000000 0.134277 0.007391 1.696013 2840.632917
0.858332 0.000000 0.000000 0.000000 0.000000 0.134277 0.007391 1.696013 2840.632917
0.858332 0.000000 0.000000 0.000000 0.000000 0.134277 0.007391 1.696013 2840.632917
0.858332 0.000000 0.000000 0.000000 0.000000 0.134277 0.007391 1.696013 2840.632917
0.858332 0.000000 0.000000 0.000000 0.000000 0.134277 0.007391 1.696013 2840.632917
0.858332 0.000000 0.000000 0.000000 0.000000 0.134277 0.007391 1.696013 2840.632917
0.858332 0.000000 0.000000 0.000000 0.000000 0.134277 0.007391 1.696013 2840.632917
0.858332 0.000000 0.000000 0.000000 0.000000 0.134277 0.007391 1.696013 2840.632917
0.858332 0.000000 0.000000 0.000000 0.000000 0.134277 0.007391 1.696013 2840.632917
0.858332 0.000000 0.000000 0.000000 0.000000 0.134277 0.007391 1.696013 2840.632917
0.858332 0.000000 0.000000 0.000000 0.000000 0.134277 0.007391 1.696013 2840.632917
0.858332 0.000000 0.000000 0.000000 0.000000 0.134277 0.007391 1.696013 2840.632917
0.858332 0.000000 0.000000 0.000000 0.000000 0.134277 0.007391 1.696013 2840.632917
0.858332 0.000000 0.000000 0.000000 0.000000 0.134277 0.007391 1.696013 2840.632917
0.858332 0.000000 0.000000 0.000000 0.000000 0.134277 0.007391 1.696013 2840.632917
0.858332 0.000000 0.000000 0.000000 0.000000 0.134277 0.007391 1.696013 2840.632917
0.858332 0.000000 0.000000 0.000000 0.000000 0.134277 0.007391 1.696013 2840.632917
0.858332 0.000000 0.000000 0.000000 0.000000 0.134277 0.007391 1.696013 2840.632917
0.858332 0.000000 0.000000 0.000000 0.000000 0.134277 0.007391 1.696013 2840.632917
0.858332 0.000000 0.000000 0.000000 0.000000 0.134277 0.007391 1.696013 2840.632917
0.858332 0.000000 0.000000 0.000000 0.000000 0.134277 0.007391 1.696013 2840.632917
0.858332 0.000000 0.000000 0.000000 0.000000 0.134277 0.007391 1.696013 2840.632917
0.858332 0.000000 0.000000 0.000000 0.000000 0.134277 0.007391 1.696013 2840.632917
0.858332 0.000000 0.000000 0.000000 0.000000 0.134277 0.007391 1.696013 2840.632917
0.858332 0.000000 0.000000 0.000000 0.000000 0.134277 0.007391 1.696013 2840.632917
0.858332 0.000000 0.000000 0.000000 0.000000 0.134277 0.007391 1.696013 2840.632917
0.858332 0.000000 0.000000 0.000000 0.000000 0.134277 0.007391 1.696013 2840.632917
0.858332 0.000000 0.000000 0.000000 0.000000 0.134277 0.007391 1.696013 2840.632917
0.858332 0.000000 0.000000 0.000000 0.000000 0.134277 0.007391 1.696013 2840.632917
0.858332 0.000000 0.000000 0.000000 0.000000 0.134277 0.007391 1.696013 2840.632917
0.858332 0.000000 0.000000 0.000000 0.000000 0.134277 0.007391 1.696013 2840.632917
0.858332 0.000000 0.000000 0.000000 0.000000 0.134277 0.007391 1.696013 2840.632917
0.858332 0.000000 0.000000 0.000000 0.000000 0.134277 0.007391 1.696013 2840.632917
0.858332 0.000000 0.000000 0.000000 0.000000 0.134277 0.007391 1.696013 2840.632917
0.858332 0.000000 0.000000 0.000000 0.000000 0.134277 0.007391 1.696013 2840.632917
0.858332 0.000000 0.000000 0.000000 0.000000 0.134277 0.007391 1.696013 2840.632917
0.858332 0.000000 0.000000 0.000000 0.000000 0.134277 0.007391 1.696013 2840.632917
0.858332 0.000000 0.000000 0.000000 0.000000 0.134277 0.007391 1.696013 2840.632917
0.858332 0.000000 0.000000 0.000000 0.000000 0.134277 0.007391 1.696013 2840.632917
0.858332 0.000000 0.000000 0.000000 0.000000 0.134277 0.007391 1.696013 2840.632917
0.858332 0.000000 0.000000 0.000000 0.000000 0.134277 0.007391 1.696013 2840.632917
0.858332 0.000000 0.000000 0.000000 0.000000 0.134277 0.007391 1.696013 2840.632917
0.858332 0.000000 0.000000 0.000000 0.000000 0.134277 0.007391 1.696013 2840.632917
0.858332 0.000000 0.000000 0.000000 0.000000 0.134277 0.007391 1.696013 2840.632917
0.858332 0.000000 0.000000 0.000000 0.000000 0.134277 0.007391 1.696013 2840.632917
0.858332 0.000000 0.000000 0.000000 0.000000 0.134277 0.007391 1.696013 2840.632917
0.858332 0.000000 0.000000 0.000000 0.000000 0.134277 0.007391 1.696013 2840.632917
0.858332 0.000000 0.000000 0.000000 0.000000 0.134277 0.007391 1.696013 2840.632917
0.858332 0.000000 0.000000 0.000000 0.000000 0.134277 0.007391 1.696013 2840.632917
0.858332 0.000000 0.000000 0.000000 0.000000 0.134277 0.007391 1.696013 2840.632917
0.858332 0.000000 0.000000 0.000000 0.000000 0.134277 0.007391 1.696013 2840.632917
0.858332 0.000000 0.000000 0.000000 0.000000 0.134277 0.007391 1.696013 2840.632917
0.858332 0.000000 0.000000 0.000000 0.000000 0.134277 0.007391 1.696013 2840.632917
0.858332 0.000000 0.000000 0.000000 0.000000 0.134277 0.007391 1.696013 2840.632917
0.858332 0.000000 0.000000 0.000000 0.000000 0.134277 0.007391 1.696013 2840.632917
0.858332 0.000000 0.000000 0.000000 0.000000 0.134277 0.007391 1.696013 2840.632917
0.858332 0.000000 0.000000 0.000000 0.000000 0.134277 0.007391 1.696013 2840.632917
0.858332 0.000000 0.000000 0.000000 0.000000 0.134277 0.007391 1.696013 2840.632917
0.858332 0.000000 0.000000 0.000000 0.000000 0.134277 0.007391 1.696013 2840.632917
0.858332 0.000000 0.000000 0.000000 0.000000 0.134277 0.007391 1.696013 2840.632917
0.858332 0.000000 0.000000 0.000000 0.000000 0.134277 0.007391 1.696013 2840.632917
0.858332 0.000000 0.000000 0.000000 0.000000 0.134277 0.007391 1.696013 2840.632917
0.858332 0.000000 0.000000 0.000000 0.000000 0.134277 0.007391 1.696013 2840.632917
0.858332 0.000000 0.000000 0.000000 0.000000 0.134277 0.007391 1.696013 2840.632917
0.858332 0.000000 0.000000 0.000000 0.000000 0.134277 0.007391 1.696013 2840.632917
0.858332 0.000000 0.000000 0.000000 0.000000 0.134277 0.007391 1.696013 2840.632917
0.858332 0.000000 0.000000 0.000000 0.000000 0.134277 0.007391 1.696013 2840.632917
0.858332 0.000000 0.000000 0.000000 0.000000 0.134277 0.007391 1.696013 2840.632917
0.858332 0.000000 0.000000 0.000000 0.000000 0.134277 0.007391 1.696013 2840.632917
0.858332 0.000000 0.000000 0.000000 0.000000 0.134277 0.007391 1.696013 2840.632917
0.858332 0.000000 0.000000 0.000000 0.000000 0.134277 0.007391 1.696013 2840.632917
0.858332 0.000000 0.000000 0.000000 0.000000 0.134277 0.007391 1.696013 2840.632917
0.858332 0.000000 0.000000 0.000000 0.000000 0.134277 0.007391 1.696013 2840.632917
0.858332 0.000000 0.000000 0.000000 0.000000 0.134277 0.007391 1.696013 2840.632917
0.858332 0.000000 0.000000 0.000000 0.000000 0.134277 0.007391 1.696013 2840.632917
0.858332 0.000000 0.000000 0.000000 0.000000 0.134277 0.007391 1.696013 2840.632917
0.858332 0.000000 0.000000 0.000000 0.000000 0.134277 0.007391 1.696013 2840.632917
0.858332 0.000000 0.000000 0.000000 0.000000 0.134277 0.007391 1.696013 2840.632917
0.858332 0.000000 0.000000 0.000000 0.000000 0.134277 0.007391 1.696013 2840.632917
0.858332 0.000000 0.000000 0.000000 0.000000 0.134277 0.007391 1.696013 2840.632917
0.858332 0.000000 0.000000 0.000000 0.000000 0.134277 0.007391 1.696013 2840.632917
0.858332 0.000000 0.000000 0.000000 0.000000 0.134277 0.007391 1.696013 2840.632917
0.858332 0.000000 0.000000 0.000000 0.000000 0.134277 0.007391 1.696013 2840.632917
0.858332 0.000000 0.000000 0.000000 0.000000 0.134277 0.007391 1.696013 2840.632917
0.858332 0.000000 0.000000 0.000000 0.000000 0.134277 0.007391 1.696013 2840.632917
0.858332 0.000000 0.000000 0.000000 0.000000 0.134277 0.007391 1.696013 2840.632917
0.858332 0.000000 0.000000 0.000000 0.000000 0.134277 0.007391 1.696013 2840.632917
0.858332 0.000000 0.000000 0.000000 0.000000 0.134277 0.007391 1.696013 2840.632917
0.858332 0.000000 0.000000 0.000000 0.000000 0.134277 0.007391 1.696013 2840.632917
0.858332 0.000000 0.000000 0.000000 0.000000 0.134277 0.007391 1.696013 2840.632917
0.858332 0.000000 0.000000 0.000000 0.000000 0.134277 0.007391 1.696013 2840.632917
0.858332 0.000000 0.000000 0.000000 0.000000 0.134277 0.007391 1.696013 2840.632917
0.858332 0.000000 0.000000 0.000000 0.000000 0.134277 0.007391 1.696013 2840.632917
0.858332 0.000000 0.000000 0.000000 0.000000 0.134277 0.007391 1.696013 2840.632917
0.858332 0.000000 0.000000 0.000000 0.000000 0.134277 0.007391 1.696013 2840.632917
0.858332 0.000000 0.000000 0.000000 0.000000 0.134277 0.007391 1.696013 2840.632917
0.858332 0.000000 0.000000 0.000000 0.000000 0.134277 0.007391 1.696013 2840.632917
0.858332 0.000000 0.000000 0.000000 0.000000 0.134277 0.007391 1.696013 2840.632917
0.858332 0.000000 0.000000 0.000000 0.000000 0.134277 0.007391 1.696013 2840.632917
0.858332 0.000000 0.000000 0.000000 0.000000 0.134277 0.007391 1.696013 2840.632917
0.858332 0.000000 0.000000 0.000000 0.000000 0.134277 0.007391 1.696013 2840.632917
0.858332 0.000000 0.000000 0.000000 0.000000 0.134277 0.007391 1.696013 2840.632917
0.858332 0.000000 0.000000 0.000000 0.000000 0.134277 0.007391 1.696013 2840.632917
0.858332 0.000000 0.000000 0.000000 0.000000 0.134277 0.007391 1.696013 2840.632917
0.858332 0.000000 0.000000 0.000000 0.000000 0.134277 0.007391 1.696013 2840.632917
0.858332 0.000000 0.000000 0.000000 0.000000 0.134277 0.007391 1.696013 2840.632917
0.858332 0.000000 0.000000 0.000000 0.000000 0.134277 0.007391 1.696013 2840.632917
0.858332 0.000000 0.000000 0.000000 0.000000 0.134277 0.007391 1.696013 2840.632917
0.858332 0.000000 0.000000 0.000000 0.000000 0.134277 0.007391 1.696013 2840.632917
0.858332 0.000000 0.000000 0.000000 0.000000 0.134277 0.007391 1.696013 2840.632917
0.858332 0.000000 0.000000 0.000000 0.000000 0.134277 0.007391 1.696013 2840.632917
0.858332 0.000000 0.000000 0.000000 0.000000 0.134277 0.007391 1.696013 2840.632917
0.858332 0.000000 0.000000 0.000000 0.000000 0.134277 0.007391 1.696013 2840.632917
0.858332 0.000000 0.000000 0.000000 0.000000 0.134277 0.007391 1.696013 2840.632917
0.858332 0.000000 0.000000 0.000000 0.000000 0.134277 0.007391 1.696013 2840.632917
0.858332 0.000000 0.000000 0.000000 0.000000 0.134277 0.007391 1.696013 2840.632917
0.858332 0.000000 0.000000 0.000000 0.000000 0.134277 0.007391 1.696013 2840.632917
0.858332 0.000000 0.000000 0.000000 0.000000 0.134277 0.007391 1.696013 2840.632917
0.858332 0.000000 0.000000 0.000000 0.000000 0.134277 0.007391 1.696013 2840.632917
0.858332 0.000000 0.000000 0.000000 0.000000 0.134277 0.007391 1.696013 2840.632917
0.858332 0.000000 0.000000 0.000000 0.000000 0.134277 0.007391 1.696013 2840.632917
0.858332 0.000000 0.000000 0.000000 0.000000 0.134277 0.007391 1.696013 2840.632917
0.858332 0.000000 0.000000 0.000000 0.000000 0.134277 0.007391 1.696013 2840.632917
0.858332 0.000000 0.000000 0.000000 0.000000 0.134277 0.007391 1.696013 2840.632917
0.858332 0.000000 0.000000 0.000000 0.000000 0.134277 0.007391 1.696013 2840.632917
0.858332 0.000000 0.000000 0.000000 0.000000 0.134277 0.007391 1.696013 2840.632917
0.858332 0.000000 0.000000 0.000000 0.000000 0.134277 0.007391 1.696013 2840.632917
0.858332 0.000000 0.000000 0.000000 0.000000 0.134277 0.007391 1.696013 2840.632917
0.858332 0.000000 0.000000 0.000000 0.000000 0.134277 0.007391 1.696013 2840.632917
0.858332 0.000000 0.000000 0.000000 0.000000 0.134277 0.007391 1.696013 2840.632917
0.858332 0.000000 0.000000 0.000000 0.000000 0.134277 0.007391 1.696013 2840.632917
0.858332 0.000000 0.000000 0.000000 0.000000 0.134277 0.007391 1.696013 2840.632917
0.858332 0.000000 0.000000 0.000000 0.000000 0.134277 0.007391 1.696013 2840.632917
0.858332 0.000000 0.000000 0.000000 0.000000 0.134277 0.007391 1.696013 2840.632917
0.858332 0.000000 0.000000 0.000000 0.000000 0.134277 0.007391 1.696013 2840.632917
0.858332 0.000000 0.000000 0.000000 0.000000 0.134277 0.007391 1.696013 2840.632917
0.858332 0.000000 0.000000 0.000000 0.000000 0.134277 0.007391 1.696013 2840.632917
0.858332 0.000000 0.000000 0.000000 0.000000 0.134277 0.007391 1.696013 2840.632917
0.858332 0.000000 0.000000 0.000000 0.000000 0.134277 0.007391 1.696013 2840.632917
0.858332 0.000000 0.000000 0.000000 0.000000 0.134277 0.007391 1.696013 2840.632917
0.858332 0.000000 0.000000 0.000000 0.000000 0.134277 0.007391 1.696013 2840.632917
0.858332 0.000000 0.000000 0.000000 0.000000 0.134277 0.007391 1.696013 2840.632917
0.858332 0.000000 0.000000 0.000000 0.000000 0.134277 0.007391 1.696013 2840.632917
0.858332 0.000000 0.000000 0.000000 0.000000 0.134277 0.007391 1.696013 2840.632917
0.858332 0.000000 0.000000 0.000000 0.000000 0.134277 0.007391 1.696013 2840.632917
0.858332 0.000000 0.000000 0.000000 0.000000 0.134277 0.007391 1.696013 2840.632917
0.858332 0.000000 0.000000 0.000000 0.000000 0.134277 0.007391 1.696013 2840.632917
0.858332 0.000000 0.000000 0.000000 0.000000 0.134277 0.007391 1.696013 2840.632917
0.858332 0.000000 0.000000 0.000000 0.000000 0.134277 0.007391 1.696013 2840.632917
0.858332 0.000000 0.000000 0.000000 0.000000 0.134277 0.007391 1.696013 2840.632917
0.858332 0.000000 0.000000 0.000000 0.000000 0.134277 0.007391 1.696013 2840.632917
0.858332 0.000000 0.000000 0.000000 0.000000 0.134277 0.007391 1.696013 2840.632917
0.858332 0.000000 0.000000 0.000000 0.000000 0.134277 0.007391 1.696013 2840.632917
0.858332 0.000000 0.000000 0.000000 0.000000 0.134277 0.007391 1.696013 2840.632917
0.858332 0.000000 0.000000 0.000000 0.000000 0.134277 0.007391 1.696013 2840.632917
0.858332 0.000000 0.000000 0.000000 0.000000 0.134277 0.007391 1.696013 2840.632917
0.858332 0.000000 0.000000 0.000000 0.000000 0.134277 0.007391 1.696013 2840.632917
0.858332 0.000000 0.000000 0.000000 0.000000 0.134277 0.007391 1.696013 2840.632917
0.858332 0.000000 0.000000 0.000000 0.000000 0.134277 0.007391 1.696013 2840.632917
0.858332 0.000000 0.000000 0.000000 0.000000 0.134277 0.007391 1.696013 2840.632917
0.858332 0.000000 0.000000 0.000000 0.000000 0.134277 0.007391 1.696013 2840.632917
0.858332 0.000000 0.000000 0.000000 0.000000 0.134277 0.007391 1.696013 2840.632917
0.858332 0.000000 0.000000 0.000000 0.000000 0.134277 0.007391 1.696013 2840.632917
0.858332 0.000000 0.000000 0.000000 0.000000 0.134277 0.007391 1.696013 2840.632917
0.858332 0.000000 0.000000 0.000000 0.000000 0.134277 0.007391 1.696013 2840.632917
0.858332 0.000000 0.000000 0.000000 0.000000 0.134277 0.007391 1.696013 2840.632917
0.858332 0.000000 0.000000 0.000000 0.000000 0.134277 0.007391 1.696013 2840.632917
0.858332 0.000000 0.000000 0.000000 0.000000 0.134277 0.007391 1.696013 2840.632917
0.858332 0.000000 0.000000 0.000000 0.000000 0.134277 0.007391 1.696013 2840.632917
0.858332 0.000000 0.000000 0.000000 0.000000 0.134277 0.007391 1.696013 2840.632917
0.858332 0.000000 0.000000 0.000000 0.000000 0.134277 0.007391 1.696013 2840.632917
0.858332 0.000000 0.000000 0.000000 0.000000 0.134277 0.007391 1.696013 2840.632917
0.858332 0.000000 0.000000 0.000000 0.000000 0.134277 0.007391 1.696013 2840.632917
0.858332 0.000000 0.000000 0.000000 0.000000 0.134277 0.007391 1.696013 2840.632917
0.858332 0.000000 0.000000 0.000000 0.000000 0.134277 0.007391 1.696013 2840.632917
0.858332 0.000000 0.000000 0.000000 0.000000 0.134277 0.007391 1.696013 2840.632917
0.858332 0.000000 0.000000 0.000000 0.000000 0.134277 0.007391 1.696013 2840.632917
0.858332 0.000000 0.000000 0.000000 0.000000 0.134277 0.007391 1.696013 2840.632917
0.858332 0.000000 0.000000 0.000000 0.000000 0.134277 0.007391 1.696013 2840.632917
0.858332 0.000000 0.000000 0.000000 0.000000 0.134277 0.007391 1.696013 2840.632917
0.858332 0.000000 0.000000 0.000000 0.000000 0.134277 0.007391 1.696013 2840.632917
0.858332 0.000000 0.000000 0.000000 0.000000 0.134277 0.007391 1.696013 2840.632917
0.858332 0.000000 0.000000 0.000000 0.000000 0.134277 0.007391 1.696013 2840.632917
0.858332 0.000000 0.000000 0.000000 0.000000 0.134277 0.007391 1.696013 2840.632917
0.858332 0.000000 0.000000 0.000000 0.000000 0.134277 0.007391 1.696013 2840.632917
0.858332 0.000000 0.000000 0.000000 0.000000 0.134277 0.007391 1.696013 2840.632917
0.858332 0.000000 0.000000 0.000000 0.000000 0.134277 0.007391 1.696013 2840.632917
0.858332 0.000000 0.000000 0.000000 0.000000 0.134277 0.007391 1.696013 2840.632917
0.858332 0.000000 0.000000 0.000000 0.000000 0.134277 0.007391 1.696013 2840.632917
0.858332 0.000000 0.000000 0.000000 0.000000 0.134277 0.007391 1.696013 2840.632917
0.858332 0.000000 0.000000 0.000000 0.000000 0.134277 0.007391 1.696013 2840.632917
0.858332 0.000000 0.000000 0.000000 0.000000 0.134277 0.007391 1.696013 2840.632917
0.858332 0.000000 0.000000 0.000000 0.000000 0.134277 0.007391 1.696013 2840.632917
0.858332 0.000000 0.000000 0.000000 0.000000 0.134277 0.007391 1.696013 2840.632917
0.858332 0.000000 0.000000 0.000000 0.000000 0.134277 0.007391 1.696013 2840.632917
0.858332 0.000000 0.000000 0.000000 0.000000 0.134277 0.007391 1.696013 2840.632917
0.858332 0.000000 0.000000 0.000000 0.000000 0.134277 0.007391 1.696013 2840.632917
0.858332 0.000000 0.000000 0.000000 0.000000 0.134277 0.007391 1.696013 2840.632917
0.858332 0.000000 0.000000 0.000000 0.000000 0.134277 0.007391 1.696013 2840.632917
0.858332 0.000000 0.000000 0.000000 0.000000 0.134277 0.007391 1.696013 2840.632917
0.858332 0.000000 0.000000 0.000000 0.000000 0.134277 0.007391 1.696013 2840.632917
0.858332 0.000000 0.000000 0.000000 0.000000 0.134277 0.007391 1.696013 2840.632917
0.858332 0.000000 0.000000 0.000000 0.000000 0.134277 0.007391 1.696013 2840.632917
0.858332 0.000000 0.000000 0.000000 0.000000 0.134277 0.007391 1.696013 2840.632917
0.858332 0.000000 0.000000 0.000000 0.000000 0.134277 0.007391 1.696013 2840.632917
0.858332 0.000000 0.000000 0.000000 0.000000 0.134277 0.007391 1.696013 2840.632917
0.858332 0.000000 0.000000 0.000000 0.000000 0.134277 0.007391 1.696013 2840.632917
0.858332 0.000000 0.000000 0.000000 0.000000 0.134277 0.007391 1.696013 2840.632917
0.858332 0.000000 0.000000 0.000000 0.000000 0.134277 0.007391 1.696013 2840.632917
0.858332 0.000000 0.000000 0.000000 0.000000 0.134277 0.007391 1.696013 2840.632917
0.858332 0.000000 0.000000 0.000000 0.000000 0.134277 0.007391 1.696013 2840.632917
0.858332 0.000000 0.000000 0.000000 0.000000 0.134277 0.007391 1.696013 2840.632917
0.858332 0.000000 0.000000 0.000000 0.000000 0.134277 0.007391 1.696013 2840.632917
0.858332 0.000000 0.000000 0.000000 0.000000 0.134277 0.007391 1.696013 2840.632917
0.858332 0.000000 0.000000 0.000000 0.000000 0.134277 0.007391 1.696013 2840.632917
0.858332 0.000000 0.000000 0.000000 0.000000 0.134277 0.007391 1.696013 2840.632917
0.858332 0.000000 0.000000 0.000000 0.000000 0.134277 0.007391 1.696013 2840.632917
0.858332 0.000000 0.000000 0.000000 0.000000 0.134277 0.007391 1.696013 2840.632917
0.858332 0.000000 0.000000 0.000000 0.000000 0.134277 0.007391 1.696013 2840.632917
0.858332 0.000000 0.000000 0.000000 0.000000 0.134277 0.007391 1.696013 2840.632917
0.858332 0.000000 0.000000 0.000000 0.000000 0.134277 0.007391 1.696013 2840.632917
0.858332 0.000000 0.000000 0.000000 0.000000 0.134277 0.007391 1.696013 2840.632917
0.858332 0.000000 0.000000 0.000000 0.000000 0.134277 0.007391 1.696013 2840.632917
0.858332 0.000000 0.000000 0.000000 0.000000 0.134277 0.007391 1.696013 2840.632917
0.858332 0.000000 0.000000 0.000000 0.000000 0.134277 0.007391 1.696013 2840.632917
0.858332 0.000000 0.000000 0.000000 0.000000 0.134277 0.007391 1.696013 2840.632917
0.858332 0.000000 0.000000 0.000000 0.000000 0.134277 0.007391 1.696013 2840.632917
0.858332 0.000000 0.000000 0.000000 0.000000 0.134277 0.007391 1.696013 2840.632917
0.858332 0.000000 0.000000 0.000000 0.000000 0.134277 0.007391 1.696013 2840.632917
0.858332 0.000000 0.000000 0.000000 0.000000 0.134277 0.007391 1.696013 2840.632917
0.858332 0.000000 0.000000 0.000000 0.000000 0.134277 0.007391 1.696013 2840.632917
0.858332 0.000000 0.000000 0.000000 0.000000 0.134277 0.007391 1.696013 2840.632917
0.858332 0.000000 0.000000 0.000000 0.000000 0.134277 0.007391 1.696013 2840.632917
0.858332 0.000000 0.000000 0.000000 0.000000 0.134277 0.007391 1.696013 2840.632917
0.858332 0.000000 0.000000 0.000000 0.000000 0.134277 0.007391 1.696013 2840.632917
0.858332 0.000000 0.000000 0.000000 0.000000 0.134277 0.007391 1.696013 2840.632917
0.858332 0.000000 0.000000 0.000000 0.000000 0.134277 0.007391 1.696013 2840.632917
0.858332 0.000000 0.000000 0.000000 0.000000 0.134277 0.007391 1.696013 2840.632917
0.858332 0.000000 0.000000 0.000000 0.000000 0.134277 0.007391 1.696013 2840.632917
0.858332 0.000000 0.000000 0.000000 0.000000 0.134277 0.007391 1.696013 2840.632917
0.858332 0.000000 0.000000 0.000000 0.000000 0.134277 0.007391 1.696013 2840.632917
0.858332 0.000000 0.000000 0.000000 0.000000 0.134277 0.007391 1.696013 2840.632917
0.858332 0.000000 0.000000 0.000000 0.000000 0.134277 0.007391 1.696013 2840.632917
0.858332 0.000000 0.000000 0.000000 0.000000 0.134277 0.007391 1.696013 2840.632917
0.858332 0.000000 0.000000 0.000000 0.000000 0.134277 0.007391 1.696013 2840.632917
0.858332 0.000000 0.000000 0.000000 0.000000 0.134277 0.007391 1.696013 2840.632917
0.858332 0.000000 0.000000 0.000000 0.000000 0.134277 0.007391 1.696013 2840.632917
0.858332 0.000000 0.000000 0.000000 0.000000 0.134277 0.007391 1.696013 2840.632917
0.858332 0.000000 0.000000 0.000000 0.000000 0.134277 0.007391 1.696013 2840.632917
0.858332 0.000000 0.000000 0.000000 0.000000 0.134277 0.007391 1.696013 2840.632917
0.858332 0.000000 0.000000 0.000000 0.000000 0.134277 0.007391 1.696013 2840.632917
0.858332 0.000000 0.000000 0.000000 0.000000 0.134277 0.007391 1.696013 2840.632917
0.858332 0.000000 0.000000 0.000000 0.000000 0.134277 0.007391 1.696013 2840.632917
0.858332 0.000000 0.000000 0.000000 0.000000 0.134277 0.007391 1.696013 2840.632917
0.858332 0.000000 0.000000 0.000000 0.000000 0.134277 0.007391 1.696013 2840.632917
0.858332 0.000000 0.000000 0.000000 0.000000 0.134277 0.007391 1.696013 2840.632917
0.858332 0.000000 0.000000 0.000000 0.000000 0.134277 0.007391 1.696013 2840.632917
0.858332 0.000000 0.000000 0.000000 0.000000 0.134277 0.007391 1.696013 2840.632917
0.858332 0.000000 0.000000 0.000000 0.000000 0.134277 0.007391 1.696013 2840.632917
0.858332 0.000000 0.000000 0.000000 0.000000 0.134277 0.007391 1.696013 2840.632917
0.858332 0.000000 0.000000 0.000000 0.000000 0.134277 0.007391 1.696013 2840.632917
0.858332 0.000000 0.000000 0.000000 0.000000 0.134277 0.007391 1.696013 2840.632917
0.858332 0.000000 0.000000 0.000000 0.000000 0.134277 0.007391 1.696013 2840.632917
0.858332 0.000000 0.000000 0.000000 0.000000 0.134277 0.007391 1.696013 2840.632917
0.858332 0.000000 0.000000 0.000000 0.000000 0.134277 0.007391 1.696013 2840.632917
0.858332 0.000000 0.000000 0.000000 0.000000 0.134277 0.007391 1.696013 2840.632917
0.858332 0.000000 0.000000 0.000000 0.000000 0.134277 0.007391 1.696013 2840.632917
0.858332 0.000000 0.000000 0.000000 0.000000 0.134277 0.007391 1.696013 2840.632917
0.858332 0.000000 0.000000 0.000000 0.000000 0.134277 0.007391 1.696013 2840.632917
0.858332 0.000000 0.000000 0.000000 0.000000 0.134277 0.007391 1.696013 2840.632917
0.858332 0.000000 0.000000 0.000000 0.000000 0.134277 0.007391 1.696013 2840.632917
0.858332 0.000000 0.000000 0.000000 0.000000 0.134277 0.007391 1.696013 2840.632917
0.858332 0.000000 0.000000 0.000000 0.000000 0.134277 0.007391 1.696013 2840.632917
0.858332 0.000000 0.000000 0.000000 0.000000 0.134277 0.007391 1.696013 2840.632917
0.858332 0.000000 0.000000 0.000000 0.000000 0.134277 0.007391 1.696013 2840.632917
0.858332 0.000000 0.000000 0.000000 0.000000 0.134277 0.007391 1.696013 2840.632917
0.858332 0.000000 0.000000 0.000000 0.000000 0.134277 0.007391 1.696013 2840.632917
0.858332 0.000000 0.000000 0.000000 0.000000 0.134277 0.007391 1.696013 2840.632917
0.858332 0.000000 0.000000 0.000000 0.000000 0.134277 0.007391 1.696013 2840.632917
0.858332 0.000000 0.000000 0.000000 0.000000 0.134277 0.007391 1.696013 2840.632917
0.858332 0.000000 0.000000 0.000000 0.000000 0.134277 0.007391 1.696013 2840.632917
0.858332 0.000000 0.000000 0.000000 0.000000 0.134277 0.007391 1.696013 2840.632917
0.858332 0.000000 0.000000 0.000000 0.000000 0.134277 0.007391 1.696013 2840.632917
0.858332 0.000000 0.000000 0.000000 0.000000 0.134277 0.007391 1.696013 2840.632917
0.858332 0.000000 0.000000 0.000000 0.000000 0.134277 0.007391 1.696013 2840.632917
0.858332 0.000000 0.000000 0.000000 0.000000 0.134277 0.007391 1.696013 2840.632917
0.858332 0.000000 0.000000 0.000000 0.000000 0.134277 0.007391 1.696013 2840.632917
0.858332 0.000000 0.000000 0.000000 0.000000 0.134277 0.007391 1.696013 2840.632917
0.858332 0.000000 0.000000 0.000000 0.000000 0.134277 0.007391 1.696013 2840.632917
0.858332 0.000000 0.000000 0.000000 0.000000 0.134277 0.007391 1.696013 2840.632917
0.858332 0.000000 0.000000 0.000000 0.000000 0.134277 0.007391 1.696013 2840.632917
0.858332 0.000000 0.000000 0.000000 0.000000 0.134277 0.007391 1.696013 2840.632917
0.858332 0.000000 0.000000 0.000000 0.000000 0.134277 0.007391 1.696013 2840.632917
0.858332 0.000000 0.000000 0.000000 0.000000 0.134277 0.007391 1.696013 2840.632917
0.858332 0.000000 0.000000 0.000000 0.000000 0.134277 0.007391 1.696013 2840.632917
0.858332 0.000000 0.000000 0.000000 0.000000 0.134277 0.007391 1.696013 2840.632917
0.858332 0.000000 0.000000 0.000000 0.000000 0.134277 0.007391 1.696013 2840.632917
0.858332 0.000000 0.000000 0.000000 0.000000 0.134277 0.007391 1.696013 2840.632917
0.858332 0.000000 0.000000 0.000000 0.000000 0.134277 0.007391 1.696013 2840.632917
0.858332 0.000000 0.000000 0.000000 0.000000 0.134277 0.007391 1.696013 2840.632917
0.858332 0.000000 0.000000 0.000000 0.000000 0.134277 0.007391 1.696013 2840.632917
0.858332 0.000000 0.000000 0.000000 0.000000 0.134277 0.007391 1.696013 2840.632917
0.858332 0.000000 0.000000 0.000000 0.000000 0.134277 0.007391 1.696013 2840.632917
0.858332 0.000000 0.000000 0.000000 0.000000 0.134277 0.007391 1.696013 2840.632917
0.858332 0.000000 0.000000 0.000000 0.000000 0.134277 0.007391 1.696013 2840.632917
0.858332 0.000000 0.000000 0.000000 0.000000 0.134277 0.007391 1.696013 2840.632917
0.858332 0.000000 0.000000 0.000000 0.000000 0.134277 0.007391 1.696013 2840.632917
0.858332 0.000000 0.000000 0.000000 0.000000 0.134277 0.007391 1.696013 2840.632917
0.858332 0.000000 0.000000 0.000000 0.000000 0.134277 0.007391 1.696013 2840.632917
0.858332 0.000000 0.000000 0.000000 0.000000 0.134277 0.007391 1.696013 2840.632917
0.858332 0.000000 0.000000 0.000000 0.000000 0.134277 0.007391 1.696013 2840.632917
0.858332 0.000000 0.000000 0.000000 0.000000 0.134277 0.007391 1.696013 2840.632917
0.858332 0.000000 0.000000 0.000000 0.000000 0.134277 0.007391 1.696013 2840.632917
0.858332 0.000000 0.000000 0.000000 0.000000 0.134277 0.007391 1.696013 2840.632917
0.858332 0.000000 0.000000 0.000000 0.000000 0.134277 0.007391 1.696013 2840.632917
0.858332 0.000000 0.000000 0.000000 0.000000 0.134277 0.007391 1.696013 2840.632917
0.858332 0.000000 0.000000 0.000000 0.000000 0.134277 0.007391 1.696013 2840.632917
0.858332 0.000000 0.000000 0.000000 0.000000 0.134277 0.007391 1.696013 2840.632917
0.858332 0.000000 0.000000 0.000000 0.000000 0.134277 0.007391 1.696013 2840.632917
0.858332 0.000000 0.000000 0.000000 0.000000 0.134277 0.007391 1.696013 2840.632917
0.858332 0.000000 0.000000 0.000000 0.000000 0.134277 0.007391 1.696013 2840.632917
0.858332 0.000000 0.000000 0.000000 0.000000 0.134277 0.007391 1.696013 2840.632917
0.858332 0.000000 0.000000 0.000000 0.000000 0.134277 0.007391 1.696013 2840.632917
0.858332 0.000000 0.000000 0.000000 0.000000 0.134277 0.007391 1.696013 2840.632917
0.858332 0.000000 0.000000 0.000000 0.000000 0.134277 0.007391 1.696013 2840.632917
0.858332 0.000000 0.000000 0.000000 0.000000 0.134277 0.007391 1.696013 2840.632917
0.858332 0.000000 0.000000 0.000000 0.000000 0.134277 0.007391 1.696013 2840.632917
0.858332 0.000000 0.000000 0.000000 0.000000 0.134277 0.007391 1.696013 2840.632917
0.858332 0.000000 0.000000 0.000000 0.000000 0.134277 0.007391 1.696013 2840.632917
0.858332 0.000000 0.000000 0.000000 0.000000 0.134277 0.007391 1.696013 2840.632917
