0.340764 0.063446 0.056073 0.031920 0.002070 0.499830 0.005897 1.636609 2079.444251
0.342099 0.062269 0.057232 0.030636 0.002063 0.499775 0.005926 1.642740 2090.444564
0.344954 0.059539 0.058231 0.029479 0.002056 0.499786 0.005955 1.648791 2102.011669
0.348803 0.056269 0.058836 0.028332 0.002052 0.499725 0.005983 1.654492 2112.230060
0.353256 0.052800 0.059047 0.027208 0.002045 0.499635 0.006010 1.659803 2122.239489
0.358057 0.049228 0.059002 0.026116 0.002030 0.499529 0.006038 1.664802 2133.106555
0.363100 0.045780 0.058706 0.025045 0.002012 0.499300 0.006057 1.669412 2143.877805
0.368330 0.042384 0.058148 0.023991 0.001996 0.499069 0.006083 1.673771 2153.722111
0.373845 0.039141 0.057349 0.022934 0.001981 0.498644 0.006106 1.677763 2163.313491
0.379510 0.036036 0.056356 0.021961 0.001958 0.498047 0.006133 1.681493 2173.853484
0.385212 0.033178 0.055194 0.021005 0.001931 0.497322 0.006158 1.684886 2184.584320
0.391022 0.030481 0.053923 0.020070 0.001909 0.496412 0.006183 1.688024 2195.193557
0.396865 0.028018 0.052527 0.019170 0.001873 0.495341 0.006206 1.690876 2206.337198
0.402754 0.025721 0.051025 0.018267 0.001853 0.494150 0.006230 1.693505 2216.402231
0.408620 0.023542 0.049492 0.017368 0.001827 0.492896 0.006254 1.695975 2226.276246
0.414524 0.021559 0.047888 0.016531 0.001800 0.491419 0.006280 1.698206 2235.786778
0.420484 0.019748 0.046211 0.015707 0.001779 0.489768 0.006304 1.700234 2243.780722
0.426325 0.018106 0.044470 0.014952 0.001749 0.488072 0.006328 1.702079 2253.359502
0.432200 0.016589 0.042704 0.014206 0.001728 0.486226 0.006347 1.703758 2263.300901
0.438105 0.015224 0.040919 0.013523 0.001701 0.484163 0.006366 1.705274 2273.695694
0.444058 0.013898 0.039287 0.012873 0.001672 0.481822 0.006390 1.706728 2284.042815
0.449988 0.012706 0.037620 0.012217 0.001643 0.479414 0.006411 1.708041 2294.369007
0.455868 0.011592 0.035973 0.011567 0.001605 0.476961 0.006433 1.709262 2305.696233
0.461689 0.010598 0.034362 0.010942 0.001568 0.474386 0.006455 1.710364 2315.862065
0.467455 0.009670 0.032774 0.010352 0.001540 0.471732 0.006476 1.711382 2323.998810
0.473313 0.008841 0.031291 0.009782 0.001516 0.468765 0.006493 1.712292 2333.488118
0.479068 0.008068 0.029800 0.009278 0.001483 0.465792 0.006510 1.713133 2342.420960
0.484777 0.007406 0.028322 0.008775 0.001452 0.462741 0.006527 1.713863 2350.934686
0.490445 0.006788 0.026892 0.008275 0.001415 0.459636 0.006549 1.714544 2360.838465
0.496107 0.006219 0.025517 0.007833 0.001383 0.456378 0.006562 1.715174 2370.164952
0.501700 0.005686 0.024219 0.007394 0.001345 0.453078 0.006577 1.715765 2379.103426
0.507293 0.005223 0.022954 0.006988 0.001307 0.449640 0.006595 1.716285 2388.771604
0.512802 0.004767 0.021759 0.006575 0.001273 0.446211 0.006612 1.716783 2397.215909
0.518290 0.004367 0.020619 0.006204 0.001244 0.442647 0.006629 1.717222 2406.170457
0.523743 0.004008 0.019511 0.005832 0.001212 0.439046 0.006648 1.717624 2414.751173
0.529185 0.003676 0.018448 0.005501 0.001176 0.435352 0.006663 1.717995 2423.835247
0.534563 0.003358 0.017459 0.005185 0.001147 0.431611 0.006679 1.718350 2431.990172
0.539973 0.003071 0.016506 0.004885 0.001116 0.427756 0.006694 1.718668 2439.956434
0.545276 0.002812 0.015590 0.004598 0.001091 0.423922 0.006710 1.718957 2447.758732
0.550513 0.002577 0.014710 0.004322 0.001062 0.420095 0.006721 1.719221 2456.431549
0.555678 0.002376 0.013869 0.004061 0.001031 0.416249 0.006735 1.719447 2465.469302
0.560795 0.002182 0.013080 0.003820 0.000997 0.412377 0.006749 1.719664 2473.440182
0.565913 0.002000 0.012318 0.003586 0.000972 0.408450 0.006761 1.719868 2480.361312
0.570956 0.001844 0.011609 0.003370 0.000947 0.404503 0.006772 1.720049 2488.249017
0.575981 0.001693 0.010936 0.003178 0.000925 0.400506 0.006781 1.720221 2494.541936
0.580946 0.001553 0.010320 0.002979 0.000896 0.396508 0.006798 1.720382 2502.387324
0.585846 0.001417 0.009725 0.002790 0.000870 0.392542 0.006810 1.720533 2509.382419
0.590718 0.001297 0.009161 0.002626 0.000842 0.388536 0.006820 1.720668 2516.635520
0.595504 0.001189 0.008614 0.002467 0.000822 0.384573 0.006832 1.720792 2522.966663
0.600333 0.001097 0.008105 0.002317 0.000795 0.380508 0.006845 1.720898 2530.839274
0.604999 0.001014 0.007648 0.002182 0.000768 0.376534 0.006854 1.720998 2538.021618
0.609611 0.000940 0.007206 0.002041 0.000743 0.372593 0.006866 1.721086 2544.747541
0.614274 0.000862 0.006779 0.001918 0.000723 0.368570 0.006875 1.721179 2550.750128
0.618859 0.000792 0.006380 0.001805 0.000695 0.364582 0.006888 1.721260 2557.651539
0.623378 0.000730 0.006005 0.001688 0.000672 0.360628 0.006898 1.721335 2564.528783
0.627870 0.000667 0.005644 0.001588 0.000652 0.356669 0.006909 1.721409 2570.645553
0.632306 0.000621 0.005292 0.001488 0.000627 0.352745 0.006921 1.721469 2577.125249
0.636648 0.000576 0.004983 0.001396 0.000611 0.348859 0.006928 1.721523 2581.934661
0.640928 0.000527 0.004668 0.001306 0.000589 0.345046 0.006937 1.721580 2588.295251
0.645209 0.000487 0.004383 0.001229 0.000566 0.341182 0.006944 1.721629 2594.891495
0.649475 0.000448 0.004113 0.001157 0.000550 0.337306 0.006952 1.721674 2599.734298
0.653638 0.000415 0.003854 0.001083 0.000529 0.333521 0.006960 1.721713 2605.624103
0.657812 0.000386 0.003633 0.001015 0.000512 0.329674 0.006967 1.721750 2610.569999
0.661905 0.000358 0.003414 0.000960 0.000493 0.325897 0.006974 1.721787 2616.720665
0.665996 0.000334 0.003202 0.000900 0.000475 0.322112 0.006981 1.721820 2622.661611
0.669973 0.000309 0.003008 0.000840 0.000459 0.318422 0.006988 1.721852 2627.388023
0.673906 0.000288 0.002830 0.000788 0.000444 0.314748 0.006995 1.721881 2632.620025
0.677772 0.000271 0.002648 0.000734 0.000429 0.311146 0.007001 1.721905 2636.964333
0.681610 0.000253 0.002488 0.000691 0.000412 0.307540 0.007008 1.721929 2642.650247
0.685394 0.000238 0.002343 0.000642 0.000398 0.303972 0.007014 1.721951 2647.234484
0.689226 0.000223 0.002189 0.000604 0.000386 0.300356 0.007017 1.721972 2651.652625
0.692934 0.000210 0.002051 0.000564 0.000372 0.296847 0.007023 1.721990 2656.141287
0.696589 0.000191 0.001917 0.000533 0.000357 0.293384 0.007029 1.722013 2660.923509
0.700238 0.000177 0.001810 0.000503 0.000345 0.289895 0.007033 1.722034 2665.567678
0.703836 0.000164 0.001691 0.000472 0.000330 0.286468 0.007040 1.722051 2669.752086
0.707401 0.000152 0.001590 0.000442 0.000316 0.283055 0.007046 1.722066 2674.869656
0.710896 0.000143 0.001491 0.000411 0.000304 0.279704 0.007050 1.722079 2678.951800
0.714345 0.000135 0.001401 0.000382 0.000292 0.276391 0.007056 1.722091 2683.404077
0.717740 0.000124 0.001306 0.000364 0.000284 0.273121 0.007060 1.722104 2686.981332
0.721114 0.000114 0.001225 0.000344 0.000278 0.269862 0.007062 1.722116 2689.062753
0.724494 0.000107 0.001150 0.000324 0.000267 0.266591 0.007067 1.722126 2693.070245
0.727815 0.000098 0.001078 0.000307 0.000258 0.263374 0.007070 1.722138 2696.122564
0.731119 0.000092 0.001015 0.000290 0.000247 0.260161 0.007076 1.722147 2699.941205
0.734305 0.000086 0.000950 0.000273 0.000239 0.257069 0.007079 1.722155 2702.794363
0.737467 0.000080 0.000890 0.000257 0.000235 0.253989 0.007081 1.722164 2704.522494
0.740642 0.000075 0.000830 0.000238 0.000226 0.250904 0.007085 1.722171 2707.587380
0.743752 0.000070 0.000775 0.000227 0.000217 0.247870 0.007088 1.722177 2710.663644
0.746866 0.000066 0.000727 0.000212 0.000211 0.244828 0.007090 1.722182 2712.755721
0.749884 0.000063 0.000685 0.000198 0.000206 0.241872 0.007093 1.722187 2715.066558
0.752898 0.000060 0.000648 0.000182 0.000197 0.238919 0.007096 1.722193 2718.205539
0.755873 0.000056 0.000610 0.000172 0.000190 0.235998 0.007100 1.722199 2721.140080
0.758792 0.000053 0.000571 0.000162 0.000183 0.233137 0.007102 1.722204 2724.099790
0.761703 0.000049 0.000532 0.000153 0.000177 0.230282 0.007105 1.722209 2726.252245
0.764537 0.000045 0.000501 0.000141 0.000171 0.227498 0.007106 1.722214 2728.298231
0.767354 0.000043 0.000470 0.000134 0.000167 0.224724 0.007109 1.722218 2730.086523
0.770188 0.000040 0.000440 0.000124 0.000161 0.221938 0.007109 1.722221 2732.629713
0.772970 0.000037 0.000411 0.000114 0.000156 0.219201 0.007111 1.722226 2734.690832
0.775717 0.000034 0.000384 0.000107 0.000153 0.216493 0.007112 1.722230 2736.558167
0.778402 0.000032 0.000366 0.000102 0.000147 0.213837 0.007115 1.722234 2739.066017
0.781056 0.000030 0.000345 0.000095 0.000142 0.211214 0.007117 1.722238 2740.842663
0.783695 0.000027 0.000319 0.000087 0.000138 0.208614 0.007119 1.722241 2742.431266
0.786223 0.000026 0.000299 0.000084 0.000134 0.206114 0.007121 1.722243 2744.124100
0.788777 0.000024 0.000278 0.000081 0.000128 0.203589 0.007123 1.722247 2746.788373
0.791273 0.000024 0.000262 0.000076 0.000123 0.201118 0.007125 1.722249 2748.917023
0.793765 0.000023 0.000245 0.000070 0.000119 0.198651 0.007127 1.722251 2750.680791
0.796196 0.000021 0.000228 0.000066 0.000116 0.196245 0.007128 1.722253 2751.933023
0.798545 0.000021 0.000210 0.000061 0.000113 0.193920 0.007130 1.722255 2753.120671
0.800863 0.000022 0.000194 0.000058 0.000109 0.191624 0.007131 1.722257 2755.160387
0.803131 0.000021 0.000188 0.000054 0.000106 0.189369 0.007132 1.722259 2756.322744
0.805366 0.000020 0.000180 0.000049 0.000101 0.187151 0.007134 1.722261 2758.833551
0.807548 0.000016 0.000169 0.000047 0.000097 0.184986 0.007136 1.722265 2760.690427
0.809737 0.000015 0.000161 0.000044 0.000093 0.182812 0.007138 1.722267 2762.794894
0.811862 0.000014 0.000152 0.000042 0.000089 0.180700 0.007140 1.722268 2764.211311
0.813980 0.000014 0.000144 0.000039 0.000085 0.178595 0.007142 1.722269 2766.183364
0.816004 0.000014 0.000133 0.000038 0.000082 0.176586 0.007144 1.722270 2768.206888
0.817980 0.000013 0.000124 0.000036 0.000078 0.174622 0.007146 1.722271 2769.742100
0.819873 0.000013 0.000117 0.000032 0.000075 0.172744 0.007147 1.722273 2771.441525
0.821786 0.000012 0.000107 0.000029 0.000071 0.170846 0.007148 1.722274 2773.228117
0.823565 0.000011 0.000102 0.000025 0.000069 0.169078 0.007150 1.722276 2774.457999
0.825318 0.000009 0.000093 0.000025 0.000065 0.167337 0.007152 1.722277 2776.183534
0.826991 0.000009 0.000089 0.000023 0.000063 0.165673 0.007153 1.722278 2777.269829
0.828656 0.000008 0.000082 0.000022 0.000061 0.164019 0.007153 1.722279 2778.138902
0.830259 0.000007 0.000079 0.000021 0.000058 0.162421 0.007154 1.722280 2779.782986
0.831789 0.000006 0.000076 0.000020 0.000055 0.160899 0.007155 1.722282 2780.895309
0.833267 0.000006 0.000070 0.000019 0.000052 0.159428 0.007157 1.722282 2782.692817
0.834697 0.000006 0.000065 0.000018 0.000049 0.158007 0.007158 1.722282 2784.104129
0.836065 0.000006 0.000058 0.000017 0.000048 0.156649 0.007159 1.722283 2784.967119
0.837358 0.000006 0.000053 0.000015 0.000045 0.155363 0.007159 1.722283 2786.159427
0.838611 0.000006 0.000047 0.000014 0.000044 0.154119 0.007160 1.722283 2786.757538
0.839793 0.000005 0.000046 0.000013 0.000042 0.152940 0.007161 1.722284 2787.555827
0.840929 0.000005 0.000042 0.000012 0.000041 0.151810 0.007161 1.722284 2788.309947
0.842019 0.000005 0.000040 0.000011 0.000039 0.150724 0.007162 1.722284 2789.056714
0.843092 0.000005 0.000037 0.000011 0.000037 0.149655 0.007163 1.722285 2790.209496
0.844109 0.000005 0.000035 0.000010 0.000035 0.148641 0.007164 1.722285 2790.986633
0.845122 0.000005 0.000032 0.000009 0.000034 0.147633 0.007165 1.722285 2791.827942
0.846013 0.000005 0.000029 0.000007 0.000033 0.146747 0.007166 1.722286 2792.568349
0.846881 0.000004 0.000028 0.000006 0.000031 0.145882 0.007167 1.722286 2793.377258
0.847717 0.000004 0.000026 0.000006 0.000030 0.145048 0.007168 1.722286 2794.066103
0.848496 0.000003 0.000025 0.000006 0.000029 0.144271 0.007168 1.722287 2794.527661
0.849242 0.000003 0.000023 0.000006 0.000029 0.143528 0.007168 1.722287 2794.716314
0.849922 0.000003 0.000023 0.000005 0.000027 0.142852 0.007168 1.722288 2795.245558
0.850603 0.000003 0.000022 0.000005 0.000027 0.142172 0.007168 1.722288 2795.500468
0.851227 0.000003 0.000021 0.000005 0.000027 0.141549 0.007168 1.722288 2795.764406
0.851851 0.000003 0.000021 0.000004 0.000026 0.140927 0.007169 1.722288 2796.264496
0.852453 0.000002 0.000021 0.000004 0.000026 0.140327 0.007169 1.722288 2796.562312
0.853035 0.000002 0.000019 0.000003 0.000024 0.139748 0.007169 1.722288 2797.536667
0.853589 0.000002 0.000020 0.000002 0.000024 0.139194 0.007169 1.722289 2797.700607
0.854103 0.000002 0.000019 0.000002 0.000023 0.138681 0.007170 1.722289 2798.140022
0.854588 0.000002 0.000017 0.000002 0.000022 0.138200 0.007170 1.722289 2799.016958
0.855040 0.000002 0.000016 0.000002 0.000021 0.137749 0.007170 1.722289 2799.843273
0.855498 0.000002 0.000015 0.000002 0.000020 0.137292 0.007171 1.722289 2800.217516
0.855926 0.000002 0.000014 0.000002 0.000019 0.136866 0.007172 1.722290 2801.003014
0.856317 0.000002 0.000013 0.000002 0.000018 0.136476 0.007173 1.722290 2801.833414
0.856692 0.000002 0.000012 0.000002 0.000017 0.136102 0.007173 1.722290 2802.133050
0.857062 0.000002 0.000012 0.000002 0.000017 0.135733 0.007173 1.722290 2802.385912
0.857411 0.000002 0.000012 0.000001 0.000016 0.135384 0.007174 1.722290 2802.990473
0.857742 0.000002 0.000012 0.000001 0.000016 0.135054 0.007174 1.722290 2803.334858
0.858057 0.000002 0.000010 0.000001 0.000014 0.134741 0.007175 1.722290 2804.282747
0.858337 0.000002 0.000009 0.000000 0.000013 0.134463 0.007175 1.722290 2804.414458
0.858609 0.000002 0.000008 0.000000 0.000013 0.134191 0.007175 1.722290 2804.537131
0.858875 0.000002 0.000008 0.000000 0.000013 0.133926 0.007175 1.722290 2804.788307
0.859124 0.000002 0.000007 0.000000 0.000012 0.133679 0.007175 1.722290 2805.017197
0.859365 0.000002 0.000007 0.000000 0.000012 0.133438 0.007176 1.722291 2805.090744
0.859594 0.000002 0.000006 0.000000 0.000011 0.133211 0.007176 1.722291 2805.293160
0.859779 0.000002 0.000005 0.000000 0.000011 0.133027 0.007176 1.722291 2805.667937
0.859962 0.000002 0.000005 0.000000 0.000010 0.132845 0.007176 1.722291 2805.885490
0.860145 0.000002 0.000005 0.000000 0.000010 0.132662 0.007176 1.722291 2805.965175
0.860323 0.000002 0.000005 0.000000 0.000010 0.132485 0.007176 1.722291 2805.965175
0.860482 0.000002 0.000005 0.000000 0.000009 0.132326 0.007177 1.722291 2806.433214
0.860626 0.000002 0.000005 0.000000 0.000008 0.132182 0.007177 1.722291 2807.142812
0.860768 0.000002 0.000005 0.000000 0.000008 0.132041 0.007177 1.722291 2807.142812
0.860901 0.000002 0.000004 0.000000 0.000008 0.131908 0.007177 1.722291 2807.304864
0.861034 0.000002 0.000004 0.000000 0.000007 0.131775 0.007178 1.722291 2807.711500
0.861154 0.000002 0.000004 0.000000 0.000007 0.131656 0.007178 1.722291 2807.711500
0.861267 0.000002 0.000004 0.000000 0.000007 0.131543 0.007178 1.722291 2807.863512
0.861377 0.000001 0.000003 0.000000 0.000007 0.131434 0.007178 1.722291 2808.078859
0.861481 0.000001 0.000003 0.000000 0.000006 0.131330 0.007178 1.722291 2808.252757
0.861582 0.000001 0.000003 0.000000 0.000006 0.131229 0.007178 1.722292 2808.252757
0.861677 0.000001 0.000003 0.000000 0.000006 0.131135 0.007178 1.722292 2808.252757
0.861774 0.000001 0.000003 0.000000 0.000006 0.131038 0.007178 1.722292 2808.283968
0.861865 0.000001 0.000003 0.000000 0.000006 0.130947 0.007178 1.722292 2808.614726
0.861949 0.000001 0.000003 0.000000 0.000006 0.130864 0.007178 1.722292 2808.722280
0.862033 0.000001 0.000003 0.000000 0.000006 0.130780 0.007178 1.722292 2808.722280
0.862110 0.000001 0.000002 0.000000 0.000006 0.130704 0.007178 1.722292 2808.722280
0.862180 0.000001 0.000002 0.000000 0.000006 0.130633 0.007178 1.722292 2808.722280
0.862253 0.000001 0.000002 0.000000 0.000005 0.130561 0.007179 1.722292 2809.085275
0.862325 0.000001 0.000002 0.000000 0.000005 0.130489 0.007179 1.722292 2809.085275
0.862390 0.000001 0.000002 0.000000 0.000005 0.130423 0.007179 1.722292 2809.085275
0.862456 0.000001 0.000002 0.000000 0.000005 0.130358 0.007179 1.722292 2809.085275
0.862515 0.000001 0.000002 0.000000 0.000005 0.130299 0.007179 1.722292 2809.492388
0.862570 0.000000 0.000002 0.000000 0.000004 0.130244 0.007179 1.722292 2809.516412
0.862621 0.000000 0.000002 0.000000 0.000004 0.130194 0.007179 1.722292 2809.740828
0.862656 0.000000 0.000002 0.000000 0.000004 0.130159 0.007179 1.722292 2809.940014
0.862702 0.000000 0.000002 0.000000 0.000004 0.130113 0.007179 1.722292 2809.940014
0.862751 0.000000 0.000002 0.000000 0.000004 0.130064 0.007179 1.722292 2809.940014
0.862801 0.000000 0.000001 0.000000 0.000004 0.130014 0.007180 1.722292 2810.153678
0.862837 0.000000 0.000001 0.000000 0.000004 0.129978 0.007180 1.722292 2810.153678
0.862874 0.000000 0.000001 0.000000 0.000004 0.129942 0.007180 1.722292 2810.153678
0.862910 0.000000 0.000001 0.000000 0.000004 0.129905 0.007180 1.722292 2810.153678
0.862943 0.000000 0.000001 0.000000 0.000004 0.129873 0.007180 1.722292 2810.153678
0.862973 0.000000 0.000001 0.000000 0.000003 0.129844 0.007180 1.722292 2810.737737
0.863000 0.000000 0.000001 0.000000 0.000003 0.129817 0.007180 1.722293 2810.977228
0.863023 0.000000 0.000001 0.000000 0.000002 0.129793 0.007180 1.722293 2811.053491
0.863044 0.000000 0.000001 0.000000 0.000002 0.129772 0.007180 1.722293 2811.053491
0.863064 0.000000 0.000001 0.000000 0.000002 0.129753 0.007180 1.722293 2811.053491
0.863085 0.000000 0.000001 0.000000 0.000002 0.129731 0.007180 1.722293 2811.053491
0.863105 0.000000 0.000001 0.000000 0.000002 0.129712 0.007180 1.722293 2811.053491
0.863129 0.000000 0.000001 0.000000 0.000002 0.129688 0.007180 1.722293 2811.053491
0.863151 0.000000 0.000001 0.000000 0.000002 0.129666 0.007180 1.722293 2811.053491
0.863171 0.000000 0.000001 0.000000 0.000002 0.129646 0.007180 1.722293 2811.095846
0.863184 0.000000 0.000001 0.000000 0.000002 0.129633 0.007181 1.722293 2811.269002
0.863198 0.000000 0.000001 0.000000 0.000002 0.129619 0.007181 1.722293 2811.269002
0.863211 0.000000 0.000000 0.000000 0.000002 0.129606 0.007181 1.722293 2811.269002
0.863224 0.000000 0.000000 0.000000 0.000002 0.129594 0.007181 1.722293 2811.269002
0.863235 0.000000 0.000000 0.000000 0.000002 0.129583 0.007181 1.722293 2811.269002
0.863243 0.000000 0.000000 0.000000 0.000002 0.129574 0.007181 1.722293 2811.269002
0.863257 0.000000 0.000000 0.000000 0.000002 0.129560 0.007181 1.722293 2811.269002
0.863268 0.000000 0.000000 0.000000 0.000002 0.129549 0.007181 1.722293 2811.520216
0.863281 0.000000 0.000000 0.000000 0.000002 0.129536 0.007181 1.722293 2811.520216
0.863290 0.000000 0.000000 0.000000 0.000001 0.129528 0.007181 1.722293 2811.757389
0.863300 0.000000 0.000000 0.000000 0.000001 0.129518 0.007181 1.722293 2811.757389
0.863309 0.000000 0.000000 0.000000 0.000001 0.129509 0.007181 1.722293 2811.757389
0.863320 0.000000 0.000000 0.000000 0.000001 0.129497 0.007181 1.722293 2811.757389
0.863327 0.000000 0.000000 0.000000 0.000001 0.129490 0.007181 1.722293 2811.801818
0.863335 0.000000 0.000000 0.000000 0.000001 0.129483 0.007181 1.722293 2812.004645
0.863340 0.000000 0.000000 0.000000 0.000001 0.129478 0.007181 1.722293 2812.004645
0.863343 0.000000 0.000000 0.000000 0.000001 0.129475 0.007181 1.722293 2812.004645
0.863347 0.000000 0.000000 0.000000 0.000001 0.129471 0.007181 1.722293 2812.004645
0.863350 0.000000 0.000000 0.000000 0.000001 0.129468 0.007181 1.722293 2812.004645
0.863355 0.000000 0.000000 0.000000 0.000001 0.129463 0.007181 1.722293 2812.004645
0.863359 0.000000 0.000000 0.000000 0.000001 0.129459 0.007181 1.722293 2812.004645
0.863362 0.000000 0.000000 0.000000 0.000001 0.129456 0.007181 1.722293 2812.004645
0.863365 0.000000 0.000000 0.000000 0.000001 0.129453 0.007181 1.722293 2812.004645
0.863369 0.000000 0.000000 0.000000 0.000001 0.129449 0.007181 1.722293 2812.004645
0.863373 0.000000 0.000000 0.000000 0.000001 0.129445 0.007181 1.722293 2812.004645
0.863377 0.000000 0.000000 0.000000 0.000001 0.129441 0.007181 1.722293 2812.004645
0.863383 0.000000 0.000000 0.000000 0.000001 0.129435 0.007181 1.722293 2812.004645
0.863385 0.000000 0.000000 0.000000 0.000001 0.129433 0.007181 1.722293 2812.004645
0.863388 0.000000 0.000000 0.000000 0.000001 0.129430 0.007181 1.722293 2812.004645
0.863392 0.000000 0.000000 0.000000 0.000001 0.129426 0.007181 1.722293 2812.004645
0.863396 0.000000 0.000000 0.000000 0.000001 0.129422 0.007181 1.722293 2812.004645
0.863398 0.000000 0.000000 0.000000 0.000001 0.129420 0.007181 1.722293 2812.004645
0.863401 0.000000 0.000000 0.000000 0.000001 0.129417 0.007181 1.722293 2812.004645
0.863406 0.000000 0.000000 0.000000 0.000001 0.129412 0.007181 1.722293 2812.004645
0.863411 0.000000 0.000000 0.000000 0.000001 0.129407 0.007181 1.722293 2812.004645
0.863414 0.000000 0.000000 0.000000 0.000001 0.129404 0.007181 1.722293 2812.004645
0.863418 0.000000 0.000000 0.000000 0.000001 0.129400 0.007181 1.722293 2812.004645
0.863420 0.000000 0.000000 0.000000 0.000001 0.129398 0.007181 1.722293 2812.004645
0.863424 0.000000 0.000000 0.000000 0.000001 0.129394 0.007181 1.722293 2812.004645
0.863428 0.000000 0.000000 0.000000 0.000001 0.129390 0.007181 1.722293 2812.004645
0.863431 0.000000 0.000000 0.000000 0.000001 0.129387 0.007181 1.722293 2812.004645
0.863434 0.000000 0.000000 0.000000 0.000001 0.129384 0.007181 1.722293 2812.004645
0.863437 0.000000 0.000000 0.000000 0.000000 0.129381 0.007182 1.722293 2812.595362
0.863437 0.000000 0.000000 0.000000 0.000000 0.129381 0.007182 1.722293 2812.595362
0.863438 0.000000 0.000000 0.000000 0.000000 0.129380 0.007182 1.722293 2812.595362
0.863439 0.000000 0.000000 0.000000 0.000000 0.129379 0.007182 1.722293 2812.595362
0.863440 0.000000 0.000000 0.000000 0.000000 0.129378 0.007182 1.722293 2812.595362
0.863440 0.000000 0.000000 0.000000 0.000000 0.129378 0.007182 1.722293 2812.595362
0.863441 0.000000 0.000000 0.000000 0.000000 0.129377 0.007182 1.722293 2812.595362
0.863441 0.000000 0.000000 0.000000 0.000000 0.129377 0.007182 1.722293 2812.595362
0.863442 0.000000 0.000000 0.000000 0.000000 0.129376 0.007182 1.722293 2812.595362
0.863443 0.000000 0.000000 0.000000 0.000000 0.129376 0.007182 1.722293 2812.595362
0.863443 0.000000 0.000000 0.000000 0.000000 0.129375 0.007182 1.722293 2812.595362
0.863444 0.000000 0.000000 0.000000 0.000000 0.129374 0.007182 1.722293 2812.595362
0.863444 0.000000 0.000000 0.000000 0.000000 0.129374 0.007182 1.722293 2812.595362
0.863446 0.000000 0.000000 0.000000 0.000000 0.129372 0.007182 1.722293 2812.595362
0.863446 0.000000 0.000000 0.000000 0.000000 0.129372 0.007182 1.722293 2812.595362
0.863447 0.000000 0.000000 0.000000 0.000000 0.129371 0.007182 1.722293 2812.595362
0.863447 0.000000 0.000000 0.000000 0.000000 0.129371 0.007182 1.722293 2812.595362
0.863448 0.000000 0.000000 0.000000 0.000000 0.129370 0.007182 1.722293 2812.595362
0.863449 0.000000 0.000000 0.000000 0.000000 0.129369 0.007182 1.722293 2812.595362
0.863449 0.000000 0.000000 0.000000 0.000000 0.129369 0.007182 1.722293 2812.595362
0.863451 0.000000 0.000000 0.000000 0.000000 0.129367 0.007182 1.722293 2812.595362
0.863451 0.000000 0.000000 0.000000 0.000000 0.129367 0.007182 1.722293 2812.595362
0.863452 0.000000 0.000000 0.000000 0.000000 0.129366 0.007182 1.722293 2812.595362
0.863453 0.000000 0.000000 0.000000 0.000000 0.129365 0.007182 1.722293 2812.595362
0.863454 0.000000 0.000000 0.000000 0.000000 0.129364 0.007182 1.722293 2812.595362
0.863455 0.000000 0.000000 0.000000 0.000000 0.129363 0.007182 1.722293 2812.595362
0.863455 0.000000 0.000000 0.000000 0.000000 0.129363 0.007182 1.722293 2812.595362
0.863456 0.000000 0.000000 0.000000 0.000000 0.129362 0.007182 1.722293 2812.595362
0.863457 0.000000 0.000000 0.000000 0.000000 0.129361 0.007182 1.722293 2812.595362
0.863458 0.000000 0.000000 0.000000 0.000000 0.129360 0.007182 1.722293 2812.595362
0.863458 0.000000 0.000000 0.000000 0.000000 0.129360 0.007182 1.722293 2812.595362
0.863459 0.000000 0.000000 0.000000 0.000000 0.129359 0.007182 1.722293 2812.595362
0.863460 0.000000 0.000000 0.000000 0.000000 0.129359 0.007182 1.722293 2812.595362
0.863460 0.000000 0.000000 0.000000 0.000000 0.129358 0.007182 1.722293 2812.595362
0.863461 0.000000 0.000000 0.000000 0.000000 0.129357 0.007182 1.722293 2812.595362
0.863462 0.000000 0.000000 0.000000 0.000000 0.129356 0.007182 1.722293 2812.595362
0.863463 0.000000 0.000000 0.000000 0.000000 0.129356 0.007182 1.722293 2812.595362
0.863463 0.000000 0.000000 0.000000 0.000000 0.129355 0.007182 1.722293 2812.595362
0.863464 0.000000 0.000000 0.000000 0.000000 0.129354 0.007182 1.722293 2812.595362
0.863464 0.000000 0.000000 0.000000 0.000000 0.129354 0.007182 1.722293 2812.595362
0.863465 0.000000 0.000000 0.000000 0.000000 0.129353 0.007182 1.722293 2812.595362
0.863465 0.000000 0.000000 0.000000 0.000000 0.129353 0.007182 1.722293 2812.595362
0.863466 0.000000 0.000000 0.000000 0.000000 0.129352 0.007182 1.722293 2812.595362
0.863467 0.000000 0.000000 0.000000 0.000000 0.129351 0.007182 1.722293 2812.595362
0.863468 0.000000 0.000000 0.000000 0.000000 0.129350 0.007182 1.722293 2812.595362
0.863468 0.000000 0.000000 0.000000 0.000000 0.129350 0.007182 1.722293 2812.945626
0.863468 0.000000 0.000000 0.000000 0.000000 0.129350 0.007182 1.722293 2812.945626
0.863468 0.000000 0.000000 0.000000 0.000000 0.129350 0.007182 1.722293 2812.945626
0.863468 0.000000 0.000000 0.000000 0.000000 0.129350 0.007182 1.722293 2812.945626
0.863468 0.000000 0.000000 0.000000 0.000000 0.129350 0.007182 1.722293 2812.945626
0.863468 0.000000 0.000000 0.000000 0.000000 0.129350 0.007182 1.722293 2812.945626
0.863468 0.000000 0.000000 0.000000 0.000000 0.129350 0.007182 1.722293 2812.945626
0.863468 0.000000 0.000000 0.000000 0.000000 0.129350 0.007182 1.722293 2812.945626
0.863468 0.000000 0.000000 0.000000 0.000000 0.129350 0.007182 1.722293 2812.945626
0.863468 0.000000 0.000000 0.000000 0.000000 0.129350 0.007182 1.722293 2812.945626
0.863468 0.000000 0.000000 0.000000 0.000000 0.129350 0.007182 1.722293 2812.945626
0.863468 0.000000 0.000000 0.000000 0.000000 0.129350 0.007182 1.722293 2812.945626
0.863468 0.000000 0.000000 0.000000 0.000000 0.129350 0.007182 1.722293 2812.945626
0.863468 0.000000 0.000000 0.000000 0.000000 0.129350 0.007182 1.722293 2812.945626
0.863468 0.000000 0.000000 0.000000 0.000000 0.129350 0.007182 1.722293 2812.945626
0.863468 0.000000 0.000000 0.000000 0.000000 0.129350 0.007182 1.722293 2812.945626
0.863468 0.000000 0.000000 0.000000 0.000000 0.129350 0.007182 1.722293 2812.945626
0.863468 0.000000 0.000000 0.000000 0.000000 0.129350 0.007182 1.722293 2812.945626
0.863468 0.000000 0.000000 0.000000 0.000000 0.129350 0.007182 1.722293 2812.945626
0.863468 0.000000 0.000000 0.000000 0.000000 0.129350 0.007182 1.722293 2812.945626
0.863468 0.000000 0.000000 0.000000 0.000000 0.129350 0.007182 1.722293 2812.945626
0.863468 0.000000 0.000000 0.000000 0.000000 0.129350 0.007182 1.722293 2812.945626
0.863468 0.000000 0.000000 0.000000 0.000000 0.129350 0.007182 1.722293 2812.945626
0.863468 0.000000 0.000000 0.000000 0.000000 0.129350 0.007182 1.722293 2812.945626
0.863468 0.000000 0.000000 0.000000 0.000000 0.129350 0.007182 1.722293 2812.945626
0.863468 0.000000 0.000000 0.000000 0.000000 0.129350 0.007182 1.722293 2812.945626
0.863468 0.000000 0.000000 0.000000 0.000000 0.129350 0.007182 1.722293 2812.945626
0.863468 0.000000 0.000000 0.000000 0.000000 0.129350 0.007182 1.722293 2812.945626
0.863468 0.000000 0.000000 0.000000 0.000000 0.129350 0.007182 1.722293 2812.945626
0.863468 0.000000 0.000000 0.000000 0.000000 0.129350 0.007182 1.722293 2812.945626
0.863468 0.000000 0.000000 0.000000 0.000000 0.129350 0.007182 1.722293 2812.945626
0.863468 0.000000 0.000000 0.000000 0.000000 0.129350 0.007182 1.722293 2812.945626
0.863468 0.000000 0.000000 0.000000 0.000000 0.129350 0.007182 1.722293 2812.945626
0.863468 0.000000 0.000000 0.000000 0.000000 0.129350 0.007182 1.722293 2812.945626
0.863468 0.000000 0.000000 0.000000 0.000000 0.129350 0.007182 1.722293 2812.945626
0.863468 0.000000 0.000000 0.000000 0.000000 0.129350 0.007182 1.722293 2812.945626
0.863468 0.000000 0.000000 0.000000 0.000000 0.129350 0.007182 1.722293 2812.945626
0.863468 0.000000 0.000000 0.000000 0.000000 0.129350 0.007182 1.722293 2812.945626
0.863468 0.000000 0.000000 0.000000 0.000000 0.129350 0.007182 1.722293 2812.945626
0.863468 0.000000 0.000000 0.000000 0.000000 0.129350 0.007182 1.722293 2812.945626
0.863468 0.000000 0.000000 0.000000 0.000000 0.129350 0.007182 1.722293 2812.945626
0.863468 0.000000 0.000000 0.000000 0.000000 0.129350 0.007182 1.722293 2812.945626
0.863468 0.000000 0.000000 0.000000 0.000000 0.129350 0.007182 1.722293 2812.945626
0.863468 0.000000 0.000000 0.000000 0.000000 0.129350 0.007182 1.722293 2812.945626
0.863468 0.000000 0.000000 0.000000 0.000000 0.129350 0.007182 1.722293 2812.945626
0.863468 0.000000 0.000000 0.000000 0.000000 0.129350 0.007182 1.722293 2812.945626
0.863468 0.000000 0.000000 0.000000 0.000000 0.129350 0.007182 1.722293 2812.945626
0.863468 0.000000 0.000000 0.000000 0.000000 0.129350 0.007182 1.722293 2812.945626
0.863468 0.000000 0.000000 0.000000 0.000000 0.129350 0.007182 1.722293 2812.945626
0.863468 0.000000 0.000000 0.000000 0.000000 0.129350 0.007182 1.722293 2812.945626
0.863468 0.000000 0.000000 0.000000 0.000000 0.129350 0.007182 1.722293 2812.945626
0.863468 0.000000 0.000000 0.000000 0.000000 0.129350 0.007182 1.722293 2812.945626
0.863468 0.000000 0.000000 0.000000 0.000000 0.129350 0.007182 1.722293 2812.945626
0.863468 0.000000 0.000000 0.000000 0.000000 0.129350 0.007182 1.722293 2812.945626
0.863468 0.000000 0.000000 0.000000 0.000000 0.129350 0.007182 1.722293 2812.945626
0.863468 0.000000 0.000000 0.000000 0.000000 0.129350 0.007182 1.722293 2812.945626
0.863468 0.000000 0.000000 0.000000 0.000000 0.129350 0.007182 1.722293 2812.945626
0.863468 0.000000 0.000000 0.000000 0.000000 0.129350 0.007182 1.722293 2812.945626
0.863468 0.000000 0.000000 0.000000 0.000000 0.129350 0.007182 1.722293 2812.945626
0.863468 0.000000 0.000000 0.000000 0.000000 0.129350 0.007182 1.722293 2812.945626
0.863468 0.000000 0.000000 0.000000 0.000000 0.129350 0.007182 1.722293 2812.945626
0.863468 0.000000 0.000000 0.000000 0.000000 0.129350 0.007182 1.722293 2812.945626
0.863468 0.000000 0.000000 0.000000 0.000000 0.129350 0.007182 1.722293 2812.945626
0.863468 0.000000 0.000000 0.000000 0.000000 0.129350 0.007182 1.722293 2812.945626
0.863468 0.000000 0.000000 0.000000 0.000000 0.129350 0.007182 1.722293 2812.945626
0.863468 0.000000 0.000000 0.000000 0.000000 0.129350 0.007182 1.722293 2812.945626
0.863468 0.000000 0.000000 0.000000 0.000000 0.129350 0.007182 1.722293 2812.945626
0.863468 0.000000 0.000000 0.000000 0.000000 0.129350 0.007182 1.722293 2812.945626
0.863468 0.000000 0.000000 0.000000 0.000000 0.129350 0.007182 1.722293 2812.945626
0.863468 0.000000 0.000000 0.000000 0.000000 0.129350 0.007182 1.722293 2812.945626
0.863468 0.000000 0.000000 0.000000 0.000000 0.129350 0.007182 1.722293 2812.945626
0.863468 0.000000 0.000000 0.000000 0.000000 0.129350 0.007182 1.722293 2812.945626
0.863468 0.000000 0.000000 0.000000 0.000000 0.129350 0.007182 1.722293 2812.945626
0.863468 0.000000 0.000000 0.000000 0.000000 0.129350 0.007182 1.722293 2812.945626
0.863468 0.000000 0.000000 0.000000 0.000000 0.129350 0.007182 1.722293 2812.945626
0.863468 0.000000 0.000000 0.000000 0.000000 0.129350 0.007182 1.722293 2812.945626
0.863468 0.000000 0.000000 0.000000 0.000000 0.129350 0.007182 1.722293 2812.945626
0.863468 0.000000 0.000000 0.000000 0.000000 0.129350 0.007182 1.722293 2812.945626
0.863468 0.000000 0.000000 0.000000 0.000000 0.129350 0.007182 1.722293 2812.945626
0.863468 0.000000 0.000000 0.000000 0.000000 0.129350 0.007182 1.722293 2812.945626
0.863468 0.000000 0.000000 0.000000 0.000000 0.129350 0.007182 1.722293 2812.945626
0.863468 0.000000 0.000000 0.000000 0.000000 0.129350 0.007182 1.722293 2812.945626
0.863468 0.000000 0.000000 0.000000 0.000000 0.129350 0.007182 1.722293 2812.945626
0.863468 0.000000 0.000000 0.000000 0.000000 0.129350 0.007182 1.722293 2812.945626
0.863468 0.000000 0.000000 0.000000 0.000000 0.129350 0.007182 1.722293 2812.945626
0.863468 0.000000 0.000000 0.000000 0.000000 0.129350 0.007182 1.722293 2812.945626
0.863468 0.000000 0.000000 0.000000 0.000000 0.129350 0.007182 1.722293 2812.945626
0.863468 0.000000 0.000000 0.000000 0.000000 0.129350 0.007182 1.722293 2812.945626
0.863468 0.000000 0.000000 0.000000 0.000000 0.129350 0.007182 1.722293 2812.945626
0.863468 0.000000 0.000000 0.000000 0.000000 0.129350 0.007182 1.722293 2812.945626
0.863468 0.000000 0.000000 0.000000 0.000000 0.129350 0.007182 1.722293 2812.945626
0.863468 0.000000 0.000000 0.000000 0.000000 0.129350 0.007182 1.722293 2812.945626
0.863468 0.000000 0.000000 0.000000 0.000000 0.129350 0.007182 1.722293 2812.945626
0.863468 0.000000 0.000000 0.000000 0.000000 0.129350 0.007182 1.722293 2812.945626
0.863468 0.000000 0.000000 0.000000 0.000000 0.129350 0.007182 1.722293 2812.945626
0.863468 0.000000 0.000000 0.000000 0.000000 0.129350 0.007182 1.722293 2812.945626
0.863468 0.000000 0.000000 0.000000 0.000000 0.129350 0.007182 1.722293 2812.945626
0.863468 0.000000 0.000000 0.000000 0.000000 0.129350 0.007182 1.722293 2812.945626
0.863468 0.000000 0.000000 0.000000 0.000000 0.129350 0.007182 1.722293 2812.945626
0.863468 0.000000 0.000000 0.000000 0.000000 0.129350 0.007182 1.722293 2812.945626
0.863468 0.000000 0.000000 0.000000 0.000000 0.129350 0.007182 1.722293 2812.945626
0.863468 0.000000 0.000000 0.000000 0.000000 0.129350 0.007182 1.722293 2812.945626
0.863468 0.000000 0.000000 0.000000 0.000000 0.129350 0.007182 1.722293 2812.945626
0.863468 0.000000 0.000000 0.000000 0.000000 0.129350 0.007182 1.722293 2812.945626
0.863468 0.000000 0.000000 0.000000 0.000000 0.129350 0.007182 1.722293 2812.945626
0.863468 0.000000 0.000000 0.000000 0.000000 0.129350 0.007182 1.722293 2812.945626
0.863468 0.000000 0.000000 0.000000 0.000000 0.129350 0.007182 1.722293 2812.945626
0.863468 0.000000 0.000000 0.000000 0.000000 0.129350 0.007182 1.722293 2812.945626
0.863468 0.000000 0.000000 0.000000 0.000000 0.129350 0.007182 1.722293 2812.945626
0.863468 0.000000 0.000000 0.000000 0.000000 0.129350 0.007182 1.722293 2812.945626
0.863468 0.000000 0.000000 0.000000 0.000000 0.129350 0.007182 1.722293 2812.945626
0.863468 0.000000 0.000000 0.000000 0.000000 0.129350 0.007182 1.722293 2812.945626
0.863468 0.000000 0.000000 0.000000 0.000000 0.129350 0.007182 1.722293 2812.945626
0.863468 0.000000 0.000000 0.000000 0.000000 0.129350 0.007182 1.722293 2812.945626
0.863468 0.000000 0.000000 0.000000 0.000000 0.129350 0.007182 1.722293 2812.945626
0.863468 0.000000 0.000000 0.000000 0.000000 0.129350 0.007182 1.722293 2812.945626
0.863468 0.000000 0.000000 0.000000 0.000000 0.129350 0.007182 1.722293 2812.945626
0.863468 0.000000 0.000000 0.000000 0.000000 0.129350 0.007182 1.722293 2812.945626
0.863468 0.000000 0.000000 0.000000 0.000000 0.129350 0.007182 1.722293 2812.945626
0.863468 0.000000 0.000000 0.000000 0.000000 0.129350 0.007182 1.722293 2812.945626
0.863468 0.000000 0.000000 0.000000 0.000000 0.129350 0.007182 1.722293 2812.945626
0.863468 0.000000 0.000000 0.000000 0.000000 0.129350 0.007182 1.722293 2812.945626
0.863468 0.000000 0.000000 0.000000 0.000000 0.129350 0.007182 1.722293 2812.945626
0.863468 0.000000 0.000000 0.000000 0.000000 0.129350 0.007182 1.722293 2812.945626
0.863468 0.000000 0.000000 0.000000 0.000000 0.129350 0.007182 1.722293 2812.945626
0.863468 0.000000 0.000000 0.000000 0.000000 0.129350 0.007182 1.722293 2812.945626
0.863468 0.000000 0.000000 0.000000 0.000000 0.129350 0.007182 1.722293 2812.945626
0.863468 0.000000 0.000000 0.000000 0.000000 0.129350 0.007182 1.722293 2812.945626
0.863468 0.000000 0.000000 0.000000 0.000000 0.129350 0.007182 1.722293 2812.945626
0.863468 0.000000 0.000000 0.000000 0.000000 0.129350 0.007182 1.722293 2812.945626
0.863468 0.000000 0.000000 0.000000 0.000000 0.129350 0.007182 1.722293 2812.945626
0.863468 0.000000 0.000000 0.000000 0.000000 0.129350 0.007182 1.722293 2812.945626
0.863468 0.000000 0.000000 0.000000 0.000000 0.129350 0.007182 1.722293 2812.945626
0.863468 0.000000 0.000000 0.000000 0.000000 0.129350 0.007182 1.722293 2812.945626
0.863468 0.000000 0.000000 0.000000 0.000000 0.129350 0.007182 1.722293 2812.945626
0.863468 0.000000 0.000000 0.000000 0.000000 0.129350 0.007182 1.722293 2812.945626
0.863468 0.000000 0.000000 0.000000 0.000000 0.129350 0.007182 1.722293 2812.945626
0.863468 0.000000 0.000000 0.000000 0.000000 0.129350 0.007182 1.722293 2812.945626
0.863468 0.000000 0.000000 0.000000 0.000000 0.129350 0.007182 1.722293 2812.945626
0.863468 0.000000 0.000000 0.000000 0.000000 0.129350 0.007182 1.722293 2812.945626
0.863468 0.000000 0.000000 0.000000 0.000000 0.129350 0.007182 1.722293 2812.945626
0.863468 0.000000 0.000000 0.000000 0.000000 0.129350 0.007182 1.722293 2812.945626
0.863468 0.000000 0.000000 0.000000 0.000000 0.129350 0.007182 1.722293 2812.945626
0.863468 0.000000 0.000000 0.000000 0.000000 0.129350 0.007182 1.722293 2812.945626
0.863468 0.000000 0.000000 0.000000 0.000000 0.129350 0.007182 1.722293 2812.945626
0.863468 0.000000 0.000000 0.000000 0.000000 0.129350 0.007182 1.722293 2812.945626
0.863468 0.000000 0.000000 0.000000 0.000000 0.129350 0.007182 1.722293 2812.945626
0.863468 0.000000 0.000000 0.000000 0.000000 0.129350 0.007182 1.722293 2812.945626
0.863468 0.000000 0.000000 0.000000 0.000000 0.129350 0.007182 1.722293 2812.945626
0.863468 0.000000 0.000000 0.000000 0.000000 0.129350 0.007182 1.722293 2812.945626
0.863468 0.000000 0.000000 0.000000 0.000000 0.129350 0.007182 1.722293 2812.945626
0.863468 0.000000 0.000000 0.000000 0.000000 0.129350 0.007182 1.722293 2812.945626
0.863468 0.000000 0.000000 0.000000 0.000000 0.129350 0.007182 1.722293 2812.945626
0.863468 0.000000 0.000000 0.000000 0.000000 0.129350 0.007182 1.722293 2812.945626
0.863468 0.000000 0.000000 0.000000 0.000000 0.129350 0.007182 1.722293 2812.945626
0.863468 0.000000 0.000000 0.000000 0.000000 0.129350 0.007182 1.722293 2812.945626
0.863468 0.000000 0.000000 0.000000 0.000000 0.129350 0.007182 1.722293 2812.945626
0.863468 0.000000 0.000000 0.000000 0.000000 0.129350 0.007182 1.722293 2812.945626
0.863468 0.000000 0.000000 0.000000 0.000000 0.129350 0.007182 1.722293 2812.945626
0.863468 0.000000 0.000000 0.000000 0.000000 0.129350 0.007182 1.722293 2812.945626
0.863468 0.000000 0.000000 0.000000 0.000000 0.129350 0.007182 1.722293 2812.945626
0.863468 0.000000 0.000000 0.000000 0.000000 0.129350 0.007182 1.722293 2812.945626
0.863468 0.000000 0.000000 0.000000 0.000000 0.129350 0.007182 1.722293 2812.945626
0.863468 0.000000 0.000000 0.000000 0.000000 0.129350 0.007182 1.722293 2812.945626
0.863468 0.000000 0.000000 0.000000 0.000000 0.129350 0.007182 1.722293 2812.945626
0.863468 0.000000 0.000000 0.000000 0.000000 0.129350 0.007182 1.722293 2812.945626
0.863468 0.000000 0.000000 0.000000 0.000000 0.129350 0.007182 1.722293 2812.945626
0.863468 0.000000 0.000000 0.000000 0.000000 0.129350 0.007182 1.722293 2812.945626
0.863468 0.000000 0.000000 0.000000 0.000000 0.129350 0.007182 1.722293 2812.945626
0.863468 0.000000 0.000000 0.000000 0.000000 0.129350 0.007182 1.722293 2812.945626
0.863468 0.000000 0.000000 0.000000 0.000000 0.129350 0.007182 1.722293 2812.945626
0.863468 0.000000 0.000000 0.000000 0.000000 0.129350 0.007182 1.722293 2812.945626
0.863468 0.000000 0.000000 0.000000 0.000000 0.129350 0.007182 1.722293 2812.945626
0.863468 0.000000 0.000000 0.000000 0.000000 0.129350 0.007182 1.722293 2812.945626
0.863468 0.000000 0.000000 0.000000 0.000000 0.129350 0.007182 1.722293 2812.945626
0.863468 0.000000 0.000000 0.000000 0.000000 0.129350 0.007182 1.722293 2812.945626
0.863468 0.000000 0.000000 0.000000 0.000000 0.129350 0.007182 1.722293 2812.945626
0.863468 0.000000 0.000000 0.000000 0.000000 0.129350 0.007182 1.722293 2812.945626
0.863468 0.000000 0.000000 0.000000 0.000000 0.129350 0.007182 1.722293 2812.945626
0.863468 0.000000 0.000000 0.000000 0.000000 0.129350 0.007182 1.722293 2812.945626
0.863468 0.000000 0.000000 0.000000 0.000000 0.129350 0.007182 1.722293 2812.945626
0.863468 0.000000 0.000000 0.000000 0.000000 0.129350 0.007182 1.722293 2812.945626
0.863468 0.000000 0.000000 0.000000 0.000000 0.129350 0.007182 1.722293 2812.945626
0.863468 0.000000 0.000000 0.000000 0.000000 0.129350 0.007182 1.722293 2812.945626
0.863468 0.000000 0.000000 0.000000 0.000000 0.129350 0.007182 1.722293 2812.945626
0.863468 0.000000 0.000000 0.000000 0.000000 0.129350 0.007182 1.722293 2812.945626
0.863468 0.000000 0.000000 0.000000 0.000000 0.129350 0.007182 1.722293 2812.945626
0.863468 0.000000 0.000000 0.000000 0.000000 0.129350 0.007182 1.722293 2812.945626
0.863468 0.000000 0.000000 0.000000 0.000000 0.129350 0.007182 1.722293 2812.945626
0.863468 0.000000 0.000000 0.000000 0.000000 0.129350 0.007182 1.722293 2812.945626
0.863468 0.000000 0.000000 0.000000 0.000000 0.129350 0.007182 1.722293 2812.945626
0.863468 0.000000 0.000000 0.000000 0.000000 0.129350 0.007182 1.722293 2812.945626
0.863468 0.000000 0.000000 0.000000 0.000000 0.129350 0.007182 1.722293 2812.945626
0.863468 0.000000 0.000000 0.000000 0.000000 0.129350 0.007182 1.722293 2812.945626
0.863468 0.000000 0.000000 0.000000 0.000000 0.129350 0.007182 1.722293 2812.945626
0.863468 0.000000 0.000000 0.000000 0.000000 0.129350 0.007182 1.722293 2812.945626
0.863468 0.000000 0.000000 0.000000 0.000000 0.129350 0.007182 1.722293 2812.945626
0.863468 0.000000 0.000000 0.000000 0.000000 0.129350 0.007182 1.722293 2812.945626
0.863468 0.000000 0.000000 0.000000 0.000000 0.129350 0.007182 1.722293 2812.945626
0.863468 0.000000 0.000000 0.000000 0.000000 0.129350 0.007182 1.722293 2812.945626
0.863468 0.000000 0.000000 0.000000 0.000000 0.129350 0.007182 1.722293 2812.945626
0.863468 0.000000 0.000000 0.000000 0.000000 0.129350 0.007182 1.722293 2812.945626
0.863468 0.000000 0.000000 0.000000 0.000000 0.129350 0.007182 1.722293 2812.945626
0.863468 0.000000 0.000000 0.000000 0.000000 0.129350 0.007182 1.722293 2812.945626
0.863468 0.000000 0.000000 0.000000 0.000000 0.129350 0.007182 1.722293 2812.945626
0.863468 0.000000 0.000000 0.000000 0.000000 0.129350 0.007182 1.722293 2812.945626
0.863468 0.000000 0.000000 0.000000 0.000000 0.129350 0.007182 1.722293 2812.945626
0.863468 0.000000 0.000000 0.000000 0.000000 0.129350 0.007182 1.722293 2812.945626
0.863468 0.000000 0.000000 0.000000 0.000000 0.129350 0.007182 1.722293 2812.945626
0.863468 0.000000 0.000000 0.000000 0.000000 0.129350 0.007182 1.722293 2812.945626
0.863468 0.000000 0.000000 0.000000 0.000000 0.129350 0.007182 1.722293 2812.945626
0.863468 0.000000 0.000000 0.000000 0.000000 0.129350 0.007182 1.722293 2812.945626
0.863468 0.000000 0.000000 0.000000 0.000000 0.129350 0.007182 1.722293 2812.945626
0.863468 0.000000 0.000000 0.000000 0.000000 0.129350 0.007182 1.722293 2812.945626
0.863468 0.000000 0.000000 0.000000 0.000000 0.129350 0.007182 1.722293 2812.945626
0.863468 0.000000 0.000000 0.000000 0.000000 0.129350 0.007182 1.722293 2812.945626
0.863468 0.000000 0.000000 0.000000 0.000000 0.129350 0.007182 1.722293 2812.945626
0.863468 0.000000 0.000000 0.000000 0.000000 0.129350 0.007182 1.722293 2812.945626
0.863468 0.000000 0.000000 0.000000 0.000000 0.129350 0.007182 1.722293 2812.945626
0.863468 0.000000 0.000000 0.000000 0.000000 0.129350 0.007182 1.722293 2812.945626
0.863468 0.000000 0.000000 0.000000 0.000000 0.129350 0.007182 1.722293 2812.945626
0.863468 0.000000 0.000000 0.000000 0.000000 0.129350 0.007182 1.722293 2812.945626
0.863468 0.000000 0.000000 0.000000 0.000000 0.129350 0.007182 1.722293 2812.945626
0.863468 0.000000 0.000000 0.000000 0.000000 0.129350 0.007182 1.722293 2812.945626
0.863468 0.000000 0.000000 0.000000 0.000000 0.129350 0.007182 1.722293 2812.945626
0.863468 0.000000 0.000000 0.000000 0.000000 0.129350 0.007182 1.722293 2812.945626
0.863468 0.000000 0.000000 0.000000 0.000000 0.129350 0.007182 1.722293 2812.945626
0.863468 0.000000 0.000000 0.000000 0.000000 0.129350 0.007182 1.722293 2812.945626
0.863468 0.000000 0.000000 0.000000 0.000000 0.129350 0.007182 1.722293 2812.945626
0.863468 0.000000 0.000000 0.000000 0.000000 0.129350 0.007182 1.722293 2812.945626
0.863468 0.000000 0.000000 0.000000 0.000000 0.129350 0.007182 1.722293 2812.945626
0.863468 0.000000 0.000000 0.000000 0.000000 0.129350 0.007182 1.722293 2812.945626
0.863468 0.000000 0.000000 0.000000 0.000000 0.129350 0.007182 1.722293 2812.945626
0.863468 0.000000 0.000000 0.000000 0.000000 0.129350 0.007182 1.722293 2812.945626
0.863468 0.000000 0.000000 0.000000 0.000000 0.129350 0.007182 1.722293 2812.945626
0.863468 0.000000 0.000000 0.000000 0.000000 0.129350 0.007182 1.722293 2812.945626
0.863468 0.000000 0.000000 0.000000 0.000000 0.129350 0.007182 1.722293 2812.945626
0.863468 0.000000 0.000000 0.000000 0.000000 0.129350 0.007182 1.722293 2812.945626
0.863468 0.000000 0.000000 0.000000 0.000000 0.129350 0.007182 1.722293 2812.945626
0.863468 0.000000 0.000000 0.000000 0.000000 0.129350 0.007182 1.722293 2812.945626
0.863468 0.000000 0.000000 0.000000 0.000000 0.129350 0.007182 1.722293 2812.945626
0.863468 0.000000 0.000000 0.000000 0.000000 0.129350 0.007182 1.722293 2812.945626
0.863468 0.000000 0.000000 0.000000 0.000000 0.129350 0.007182 1.722293 2812.945626
0.863468 0.000000 0.000000 0.000000 0.000000 0.129350 0.007182 1.722293 2812.945626
0.863468 0.000000 0.000000 0.000000 0.000000 0.129350 0.007182 1.722293 2812.945626
0.863468 0.000000 0.000000 0.000000 0.000000 0.129350 0.007182 1.722293 2812.945626
0.863468 0.000000 0.000000 0.000000 0.000000 0.129350 0.007182 1.722293 2812.945626
0.863468 0.000000 0.000000 0.000000 0.000000 0.129350 0.007182 1.722293 2812.945626
0.863468 0.000000 0.000000 0.000000 0.000000 0.129350 0.007182 1.722293 2812.945626
0.863468 0.000000 0.000000 0.000000 0.000000 0.129350 0.007182 1.722293 2812.945626
0.863468 0.000000 0.000000 0.000000 0.000000 0.129350 0.007182 1.722293 2812.945626
0.863468 0.000000 0.000000 0.000000 0.000000 0.129350 0.007182 1.722293 2812.945626
0.863468 0.000000 0.000000 0.000000 0.000000 0.129350 0.007182 1.722293 2812.945626
0.863468 0.000000 0.000000 0.000000 0.000000 0.129350 0.007182 1.722293 2812.945626
0.863468 0.000000 0.000000 0.000000 0.000000 0.129350 0.007182 1.722293 2812.945626
0.863468 0.000000 0.000000 0.000000 0.000000 0.129350 0.007182 1.722293 2812.945626
0.863468 0.000000 0.000000 0.000000 0.000000 0.129350 0.007182 1.722293 2812.945626
0.863468 0.000000 0.000000 0.000000 0.000000 0.129350 0.007182 1.722293 2812.945626
0.863468 0.000000 0.000000 0.000000 0.000000 0.129350 0.007182 1.722293 2812.945626
0.863468 0.000000 0.000000 0.000000 0.000000 0.129350 0.007182 1.722293 2812.945626
0.863468 0.000000 0.000000 0.000000 0.000000 0.129350 0.007182 1.722293 2812.945626
0.863468 0.000000 0.000000 0.000000 0.000000 0.129350 0.007182 1.722293 2812.945626
0.863468 0.000000 0.000000 0.000000 0.000000 0.129350 0.007182 1.722293 2812.945626
0.863468 0.000000 0.000000 0.000000 0.000000 0.129350 0.007182 1.722293 2812.945626
0.863468 0.000000 0.000000 0.000000 0.000000 0.129350 0.007182 1.722293 2812.945626
0.863468 0.000000 0.000000 0.000000 0.000000 0.129350 0.007182 1.722293 2812.945626
0.863468 0.000000 0.000000 0.000000 0.000000 0.129350 0.007182 1.722293 2812.945626
0.863468 0.000000 0.000000 0.000000 0.000000 0.129350 0.007182 1.722293 2812.945626
0.863468 0.000000 0.000000 0.000000 0.000000 0.129350 0.007182 1.722293 2812.945626
0.863468 0.000000 0.000000 0.000000 0.000000 0.129350 0.007182 1.722293 2812.945626
0.863468 0.000000 0.000000 0.000000 0.000000 0.129350 0.007182 1.722293 2812.945626
0.863468 0.000000 0.000000 0.000000 0.000000 0.129350 0.007182 1.722293 2812.945626
0.863468 0.000000 0.000000 0.000000 0.000000 0.129350 0.007182 1.722293 2812.945626
0.863468 0.000000 0.000000 0.000000 0.000000 0.129350 0.007182 1.722293 2812.945626
0.863468 0.000000 0.000000 0.000000 0.000000 0.129350 0.007182 1.722293 2812.945626
0.863468 0.000000 0.000000 0.000000 0.000000 0.129350 0.007182 1.722293 2812.945626
0.863468 0.000000 0.000000 0.000000 0.000000 0.129350 0.007182 1.722293 2812.945626
0.863468 0.000000 0.000000 0.000000 0.000000 0.129350 0.007182 1.722293 2812.945626
0.863468 0.000000 0.000000 0.000000 0.000000 0.129350 0.007182 1.722293 2812.945626
0.863468 0.000000 0.000000 0.000000 0.000000 0.129350 0.007182 1.722293 2812.945626
0.863468 0.000000 0.000000 0.000000 0.000000 0.129350 0.007182 1.722293 2812.945626
0.863468 0.000000 0.000000 0.000000 0.000000 0.129350 0.007182 1.722293 2812.945626
0.863468 0.000000 0.000000 0.000000 0.000000 0.129350 0.007182 1.722293 2812.945626
0.863468 0.000000 0.000000 0.000000 0.000000 0.129350 0.007182 1.722293 2812.945626
0.863468 0.000000 0.000000 0.000000 0.000000 0.129350 0.007182 1.722293 2812.945626
0.863468 0.000000 0.000000 0.000000 0.000000 0.129350 0.007182 1.722293 2812.945626
0.863468 0.000000 0.000000 0.000000 0.000000 0.129350 0.007182 1.722293 2812.945626
0.863468 0.000000 0.000000 0.000000 0.000000 0.129350 0.007182 1.722293 2812.945626
0.863468 0.000000 0.000000 0.000000 0.000000 0.129350 0.007182 1.722293 2812.945626
0.863468 0.000000 0.000000 0.000000 0.000000 0.129350 0.007182 1.722293 2812.945626
0.863468 0.000000 0.000000 0.000000 0.000000 0.129350 0.007182 1.722293 2812.945626
0.863468 0.000000 0.000000 0.000000 0.000000 0.129350 0.007182 1.722293 2812.945626
0.863468 0.000000 0.000000 0.000000 0.000000 0.129350 0.007182 1.722293 2812.945626
0.863468 0.000000 0.000000 0.000000 0.000000 0.129350 0.007182 1.722293 2812.945626
0.863468 0.000000 0.000000 0.000000 0.000000 0.129350 0.007182 1.722293 2812.945626
0.863468 0.000000 0.000000 0.000000 0.000000 0.129350 0.007182 1.722293 2812.945626
0.863468 0.000000 0.000000 0.000000 0.000000 0.129350 0.007182 1.722293 2812.945626
0.863468 0.000000 0.000000 0.000000 0.000000 0.129350 0.007182 1.722293 2812.945626
0.863468 0.000000 0.000000 0.000000 0.000000 0.129350 0.007182 1.722293 2812.945626
0.863468 0.000000 0.000000 0.000000 0.000000 0.129350 0.007182 1.722293 2812.945626
0.863468 0.000000 0.000000 0.000000 0.000000 0.129350 0.007182 1.722293 2812.945626
0.863468 0.000000 0.000000 0.000000 0.000000 0.129350 0.007182 1.722293 2812.945626
0.863468 0.000000 0.000000 0.000000 0.000000 0.129350 0.007182 1.722293 2812.945626
0.863468 0.000000 0.000000 0.000000 0.000000 0.129350 0.007182 1.722293 2812.945626
0.863468 0.000000 0.000000 0.000000 0.000000 0.129350 0.007182 1.722293 2812.945626
0.863468 0.000000 0.000000 0.000000 0.000000 0.129350 0.007182 1.722293 2812.945626
0.863468 0.000000 0.000000 0.000000 0.000000 0.129350 0.007182 1.722293 2812.945626
0.863468 0.000000 0.000000 0.000000 0.000000 0.129350 0.007182 1.722293 2812.945626
0.863468 0.000000 0.000000 0.000000 0.000000 0.129350 0.007182 1.722293 2812.945626
0.863468 0.000000 0.000000 0.000000 0.000000 0.129350 0.007182 1.722293 2812.945626
0.863468 0.000000 0.000000 0.000000 0.000000 0.129350 0.007182 1.722293 2812.945626
0.863468 0.000000 0.000000 0.000000 0.000000 0.129350 0.007182 1.722293 2812.945626
0.863468 0.000000 0.000000 0.000000 0.000000 0.129350 0.007182 1.722293 2812.945626
0.863468 0.000000 0.000000 0.000000 0.000000 0.129350 0.007182 1.722293 2812.945626
0.863468 0.000000 0.000000 0.000000 0.000000 0.129350 0.007182 1.722293 2812.945626
0.863468 0.000000 0.000000 0.000000 0.000000 0.129350 0.007182 1.722293 2812.945626
0.863468 0.000000 0.000000 0.000000 0.000000 0.129350 0.007182 1.722293 2812.945626
0.863468 0.000000 0.000000 0.000000 0.000000 0.129350 0.007182 1.722293 2812.945626
0.863468 0.000000 0.000000 0.000000 0.000000 0.129350 0.007182 1.722293 2812.945626
0.863468 0.000000 0.000000 0.000000 0.000000 0.129350 0.007182 1.722293 2812.945626
0.863468 0.000000 0.000000 0.000000 0.000000 0.129350 0.007182 1.722293 2812.945626
0.863468 0.000000 0.000000 0.000000 0.000000 0.129350 0.007182 1.722293 2812.945626
0.863468 0.000000 0.000000 0.000000 0.000000 0.129350 0.007182 1.722293 2812.945626
0.863468 0.000000 0.000000 0.000000 0.000000 0.129350 0.007182 1.722293 2812.945626
0.863468 0.000000 0.000000 0.000000 0.000000 0.129350 0.007182 1.722293 2812.945626
0.863468 0.000000 0.000000 0.000000 0.000000 0.129350 0.007182 1.722293 2812.945626
0.863468 0.000000 0.000000 0.000000 0.000000 0.129350 0.007182 1.722293 2812.945626
0.863468 0.000000 0.000000 0.000000 0.000000 0.129350 0.007182 1.722293 2812.945626
0.863468 0.000000 0.000000 0.000000 0.000000 0.129350 0.007182 1.722293 2812.945626
0.863468 0.000000 0.000000 0.000000 0.000000 0.129350 0.007182 1.722293 2812.945626
0.863468 0.000000 0.000000 0.000000 0.000000 0.129350 0.007182 1.722293 2812.945626
0.863468 0.000000 0.000000 0.000000 0.000000 0.129350 0.007182 1.722293 2812.945626
0.863468 0.000000 0.000000 0.000000 0.000000 0.129350 0.007182 1.722293 2812.945626
0.863468 0.000000 0.000000 0.000000 0.000000 0.129350 0.007182 1.722293 2812.945626
0.863468 0.000000 0.000000 0.000000 0.000000 0.129350 0.007182 1.722293 2812.945626
0.863468 0.000000 0.000000 0.000000 0.000000 0.129350 0.007182 1.722293 2812.945626
0.863468 0.000000 0.000000 0.000000 0.000000 0.129350 0.007182 1.722293 2812.945626
0.863468 0.000000 0.000000 0.000000 0.000000 0.129350 0.007182 1.722293 2812.945626
0.863468 0.000000 0.000000 0.000000 0.000000 0.129350 0.007182 1.722293 2812.945626
0.863468 0.000000 0.000000 0.000000 0.000000 0.129350 0.007182 1.722293 2812.945626
0.863468 0.000000 0.000000 0.000000 0.000000 0.129350 0.007182 1.722293 2812.945626
0.863468 0.000000 0.000000 0.000000 0.000000 0.129350 0.007182 1.722293 2812.945626
0.863468 0.000000 0.000000 0.000000 0.000000 0.129350 0.007182 1.722293 2812.945626
0.863468 0.000000 0.000000 0.000000 0.000000 0.129350 0.007182 1.722293 2812.945626
0.863468 0.000000 0.000000 0.000000 0.000000 0.129350 0.007182 1.722293 2812.945626
0.863468 0.000000 0.000000 0.000000 0.000000 0.129350 0.007182 1.722293 2812.945626
0.863468 0.000000 0.000000 0.000000 0.000000 0.129350 0.007182 1.722293 2812.945626
0.863468 0.000000 0.000000 0.000000 0.000000 0.129350 0.007182 1.722293 2812.945626
0.863468 0.000000 0.000000 0.000000 0.000000 0.129350 0.007182 1.722293 2812.945626
0.863468 0.000000 0.000000 0.000000 0.000000 0.129350 0.007182 1.722293 2812.945626
0.863468 0.000000 0.000000 0.000000 0.000000 0.129350 0.007182 1.722293 2812.945626
0.863468 0.000000 0.000000 0.000000 0.000000 0.129350 0.007182 1.722293 2812.945626
0.863468 0.000000 0.000000 0.000000 0.000000 0.129350 0.007182 1.722293 2812.945626
0.863468 0.000000 0.000000 0.000000 0.000000 0.129350 0.007182 1.722293 2812.945626
0.863468 0.000000 0.000000 0.000000 0.000000 0.129350 0.007182 1.722293 2812.945626
0.863468 0.000000 0.000000 0.000000 0.000000 0.129350 0.007182 1.722293 2812.945626
0.863468 0.000000 0.000000 0.000000 0.000000 0.129350 0.007182 1.722293 2812.945626
0.863468 0.000000 0.000000 0.000000 0.000000 0.129350 0.007182 1.722293 2812.945626
0.863468 0.000000 0.000000 0.000000 0.000000 0.129350 0.007182 1.722293 2812.945626
0.863468 0.000000 0.000000 0.000000 0.000000 0.129350 0.007182 1.722293 2812.945626
0.863468 0.000000 0.000000 0.000000 0.000000 0.129350 0.007182 1.722293 2812.945626
0.863468 0.000000 0.000000 0.000000 0.000000 0.129350 0.007182 1.722293 2812.945626
0.863468 0.000000 0.000000 0.000000 0.000000 0.129350 0.007182 1.722293 2812.945626
0.863468 0.000000 0.000000 0.000000 0.000000 0.129350 0.007182 1.722293 2812.945626
0.863468 0.000000 0.000000 0.000000 0.000000 0.129350 0.007182 1.722293 2812.945626
0.863468 0.000000 0.000000 0.000000 0.000000 0.129350 0.007182 1.722293 2812.945626
0.863468 0.000000 0.000000 0.000000 0.000000 0.129350 0.007182 1.722293 2812.945626
0.863468 0.000000 0.000000 0.000000 0.000000 0.129350 0.007182 1.722293 2812.945626
0.863468 0.000000 0.000000 0.000000 0.000000 0.129350 0.007182 1.722293 2812.945626
0.863468 0.000000 0.000000 0.000000 0.000000 0.129350 0.007182 1.722293 2812.945626
0.863468 0.000000 0.000000 0.000000 0.000000 0.129350 0.007182 1.722293 2812.945626
0.863468 0.000000 0.000000 0.000000 0.000000 0.129350 0.007182 1.722293 2812.945626
0.863468 0.000000 0.000000 0.000000 0.000000 0.129350 0.007182 1.722293 2812.945626
0.863468 0.000000 0.000000 0.000000 0.000000 0.129350 0.007182 1.722293 2812.945626
0.863468 0.000000 0.000000 0.000000 0.000000 0.129350 0.007182 1.722293 2812.945626
0.863468 0.000000 0.000000 0.000000 0.000000 0.129350 0.007182 1.722293 2812.945626
0.863468 0.000000 0.000000 0.000000 0.000000 0.129350 0.007182 1.722293 2812.945626
0.863468 0.000000 0.000000 0.000000 0.000000 0.129350 0.007182 1.722293 2812.945626
0.863468 0.000000 0.000000 0.000000 0.000000 0.129350 0.007182 1.722293 2812.945626
0.863468 0.000000 0.000000 0.000000 0.000000 0.129350 0.007182 1.722293 2812.945626
0.863468 0.000000 0.000000 0.000000 0.000000 0.129350 0.007182 1.722293 2812.945626
0.863468 0.000000 0.000000 0.000000 0.000000 0.129350 0.007182 1.722293 2812.945626
0.863468 0.000000 0.000000 0.000000 0.000000 0.129350 0.007182 1.722293 2812.945626
0.863468 0.000000 0.000000 0.000000 0.000000 0.129350 0.007182 1.722293 2812.945626
0.863468 0.000000 0.000000 0.000000 0.000000 0.129350 0.007182 1.722293 2812.945626
0.863468 0.000000 0.000000 0.000000 0.000000 0.129350 0.007182 1.722293 2812.945626
0.863468 0.000000 0.000000 0.000000 0.000000 0.129350 0.007182 1.722293 2812.945626
0.863468 0.000000 0.000000 0.000000 0.000000 0.129350 0.007182 1.722293 2812.945626
0.863468 0.000000 0.000000 0.000000 0.000000 0.129350 0.007182 1.722293 2812.945626
0.863468 0.000000 0.000000 0.000000 0.000000 0.129350 0.007182 1.722293 2812.945626
0.863468 0.000000 0.000000 0.000000 0.000000 0.129350 0.007182 1.722293 2812.945626
0.863468 0.000000 0.000000 0.000000 0.000000 0.129350 0.007182 1.722293 2812.945626
0.863468 0.000000 0.000000 0.000000 0.000000 0.129350 0.007182 1.722293 2812.945626
0.863468 0.000000 0.000000 0.000000 0.000000 0.129350 0.007182 1.722293 2812.945626
0.863468 0.000000 0.000000 0.000000 0.000000 0.129350 0.007182 1.722293 2812.945626
0.863468 0.000000 0.000000 0.000000 0.000000 0.129350 0.007182 1.722293 2812.945626
0.863468 0.000000 0.000000 0.000000 0.000000 0.129350 0.007182 1.722293 2812.945626
0.863468 0.000000 0.000000 0.000000 0.000000 0.129350 0.007182 1.722293 2812.945626
0.863468 0.000000 0.000000 0.000000 0.000000 0.129350 0.007182 1.722293 2812.945626
0.863468 0.000000 0.000000 0.000000 0.000000 0.129350 0.007182 1.722293 2812.945626
0.863468 0.000000 0.000000 0.000000 0.000000 0.129350 0.007182 1.722293 2812.945626
0.863468 0.000000 0.000000 0.000000 0.000000 0.129350 0.007182 1.722293 2812.945626
0.863468 0.000000 0.000000 0.000000 0.000000 0.129350 0.007182 1.722293 2812.945626
0.863468 0.000000 0.000000 0.000000 0.000000 0.129350 0.007182 1.722293 2812.945626
0.863468 0.000000 0.000000 0.000000 0.000000 0.129350 0.007182 1.722293 2812.945626
0.863468 0.000000 0.000000 0.000000 0.000000 0.129350 0.007182 1.722293 2812.945626
0.863468 0.000000 0.000000 0.000000 0.000000 0.129350 0.007182 1.722293 2812.945626
0.863468 0.000000 0.000000 0.000000 0.000000 0.129350 0.007182 1.722293 2812.945626
0.863468 0.000000 0.000000 0.000000 0.000000 0.129350 0.007182 1.722293 2812.945626
0.863468 0.000000 0.000000 0.000000 0.000000 0.129350 0.007182 1.722293 2812.945626
0.863468 0.000000 0.000000 0.000000 0.000000 0.129350 0.007182 1.722293 2812.945626
0.863468 0.000000 0.000000 0.000000 0.000000 0.129350 0.007182 1.722293 2812.945626
0.863468 0.000000 0.000000 0.000000 0.000000 0.129350 0.007182 1.722293 2812.945626
0.863468 0.000000 0.000000 0.000000 0.000000 0.129350 0.007182 1.722293 2812.945626
0.863468 0.000000 0.000000 0.000000 0.000000 0.129350 0.007182 1.722293 2812.945626
0.863468 0.000000 0.000000 0.000000 0.000000 0.129350 0.007182 1.722293 2812.945626
0.863468 0.000000 0.000000 0.000000 0.000000 0.129350 0.007182 1.722293 2812.945626
0.863468 0.000000 0.000000 0.000000 0.000000 0.129350 0.007182 1.722293 2812.945626
0.863468 0.000000 0.000000 0.000000 0.000000 0.129350 0.007182 1.722293 2812.945626
0.863468 0.000000 0.000000 0.000000 0.000000 0.129350 0.007182 1.722293 2812.945626
0.863468 0.000000 0.000000 0.000000 0.000000 0.129350 0.007182 1.722293 2812.945626
0.863468 0.000000 0.000000 0.000000 0.000000 0.129350 0.007182 1.722293 2812.945626
0.863468 0.000000 0.000000 0.000000 0.000000 0.129350 0.007182 1.722293 2812.945626
0.863468 0.000000 0.000000 0.000000 0.000000 0.129350 0.007182 1.722293 2812.945626
0.863468 0.000000 0.000000 0.000000 0.000000 0.129350 0.007182 1.722293 2812.945626
0.863468 0.000000 0.000000 0.000000 0.000000 0.129350 0.007182 1.722293 2812.945626
0.863468 0.000000 0.000000 0.000000 0.000000 0.129350 0.007182 1.722293 2812.945626
0.863468 0.000000 0.000000 0.000000 0.000000 0.129350 0.007182 1.722293 2812.945626
0.863468 0.000000 0.000000 0.000000 0.000000 0.129350 0.007182 1.722293 2812.945626
0.863468 0.000000 0.000000 0.000000 0.000000 0.129350 0.007182 1.722293 2812.945626
0.863468 0.000000 0.000000 0.000000 0.000000 0.129350 0.007182 1.722293 2812.945626
0.863468 0.000000 0.000000 0.000000 0.000000 0.129350 0.007182 1.722293 2812.945626
0.863468 0.000000 0.000000 0.000000 0.000000 0.129350 0.007182 1.722293 2812.945626
