0.350815 0.062624 0.055967 0.032213 0.002096 0.490213 0.006072 1.598977 2099.674352
0.353635 0.059990 0.055877 0.031962 0.002092 0.490344 0.006101 1.604977 2110.224227
0.357341 0.056712 0.055653 0.031632 0.002084 0.490453 0.006125 1.610688 2120.689436
0.361677 0.053196 0.055342 0.031150 0.002072 0.490407 0.006156 1.616063 2131.055087
0.366393 0.049592 0.054848 0.030522 0.002073 0.490386 0.006185 1.621136 2141.706818
0.371300 0.046129 0.054074 0.029872 0.002075 0.490340 0.006210 1.625830 2151.869192
0.376431 0.042750 0.053245 0.029157 0.002079 0.490103 0.006235 1.630246 2161.798719
0.381649 0.039565 0.052250 0.028387 0.002071 0.489820 0.006258 1.634328 2172.973283
0.386921 0.036653 0.051097 0.027556 0.002058 0.489428 0.006287 1.638041 2183.132033
0.392380 0.033860 0.049883 0.026687 0.002057 0.488822 0.006310 1.641538 2194.257480
0.397885 0.031220 0.048575 0.025843 0.002045 0.488099 0.006333 1.644780 2203.737944
0.403367 0.028829 0.047183 0.024921 0.002030 0.487312 0.006359 1.647729 2213.302428
0.408961 0.026646 0.045753 0.024008 0.002021 0.486226 0.006384 1.650440 2223.621450
0.414508 0.024655 0.044234 0.023119 0.002013 0.485064 0.006408 1.652924 2233.412602
0.420096 0.022794 0.042721 0.022199 0.002000 0.483756 0.006434 1.655225 2243.524246
0.425714 0.021118 0.041221 0.021240 0.001980 0.482266 0.006460 1.657327 2254.198456
0.431295 0.019536 0.039676 0.020338 0.001954 0.480711 0.006490 1.659316 2264.308649
0.436941 0.018080 0.038143 0.019425 0.001940 0.478961 0.006511 1.661134 2274.267525
0.442617 0.016697 0.036622 0.018574 0.001919 0.477037 0.006535 1.662858 2283.016655
0.448269 0.015446 0.035138 0.017762 0.001901 0.474928 0.006556 1.664442 2293.712565
0.453810 0.014261 0.033737 0.016940 0.001856 0.472809 0.006587 1.665914 2305.290335
0.459404 0.013200 0.032371 0.016166 0.001834 0.470417 0.006608 1.667288 2314.455078
0.464999 0.012208 0.031035 0.015413 0.001799 0.467916 0.006631 1.668555 2325.179339
0.470596 0.011316 0.029656 0.014674 0.001763 0.465339 0.006656 1.669715 2336.409471
0.476120 0.010527 0.028303 0.013964 0.001726 0.462684 0.006676 1.670763 2346.547930
0.481658 0.009786 0.027001 0.013304 0.001686 0.459862 0.006704 1.671750 2357.437559
0.487137 0.009093 0.025802 0.012635 0.001656 0.456956 0.006721 1.672692 2366.922388
0.492757 0.008446 0.024590 0.012008 0.001637 0.453820 0.006742 1.673557 2374.938212
0.498169 0.007842 0.023447 0.011416 0.001604 0.450760 0.006763 1.674379 2385.203426
0.503654 0.007311 0.022348 0.010820 0.001572 0.447509 0.006786 1.675112 2395.423617
0.509048 0.006799 0.021292 0.010298 0.001530 0.444223 0.006811 1.675820 2405.714232
0.514372 0.006341 0.020279 0.009772 0.001494 0.440912 0.006831 1.676470 2415.498720
0.519786 0.005919 0.019322 0.009259 0.001460 0.437404 0.006850 1.677078 2426.274615
0.525058 0.005529 0.018390 0.008801 0.001426 0.433925 0.006871 1.677648 2435.169959
0.530366 0.005171 0.017450 0.008331 0.001397 0.430397 0.006889 1.678178 2442.903361
0.535516 0.004853 0.016575 0.007895 0.001359 0.426892 0.006910 1.678658 2452.325608
0.540723 0.004550 0.015758 0.007457 0.001326 0.423259 0.006927 1.679108 2462.156991
0.545925 0.004262 0.014927 0.007054 0.001300 0.419590 0.006943 1.679536 2470.661221
0.551064 0.003984 0.014192 0.006685 0.001272 0.415847 0.006956 1.679965 2477.738325
0.556023 0.003765 0.013460 0.006314 0.001242 0.412223 0.006973 1.680332 2486.245971
0.561057 0.003533 0.012805 0.005957 0.001208 0.408449 0.006991 1.680698 2496.579081
0.565983 0.003323 0.012212 0.005620 0.001177 0.404678 0.007007 1.681040 2506.969604
0.570893 0.003145 0.011599 0.005310 0.001145 0.400886 0.007023 1.681348 2514.701586
0.575856 0.002965 0.010987 0.005044 0.001113 0.396994 0.007041 1.681652 2522.889608
0.580688 0.002797 0.010422 0.004770 0.001076 0.393191 0.007056 1.681945 2532.829227
0.585468 0.002652 0.009887 0.004519 0.001049 0.389357 0.007067 1.682206 2540.845134
0.590307 0.002503 0.009376 0.004280 0.001019 0.385433 0.007083 1.682470 2549.890647
0.595002 0.002374 0.008890 0.004047 0.000987 0.381603 0.007097 1.682705 2557.697070
0.599659 0.002244 0.008439 0.003835 0.000960 0.377755 0.007108 1.682930 2565.472697
0.604257 0.002135 0.008012 0.003642 0.000930 0.373904 0.007120 1.683139 2573.822883
0.608789 0.002037 0.007600 0.003432 0.000908 0.370103 0.007132 1.683330 2581.200731
0.613291 0.001923 0.007218 0.003239 0.000884 0.366302 0.007143 1.683539 2587.846931
0.617772 0.001840 0.006846 0.003069 0.000857 0.362462 0.007154 1.683711 2595.128436
0.622182 0.001738 0.006505 0.002902 0.000826 0.358681 0.007165 1.683900 2602.850638
0.626529 0.001639 0.006160 0.002755 0.000798 0.354945 0.007175 1.684079 2611.110481
0.630898 0.001552 0.005861 0.002613 0.000766 0.351123 0.007187 1.684243 2619.239701
0.635222 0.001473 0.005569 0.002482 0.000745 0.347313 0.007197 1.684394 2626.690853
0.639449 0.001411 0.005292 0.002333 0.000727 0.343582 0.007205 1.684533 2632.780525
0.643658 0.001358 0.005007 0.002212 0.000709 0.339843 0.007213 1.684668 2638.453735
0.647844 0.001292 0.004748 0.002088 0.000691 0.336115 0.007222 1.684804 2644.159336
0.651924 0.001224 0.004517 0.001978 0.000665 0.332461 0.007231 1.684931 2651.575968
0.656032 0.001165 0.004294 0.001892 0.000641 0.328736 0.007240 1.685057 2658.635484
0.660092 0.001113 0.004064 0.001780 0.000617 0.325085 0.007249 1.685170 2665.115303
0.664102 0.001053 0.003866 0.001697 0.000598 0.321428 0.007257 1.685286 2671.113677
0.668057 0.001004 0.003692 0.001620 0.000577 0.317782 0.007267 1.685393 2676.363166
0.671933 0.000972 0.003510 0.001537 0.000554 0.314219 0.007275 1.685485 2682.848883
0.675815 0.000936 0.003321 0.001455 0.000536 0.310658 0.007279 1.685577 2688.795533
0.679632 0.000905 0.003141 0.001385 0.000520 0.307133 0.007285 1.685660 2693.895966
0.683429 0.000871 0.002988 0.001307 0.000505 0.303611 0.007290 1.685751 2698.513846
0.687145 0.000838 0.002852 0.001239 0.000491 0.300141 0.007294 1.685840 2703.012906
0.690833 0.000798 0.002715 0.001187 0.000474 0.296690 0.007302 1.685923 2708.438225
0.694461 0.000757 0.002584 0.001121 0.000459 0.293310 0.007308 1.686004 2712.778223
0.698068 0.000718 0.002455 0.001068 0.000443 0.289935 0.007313 1.686082 2717.550867
0.701693 0.000682 0.002349 0.001024 0.000422 0.286507 0.007322 1.686162 2723.948439
0.705239 0.000664 0.002234 0.000965 0.000406 0.283163 0.007330 1.686222 2729.130849
0.708754 0.000648 0.002123 0.000918 0.000392 0.279828 0.007337 1.686283 2733.474099
0.712222 0.000624 0.002032 0.000870 0.000378 0.276530 0.007344 1.686345 2738.159426
0.715602 0.000596 0.001942 0.000824 0.000364 0.273322 0.007350 1.686405 2743.105338
0.718959 0.000579 0.001845 0.000783 0.000353 0.270127 0.007354 1.686461 2746.271819
0.722290 0.000565 0.001752 0.000736 0.000338 0.266960 0.007360 1.686509 2751.620893
0.725601 0.000544 0.001665 0.000699 0.000326 0.263797 0.007368 1.686565 2755.992588
0.728895 0.000521 0.001595 0.000662 0.000314 0.260642 0.007371 1.686618 2760.720479
0.732115 0.000496 0.001525 0.000636 0.000303 0.257548 0.007376 1.686673 2764.694143
0.735247 0.000481 0.001456 0.000603 0.000292 0.254542 0.007379 1.686719 2769.810120
0.738372 0.000462 0.001399 0.000576 0.000280 0.251526 0.007384 1.686767 2773.880951
0.741453 0.000445 0.001336 0.000546 0.000271 0.248561 0.007388 1.686814 2776.804936
0.744538 0.000434 0.001260 0.000512 0.000262 0.245604 0.007391 1.686852 2780.703520
0.747557 0.000422 0.001198 0.000489 0.000253 0.242687 0.007395 1.686897 2783.522766
0.750481 0.000410 0.001140 0.000468 0.000243 0.239859 0.007400 1.686936 2787.914193
0.753430 0.000394 0.001086 0.000453 0.000234 0.237000 0.007403 1.686976 2790.749084
0.756406 0.000369 0.001036 0.000435 0.000228 0.234121 0.007405 1.687022 2793.575630
0.759310 0.000362 0.000984 0.000413 0.000222 0.231302 0.007408 1.687052 2795.965088
0.762166 0.000354 0.000938 0.000388 0.000212 0.228530 0.007412 1.687087 2799.544090
0.764982 0.000347 0.000889 0.000368 0.000208 0.225792 0.007415 1.687115 2801.447808
0.767770 0.000338 0.000848 0.000354 0.000198 0.223073 0.007419 1.687147 2804.888784
0.770514 0.000325 0.000809 0.000338 0.000191 0.220400 0.007422 1.687179 2807.635082
0.773237 0.000313 0.000778 0.000324 0.000187 0.217737 0.007424 1.687210 2809.733829
0.775978 0.000298 0.000747 0.000314 0.000184 0.215054 0.007425 1.687246 2811.386808
0.778657 0.000288 0.000711 0.000304 0.000178 0.212434 0.007428 1.687275 2814.024850
0.781297 0.000280 0.000675 0.000290 0.000171 0.209856 0.007431 1.687301 2816.714548
0.783898 0.000271 0.000648 0.000274 0.000168 0.207308 0.007432 1.687323 2818.425181
0.786503 0.000261 0.000619 0.000262 0.000163 0.204756 0.007435 1.687346 2820.616584
0.789013 0.000249 0.000594 0.000253 0.000159 0.202296 0.007436 1.687375 2822.219673
0.791530 0.000234 0.000567 0.000241 0.000156 0.199833 0.007438 1.687402 2824.152684
0.794023 0.000223 0.000542 0.000233 0.000148 0.197389 0.007442 1.687425 2826.533298
0.796490 0.000215 0.000520 0.000224 0.000142 0.194964 0.007445 1.687445 2829.129202
0.798890 0.000204 0.000501 0.000215 0.000137 0.192605 0.007447 1.687469 2830.723510
0.801283 0.000192 0.000485 0.000206 0.000130 0.190256 0.007448 1.687490 2833.712059
0.803613 0.000180 0.000465 0.000192 0.000125 0.187976 0.007451 1.687511 2836.475292
0.805928 0.000176 0.000448 0.000183 0.000122 0.185691 0.007452 1.687525 2837.672089
0.808249 0.000169 0.000426 0.000176 0.000119 0.183408 0.007453 1.687542 2839.588700
0.810519 0.000163 0.000406 0.000171 0.000113 0.181173 0.007455 1.687557 2841.863375
0.812714 0.000161 0.000387 0.000164 0.000108 0.179009 0.007457 1.687573 2844.476919
0.814951 0.000158 0.000374 0.000160 0.000105 0.176794 0.007458 1.687587 2845.611313
0.817105 0.000151 0.000359 0.000156 0.000100 0.174669 0.007460 1.687604 2847.553330
0.819191 0.000146 0.000340 0.000149 0.000098 0.172614 0.007461 1.687619 2848.496868
0.821322 0.000141 0.000318 0.000143 0.000095 0.170519 0.007461 1.687632 2849.793048
0.823419 0.000137 0.000303 0.000136 0.000092 0.168450 0.007463 1.687645 2851.389571
0.825467 0.000136 0.000292 0.000127 0.000090 0.166426 0.007463 1.687656 2852.681716
0.827509 0.000131 0.000278 0.000122 0.000086 0.164410 0.007464 1.687668 2854.208453
0.829534 0.000125 0.000269 0.000118 0.000083 0.162405 0.007465 1.687682 2855.677818
0.831527 0.000122 0.000260 0.000119 0.000082 0.160426 0.007465 1.687699 2856.326038
0.833470 0.000117 0.000250 0.000112 0.000080 0.158506 0.007466 1.687712 2857.118399
0.835399 0.000109 0.000241 0.000109 0.000079 0.156596 0.007467 1.687725 2857.548706
0.837289 0.000111 0.000231 0.000106 0.000076 0.154719 0.007468 1.687731 2859.065270
0.839119 0.000108 0.000220 0.000100 0.000073 0.152910 0.007470 1.687741 2860.967460
0.840902 0.000102 0.000216 0.000098 0.000070 0.151140 0.007471 1.687753 2862.473649
0.842655 0.000097 0.000207 0.000093 0.000069 0.149409 0.007471 1.687762 2863.492000
0.844360 0.000093 0.000201 0.000088 0.000067 0.147720 0.007472 1.687771 2864.381731
0.846034 0.000088 0.000196 0.000085 0.000064 0.146060 0.007473 1.687783 2865.570426
0.847686 0.000083 0.000189 0.000082 0.000061 0.144425 0.007474 1.687793 2867.261828
0.849321 0.000082 0.000182 0.000078 0.000056 0.142804 0.007476 1.687800 2869.273656
0.850940 0.000078 0.000179 0.000072 0.000054 0.141199 0.007477 1.687808 2870.437976
0.852503 0.000075 0.000174 0.000070 0.000052 0.139646 0.007479 1.687818 2871.665377
0.853994 0.000074 0.000166 0.000066 0.000052 0.138169 0.007479 1.687826 2871.921365
0.855447 0.000069 0.000165 0.000066 0.000051 0.136723 0.007480 1.687836 2872.208852
0.856861 0.000069 0.000156 0.000063 0.000049 0.135321 0.007480 1.687843 2873.038963
0.858235 0.000068 0.000152 0.000060 0.000047 0.133957 0.007482 1.687852 2873.840786
0.859626 0.000068 0.000145 0.000056 0.000044 0.132577 0.007483 1.687857 2875.202506
0.860970 0.000069 0.000141 0.000053 0.000044 0.131240 0.007483 1.687862 2875.344709
0.862294 0.000066 0.000139 0.000050 0.000041 0.129926 0.007484 1.687869 2876.768559
0.863576 0.000061 0.000137 0.000049 0.000040 0.128652 0.007484 1.687879 2877.759809
0.864763 0.000060 0.000133 0.000047 0.000038 0.127473 0.007485 1.687884 2878.904040
0.865941 0.000058 0.000127 0.000046 0.000037 0.126305 0.007486 1.687889 2879.756043
0.867073 0.000058 0.000123 0.000045 0.000035 0.125179 0.007486 1.687894 2880.867741
0.868196 0.000059 0.000115 0.000042 0.000033 0.124069 0.007487 1.687898 2882.083382
0.869286 0.000053 0.000112 0.000039 0.000031 0.122992 0.007488 1.687907 2882.844793
0.870341 0.000052 0.000107 0.000038 0.000031 0.121942 0.007488 1.687912 2883.480504
0.871354 0.000052 0.000106 0.000036 0.000029 0.120935 0.007488 1.687915 2884.402430
0.872304 0.000049 0.000102 0.000035 0.000028 0.119994 0.007489 1.687921 2884.810469
0.873230 0.000048 0.000097 0.000034 0.000028 0.119075 0.007489 1.687925 2884.987157
0.874157 0.000044 0.000097 0.000034 0.000028 0.118151 0.007489 1.687933 2885.272107
0.875013 0.000044 0.000091 0.000035 0.000027 0.117301 0.007489 1.687936 2885.499543
0.875870 0.000043 0.000088 0.000034 0.000027 0.116449 0.007490 1.687939 2885.867431
0.876743 0.000045 0.000081 0.000032 0.000027 0.115582 0.007490 1.687941 2885.867431
0.877581 0.000043 0.000081 0.000031 0.000025 0.114748 0.007491 1.687947 2886.647061
0.878384 0.000042 0.000079 0.000030 0.000026 0.113948 0.007491 1.687951 2886.647061
0.879172 0.000038 0.000078 0.000028 0.000023 0.113168 0.007493 1.687956 2888.638817
0.879914 0.000040 0.000072 0.000026 0.000022 0.112433 0.007493 1.687958 2889.078750
0.880626 0.000039 0.000072 0.000024 0.000021 0.111724 0.007494 1.687961 2889.479619
0.881329 0.000038 0.000072 0.000023 0.000020 0.111023 0.007494 1.687965 2890.039632
0.881971 0.000035 0.000071 0.000023 0.000019 0.110386 0.007495 1.687971 2891.018072
0.882607 0.000036 0.000070 0.000023 0.000018 0.109750 0.007495 1.687974 2891.690126
0.883247 0.000035 0.000069 0.000023 0.000016 0.109115 0.007496 1.687978 2893.063368
0.883826 0.000033 0.000066 0.000022 0.000014 0.108542 0.007496 1.687981 2893.643000
0.884418 0.000032 0.000066 0.000021 0.000013 0.107953 0.007496 1.687985 2894.059586
0.884967 0.000030 0.000063 0.000021 0.000013 0.107410 0.007496 1.687988 2894.211815
0.885496 0.000032 0.000060 0.000021 0.000013 0.106881 0.007496 1.687991 2894.451294
0.886021 0.000032 0.000058 0.000021 0.000013 0.106359 0.007496 1.687994 2894.451294
0.886522 0.000031 0.000057 0.000020 0.000012 0.105862 0.007496 1.687997 2894.696584
0.887011 0.000028 0.000056 0.000018 0.000011 0.105379 0.007497 1.688001 2895.468633
0.887510 0.000028 0.000055 0.000016 0.000011 0.104883 0.007497 1.688003 2895.468633
0.887952 0.000026 0.000053 0.000015 0.000011 0.104447 0.007497 1.688007 2896.019314
0.888399 0.000024 0.000049 0.000015 0.000010 0.104006 0.007497 1.688010 2896.310033
0.888797 0.000022 0.000048 0.000015 0.000010 0.103610 0.007497 1.688013 2896.555988
0.889193 0.000022 0.000045 0.000015 0.000010 0.103218 0.007497 1.688015 2896.815724
0.889582 0.000023 0.000043 0.000015 0.000009 0.102831 0.007497 1.688016 2897.059089
0.889962 0.000024 0.000041 0.000014 0.000009 0.102453 0.007498 1.688017 2897.093476
0.890309 0.000023 0.000040 0.000013 0.000008 0.102109 0.007498 1.688019 2897.600510
0.890657 0.000023 0.000040 0.000012 0.000008 0.101761 0.007498 1.688022 2897.600510
0.890997 0.000023 0.000039 0.000012 0.000008 0.101423 0.007498 1.688024 2897.600510
0.891302 0.000023 0.000037 0.000012 0.000008 0.101121 0.007498 1.688026 2897.884562
0.891599 0.000024 0.000035 0.000012 0.000008 0.100824 0.007498 1.688027 2897.884562
0.891900 0.000023 0.000035 0.000012 0.000007 0.100524 0.007499 1.688030 2898.278607
0.892183 0.000022 0.000035 0.000012 0.000007 0.100242 0.007499 1.688032 2898.306108
0.892477 0.000021 0.000035 0.000012 0.000006 0.099949 0.007499 1.688035 2898.693723
0.892749 0.000020 0.000036 0.000012 0.000006 0.099679 0.007499 1.688038 2899.008804
0.892997 0.000020 0.000035 0.000011 0.000005 0.099433 0.007499 1.688040 2899.416569
0.893229 0.000018 0.000035 0.000010 0.000005 0.099204 0.007499 1.688042 2899.416569
0.893450 0.000018 0.000034 0.000009 0.000005 0.098985 0.007499 1.688044 2899.416569
0.893682 0.000017 0.000032 0.000009 0.000005 0.098755 0.007499 1.688046 2899.416569
0.893890 0.000017 0.000032 0.000008 0.000005 0.098549 0.007499 1.688047 2899.623422
0.894086 0.000018 0.000031 0.000008 0.000004 0.098353 0.007499 1.688048 2899.683308
0.894282 0.000017 0.000032 0.000008 0.000004 0.098158 0.007499 1.688051 2900.011393
0.894459 0.000016 0.000031 0.000008 0.000004 0.097983 0.007499 1.688052 2900.011393
0.894636 0.000017 0.000028 0.000009 0.000004 0.097807 0.007499 1.688054 2900.011393
0.894794 0.000019 0.000026 0.000008 0.000004 0.097649 0.007499 1.688055 2900.011393
0.894966 0.000019 0.000025 0.000008 0.000005 0.097478 0.007499 1.688056 2900.011393
0.895107 0.000019 0.000024 0.000007 0.000005 0.097338 0.007499 1.688056 2900.011393
0.895250 0.000020 0.000022 0.000007 0.000005 0.097198 0.007499 1.688057 2900.011393
0.895397 0.000020 0.000023 0.000007 0.000005 0.097049 0.007499 1.688060 2900.011393
0.895547 0.000019 0.000024 0.000007 0.000005 0.096898 0.007499 1.688063 2900.011393
0.895687 0.000018 0.000025 0.000007 0.000005 0.096758 0.007499 1.688066 2900.011393
0.895814 0.000016 0.000027 0.000007 0.000005 0.096632 0.007499 1.688069 2900.011393
0.895939 0.000017 0.000024 0.000007 0.000005 0.096507 0.007500 1.688070 2900.115383
0.896065 0.000017 0.000024 0.000007 0.000005 0.096383 0.007500 1.688071 2900.115383
0.896187 0.000016 0.000022 0.000007 0.000004 0.096264 0.007500 1.688073 2900.456856
0.896301 0.000015 0.000021 0.000008 0.000004 0.096151 0.007500 1.688074 2900.456856
0.896410 0.000015 0.000020 0.000008 0.000004 0.096043 0.007500 1.688075 2900.456856
0.896511 0.000016 0.000021 0.000008 0.000004 0.095941 0.007500 1.688077 2900.862819
0.896607 0.000017 0.000020 0.000007 0.000004 0.095845 0.007500 1.688077 2900.862819
0.896699 0.000017 0.000020 0.000008 0.000004 0.095753 0.007500 1.688079 2900.862819
0.896790 0.000019 0.000019 0.000007 0.000003 0.095662 0.007500 1.688080 2900.881728
0.896873 0.000017 0.000018 0.000008 0.000003 0.095580 0.007500 1.688082 2900.881728
0.896961 0.000017 0.000016 0.000008 0.000003 0.095495 0.007500 1.688084 2901.148008
0.897046 0.000016 0.000015 0.000008 0.000002 0.095412 0.007501 1.688086 2901.549574
0.897113 0.000016 0.000017 0.000007 0.000002 0.095344 0.007501 1.688087 2901.810063
0.897191 0.000015 0.000018 0.000007 0.000002 0.095267 0.007501 1.688089 2901.810063
0.897254 0.000014 0.000018 0.000006 0.000002 0.095205 0.007501 1.688092 2902.199732
0.897323 0.000013 0.000018 0.000006 0.000002 0.095137 0.007501 1.688094 2902.199732
0.897371 0.000012 0.000017 0.000006 0.000002 0.095091 0.007501 1.688095 2902.199732
0.897434 0.000013 0.000015 0.000006 0.000002 0.095028 0.007501 1.688096 2902.199732
0.897486 0.000012 0.000016 0.000007 0.000002 0.094977 0.007501 1.688097 2902.199732
0.897545 0.000011 0.000015 0.000006 0.000002 0.094920 0.007501 1.688098 2902.199732
0.897605 0.000010 0.000016 0.000006 0.000002 0.094860 0.007501 1.688100 2902.199732
0.897651 0.000010 0.000014 0.000006 0.000002 0.094815 0.007501 1.688100 2902.199732
0.897703 0.000010 0.000014 0.000006 0.000002 0.094764 0.007501 1.688102 2902.199732
0.897745 0.000010 0.000014 0.000007 0.000002 0.094721 0.007501 1.688104 2902.199732
0.897790 0.000009 0.000014 0.000007 0.000002 0.094677 0.007501 1.688104 2902.199732
0.897837 0.000009 0.000011 0.000007 0.000001 0.094632 0.007502 1.688105 2902.527515
0.897885 0.000009 0.000012 0.000006 0.000001 0.094585 0.007502 1.688106 2902.527515
0.897931 0.000008 0.000011 0.000006 0.000002 0.094539 0.007502 1.688107 2902.527515
0.897978 0.000009 0.000010 0.000007 0.000002 0.094493 0.007502 1.688107 2902.527515
0.898015 0.000008 0.000011 0.000006 0.000002 0.094457 0.007502 1.688109 2902.527515
0.898054 0.000007 0.000012 0.000006 0.000001 0.094418 0.007502 1.688110 2902.734179
0.898088 0.000006 0.000012 0.000006 0.000001 0.094384 0.007502 1.688111 2903.030970
0.898128 0.000006 0.000012 0.000006 0.000001 0.094344 0.007502 1.688111 2903.030970
0.898162 0.000006 0.000012 0.000006 0.000001 0.094310 0.007502 1.688112 2903.030970
0.898194 0.000006 0.000012 0.000006 0.000001 0.094279 0.007502 1.688112 2903.030970
0.898229 0.000006 0.000012 0.000006 0.000001 0.094243 0.007502 1.688113 2903.030970
0.898258 0.000007 0.000011 0.000006 0.000001 0.094215 0.007502 1.688113 2903.030970
0.898285 0.000007 0.000011 0.000006 0.000001 0.094188 0.007502 1.688113 2903.030970
0.898312 0.000006 0.000012 0.000006 0.000001 0.094162 0.007502 1.688114 2903.030970
0.898334 0.000006 0.000012 0.000005 0.000001 0.094140 0.007502 1.688115 2903.030970
0.898366 0.000005 0.000011 0.000005 0.000001 0.094109 0.007502 1.688116 2903.030970
0.898397 0.000004 0.000011 0.000005 0.000001 0.094079 0.007502 1.688117 2903.030970
0.898423 0.000005 0.000011 0.000005 0.000001 0.094053 0.007502 1.688117 2903.030970
0.898450 0.000004 0.000011 0.000005 0.000001 0.094027 0.007502 1.688117 2903.030970
0.898473 0.000004 0.000010 0.000005 0.000001 0.094004 0.007502 1.688118 2903.030970
0.898498 0.000003 0.000011 0.000005 0.000001 0.093980 0.007502 1.688118 2903.030970
0.898524 0.000003 0.000011 0.000005 0.000001 0.093954 0.007502 1.688119 2903.030970
0.898550 0.000004 0.000010 0.000005 0.000001 0.093928 0.007502 1.688119 2903.030970
0.898579 0.000004 0.000009 0.000006 0.000001 0.093899 0.007502 1.688119 2903.030970
0.898603 0.000004 0.000008 0.000005 0.000001 0.093876 0.007502 1.688120 2903.030970
0.898628 0.000004 0.000008 0.000006 0.000001 0.093851 0.007502 1.688120 2903.030970
0.898653 0.000003 0.000008 0.000006 0.000001 0.093826 0.007502 1.688121 2903.030970
0.898673 0.000003 0.000008 0.000005 0.000001 0.093807 0.007502 1.688121 2903.030970
0.898692 0.000004 0.000008 0.000005 0.000001 0.093788 0.007502 1.688122 2903.030970
0.898711 0.000004 0.000008 0.000005 0.000001 0.093769 0.007502 1.688122 2903.030970
0.898734 0.000004 0.000008 0.000004 0.000001 0.093747 0.007502 1.688123 2903.030970
0.898756 0.000004 0.000008 0.000004 0.000001 0.093725 0.007502 1.688123 2903.030970
0.898776 0.000004 0.000007 0.000004 0.000002 0.093706 0.007502 1.688123 2903.030970
0.898795 0.000004 0.000007 0.000004 0.000001 0.093687 0.007502 1.688123 2903.413414
0.898814 0.000004 0.000007 0.000004 0.000001 0.093669 0.007502 1.688124 2903.413414
0.898826 0.000003 0.000006 0.000003 0.000001 0.093657 0.007502 1.688125 2903.413414
0.898841 0.000004 0.000006 0.000003 0.000001 0.093643 0.007502 1.688125 2903.413414
0.898858 0.000003 0.000006 0.000003 0.000001 0.093626 0.007502 1.688125 2903.597574
0.898877 0.000003 0.000007 0.000002 0.000001 0.093608 0.007502 1.688126 2903.597574
0.898895 0.000001 0.000007 0.000002 0.000001 0.093592 0.007502 1.688127 2903.597574
0.898907 0.000001 0.000007 0.000002 0.000001 0.093580 0.007502 1.688127 2903.597574
0.898918 0.000001 0.000007 0.000002 0.000001 0.093569 0.007502 1.688128 2903.597574
0.898933 0.000001 0.000007 0.000002 0.000001 0.093554 0.007502 1.688128 2903.597574
0.898943 0.000001 0.000006 0.000002 0.000001 0.093545 0.007502 1.688128 2903.597574
0.898957 0.000001 0.000005 0.000002 0.000001 0.093532 0.007502 1.688128 2903.597574
0.898968 0.000001 0.000004 0.000002 0.000001 0.093523 0.007502 1.688128 2903.597574
0.898977 0.000001 0.000004 0.000001 0.000001 0.093515 0.007502 1.688128 2903.597574
0.898986 0.000001 0.000003 0.000001 0.000001 0.093506 0.007502 1.688128 2903.597574
0.898994 0.000001 0.000003 0.000001 0.000001 0.093498 0.007502 1.688128 2903.597574
0.899003 0.000001 0.000002 0.000001 0.000001 0.093490 0.007502 1.688128 2903.675792
0.899014 0.000001 0.000002 0.000001 0.000001 0.093479 0.007502 1.688128 2903.675792
0.899025 0.000001 0.000002 0.000001 0.000001 0.093468 0.007502 1.688128 2903.675792
0.899035 0.000000 0.000002 0.000001 0.000001 0.093458 0.007502 1.688129 2903.675792
0.899044 0.000000 0.000002 0.000001 0.000001 0.093449 0.007502 1.688129 2903.675792
0.899051 0.000001 0.000002 0.000001 0.000001 0.093442 0.007502 1.688129 2903.675792
0.899059 0.000001 0.000002 0.000001 0.000001 0.093434 0.007502 1.688129 2903.675792
0.899064 0.000001 0.000002 0.000001 0.000001 0.093429 0.007502 1.688129 2903.675792
0.899074 0.000001 0.000002 0.000001 0.000001 0.093420 0.007502 1.688129 2903.675792
0.899082 0.000001 0.000002 0.000001 0.000000 0.093412 0.007502 1.688129 2903.720905
0.899087 0.000002 0.000002 0.000001 0.000000 0.093406 0.007502 1.688129 2903.720905
0.899091 0.000002 0.000002 0.000001 0.000000 0.093402 0.007502 1.688129 2903.720905
0.899095 0.000002 0.000002 0.000001 0.000000 0.093398 0.007502 1.688129 2903.720905
0.899102 0.000002 0.000002 0.000001 0.000000 0.093391 0.007502 1.688129 2903.720905
0.899106 0.000002 0.000001 0.000001 0.000000 0.093387 0.007502 1.688129 2903.720905
0.899112 0.000002 0.000001 0.000001 0.000000 0.093382 0.007502 1.688129 2903.720905
0.899117 0.000002 0.000001 0.000001 0.000000 0.093376 0.007502 1.688130 2903.720905
0.899121 0.000002 0.000001 0.000001 0.000000 0.093372 0.007502 1.688130 2903.720905
0.899127 0.000001 0.000002 0.000001 0.000000 0.093367 0.007502 1.688131 2903.720905
0.899129 0.000002 0.000001 0.000001 0.000000 0.093364 0.007502 1.688131 2903.720905
0.899132 0.000003 0.000001 0.000001 0.000000 0.093360 0.007502 1.688131 2903.720905
0.899135 0.000003 0.000001 0.000000 0.000000 0.093358 0.007502 1.688131 2903.720905
0.899140 0.000003 0.000001 0.000000 0.000000 0.093353 0.007502 1.688131 2903.720905
0.899144 0.000002 0.000001 0.000001 0.000000 0.093349 0.007502 1.688132 2903.720905
0.899145 0.000003 0.000001 0.000001 0.000000 0.093348 0.007502 1.688132 2903.720905
0.899149 0.000003 0.000001 0.000000 0.000000 0.093344 0.007502 1.688132 2903.720905
0.899152 0.000002 0.000002 0.000000 0.000000 0.093341 0.007502 1.688132 2903.720905
0.899155 0.000002 0.000001 0.000000 0.000000 0.093339 0.007502 1.688132 2903.720905
0.899157 0.000001 0.000001 0.000001 0.000000 0.093337 0.007502 1.688133 2903.720905
0.899159 0.000001 0.000001 0.000001 0.000000 0.093335 0.007502 1.688133 2903.720905
0.899159 0.000002 0.000001 0.000001 0.000000 0.093334 0.007502 1.688134 2903.720905
0.899161 0.000002 0.000001 0.000001 0.000000 0.093332 0.007502 1.688134 2903.720905
0.899164 0.000002 0.000001 0.000001 0.000000 0.093329 0.007502 1.688134 2903.720905
0.899166 0.000002 0.000001 0.000001 0.000000 0.093328 0.007502 1.688134 2903.720905
0.899167 0.000002 0.000002 0.000001 0.000000 0.093326 0.007502 1.688134 2903.720905
0.899172 0.000002 0.000002 0.000001 0.000000 0.093322 0.007502 1.688134 2903.720905
0.899172 0.000002 0.000001 0.000001 0.000000 0.093321 0.007502 1.688134 2903.720905
0.899173 0.000002 0.000001 0.000001 0.000000 0.093320 0.007502 1.688134 2903.720905
0.899174 0.000003 0.000001 0.000001 0.000000 0.093319 0.007502 1.688134 2903.720905
0.899175 0.000003 0.000001 0.000001 0.000000 0.093317 0.007502 1.688134 2903.720905
0.899178 0.000003 0.000001 0.000001 0.000000 0.093315 0.007502 1.688135 2903.720905
0.899179 0.000002 0.000002 0.000001 0.000000 0.093313 0.007502 1.688135 2903.720905
0.899181 0.000002 0.000002 0.000001 0.000000 0.093312 0.007502 1.688135 2903.720905
0.899182 0.000002 0.000002 0.000001 0.000000 0.093311 0.007502 1.688136 2903.720905
0.899182 0.000002 0.000002 0.000001 0.000000 0.093310 0.007502 1.688136 2903.720905
0.899184 0.000003 0.000001 0.000001 0.000000 0.093308 0.007502 1.688136 2903.720905
0.899186 0.000002 0.000002 0.000001 0.000000 0.093307 0.007502 1.688137 2903.720905
0.899187 0.000002 0.000002 0.000001 0.000000 0.093305 0.007502 1.688137 2903.720905
0.899189 0.000002 0.000002 0.000002 0.000000 0.093303 0.007502 1.688137 2903.720905
0.899190 0.000001 0.000003 0.000001 0.000000 0.093302 0.007502 1.688138 2903.720905
0.899191 0.000001 0.000002 0.000001 0.000000 0.093302 0.007502 1.688138 2903.720905
0.899195 0.000001 0.000002 0.000001 0.000000 0.093298 0.007502 1.688138 2903.720905
0.899197 0.000001 0.000002 0.000001 0.000000 0.093296 0.007502 1.688138 2903.720905
0.899199 0.000001 0.000002 0.000001 0.000000 0.093294 0.007502 1.688138 2903.720905
0.899201 0.000001 0.000001 0.000001 0.000000 0.093293 0.007502 1.688138 2903.720905
0.899203 0.000001 0.000002 0.000001 0.000000 0.093291 0.007502 1.688139 2903.720905
0.899204 0.000001 0.000001 0.000001 0.000000 0.093291 0.007502 1.688139 2903.720905
0.899205 0.000001 0.000001 0.000001 0.000000 0.093290 0.007502 1.688139 2903.720905
0.899207 0.000001 0.000001 0.000001 0.000000 0.093288 0.007502 1.688139 2903.720905
0.899209 0.000001 0.000000 0.000001 0.000000 0.093286 0.007502 1.688139 2903.720905
0.899211 0.000001 0.000000 0.000001 0.000000 0.093285 0.007502 1.688139 2903.720905
0.899212 0.000001 0.000000 0.000001 0.000000 0.093283 0.007502 1.688139 2903.720905
0.899213 0.000001 0.000000 0.000001 0.000000 0.093282 0.007502 1.688139 2903.720905
0.899215 0.000001 0.000000 0.000001 0.000000 0.093280 0.007502 1.688139 2903.720905
0.899216 0.000001 0.000000 0.000001 0.000000 0.093279 0.007502 1.688139 2903.720905
0.899218 0.000001 0.000000 0.000001 0.000000 0.093277 0.007502 1.688139 2903.720905
0.899220 0.000001 0.000000 0.000001 0.000000 0.093275 0.007502 1.688139 2903.720905
0.899222 0.000001 0.000000 0.000001 0.000000 0.093273 0.007502 1.688139 2903.720905
0.899223 0.000001 0.000000 0.000001 0.000000 0.093272 0.007502 1.688139 2903.720905
0.899225 0.000001 0.000000 0.000001 0.000000 0.093270 0.007502 1.688139 2903.720905
0.899227 0.000001 0.000000 0.000001 0.000000 0.093269 0.007502 1.688139 2903.720905
0.899228 0.000001 0.000001 0.000001 0.000000 0.093267 0.007502 1.688139 2903.720905
0.899229 0.000001 0.000001 0.000000 0.000000 0.093266 0.007502 1.688139 2903.720905
0.899232 0.000000 0.000001 0.000001 0.000000 0.093264 0.007502 1.688139 2903.720905
0.899233 0.000000 0.000001 0.000001 0.000000 0.093263 0.007502 1.688139 2903.720905
0.899234 0.000000 0.000001 0.000000 0.000000 0.093262 0.007502 1.688139 2903.720905
0.899235 0.000000 0.000001 0.000000 0.000000 0.093261 0.007502 1.688139 2903.720905
0.899237 0.000000 0.000000 0.000000 0.000000 0.093259 0.007502 1.688139 2903.720905
0.899239 0.000000 0.000000 0.000000 0.000000 0.093258 0.007502 1.688139 2903.720905
0.899240 0.000000 0.000000 0.000000 0.000000 0.093257 0.007502 1.688139 2903.720905
0.899241 0.000000 0.000000 0.000000 0.000000 0.093255 0.007502 1.688139 2903.720905
0.899242 0.000000 0.000000 0.000000 0.000000 0.093254 0.007502 1.688139 2903.720905
0.899244 0.000000 0.000000 0.000000 0.000000 0.093253 0.007502 1.688139 2903.720905
0.899245 0.000000 0.000000 0.000000 0.000000 0.093251 0.007502 1.688139 2903.720905
0.899247 0.000000 0.000001 0.000000 0.000000 0.093249 0.007502 1.688140 2903.720905
0.899249 0.000000 0.000001 0.000000 0.000000 0.093247 0.007502 1.688140 2903.720905
0.899251 0.000000 0.000001 0.000000 0.000000 0.093246 0.007502 1.688140 2903.720905
0.899252 0.000000 0.000001 0.000000 0.000000 0.093244 0.007502 1.688140 2903.720905
0.899254 0.000000 0.000001 0.000000 0.000000 0.093243 0.007502 1.688140 2903.720905
0.899254 0.000000 0.000000 0.000000 0.000000 0.093243 0.007502 1.688140 2903.720905
0.899255 0.000000 0.000000 0.000000 0.000000 0.093242 0.007502 1.688140 2903.720905
0.899255 0.000000 0.000000 0.000000 0.000000 0.093242 0.007502 1.688140 2903.720905
0.899256 0.000000 0.000000 0.000000 0.000000 0.093242 0.007502 1.688140 2903.720905
0.899256 0.000000 0.000000 0.000000 0.000000 0.093241 0.007502 1.688140 2903.720905
0.899256 0.000000 0.000000 0.000000 0.000000 0.093241 0.007502 1.688140 2903.720905
0.899257 0.000000 0.000000 0.000000 0.000000 0.093241 0.007502 1.688140 2903.720905
0.899257 0.000000 0.000000 0.000000 0.000000 0.093240 0.007502 1.688140 2903.720905
0.899257 0.000000 0.000000 0.000000 0.000000 0.093240 0.007502 1.688140 2903.720905
0.899258 0.000000 0.000000 0.000000 0.000000 0.093240 0.007502 1.688140 2903.720905
0.899258 0.000000 0.000000 0.000000 0.000000 0.093239 0.007502 1.688140 2903.720905
0.899258 0.000000 0.000000 0.000000 0.000000 0.093239 0.007502 1.688140 2903.720905
0.899259 0.000000 0.000000 0.000000 0.000000 0.093239 0.007502 1.688140 2903.720905
0.899259 0.000000 0.000000 0.000000 0.000000 0.093238 0.007502 1.688140 2903.720905
0.899259 0.000000 0.000000 0.000000 0.000000 0.093238 0.007502 1.688140 2903.720905
0.899260 0.000000 0.000000 0.000000 0.000000 0.093238 0.007502 1.688140 2903.720905
0.899260 0.000000 0.000000 0.000000 0.000000 0.093238 0.007503 1.688140 2903.979260
0.899260 0.000000 0.000000 0.000000 0.000000 0.093238 0.007503 1.688140 2903.979260
0.899260 0.000000 0.000000 0.000000 0.000000 0.093238 0.007503 1.688140 2903.979260
0.899260 0.000000 0.000000 0.000000 0.000000 0.093238 0.007503 1.688140 2903.979260
0.899260 0.000000 0.000000 0.000000 0.000000 0.093238 0.007503 1.688140 2903.979260
0.899260 0.000000 0.000000 0.000000 0.000000 0.093238 0.007503 1.688140 2903.979260
0.899260 0.000000 0.000000 0.000000 0.000000 0.093238 0.007503 1.688140 2903.979260
0.899260 0.000000 0.000000 0.000000 0.000000 0.093238 0.007503 1.688140 2903.979260
0.899260 0.000000 0.000000 0.000000 0.000000 0.093238 0.007503 1.688140 2903.979260
0.899260 0.000000 0.000000 0.000000 0.000000 0.093238 0.007503 1.688140 2903.979260
0.899260 0.000000 0.000000 0.000000 0.000000 0.093238 0.007503 1.688140 2903.979260
0.899260 0.000000 0.000000 0.000000 0.000000 0.093238 0.007503 1.688140 2903.979260
0.899260 0.000000 0.000000 0.000000 0.000000 0.093238 0.007503 1.688140 2903.979260
0.899260 0.000000 0.000000 0.000000 0.000000 0.093238 0.007503 1.688140 2903.979260
0.899260 0.000000 0.000000 0.000000 0.000000 0.093238 0.007503 1.688140 2903.979260
0.899260 0.000000 0.000000 0.000000 0.000000 0.093238 0.007503 1.688140 2903.979260
0.899260 0.000000 0.000000 0.000000 0.000000 0.093238 0.007503 1.688140 2903.979260
0.899260 0.000000 0.000000 0.000000 0.000000 0.093238 0.007503 1.688140 2903.979260
0.899260 0.000000 0.000000 0.000000 0.000000 0.093238 0.007503 1.688140 2903.979260
0.899260 0.000000 0.000000 0.000000 0.000000 0.093238 0.007503 1.688140 2903.979260
0.899260 0.000000 0.000000 0.000000 0.000000 0.093238 0.007503 1.688140 2903.979260
0.899260 0.000000 0.000000 0.000000 0.000000 0.093238 0.007503 1.688140 2903.979260
0.899260 0.000000 0.000000 0.000000 0.000000 0.093238 0.007503 1.688140 2903.979260
0.899260 0.000000 0.000000 0.000000 0.000000 0.093238 0.007503 1.688140 2903.979260
0.899260 0.000000 0.000000 0.000000 0.000000 0.093238 0.007503 1.688140 2903.979260
0.899260 0.000000 0.000000 0.000000 0.000000 0.093238 0.007503 1.688140 2903.979260
0.899260 0.000000 0.000000 0.000000 0.000000 0.093238 0.007503 1.688140 2903.979260
0.899260 0.000000 0.000000 0.000000 0.000000 0.093238 0.007503 1.688140 2903.979260
0.899260 0.000000 0.000000 0.000000 0.000000 0.093238 0.007503 1.688140 2903.979260
0.899260 0.000000 0.000000 0.000000 0.000000 0.093238 0.007503 1.688140 2903.979260
0.899260 0.000000 0.000000 0.000000 0.000000 0.093238 0.007503 1.688140 2903.979260
0.899260 0.000000 0.000000 0.000000 0.000000 0.093238 0.007503 1.688140 2903.979260
0.899260 0.000000 0.000000 0.000000 0.000000 0.093238 0.007503 1.688140 2903.979260
0.899260 0.000000 0.000000 0.000000 0.000000 0.093238 0.007503 1.688140 2903.979260
0.899260 0.000000 0.000000 0.000000 0.000000 0.093238 0.007503 1.688140 2903.979260
0.899260 0.000000 0.000000 0.000000 0.000000 0.093238 0.007503 1.688140 2903.979260
0.899260 0.000000 0.000000 0.000000 0.000000 0.093238 0.007503 1.688140 2903.979260
0.899260 0.000000 0.000000 0.000000 0.000000 0.093238 0.007503 1.688140 2903.979260
0.899260 0.000000 0.000000 0.000000 0.000000 0.093238 0.007503 1.688140 2903.979260
0.899260 0.000000 0.000000 0.000000 0.000000 0.093238 0.007503 1.688140 2903.979260
0.899260 0.000000 0.000000 0.000000 0.000000 0.093238 0.007503 1.688140 2903.979260
0.899260 0.000000 0.000000 0.000000 0.000000 0.093238 0.007503 1.688140 2903.979260
0.899260 0.000000 0.000000 0.000000 0.000000 0.093238 0.007503 1.688140 2903.979260
0.899260 0.000000 0.000000 0.000000 0.000000 0.093238 0.007503 1.688140 2903.979260
0.899260 0.000000 0.000000 0.000000 0.000000 0.093238 0.007503 1.688140 2903.979260
0.899260 0.000000 0.000000 0.000000 0.000000 0.093238 0.007503 1.688140 2903.979260
0.899260 0.000000 0.000000 0.000000 0.000000 0.093238 0.007503 1.688140 2903.979260
0.899260 0.000000 0.000000 0.000000 0.000000 0.093238 0.007503 1.688140 2903.979260
0.899260 0.000000 0.000000 0.000000 0.000000 0.093238 0.007503 1.688140 2903.979260
0.899260 0.000000 0.000000 0.000000 0.000000 0.093238 0.007503 1.688140 2903.979260
0.899260 0.000000 0.000000 0.000000 0.000000 0.093238 0.007503 1.688140 2903.979260
0.899260 0.000000 0.000000 0.000000 0.000000 0.093238 0.007503 1.688140 2903.979260
0.899260 0.000000 0.000000 0.000000 0.000000 0.093238 0.007503 1.688140 2903.979260
0.899260 0.000000 0.000000 0.000000 0.000000 0.093238 0.007503 1.688140 2903.979260
0.899260 0.000000 0.000000 0.000000 0.000000 0.093238 0.007503 1.688140 2903.979260
0.899260 0.000000 0.000000 0.000000 0.000000 0.093238 0.007503 1.688140 2903.979260
0.899260 0.000000 0.000000 0.000000 0.000000 0.093238 0.007503 1.688140 2903.979260
0.899260 0.000000 0.000000 0.000000 0.000000 0.093238 0.007503 1.688140 2903.979260
0.899260 0.000000 0.000000 0.000000 0.000000 0.093238 0.007503 1.688140 2903.979260
0.899260 0.000000 0.000000 0.000000 0.000000 0.093238 0.007503 1.688140 2903.979260
0.899260 0.000000 0.000000 0.000000 0.000000 0.093238 0.007503 1.688140 2903.979260
0.899260 0.000000 0.000000 0.000000 0.000000 0.093238 0.007503 1.688140 2903.979260
0.899260 0.000000 0.000000 0.000000 0.000000 0.093238 0.007503 1.688140 2903.979260
0.899260 0.000000 0.000000 0.000000 0.000000 0.093238 0.007503 1.688140 2903.979260
0.899260 0.000000 0.000000 0.000000 0.000000 0.093238 0.007503 1.688140 2903.979260
0.899260 0.000000 0.000000 0.000000 0.000000 0.093238 0.007503 1.688140 2903.979260
0.899260 0.000000 0.000000 0.000000 0.000000 0.093238 0.007503 1.688140 2903.979260
0.899260 0.000000 0.000000 0.000000 0.000000 0.093238 0.007503 1.688140 2903.979260
0.899260 0.000000 0.000000 0.000000 0.000000 0.093238 0.007503 1.688140 2903.979260
0.899260 0.000000 0.000000 0.000000 0.000000 0.093238 0.007503 1.688140 2903.979260
0.899260 0.000000 0.000000 0.000000 0.000000 0.093238 0.007503 1.688140 2903.979260
0.899260 0.000000 0.000000 0.000000 0.000000 0.093238 0.007503 1.688140 2903.979260
0.899260 0.000000 0.000000 0.000000 0.000000 0.093238 0.007503 1.688140 2903.979260
0.899260 0.000000 0.000000 0.000000 0.000000 0.093238 0.007503 1.688140 2903.979260
0.899260 0.000000 0.000000 0.000000 0.000000 0.093238 0.007503 1.688140 2903.979260
0.899260 0.000000 0.000000 0.000000 0.000000 0.093238 0.007503 1.688140 2903.979260
0.899260 0.000000 0.000000 0.000000 0.000000 0.093238 0.007503 1.688140 2903.979260
0.899260 0.000000 0.000000 0.000000 0.000000 0.093238 0.007503 1.688140 2903.979260
0.899260 0.000000 0.000000 0.000000 0.000000 0.093238 0.007503 1.688140 2903.979260
0.899260 0.000000 0.000000 0.000000 0.000000 0.093238 0.007503 1.688140 2903.979260
0.899260 0.000000 0.000000 0.000000 0.000000 0.093238 0.007503 1.688140 2903.979260
0.899260 0.000000 0.000000 0.000000 0.000000 0.093238 0.007503 1.688140 2903.979260
0.899260 0.000000 0.000000 0.000000 0.000000 0.093238 0.007503 1.688140 2903.979260
0.899260 0.000000 0.000000 0.000000 0.000000 0.093238 0.007503 1.688140 2903.979260
0.899260 0.000000 0.000000 0.000000 0.000000 0.093238 0.007503 1.688140 2903.979260
0.899260 0.000000 0.000000 0.000000 0.000000 0.093238 0.007503 1.688140 2903.979260
0.899260 0.000000 0.000000 0.000000 0.000000 0.093238 0.007503 1.688140 2903.979260
0.899260 0.000000 0.000000 0.000000 0.000000 0.093238 0.007503 1.688140 2903.979260
0.899260 0.000000 0.000000 0.000000 0.000000 0.093238 0.007503 1.688140 2903.979260
0.899260 0.000000 0.000000 0.000000 0.000000 0.093238 0.007503 1.688140 2903.979260
0.899260 0.000000 0.000000 0.000000 0.000000 0.093238 0.007503 1.688140 2903.979260
0.899260 0.000000 0.000000 0.000000 0.000000 0.093238 0.007503 1.688140 2903.979260
0.899260 0.000000 0.000000 0.000000 0.000000 0.093238 0.007503 1.688140 2903.979260
0.899260 0.000000 0.000000 0.000000 0.000000 0.093238 0.007503 1.688140 2903.979260
0.899260 0.000000 0.000000 0.000000 0.000000 0.093238 0.007503 1.688140 2903.979260
0.899260 0.000000 0.000000 0.000000 0.000000 0.093238 0.007503 1.688140 2903.979260
0.899260 0.000000 0.000000 0.000000 0.000000 0.093238 0.007503 1.688140 2903.979260
0.899260 0.000000 0.000000 0.000000 0.000000 0.093238 0.007503 1.688140 2903.979260
0.899260 0.000000 0.000000 0.000000 0.000000 0.093238 0.007503 1.688140 2903.979260
0.899260 0.000000 0.000000 0.000000 0.000000 0.093238 0.007503 1.688140 2903.979260
0.899260 0.000000 0.000000 0.000000 0.000000 0.093238 0.007503 1.688140 2903.979260
0.899260 0.000000 0.000000 0.000000 0.000000 0.093238 0.007503 1.688140 2903.979260
0.899260 0.000000 0.000000 0.000000 0.000000 0.093238 0.007503 1.688140 2903.979260
0.899260 0.000000 0.000000 0.000000 0.000000 0.093238 0.007503 1.688140 2903.979260
0.899260 0.000000 0.000000 0.000000 0.000000 0.093238 0.007503 1.688140 2903.979260
0.899260 0.000000 0.000000 0.000000 0.000000 0.093238 0.007503 1.688140 2903.979260
0.899260 0.000000 0.000000 0.000000 0.000000 0.093238 0.007503 1.688140 2903.979260
0.899260 0.000000 0.000000 0.000000 0.000000 0.093238 0.007503 1.688140 2903.979260
0.899260 0.000000 0.000000 0.000000 0.000000 0.093238 0.007503 1.688140 2903.979260
0.899260 0.000000 0.000000 0.000000 0.000000 0.093238 0.007503 1.688140 2903.979260
0.899260 0.000000 0.000000 0.000000 0.000000 0.093238 0.007503 1.688140 2903.979260
0.899260 0.000000 0.000000 0.000000 0.000000 0.093238 0.007503 1.688140 2903.979260
0.899260 0.000000 0.000000 0.000000 0.000000 0.093238 0.007503 1.688140 2903.979260
0.899260 0.000000 0.000000 0.000000 0.000000 0.093238 0.007503 1.688140 2903.979260
0.899260 0.000000 0.000000 0.000000 0.000000 0.093238 0.007503 1.688140 2903.979260
0.899260 0.000000 0.000000 0.000000 0.000000 0.093238 0.007503 1.688140 2903.979260
0.899260 0.000000 0.000000 0.000000 0.000000 0.093238 0.007503 1.688140 2903.979260
0.899260 0.000000 0.000000 0.000000 0.000000 0.093238 0.007503 1.688140 2903.979260
0.899260 0.000000 0.000000 0.000000 0.000000 0.093238 0.007503 1.688140 2903.979260
0.899260 0.000000 0.000000 0.000000 0.000000 0.093238 0.007503 1.688140 2903.979260
0.899260 0.000000 0.000000 0.000000 0.000000 0.093238 0.007503 1.688140 2903.979260
0.899260 0.000000 0.000000 0.000000 0.000000 0.093238 0.007503 1.688140 2903.979260
0.899260 0.000000 0.000000 0.000000 0.000000 0.093238 0.007503 1.688140 2903.979260
0.899260 0.000000 0.000000 0.000000 0.000000 0.093238 0.007503 1.688140 2903.979260
0.899260 0.000000 0.000000 0.000000 0.000000 0.093238 0.007503 1.688140 2903.979260
0.899260 0.000000 0.000000 0.000000 0.000000 0.093238 0.007503 1.688140 2903.979260
0.899260 0.000000 0.000000 0.000000 0.000000 0.093238 0.007503 1.688140 2903.979260
0.899260 0.000000 0.000000 0.000000 0.000000 0.093238 0.007503 1.688140 2903.979260
0.899260 0.000000 0.000000 0.000000 0.000000 0.093238 0.007503 1.688140 2903.979260
0.899260 0.000000 0.000000 0.000000 0.000000 0.093238 0.007503 1.688140 2903.979260
0.899260 0.000000 0.000000 0.000000 0.000000 0.093238 0.007503 1.688140 2903.979260
0.899260 0.000000 0.000000 0.000000 0.000000 0.093238 0.007503 1.688140 2903.979260
0.899260 0.000000 0.000000 0.000000 0.000000 0.093238 0.007503 1.688140 2903.979260
0.899260 0.000000 0.000000 0.000000 0.000000 0.093238 0.007503 1.688140 2903.979260
0.899260 0.000000 0.000000 0.000000 0.000000 0.093238 0.007503 1.688140 2903.979260
0.899260 0.000000 0.000000 0.000000 0.000000 0.093238 0.007503 1.688140 2903.979260
0.899260 0.000000 0.000000 0.000000 0.000000 0.093238 0.007503 1.688140 2903.979260
0.899260 0.000000 0.000000 0.000000 0.000000 0.093238 0.007503 1.688140 2903.979260
0.899260 0.000000 0.000000 0.000000 0.000000 0.093238 0.007503 1.688140 2903.979260
0.899260 0.000000 0.000000 0.000000 0.000000 0.093238 0.007503 1.688140 2903.979260
0.899260 0.000000 0.000000 0.000000 0.000000 0.093238 0.007503 1.688140 2903.979260
0.899260 0.000000 0.000000 0.000000 0.000000 0.093238 0.007503 1.688140 2903.979260
0.899260 0.000000 0.000000 0.000000 0.000000 0.093238 0.007503 1.688140 2903.979260
0.899260 0.000000 0.000000 0.000000 0.000000 0.093238 0.007503 1.688140 2903.979260
0.899260 0.000000 0.000000 0.000000 0.000000 0.093238 0.007503 1.688140 2903.979260
0.899260 0.000000 0.000000 0.000000 0.000000 0.093238 0.007503 1.688140 2903.979260
0.899260 0.000000 0.000000 0.000000 0.000000 0.093238 0.007503 1.688140 2903.979260
0.899260 0.000000 0.000000 0.000000 0.000000 0.093238 0.007503 1.688140 2903.979260
0.899260 0.000000 0.000000 0.000000 0.000000 0.093238 0.007503 1.688140 2903.979260
0.899260 0.000000 0.000000 0.000000 0.000000 0.093238 0.007503 1.688140 2903.979260
0.899260 0.000000 0.000000 0.000000 0.000000 0.093238 0.007503 1.688140 2903.979260
0.899260 0.000000 0.000000 0.000000 0.000000 0.093238 0.007503 1.688140 2903.979260
0.899260 0.000000 0.000000 0.000000 0.000000 0.093238 0.007503 1.688140 2903.979260
0.899260 0.000000 0.000000 0.000000 0.000000 0.093238 0.007503 1.688140 2903.979260
0.899260 0.000000 0.000000 0.000000 0.000000 0.093238 0.007503 1.688140 2903.979260
0.899260 0.000000 0.000000 0.000000 0.000000 0.093238 0.007503 1.688140 2903.979260
0.899260 0.000000 0.000000 0.000000 0.000000 0.093238 0.007503 1.688140 2903.979260
0.899260 0.000000 0.000000 0.000000 0.000000 0.093238 0.007503 1.688140 2903.979260
0.899260 0.000000 0.000000 0.000000 0.000000 0.093238 0.007503 1.688140 2903.979260
0.899260 0.000000 0.000000 0.000000 0.000000 0.093238 0.007503 1.688140 2903.979260
0.899260 0.000000 0.000000 0.000000 0.000000 0.093238 0.007503 1.688140 2903.979260
0.899260 0.000000 0.000000 0.000000 0.000000 0.093238 0.007503 1.688140 2903.979260
0.899260 0.000000 0.000000 0.000000 0.000000 0.093238 0.007503 1.688140 2903.979260
0.899260 0.000000 0.000000 0.000000 0.000000 0.093238 0.007503 1.688140 2903.979260
0.899260 0.000000 0.000000 0.000000 0.000000 0.093238 0.007503 1.688140 2903.979260
0.899260 0.000000 0.000000 0.000000 0.000000 0.093238 0.007503 1.688140 2903.979260
0.899260 0.000000 0.000000 0.000000 0.000000 0.093238 0.007503 1.688140 2903.979260
0.899260 0.000000 0.000000 0.000000 0.000000 0.093238 0.007503 1.688140 2903.979260
0.899260 0.000000 0.000000 0.000000 0.000000 0.093238 0.007503 1.688140 2903.979260
0.899260 0.000000 0.000000 0.000000 0.000000 0.093238 0.007503 1.688140 2903.979260
0.899260 0.000000 0.000000 0.000000 0.000000 0.093238 0.007503 1.688140 2903.979260
0.899260 0.000000 0.000000 0.000000 0.000000 0.093238 0.007503 1.688140 2903.979260
0.899260 0.000000 0.000000 0.000000 0.000000 0.093238 0.007503 1.688140 2903.979260
0.899260 0.000000 0.000000 0.000000 0.000000 0.093238 0.007503 1.688140 2903.979260
0.899260 0.000000 0.000000 0.000000 0.000000 0.093238 0.007503 1.688140 2903.979260
0.899260 0.000000 0.000000 0.000000 0.000000 0.093238 0.007503 1.688140 2903.979260
0.899260 0.000000 0.000000 0.000000 0.000000 0.093238 0.007503 1.688140 2903.979260
0.899260 0.000000 0.000000 0.000000 0.000000 0.093238 0.007503 1.688140 2903.979260
0.899260 0.000000 0.000000 0.000000 0.000000 0.093238 0.007503 1.688140 2903.979260
0.899260 0.000000 0.000000 0.000000 0.000000 0.093238 0.007503 1.688140 2903.979260
0.899260 0.000000 0.000000 0.000000 0.000000 0.093238 0.007503 1.688140 2903.979260
0.899260 0.000000 0.000000 0.000000 0.000000 0.093238 0.007503 1.688140 2903.979260
0.899260 0.000000 0.000000 0.000000 0.000000 0.093238 0.007503 1.688140 2903.979260
0.899260 0.000000 0.000000 0.000000 0.000000 0.093238 0.007503 1.688140 2903.979260
0.899260 0.000000 0.000000 0.000000 0.000000 0.093238 0.007503 1.688140 2903.979260
0.899260 0.000000 0.000000 0.000000 0.000000 0.093238 0.007503 1.688140 2903.979260
0.899260 0.000000 0.000000 0.000000 0.000000 0.093238 0.007503 1.688140 2903.979260
0.899260 0.000000 0.000000 0.000000 0.000000 0.093238 0.007503 1.688140 2903.979260
0.899260 0.000000 0.000000 0.000000 0.000000 0.093238 0.007503 1.688140 2903.979260
0.899260 0.000000 0.000000 0.000000 0.000000 0.093238 0.007503 1.688140 2903.979260
0.899260 0.000000 0.000000 0.000000 0.000000 0.093238 0.007503 1.688140 2903.979260
0.899260 0.000000 0.000000 0.000000 0.000000 0.093238 0.007503 1.688140 2903.979260
0.899260 0.000000 0.000000 0.000000 0.000000 0.093238 0.007503 1.688140 2903.979260
0.899260 0.000000 0.000000 0.000000 0.000000 0.093238 0.007503 1.688140 2903.979260
0.899260 0.000000 0.000000 0.000000 0.000000 0.093238 0.007503 1.688140 2903.979260
0.899260 0.000000 0.000000 0.000000 0.000000 0.093238 0.007503 1.688140 2903.979260
0.899260 0.000000 0.000000 0.000000 0.000000 0.093238 0.007503 1.688140 2903.979260
0.899260 0.000000 0.000000 0.000000 0.000000 0.093238 0.007503 1.688140 2903.979260
0.899260 0.000000 0.000000 0.000000 0.000000 0.093238 0.007503 1.688140 2903.979260
0.899260 0.000000 0.000000 0.000000 0.000000 0.093238 0.007503 1.688140 2903.979260
0.899260 0.000000 0.000000 0.000000 0.000000 0.093238 0.007503 1.688140 2903.979260
0.899260 0.000000 0.000000 0.000000 0.000000 0.093238 0.007503 1.688140 2903.979260
0.899260 0.000000 0.000000 0.000000 0.000000 0.093238 0.007503 1.688140 2903.979260
0.899260 0.000000 0.000000 0.000000 0.000000 0.093238 0.007503 1.688140 2903.979260
0.899260 0.000000 0.000000 0.000000 0.000000 0.093238 0.007503 1.688140 2903.979260
0.899260 0.000000 0.000000 0.000000 0.000000 0.093238 0.007503 1.688140 2903.979260
0.899260 0.000000 0.000000 0.000000 0.000000 0.093238 0.007503 1.688140 2903.979260
0.899260 0.000000 0.000000 0.000000 0.000000 0.093238 0.007503 1.688140 2903.979260
0.899260 0.000000 0.000000 0.000000 0.000000 0.093238 0.007503 1.688140 2903.979260
0.899260 0.000000 0.000000 0.000000 0.000000 0.093238 0.007503 1.688140 2903.979260
0.899260 0.000000 0.000000 0.000000 0.000000 0.093238 0.007503 1.688140 2903.979260
0.899260 0.000000 0.000000 0.000000 0.000000 0.093238 0.007503 1.688140 2903.979260
0.899260 0.000000 0.000000 0.000000 0.000000 0.093238 0.007503 1.688140 2903.979260
0.899260 0.000000 0.000000 0.000000 0.000000 0.093238 0.007503 1.688140 2903.979260
0.899260 0.000000 0.000000 0.000000 0.000000 0.093238 0.007503 1.688140 2903.979260
0.899260 0.000000 0.000000 0.000000 0.000000 0.093238 0.007503 1.688140 2903.979260
0.899260 0.000000 0.000000 0.000000 0.000000 0.093238 0.007503 1.688140 2903.979260
0.899260 0.000000 0.000000 0.000000 0.000000 0.093238 0.007503 1.688140 2903.979260
0.899260 0.000000 0.000000 0.000000 0.000000 0.093238 0.007503 1.688140 2903.979260
0.899260 0.000000 0.000000 0.000000 0.000000 0.093238 0.007503 1.688140 2903.979260
0.899260 0.000000 0.000000 0.000000 0.000000 0.093238 0.007503 1.688140 2903.979260
0.899260 0.000000 0.000000 0.000000 0.000000 0.093238 0.007503 1.688140 2903.979260
0.899260 0.000000 0.000000 0.000000 0.000000 0.093238 0.007503 1.688140 2903.979260
0.899260 0.000000 0.000000 0.000000 0.000000 0.093238 0.007503 1.688140 2903.979260
0.899260 0.000000 0.000000 0.000000 0.000000 0.093238 0.007503 1.688140 2903.979260
0.899260 0.000000 0.000000 0.000000 0.000000 0.093238 0.007503 1.688140 2903.979260
0.899260 0.000000 0.000000 0.000000 0.000000 0.093238 0.007503 1.688140 2903.979260
0.899260 0.000000 0.000000 0.000000 0.000000 0.093238 0.007503 1.688140 2903.979260
0.899260 0.000000 0.000000 0.000000 0.000000 0.093238 0.007503 1.688140 2903.979260
0.899260 0.000000 0.000000 0.000000 0.000000 0.093238 0.007503 1.688140 2903.979260
0.899260 0.000000 0.000000 0.000000 0.000000 0.093238 0.007503 1.688140 2903.979260
0.899260 0.000000 0.000000 0.000000 0.000000 0.093238 0.007503 1.688140 2903.979260
0.899260 0.000000 0.000000 0.000000 0.000000 0.093238 0.007503 1.688140 2903.979260
0.899260 0.000000 0.000000 0.000000 0.000000 0.093238 0.007503 1.688140 2903.979260
0.899260 0.000000 0.000000 0.000000 0.000000 0.093238 0.007503 1.688140 2903.979260
0.899260 0.000000 0.000000 0.000000 0.000000 0.093238 0.007503 1.688140 2903.979260
0.899260 0.000000 0.000000 0.000000 0.000000 0.093238 0.007503 1.688140 2903.979260
0.899260 0.000000 0.000000 0.000000 0.000000 0.093238 0.007503 1.688140 2903.979260
0.899260 0.000000 0.000000 0.000000 0.000000 0.093238 0.007503 1.688140 2903.979260
0.899260 0.000000 0.000000 0.000000 0.000000 0.093238 0.007503 1.688140 2903.979260
0.899260 0.000000 0.000000 0.000000 0.000000 0.093238 0.007503 1.688140 2903.979260
0.899260 0.000000 0.000000 0.000000 0.000000 0.093238 0.007503 1.688140 2903.979260
0.899260 0.000000 0.000000 0.000000 0.000000 0.093238 0.007503 1.688140 2903.979260
0.899260 0.000000 0.000000 0.000000 0.000000 0.093238 0.007503 1.688140 2903.979260
0.899260 0.000000 0.000000 0.000000 0.000000 0.093238 0.007503 1.688140 2903.979260
0.899260 0.000000 0.000000 0.000000 0.000000 0.093238 0.007503 1.688140 2903.979260
0.899260 0.000000 0.000000 0.000000 0.000000 0.093238 0.007503 1.688140 2903.979260
0.899260 0.000000 0.000000 0.000000 0.000000 0.093238 0.007503 1.688140 2903.979260
0.899260 0.000000 0.000000 0.000000 0.000000 0.093238 0.007503 1.688140 2903.979260
0.899260 0.000000 0.000000 0.000000 0.000000 0.093238 0.007503 1.688140 2903.979260
0.899260 0.000000 0.000000 0.000000 0.000000 0.093238 0.007503 1.688140 2903.979260
0.899260 0.000000 0.000000 0.000000 0.000000 0.093238 0.007503 1.688140 2903.979260
0.899260 0.000000 0.000000 0.000000 0.000000 0.093238 0.007503 1.688140 2903.979260
0.899260 0.000000 0.000000 0.000000 0.000000 0.093238 0.007503 1.688140 2903.979260
0.899260 0.000000 0.000000 0.000000 0.000000 0.093238 0.007503 1.688140 2903.979260
0.899260 0.000000 0.000000 0.000000 0.000000 0.093238 0.007503 1.688140 2903.979260
0.899260 0.000000 0.000000 0.000000 0.000000 0.093238 0.007503 1.688140 2903.979260
0.899260 0.000000 0.000000 0.000000 0.000000 0.093238 0.007503 1.688140 2903.979260
0.899260 0.000000 0.000000 0.000000 0.000000 0.093238 0.007503 1.688140 2903.979260
0.899260 0.000000 0.000000 0.000000 0.000000 0.093238 0.007503 1.688140 2903.979260
0.899260 0.000000 0.000000 0.000000 0.000000 0.093238 0.007503 1.688140 2903.979260
0.899260 0.000000 0.000000 0.000000 0.000000 0.093238 0.007503 1.688140 2903.979260
0.899260 0.000000 0.000000 0.000000 0.000000 0.093238 0.007503 1.688140 2903.979260
0.899260 0.000000 0.000000 0.000000 0.000000 0.093238 0.007503 1.688140 2903.979260
0.899260 0.000000 0.000000 0.000000 0.000000 0.093238 0.007503 1.688140 2903.979260
0.899260 0.000000 0.000000 0.000000 0.000000 0.093238 0.007503 1.688140 2903.979260
0.899260 0.000000 0.000000 0.000000 0.000000 0.093238 0.007503 1.688140 2903.979260
0.899260 0.000000 0.000000 0.000000 0.000000 0.093238 0.007503 1.688140 2903.979260
0.899260 0.000000 0.000000 0.000000 0.000000 0.093238 0.007503 1.688140 2903.979260
0.899260 0.000000 0.000000 0.000000 0.000000 0.093238 0.007503 1.688140 2903.979260
0.899260 0.000000 0.000000 0.000000 0.000000 0.093238 0.007503 1.688140 2903.979260
0.899260 0.000000 0.000000 0.000000 0.000000 0.093238 0.007503 1.688140 2903.979260
0.899260 0.000000 0.000000 0.000000 0.000000 0.093238 0.007503 1.688140 2903.979260
0.899260 0.000000 0.000000 0.000000 0.000000 0.093238 0.007503 1.688140 2903.979260
0.899260 0.000000 0.000000 0.000000 0.000000 0.093238 0.007503 1.688140 2903.979260
0.899260 0.000000 0.000000 0.000000 0.000000 0.093238 0.007503 1.688140 2903.979260
0.899260 0.000000 0.000000 0.000000 0.000000 0.093238 0.007503 1.688140 2903.979260
0.899260 0.000000 0.000000 0.000000 0.000000 0.093238 0.007503 1.688140 2903.979260
0.899260 0.000000 0.000000 0.000000 0.000000 0.093238 0.007503 1.688140 2903.979260
0.899260 0.000000 0.000000 0.000000 0.000000 0.093238 0.007503 1.688140 2903.979260
0.899260 0.000000 0.000000 0.000000 0.000000 0.093238 0.007503 1.688140 2903.979260
0.899260 0.000000 0.000000 0.000000 0.000000 0.093238 0.007503 1.688140 2903.979260
0.899260 0.000000 0.000000 0.000000 0.000000 0.093238 0.007503 1.688140 2903.979260
0.899260 0.000000 0.000000 0.000000 0.000000 0.093238 0.007503 1.688140 2903.979260
0.899260 0.000000 0.000000 0.000000 0.000000 0.093238 0.007503 1.688140 2903.979260
0.899260 0.000000 0.000000 0.000000 0.000000 0.093238 0.007503 1.688140 2903.979260
0.899260 0.000000 0.000000 0.000000 0.000000 0.093238 0.007503 1.688140 2903.979260
0.899260 0.000000 0.000000 0.000000 0.000000 0.093238 0.007503 1.688140 2903.979260
0.899260 0.000000 0.000000 0.000000 0.000000 0.093238 0.007503 1.688140 2903.979260
0.899260 0.000000 0.000000 0.000000 0.000000 0.093238 0.007503 1.688140 2903.979260
0.899260 0.000000 0.000000 0.000000 0.000000 0.093238 0.007503 1.688140 2903.979260
0.899260 0.000000 0.000000 0.000000 0.000000 0.093238 0.007503 1.688140 2903.979260
0.899260 0.000000 0.000000 0.000000 0.000000 0.093238 0.007503 1.688140 2903.979260
0.899260 0.000000 0.000000 0.000000 0.000000 0.093238 0.007503 1.688140 2903.979260
0.899260 0.000000 0.000000 0.000000 0.000000 0.093238 0.007503 1.688140 2903.979260
0.899260 0.000000 0.000000 0.000000 0.000000 0.093238 0.007503 1.688140 2903.979260
0.899260 0.000000 0.000000 0.000000 0.000000 0.093238 0.007503 1.688140 2903.979260
0.899260 0.000000 0.000000 0.000000 0.000000 0.093238 0.007503 1.688140 2903.979260
0.899260 0.000000 0.000000 0.000000 0.000000 0.093238 0.007503 1.688140 2903.979260
0.899260 0.000000 0.000000 0.000000 0.000000 0.093238 0.007503 1.688140 2903.979260
0.899260 0.000000 0.000000 0.000000 0.000000 0.093238 0.007503 1.688140 2903.979260
0.899260 0.000000 0.000000 0.000000 0.000000 0.093238 0.007503 1.688140 2903.979260
0.899260 0.000000 0.000000 0.000000 0.000000 0.093238 0.007503 1.688140 2903.979260
0.899260 0.000000 0.000000 0.000000 0.000000 0.093238 0.007503 1.688140 2903.979260
0.899260 0.000000 0.000000 0.000000 0.000000 0.093238 0.007503 1.688140 2903.979260
0.899260 0.000000 0.000000 0.000000 0.000000 0.093238 0.007503 1.688140 2903.979260
0.899260 0.000000 0.000000 0.000000 0.000000 0.093238 0.007503 1.688140 2903.979260
0.899260 0.000000 0.000000 0.000000 0.000000 0.093238 0.007503 1.688140 2903.979260
0.899260 0.000000 0.000000 0.000000 0.000000 0.093238 0.007503 1.688140 2903.979260
0.899260 0.000000 0.000000 0.000000 0.000000 0.093238 0.007503 1.688140 2903.979260
0.899260 0.000000 0.000000 0.000000 0.000000 0.093238 0.007503 1.688140 2903.979260
0.899260 0.000000 0.000000 0.000000 0.000000 0.093238 0.007503 1.688140 2903.979260
0.899260 0.000000 0.000000 0.000000 0.000000 0.093238 0.007503 1.688140 2903.979260
0.899260 0.000000 0.000000 0.000000 0.000000 0.093238 0.007503 1.688140 2903.979260
0.899260 0.000000 0.000000 0.000000 0.000000 0.093238 0.007503 1.688140 2903.979260
0.899260 0.000000 0.000000 0.000000 0.000000 0.093238 0.007503 1.688140 2903.979260
0.899260 0.000000 0.000000 0.000000 0.000000 0.093238 0.007503 1.688140 2903.979260
0.899260 0.000000 0.000000 0.000000 0.000000 0.093238 0.007503 1.688140 2903.979260
0.899260 0.000000 0.000000 0.000000 0.000000 0.093238 0.007503 1.688140 2903.979260
0.899260 0.000000 0.000000 0.000000 0.000000 0.093238 0.007503 1.688140 2903.979260
0.899260 0.000000 0.000000 0.000000 0.000000 0.093238 0.007503 1.688140 2903.979260
0.899260 0.000000 0.000000 0.000000 0.000000 0.093238 0.007503 1.688140 2903.979260
0.899260 0.000000 0.000000 0.000000 0.000000 0.093238 0.007503 1.688140 2903.979260
0.899260 0.000000 0.000000 0.000000 0.000000 0.093238 0.007503 1.688140 2903.979260
0.899260 0.000000 0.000000 0.000000 0.000000 0.093238 0.007503 1.688140 2903.979260
0.899260 0.000000 0.000000 0.000000 0.000000 0.093238 0.007503 1.688140 2903.979260
0.899260 0.000000 0.000000 0.000000 0.000000 0.093238 0.007503 1.688140 2903.979260
0.899260 0.000000 0.000000 0.000000 0.000000 0.093238 0.007503 1.688140 2903.979260
0.899260 0.000000 0.000000 0.000000 0.000000 0.093238 0.007503 1.688140 2903.979260
0.899260 0.000000 0.000000 0.000000 0.000000 0.093238 0.007503 1.688140 2903.979260
0.899260 0.000000 0.000000 0.000000 0.000000 0.093238 0.007503 1.688140 2903.979260
0.899260 0.000000 0.000000 0.000000 0.000000 0.093238 0.007503 1.688140 2903.979260
0.899260 0.000000 0.000000 0.000000 0.000000 0.093238 0.007503 1.688140 2903.979260
0.899260 0.000000 0.000000 0.000000 0.000000 0.093238 0.007503 1.688140 2903.979260
0.899260 0.000000 0.000000 0.000000 0.000000 0.093238 0.007503 1.688140 2903.979260
0.899260 0.000000 0.000000 0.000000 0.000000 0.093238 0.007503 1.688140 2903.979260
0.899260 0.000000 0.000000 0.000000 0.000000 0.093238 0.007503 1.688140 2903.979260
0.899260 0.000000 0.000000 0.000000 0.000000 0.093238 0.007503 1.688140 2903.979260
0.899260 0.000000 0.000000 0.000000 0.000000 0.093238 0.007503 1.688140 2903.979260
0.899260 0.000000 0.000000 0.000000 0.000000 0.093238 0.007503 1.688140 2903.979260
0.899260 0.000000 0.000000 0.000000 0.000000 0.093238 0.007503 1.688140 2903.979260
0.899260 0.000000 0.000000 0.000000 0.000000 0.093238 0.007503 1.688140 2903.979260
0.899260 0.000000 0.000000 0.000000 0.000000 0.093238 0.007503 1.688140 2903.979260
0.899260 0.000000 0.000000 0.000000 0.000000 0.093238 0.007503 1.688140 2903.979260
0.899260 0.000000 0.000000 0.000000 0.000000 0.093238 0.007503 1.688140 2903.979260
0.899260 0.000000 0.000000 0.000000 0.000000 0.093238 0.007503 1.688140 2903.979260
