0.348921 0.062773 0.056309 0.032243 0.002114 0.491655 0.005986 1.598956 2081.648900
0.351703 0.060090 0.056194 0.032015 0.002113 0.491873 0.006013 1.604920 2091.057696
0.355517 0.056761 0.055984 0.031621 0.002108 0.491970 0.006039 1.610627 2102.326856
0.359936 0.053084 0.055746 0.031142 0.002109 0.491917 0.006066 1.616058 2112.990701
0.364729 0.049390 0.055196 0.030538 0.002106 0.491947 0.006094 1.621112 2123.222667
0.369738 0.045848 0.054458 0.029832 0.002099 0.491905 0.006120 1.625779 2133.115476
0.374969 0.042477 0.053502 0.029087 0.002104 0.491712 0.006149 1.630070 2142.238849
0.380357 0.039266 0.052471 0.028240 0.002101 0.491388 0.006176 1.634037 2153.269267
0.385849 0.036198 0.051389 0.027346 0.002083 0.490931 0.006205 1.637740 2163.184797
0.391482 0.033303 0.050162 0.026484 0.002073 0.490269 0.006228 1.641157 2173.288804
0.397147 0.030654 0.048809 0.025569 0.002063 0.489500 0.006257 1.644267 2184.184309
0.402860 0.028157 0.047419 0.024667 0.002038 0.488572 0.006287 1.647156 2195.906744
0.408534 0.025823 0.045943 0.023692 0.002023 0.487668 0.006317 1.649830 2207.031766
0.414422 0.023637 0.044489 0.022760 0.002007 0.486342 0.006344 1.652299 2216.974329
0.420208 0.021632 0.042975 0.021819 0.001985 0.485013 0.006368 1.654567 2226.728658
0.426089 0.019823 0.041424 0.020849 0.001966 0.483456 0.006393 1.656595 2236.075413
0.431925 0.018192 0.039783 0.019915 0.001948 0.481821 0.006416 1.658420 2245.162279
0.437731 0.016647 0.038290 0.019000 0.001927 0.479965 0.006440 1.660149 2254.368917
0.443491 0.015284 0.036704 0.018096 0.001905 0.478058 0.006461 1.661681 2263.068086
0.449334 0.013981 0.035168 0.017257 0.001885 0.475890 0.006484 1.663127 2272.719513
0.455157 0.012813 0.033649 0.016439 0.001856 0.473581 0.006506 1.664432 2283.447607
0.460986 0.011697 0.032183 0.015655 0.001826 0.471124 0.006528 1.665664 2293.880696
0.466792 0.010709 0.030738 0.014855 0.001795 0.468561 0.006551 1.666755 2303.847069
0.472513 0.009798 0.029285 0.014096 0.001761 0.465976 0.006571 1.667764 2314.717566
0.478178 0.008969 0.027865 0.013380 0.001723 0.463290 0.006595 1.668680 2325.850145
0.483914 0.008233 0.026530 0.012676 0.001698 0.460333 0.006615 1.669494 2334.519162
0.489591 0.007519 0.025243 0.012017 0.001666 0.457329 0.006636 1.670279 2344.354195
0.495278 0.006903 0.023967 0.011372 0.001626 0.454196 0.006657 1.670960 2354.383012
0.500825 0.006308 0.022770 0.010750 0.001599 0.451072 0.006677 1.671616 2363.441452
0.506390 0.005785 0.021591 0.010196 0.001554 0.447785 0.006699 1.672196 2372.869882
0.511958 0.005285 0.020490 0.009636 0.001524 0.444386 0.006719 1.672747 2381.712451
0.517442 0.004810 0.019465 0.009094 0.001484 0.440964 0.006741 1.673262 2391.834572
0.522943 0.004384 0.018444 0.008584 0.001452 0.437429 0.006763 1.673729 2401.511340
0.528391 0.004007 0.017458 0.008086 0.001411 0.433865 0.006781 1.674147 2411.514075
0.533678 0.003658 0.016501 0.007621 0.001381 0.430360 0.006799 1.674533 2419.979559
0.539011 0.003341 0.015638 0.007166 0.001340 0.426684 0.006820 1.674880 2429.810788
0.544312 0.003068 0.014776 0.006740 0.001308 0.422961 0.006836 1.675177 2438.487750
0.549617 0.002820 0.013945 0.006333 0.001272 0.419158 0.006854 1.675450 2447.747501
0.554776 0.002581 0.013181 0.005955 0.001236 0.415400 0.006871 1.675716 2456.799858
0.559866 0.002349 0.012486 0.005599 0.001206 0.411605 0.006889 1.675967 2464.561526
0.564922 0.002153 0.011785 0.005281 0.001164 0.407784 0.006911 1.676186 2474.075630
0.569967 0.001963 0.011110 0.004964 0.001132 0.403937 0.006927 1.676395 2482.624088
0.574927 0.001797 0.010504 0.004674 0.001100 0.400055 0.006942 1.676579 2491.795859
0.579868 0.001642 0.009911 0.004410 0.001071 0.396141 0.006957 1.676752 2501.082162
0.584775 0.001498 0.009335 0.004138 0.001039 0.392244 0.006972 1.676910 2509.629376
0.589696 0.001369 0.008794 0.003888 0.001009 0.388258 0.006987 1.677051 2517.532267
0.594530 0.001245 0.008291 0.003644 0.000978 0.384313 0.007000 1.677187 2525.784678
0.599332 0.001147 0.007804 0.003412 0.000945 0.380348 0.007013 1.677298 2535.496469
0.604023 0.001049 0.007333 0.003227 0.000918 0.376424 0.007026 1.677407 2543.198217
0.608751 0.000969 0.006898 0.003030 0.000888 0.372425 0.007038 1.677500 2550.446960
0.613428 0.000886 0.006492 0.002837 0.000868 0.368439 0.007050 1.677592 2556.868199
0.617999 0.000821 0.006093 0.002667 0.000840 0.364518 0.007063 1.677664 2564.163493
0.622526 0.000754 0.005748 0.002503 0.000813 0.360580 0.007076 1.677739 2571.273805
0.627025 0.000689 0.005407 0.002352 0.000790 0.356649 0.007088 1.677813 2578.653789
0.631442 0.000630 0.005072 0.002212 0.000767 0.352778 0.007098 1.677879 2585.799821
0.635808 0.000577 0.004769 0.002077 0.000741 0.348918 0.007111 1.677940 2592.898087
0.640200 0.000533 0.004491 0.001945 0.000716 0.344994 0.007121 1.677990 2600.261865
0.644463 0.000480 0.004239 0.001830 0.000694 0.341163 0.007132 1.678049 2607.288081
0.648699 0.000446 0.003982 0.001706 0.000665 0.337362 0.007141 1.678089 2615.016105
0.652887 0.000413 0.003743 0.001594 0.000647 0.333566 0.007150 1.678128 2619.694466
0.656981 0.000376 0.003522 0.001502 0.000624 0.329838 0.007158 1.678169 2626.173209
0.661078 0.000343 0.003309 0.001405 0.000605 0.326093 0.007168 1.678205 2632.501947
0.665130 0.000320 0.003107 0.001322 0.000585 0.322358 0.007177 1.678231 2639.147237
0.669113 0.000291 0.002925 0.001230 0.000568 0.318691 0.007182 1.678263 2644.446549
0.673033 0.000268 0.002745 0.001162 0.000553 0.315052 0.007187 1.678289 2648.908476
0.676911 0.000241 0.002584 0.001086 0.000537 0.311445 0.007195 1.678318 2654.099764
0.680776 0.000222 0.002421 0.001009 0.000516 0.307854 0.007202 1.678342 2660.223166
0.684575 0.000205 0.002268 0.000944 0.000502 0.304298 0.007209 1.678362 2664.920533
0.688343 0.000188 0.002124 0.000886 0.000482 0.300761 0.007217 1.678381 2671.309267
0.692079 0.000174 0.001984 0.000836 0.000465 0.297239 0.007224 1.678399 2676.756383
0.695769 0.000157 0.001865 0.000783 0.000451 0.293747 0.007230 1.678417 2681.312687
0.699350 0.000140 0.001742 0.000732 0.000434 0.290367 0.007237 1.678436 2686.708667
0.702944 0.000132 0.001630 0.000688 0.000416 0.286945 0.007245 1.678447 2693.146926
0.706503 0.000117 0.001523 0.000647 0.000399 0.283563 0.007249 1.678463 2697.551637
0.710030 0.000109 0.001437 0.000607 0.000386 0.280176 0.007255 1.678474 2701.856510
0.713544 0.000100 0.001349 0.000568 0.000372 0.276807 0.007261 1.678485 2706.692601
0.716992 0.000095 0.001262 0.000530 0.000360 0.273495 0.007266 1.678491 2710.549974
0.720359 0.000089 0.001173 0.000496 0.000346 0.270267 0.007271 1.678499 2715.549923
0.723759 0.000081 0.001096 0.000462 0.000332 0.266994 0.007276 1.678507 2720.102528
0.727046 0.000075 0.001027 0.000431 0.000317 0.263820 0.007284 1.678515 2725.664634
0.730339 0.000068 0.000964 0.000399 0.000306 0.260635 0.007288 1.678524 2729.443507
0.733616 0.000064 0.000904 0.000377 0.000297 0.257451 0.007291 1.678529 2732.585117
0.736807 0.000060 0.000848 0.000353 0.000287 0.254352 0.007295 1.678534 2735.756894
0.739913 0.000054 0.000798 0.000330 0.000278 0.251328 0.007299 1.678541 2739.688267
0.743046 0.000051 0.000744 0.000308 0.000267 0.248282 0.007302 1.678545 2743.242571
0.746105 0.000048 0.000695 0.000289 0.000257 0.245300 0.007306 1.678549 2747.434157
0.749103 0.000045 0.000646 0.000267 0.000248 0.242383 0.007310 1.678553 2750.916600
0.752122 0.000039 0.000604 0.000249 0.000237 0.239435 0.007313 1.678558 2755.135528
0.755080 0.000035 0.000571 0.000232 0.000228 0.236536 0.007318 1.678562 2758.657718
0.757997 0.000033 0.000530 0.000215 0.000219 0.233684 0.007322 1.678565 2762.186799
0.760905 0.000030 0.000493 0.000199 0.000210 0.230837 0.007325 1.678568 2765.510759
0.763815 0.000028 0.000458 0.000185 0.000203 0.227985 0.007327 1.678571 2768.527210
0.766603 0.000027 0.000427 0.000176 0.000196 0.225244 0.007329 1.678573 2771.160933
0.769368 0.000025 0.000395 0.000165 0.000187 0.222528 0.007332 1.678575 2774.186097
0.772139 0.000022 0.000374 0.000154 0.000182 0.219795 0.007335 1.678578 2776.410157
0.774876 0.000021 0.000348 0.000141 0.000176 0.217103 0.007336 1.678580 2779.300896
0.777565 0.000020 0.000323 0.000132 0.000169 0.214454 0.007339 1.678582 2782.357794
0.780246 0.000019 0.000301 0.000122 0.000161 0.211811 0.007340 1.678584 2785.258533
0.782905 0.000019 0.000281 0.000111 0.000155 0.209188 0.007342 1.678584 2787.872762
0.785481 0.000018 0.000262 0.000104 0.000149 0.206642 0.007344 1.678586 2790.846684
0.788037 0.000016 0.000244 0.000098 0.000144 0.204116 0.007346 1.678587 2792.753062
0.790503 0.000015 0.000229 0.000094 0.000140 0.201671 0.007349 1.678589 2794.291702
0.792999 0.000014 0.000214 0.000087 0.000134 0.199201 0.007351 1.678590 2796.986602
0.795450 0.000013 0.000199 0.000079 0.000129 0.196777 0.007353 1.678592 2799.368266
0.797904 0.000010 0.000190 0.000073 0.000123 0.194344 0.007356 1.678594 2801.879708
0.800285 0.000009 0.000179 0.000067 0.000118 0.191985 0.007357 1.678595 2803.865427
0.802648 0.000008 0.000166 0.000062 0.000113 0.189644 0.007359 1.678597 2806.154227
0.804984 0.000007 0.000155 0.000059 0.000109 0.187326 0.007360 1.678598 2807.800656
0.807230 0.000007 0.000145 0.000055 0.000105 0.185097 0.007361 1.678598 2809.765525
0.809517 0.000007 0.000134 0.000051 0.000101 0.182827 0.007363 1.678598 2811.496856
0.811709 0.000006 0.000128 0.000048 0.000096 0.180649 0.007364 1.678599 2813.649194
0.813846 0.000005 0.000120 0.000045 0.000092 0.178525 0.007365 1.678600 2815.683204
0.815973 0.000004 0.000112 0.000041 0.000088 0.176415 0.007367 1.678601 2817.617328
0.817963 0.000004 0.000104 0.000038 0.000084 0.174440 0.007368 1.678602 2819.273201
0.819941 0.000003 0.000095 0.000035 0.000082 0.172476 0.007368 1.678602 2820.028687
0.821786 0.000002 0.000090 0.000033 0.000079 0.170640 0.007370 1.678603 2821.005488
0.823603 0.000002 0.000085 0.000033 0.000078 0.168828 0.007371 1.678603 2821.707040
0.825376 0.000002 0.000080 0.000032 0.000075 0.167064 0.007372 1.678604 2823.226013
0.827067 0.000002 0.000074 0.000030 0.000073 0.165382 0.007372 1.678604 2823.746008
0.828740 0.000002 0.000068 0.000028 0.000072 0.163718 0.007373 1.678604 2824.281524
0.830351 0.000001 0.000063 0.000025 0.000071 0.162115 0.007374 1.678604 2825.096351
0.831921 0.000001 0.000058 0.000024 0.000068 0.160554 0.007375 1.678604 2826.520913
0.833466 0.000001 0.000054 0.000022 0.000065 0.159015 0.007377 1.678604 2827.900893
0.834930 0.000001 0.000050 0.000021 0.000063 0.157557 0.007378 1.678604 2829.333439
0.836350 0.000001 0.000048 0.000021 0.000061 0.156141 0.007379 1.678605 2829.912080
0.837746 0.000000 0.000046 0.000019 0.000058 0.154751 0.007379 1.678605 2831.405256
0.839092 0.000000 0.000043 0.000018 0.000055 0.153411 0.007381 1.678605 2833.116565
0.840397 0.000000 0.000040 0.000018 0.000053 0.152111 0.007382 1.678605 2834.020284
0.841630 0.000000 0.000036 0.000017 0.000051 0.150884 0.007382 1.678605 2835.554545
0.842817 0.000000 0.000034 0.000015 0.000049 0.149703 0.007383 1.678606 2836.978318
0.843921 0.000000 0.000031 0.000013 0.000048 0.148604 0.007383 1.678606 2837.583066
0.845000 0.000000 0.000029 0.000013 0.000046 0.147528 0.007384 1.678606 2838.512015
0.846035 0.000000 0.000027 0.000012 0.000045 0.146497 0.007385 1.678606 2839.193180
0.847006 0.000000 0.000025 0.000011 0.000043 0.145529 0.007385 1.678606 2840.070754
0.847924 0.000001 0.000023 0.000010 0.000040 0.144616 0.007386 1.678606 2841.724155
0.848819 0.000001 0.000022 0.000010 0.000039 0.143722 0.007386 1.678606 2842.202475
0.849681 0.000001 0.000020 0.000009 0.000037 0.142865 0.007387 1.678606 2843.299583
0.850476 0.000001 0.000018 0.000009 0.000036 0.142073 0.007387 1.678606 2844.073286
0.851263 0.000001 0.000017 0.000008 0.000035 0.141288 0.007388 1.678606 2844.308079
0.852029 0.000001 0.000016 0.000008 0.000034 0.140524 0.007388 1.678606 2844.935372
0.852776 0.000001 0.000014 0.000007 0.000032 0.139780 0.007389 1.678606 2845.816531
0.853446 0.000001 0.000013 0.000007 0.000031 0.139112 0.007390 1.678606 2846.368408
0.854084 0.000001 0.000012 0.000007 0.000030 0.138476 0.007390 1.678606 2846.838812
0.854694 0.000000 0.000011 0.000006 0.000029 0.137868 0.007391 1.678606 2847.498192
0.855266 0.000000 0.000011 0.000006 0.000028 0.137297 0.007391 1.678606 2848.523707
0.855802 0.000001 0.000010 0.000006 0.000027 0.136763 0.007392 1.678606 2849.102694
0.856302 0.000001 0.000010 0.000006 0.000026 0.136264 0.007392 1.678606 2849.576275
0.856796 0.000001 0.000009 0.000006 0.000025 0.135771 0.007392 1.678606 2850.230577
0.857269 0.000001 0.000008 0.000005 0.000024 0.135300 0.007392 1.678606 2850.737405
0.857689 0.000001 0.000008 0.000005 0.000023 0.134880 0.007393 1.678606 2851.238464
0.858102 0.000001 0.000007 0.000005 0.000022 0.134470 0.007393 1.678606 2852.048879
0.858500 0.000000 0.000007 0.000004 0.000022 0.134072 0.007394 1.678606 2852.775307
0.858869 0.000000 0.000007 0.000004 0.000021 0.133705 0.007394 1.678606 2853.279652
0.859217 0.000000 0.000007 0.000003 0.000021 0.133358 0.007395 1.678606 2853.660231
0.859548 0.000000 0.000007 0.000003 0.000019 0.133027 0.007396 1.678606 2854.715845
0.859871 0.000000 0.000006 0.000003 0.000018 0.132705 0.007396 1.678606 2855.237210
0.860161 0.000000 0.000006 0.000003 0.000017 0.132416 0.007397 1.678606 2855.630885
0.860450 0.000000 0.000006 0.000002 0.000017 0.132128 0.007397 1.678606 2856.116012
0.860736 0.000000 0.000006 0.000002 0.000016 0.131843 0.007397 1.678606 2856.460002
0.861004 0.000000 0.000005 0.000002 0.000015 0.131576 0.007397 1.678606 2856.886491
0.861258 0.000000 0.000005 0.000002 0.000015 0.131322 0.007398 1.678606 2857.207782
0.861486 0.000000 0.000005 0.000002 0.000014 0.131096 0.007398 1.678606 2858.048766
0.861691 0.000000 0.000005 0.000002 0.000013 0.130892 0.007398 1.678606 2858.811812
0.861902 0.000000 0.000005 0.000002 0.000012 0.130681 0.007399 1.678606 2859.255534
0.862100 0.000000 0.000004 0.000002 0.000012 0.130484 0.007399 1.678606 2859.459057
0.862297 0.000000 0.000004 0.000002 0.000011 0.130287 0.007399 1.678607 2859.665691
0.862475 0.000000 0.000004 0.000002 0.000011 0.130109 0.007399 1.678607 2859.910813
0.862653 0.000000 0.000004 0.000002 0.000011 0.129932 0.007399 1.678607 2860.258269
0.862819 0.000000 0.000004 0.000001 0.000011 0.129766 0.007400 1.678607 2860.406054
0.862966 0.000000 0.000004 0.000001 0.000010 0.129619 0.007400 1.678607 2860.722195
0.863108 0.000000 0.000003 0.000001 0.000010 0.129478 0.007400 1.678607 2861.076171
0.863240 0.000000 0.000003 0.000001 0.000009 0.129347 0.007400 1.678607 2861.257913
0.863379 0.000000 0.000003 0.000001 0.000009 0.129208 0.007401 1.678607 2861.732022
0.863491 0.000000 0.000002 0.000001 0.000009 0.129097 0.007401 1.678607 2861.919730
0.863609 0.000000 0.000002 0.000001 0.000008 0.128979 0.007401 1.678607 2861.926956
0.863724 0.000000 0.000002 0.000001 0.000008 0.128865 0.007401 1.678607 2862.327261
0.863829 0.000000 0.000002 0.000001 0.000008 0.128759 0.007401 1.678607 2862.327261
0.863932 0.000000 0.000002 0.000001 0.000008 0.128657 0.007401 1.678607 2862.327261
0.864026 0.000000 0.000002 0.000001 0.000007 0.128563 0.007401 1.678607 2863.004774
0.864120 0.000000 0.000002 0.000001 0.000007 0.128470 0.007401 1.678607 2863.004774
0.864195 0.000000 0.000002 0.000001 0.000006 0.128394 0.007401 1.678607 2863.608792
0.864266 0.000000 0.000002 0.000000 0.000006 0.128325 0.007401 1.678607 2863.845114
0.864349 0.000000 0.000002 0.000000 0.000006 0.128242 0.007401 1.678607 2863.845114
0.864421 0.000000 0.000002 0.000000 0.000006 0.128169 0.007401 1.678607 2863.845114
0.864489 0.000000 0.000002 0.000000 0.000006 0.128102 0.007402 1.678607 2864.064131
0.864556 0.000000 0.000001 0.000000 0.000005 0.128035 0.007402 1.678607 2864.751543
0.864614 0.000000 0.000001 0.000000 0.000005 0.127977 0.007402 1.678607 2864.844309
0.864664 0.000000 0.000001 0.000000 0.000005 0.127927 0.007402 1.678607 2864.844309
0.864717 0.000000 0.000001 0.000000 0.000005 0.127875 0.007403 1.678607 2865.388053
0.864761 0.000000 0.000001 0.000000 0.000004 0.127831 0.007403 1.678607 2865.562918
0.864801 0.000000 0.000001 0.000000 0.000004 0.127792 0.007403 1.678607 2865.775887
0.864832 0.000000 0.000001 0.000000 0.000004 0.127761 0.007404 1.678607 2866.302782
0.864864 0.000000 0.000000 0.000000 0.000004 0.127728 0.007404 1.678607 2866.302782
0.864892 0.000000 0.000000 0.000000 0.000004 0.127701 0.007404 1.678607 2866.302782
0.864924 0.000000 0.000000 0.000000 0.000004 0.127669 0.007404 1.678607 2866.302782
0.864955 0.000000 0.000000 0.000000 0.000004 0.127638 0.007404 1.678607 2866.302782
0.864980 0.000000 0.000000 0.000000 0.000003 0.127613 0.007404 1.678607 2866.458290
0.865008 0.000000 0.000000 0.000000 0.000003 0.127585 0.007404 1.678607 2866.627922
0.865034 0.000000 0.000000 0.000000 0.000003 0.127558 0.007404 1.678607 2866.627922
0.865061 0.000000 0.000000 0.000000 0.000003 0.127532 0.007404 1.678607 2866.627922
0.865084 0.000000 0.000000 0.000000 0.000003 0.127509 0.007404 1.678607 2866.843782
0.865106 0.000000 0.000000 0.000000 0.000003 0.127487 0.007404 1.678607 2866.843782
0.865126 0.000000 0.000000 0.000000 0.000003 0.127468 0.007404 1.678607 2866.843782
0.865145 0.000000 0.000000 0.000000 0.000003 0.127448 0.007404 1.678607 2866.843782
0.865164 0.000000 0.000000 0.000000 0.000003 0.127429 0.007404 1.678607 2866.843782
0.865181 0.000000 0.000000 0.000000 0.000003 0.127413 0.007404 1.678607 2866.843782
0.865198 0.000000 0.000000 0.000000 0.000002 0.127396 0.007404 1.678607 2867.247751
0.865215 0.000000 0.000000 0.000000 0.000002 0.127379 0.007404 1.678607 2867.247751
0.865226 0.000000 0.000000 0.000000 0.000002 0.127368 0.007404 1.678607 2867.247751
0.865238 0.000000 0.000000 0.000000 0.000002 0.127356 0.007404 1.678607 2867.498999
0.865252 0.000000 0.000000 0.000000 0.000002 0.127342 0.007404 1.678607 2867.498999
0.865265 0.000000 0.000000 0.000000 0.000002 0.127329 0.007404 1.678607 2867.733115
0.865277 0.000000 0.000000 0.000000 0.000002 0.127317 0.007404 1.678607 2867.733115
0.865287 0.000000 0.000000 0.000000 0.000002 0.127307 0.007404 1.678607 2867.733115
0.865298 0.000000 0.000000 0.000000 0.000002 0.127296 0.007404 1.678607 2867.733115
0.865311 0.000000 0.000000 0.000000 0.000002 0.127283 0.007404 1.678607 2867.733115
0.865319 0.000000 0.000000 0.000000 0.000002 0.127275 0.007404 1.678607 2867.733115
0.865331 0.000000 0.000000 0.000000 0.000002 0.127263 0.007404 1.678607 2867.733115
0.865340 0.000000 0.000000 0.000000 0.000002 0.127254 0.007404 1.678607 2867.733115
0.865349 0.000000 0.000000 0.000000 0.000001 0.127245 0.007405 1.678607 2868.441360
0.865355 0.000000 0.000000 0.000000 0.000001 0.127239 0.007405 1.678607 2868.441360
0.865362 0.000000 0.000000 0.000000 0.000001 0.127233 0.007405 1.678607 2868.441360
0.865368 0.000000 0.000000 0.000000 0.000001 0.127226 0.007405 1.678607 2868.441360
0.865375 0.000000 0.000000 0.000000 0.000001 0.127219 0.007405 1.678607 2868.441360
0.865384 0.000000 0.000000 0.000000 0.000001 0.127211 0.007405 1.678607 2868.441360
0.865389 0.000000 0.000000 0.000000 0.000001 0.127205 0.007405 1.678607 2868.441360
0.865394 0.000000 0.000000 0.000000 0.000001 0.127200 0.007405 1.678607 2868.665507
0.865398 0.000000 0.000000 0.000000 0.000001 0.127196 0.007405 1.678607 2868.665507
0.865405 0.000000 0.000000 0.000000 0.000001 0.127189 0.007405 1.678607 2868.665507
0.865410 0.000000 0.000000 0.000000 0.000001 0.127184 0.007405 1.678607 2868.665507
0.865415 0.000000 0.000000 0.000000 0.000001 0.127179 0.007405 1.678607 2868.665507
0.865422 0.000000 0.000000 0.000000 0.000001 0.127172 0.007405 1.678607 2868.665507
0.865427 0.000000 0.000000 0.000000 0.000001 0.127168 0.007405 1.678607 2868.665507
0.865431 0.000000 0.000000 0.000000 0.000001 0.127164 0.007405 1.678607 2868.938043
0.865434 0.000000 0.000000 0.000000 0.000001 0.127161 0.007405 1.678607 2868.938043
0.865438 0.000000 0.000000 0.000000 0.000001 0.127157 0.007405 1.678607 2868.938043
0.865441 0.000000 0.000000 0.000000 0.000001 0.127154 0.007405 1.678607 2868.938043
0.865444 0.000000 0.000000 0.000000 0.000000 0.127151 0.007405 1.678607 2869.221452
0.865448 0.000000 0.000000 0.000000 0.000000 0.127147 0.007405 1.678607 2869.221452
0.865449 0.000000 0.000000 0.000000 0.000000 0.127146 0.007405 1.678607 2869.221452
0.865450 0.000000 0.000000 0.000000 0.000000 0.127145 0.007405 1.678607 2869.221452
0.865452 0.000000 0.000000 0.000000 0.000000 0.127143 0.007405 1.678607 2869.221452
0.865453 0.000000 0.000000 0.000000 0.000000 0.127142 0.007405 1.678607 2869.453639
0.865453 0.000000 0.000000 0.000000 0.000000 0.127142 0.007405 1.678607 2869.453639
0.865456 0.000000 0.000000 0.000000 0.000000 0.127139 0.007405 1.678607 2869.453639
0.865456 0.000000 0.000000 0.000000 0.000000 0.127139 0.007405 1.678607 2869.668336
0.865456 0.000000 0.000000 0.000000 0.000000 0.127139 0.007405 1.678607 2869.668336
0.865456 0.000000 0.000000 0.000000 0.000000 0.127139 0.007405 1.678607 2869.668336
0.865456 0.000000 0.000000 0.000000 0.000000 0.127139 0.007405 1.678607 2869.668336
0.865456 0.000000 0.000000 0.000000 0.000000 0.127139 0.007405 1.678607 2869.668336
0.865456 0.000000 0.000000 0.000000 0.000000 0.127139 0.007405 1.678607 2869.668336
0.865456 0.000000 0.000000 0.000000 0.000000 0.127139 0.007405 1.678607 2869.668336
0.865456 0.000000 0.000000 0.000000 0.000000 0.127139 0.007405 1.678607 2869.668336
0.865456 0.000000 0.000000 0.000000 0.000000 0.127139 0.007405 1.678607 2869.668336
0.865456 0.000000 0.000000 0.000000 0.000000 0.127139 0.007405 1.678607 2869.668336
0.865456 0.000000 0.000000 0.000000 0.000000 0.127139 0.007405 1.678607 2869.668336
0.865456 0.000000 0.000000 0.000000 0.000000 0.127139 0.007405 1.678607 2869.668336
0.865456 0.000000 0.000000 0.000000 0.000000 0.127139 0.007405 1.678607 2869.668336
0.865456 0.000000 0.000000 0.000000 0.000000 0.127139 0.007405 1.678607 2869.668336
0.865456 0.000000 0.000000 0.000000 0.000000 0.127139 0.007405 1.678607 2869.668336
0.865456 0.000000 0.000000 0.000000 0.000000 0.127139 0.007405 1.678607 2869.668336
0.865456 0.000000 0.000000 0.000000 0.000000 0.127139 0.007405 1.678607 2869.668336
0.865456 0.000000 0.000000 0.000000 0.000000 0.127139 0.007405 1.678607 2869.668336
0.865456 0.000000 0.000000 0.000000 0.000000 0.127139 0.007405 1.678607 2869.668336
0.865456 0.000000 0.000000 0.000000 0.000000 0.127139 0.007405 1.678607 2869.668336
0.865456 0.000000 0.000000 0.000000 0.000000 0.127139 0.007405 1.678607 2869.668336
0.865456 0.000000 0.000000 0.000000 0.000000 0.127139 0.007405 1.678607 2869.668336
0.865456 0.000000 0.000000 0.000000 0.000000 0.127139 0.007405 1.678607 2869.668336
0.865456 0.000000 0.000000 0.000000 0.000000 0.127139 0.007405 1.678607 2869.668336
0.865456 0.000000 0.000000 0.000000 0.000000 0.127139 0.007405 1.678607 2869.668336
0.865456 0.000000 0.000000 0.000000 0.000000 0.127139 0.007405 1.678607 2869.668336
0.865456 0.000000 0.000000 0.000000 0.000000 0.127139 0.007405 1.678607 2869.668336
0.865456 0.000000 0.000000 0.000000 0.000000 0.127139 0.007405 1.678607 2869.668336
0.865456 0.000000 0.000000 0.000000 0.000000 0.127139 0.007405 1.678607 2869.668336
0.865456 0.000000 0.000000 0.000000 0.000000 0.127139 0.007405 1.678607 2869.668336
0.865456 0.000000 0.000000 0.000000 0.000000 0.127139 0.007405 1.678607 2869.668336
0.865456 0.000000 0.000000 0.000000 0.000000 0.127139 0.007405 1.678607 2869.668336
0.865456 0.000000 0.000000 0.000000 0.000000 0.127139 0.007405 1.678607 2869.668336
0.865456 0.000000 0.000000 0.000000 0.000000 0.127139 0.007405 1.678607 2869.668336
0.865456 0.000000 0.000000 0.000000 0.000000 0.127139 0.007405 1.678607 2869.668336
0.865456 0.000000 0.000000 0.000000 0.000000 0.127139 0.007405 1.678607 2869.668336
0.865456 0.000000 0.000000 0.000000 0.000000 0.127139 0.007405 1.678607 2869.668336
0.865456 0.000000 0.000000 0.000000 0.000000 0.127139 0.007405 1.678607 2869.668336
0.865456 0.000000 0.000000 0.000000 0.000000 0.127139 0.007405 1.678607 2869.668336
0.865456 0.000000 0.000000 0.000000 0.000000 0.127139 0.007405 1.678607 2869.668336
0.865456 0.000000 0.000000 0.000000 0.000000 0.127139 0.007405 1.678607 2869.668336
0.865456 0.000000 0.000000 0.000000 0.000000 0.127139 0.007405 1.678607 2869.668336
0.865456 0.000000 0.000000 0.000000 0.000000 0.127139 0.007405 1.678607 2869.668336
0.865456 0.000000 0.000000 0.000000 0.000000 0.127139 0.007405 1.678607 2869.668336
0.865456 0.000000 0.000000 0.000000 0.000000 0.127139 0.007405 1.678607 2869.668336
0.865456 0.000000 0.000000 0.000000 0.000000 0.127139 0.007405 1.678607 2869.668336
0.865456 0.000000 0.000000 0.000000 0.000000 0.127139 0.007405 1.678607 2869.668336
0.865456 0.000000 0.000000 0.000000 0.000000 0.127139 0.007405 1.678607 2869.668336
0.865456 0.000000 0.000000 0.000000 0.000000 0.127139 0.007405 1.678607 2869.668336
0.865456 0.000000 0.000000 0.000000 0.000000 0.127139 0.007405 1.678607 2869.668336
0.865456 0.000000 0.000000 0.000000 0.000000 0.127139 0.007405 1.678607 2869.668336
0.865456 0.000000 0.000000 0.000000 0.000000 0.127139 0.007405 1.678607 2869.668336
0.865456 0.000000 0.000000 0.000000 0.000000 0.127139 0.007405 1.678607 2869.668336
0.865456 0.000000 0.000000 0.000000 0.000000 0.127139 0.007405 1.678607 2869.668336
0.865456 0.000000 0.000000 0.000000 0.000000 0.127139 0.007405 1.678607 2869.668336
0.865456 0.000000 0.000000 0.000000 0.000000 0.127139 0.007405 1.678607 2869.668336
0.865456 0.000000 0.000000 0.000000 0.000000 0.127139 0.007405 1.678607 2869.668336
0.865456 0.000000 0.000000 0.000000 0.000000 0.127139 0.007405 1.678607 2869.668336
0.865456 0.000000 0.000000 0.000000 0.000000 0.127139 0.007405 1.678607 2869.668336
0.865456 0.000000 0.000000 0.000000 0.000000 0.127139 0.007405 1.678607 2869.668336
0.865456 0.000000 0.000000 0.000000 0.000000 0.127139 0.007405 1.678607 2869.668336
0.865456 0.000000 0.000000 0.000000 0.000000 0.127139 0.007405 1.678607 2869.668336
0.865456 0.000000 0.000000 0.000000 0.000000 0.127139 0.007405 1.678607 2869.668336
0.865456 0.000000 0.000000 0.000000 0.000000 0.127139 0.007405 1.678607 2869.668336
0.865456 0.000000 0.000000 0.000000 0.000000 0.127139 0.007405 1.678607 2869.668336
0.865456 0.000000 0.000000 0.000000 0.000000 0.127139 0.007405 1.678607 2869.668336
0.865456 0.000000 0.000000 0.000000 0.000000 0.127139 0.007405 1.678607 2869.668336
0.865456 0.000000 0.000000 0.000000 0.000000 0.127139 0.007405 1.678607 2869.668336
0.865456 0.000000 0.000000 0.000000 0.000000 0.127139 0.007405 1.678607 2869.668336
0.865456 0.000000 0.000000 0.000000 0.000000 0.127139 0.007405 1.678607 2869.668336
0.865456 0.000000 0.000000 0.000000 0.000000 0.127139 0.007405 1.678607 2869.668336
0.865456 0.000000 0.000000 0.000000 0.000000 0.127139 0.007405 1.678607 2869.668336
0.865456 0.000000 0.000000 0.000000 0.000000 0.127139 0.007405 1.678607 2869.668336
0.865456 0.000000 0.000000 0.000000 0.000000 0.127139 0.007405 1.678607 2869.668336
0.865456 0.000000 0.000000 0.000000 0.000000 0.127139 0.007405 1.678607 2869.668336
0.865456 0.000000 0.000000 0.000000 0.000000 0.127139 0.007405 1.678607 2869.668336
0.865456 0.000000 0.000000 0.000000 0.000000 0.127139 0.007405 1.678607 2869.668336
0.865456 0.000000 0.000000 0.000000 0.000000 0.127139 0.007405 1.678607 2869.668336
0.865456 0.000000 0.000000 0.000000 0.000000 0.127139 0.007405 1.678607 2869.668336
0.865456 0.000000 0.000000 0.000000 0.000000 0.127139 0.007405 1.678607 2869.668336
0.865456 0.000000 0.000000 0.000000 0.000000 0.127139 0.007405 1.678607 2869.668336
0.865456 0.000000 0.000000 0.000000 0.000000 0.127139 0.007405 1.678607 2869.668336
0.865456 0.000000 0.000000 0.000000 0.000000 0.127139 0.007405 1.678607 2869.668336
0.865456 0.000000 0.000000 0.000000 0.000000 0.127139 0.007405 1.678607 2869.668336
0.865456 0.000000 0.000000 0.000000 0.000000 0.127139 0.007405 1.678607 2869.668336
0.865456 0.000000 0.000000 0.000000 0.000000 0.127139 0.007405 1.678607 2869.668336
0.865456 0.000000 0.000000 0.000000 0.000000 0.127139 0.007405 1.678607 2869.668336
0.865456 0.000000 0.000000 0.000000 0.000000 0.127139 0.007405 1.678607 2869.668336
0.865456 0.000000 0.000000 0.000000 0.000000 0.127139 0.007405 1.678607 2869.668336
0.865456 0.000000 0.000000 0.000000 0.000000 0.127139 0.007405 1.678607 2869.668336
0.865456 0.000000 0.000000 0.000000 0.000000 0.127139 0.007405 1.678607 2869.668336
0.865456 0.000000 0.000000 0.000000 0.000000 0.127139 0.007405 1.678607 2869.668336
0.865456 0.000000 0.000000 0.000000 0.000000 0.127139 0.007405 1.678607 2869.668336
0.865456 0.000000 0.000000 0.000000 0.000000 0.127139 0.007405 1.678607 2869.668336
0.865456 0.000000 0.000000 0.000000 0.000000 0.127139 0.007405 1.678607 2869.668336
0.865456 0.000000 0.000000 0.000000 0.000000 0.127139 0.007405 1.678607 2869.668336
0.865456 0.000000 0.000000 0.000000 0.000000 0.127139 0.007405 1.678607 2869.668336
0.865456 0.000000 0.000000 0.000000 0.000000 0.127139 0.007405 1.678607 2869.668336
0.865456 0.000000 0.000000 0.000000 0.000000 0.127139 0.007405 1.678607 2869.668336
0.865456 0.000000 0.000000 0.000000 0.000000 0.127139 0.007405 1.678607 2869.668336
0.865456 0.000000 0.000000 0.000000 0.000000 0.127139 0.007405 1.678607 2869.668336
0.865456 0.000000 0.000000 0.000000 0.000000 0.127139 0.007405 1.678607 2869.668336
0.865456 0.000000 0.000000 0.000000 0.000000 0.127139 0.007405 1.678607 2869.668336
0.865456 0.000000 0.000000 0.000000 0.000000 0.127139 0.007405 1.678607 2869.668336
0.865456 0.000000 0.000000 0.000000 0.000000 0.127139 0.007405 1.678607 2869.668336
0.865456 0.000000 0.000000 0.000000 0.000000 0.127139 0.007405 1.678607 2869.668336
0.865456 0.000000 0.000000 0.000000 0.000000 0.127139 0.007405 1.678607 2869.668336
0.865456 0.000000 0.000000 0.000000 0.000000 0.127139 0.007405 1.678607 2869.668336
0.865456 0.000000 0.000000 0.000000 0.000000 0.127139 0.007405 1.678607 2869.668336
0.865456 0.000000 0.000000 0.000000 0.000000 0.127139 0.007405 1.678607 2869.668336
0.865456 0.000000 0.000000 0.000000 0.000000 0.127139 0.007405 1.678607 2869.668336
0.865456 0.000000 0.000000 0.000000 0.000000 0.127139 0.007405 1.678607 2869.668336
0.865456 0.000000 0.000000 0.000000 0.000000 0.127139 0.007405 1.678607 2869.668336
0.865456 0.000000 0.000000 0.000000 0.000000 0.127139 0.007405 1.678607 2869.668336
0.865456 0.000000 0.000000 0.000000 0.000000 0.127139 0.007405 1.678607 2869.668336
0.865456 0.000000 0.000000 0.000000 0.000000 0.127139 0.007405 1.678607 2869.668336
0.865456 0.000000 0.000000 0.000000 0.000000 0.127139 0.007405 1.678607 2869.668336
0.865456 0.000000 0.000000 0.000000 0.000000 0.127139 0.007405 1.678607 2869.668336
0.865456 0.000000 0.000000 0.000000 0.000000 0.127139 0.007405 1.678607 2869.668336
0.865456 0.000000 0.000000 0.000000 0.000000 0.127139 0.007405 1.678607 2869.668336
0.865456 0.000000 0.000000 0.000000 0.000000 0.127139 0.007405 1.678607 2869.668336
0.865456 0.000000 0.000000 0.000000 0.000000 0.127139 0.007405 1.678607 2869.668336
0.865456 0.000000 0.000000 0.000000 0.000000 0.127139 0.007405 1.678607 2869.668336
0.865456 0.000000 0.000000 0.000000 0.000000 0.127139 0.007405 1.678607 2869.668336
0.865456 0.000000 0.000000 0.000000 0.000000 0.127139 0.007405 1.678607 2869.668336
0.865456 0.000000 0.000000 0.000000 0.000000 0.127139 0.007405 1.678607 2869.668336
0.865456 0.000000 0.000000 0.000000 0.000000 0.127139 0.007405 1.678607 2869.668336
0.865456 0.000000 0.000000 0.000000 0.000000 0.127139 0.007405 1.678607 2869.668336
0.865456 0.000000 0.000000 0.000000 0.000000 0.127139 0.007405 1.678607 2869.668336
0.865456 0.000000 0.000000 0.000000 0.000000 0.127139 0.007405 1.678607 2869.668336
0.865456 0.000000 0.000000 0.000000 0.000000 0.127139 0.007405 1.678607 2869.668336
0.865456 0.000000 0.000000 0.000000 0.000000 0.127139 0.007405 1.678607 2869.668336
0.865456 0.000000 0.000000 0.000000 0.000000 0.127139 0.007405 1.678607 2869.668336
0.865456 0.000000 0.000000 0.000000 0.000000 0.127139 0.007405 1.678607 2869.668336
0.865456 0.000000 0.000000 0.000000 0.000000 0.127139 0.007405 1.678607 2869.668336
0.865456 0.000000 0.000000 0.000000 0.000000 0.127139 0.007405 1.678607 2869.668336
0.865456 0.000000 0.000000 0.000000 0.000000 0.127139 0.007405 1.678607 2869.668336
0.865456 0.000000 0.000000 0.000000 0.000000 0.127139 0.007405 1.678607 2869.668336
0.865456 0.000000 0.000000 0.000000 0.000000 0.127139 0.007405 1.678607 2869.668336
0.865456 0.000000 0.000000 0.000000 0.000000 0.127139 0.007405 1.678607 2869.668336
0.865456 0.000000 0.000000 0.000000 0.000000 0.127139 0.007405 1.678607 2869.668336
0.865456 0.000000 0.000000 0.000000 0.000000 0.127139 0.007405 1.678607 2869.668336
0.865456 0.000000 0.000000 0.000000 0.000000 0.127139 0.007405 1.678607 2869.668336
0.865456 0.000000 0.000000 0.000000 0.000000 0.127139 0.007405 1.678607 2869.668336
0.865456 0.000000 0.000000 0.000000 0.000000 0.127139 0.007405 1.678607 2869.668336
0.865456 0.000000 0.000000 0.000000 0.000000 0.127139 0.007405 1.678607 2869.668336
0.865456 0.000000 0.000000 0.000000 0.000000 0.127139 0.007405 1.678607 2869.668336
0.865456 0.000000 0.000000 0.000000 0.000000 0.127139 0.007405 1.678607 2869.668336
0.865456 0.000000 0.000000 0.000000 0.000000 0.127139 0.007405 1.678607 2869.668336
0.865456 0.000000 0.000000 0.000000 0.000000 0.127139 0.007405 1.678607 2869.668336
0.865456 0.000000 0.000000 0.000000 0.000000 0.127139 0.007405 1.678607 2869.668336
0.865456 0.000000 0.000000 0.000000 0.000000 0.127139 0.007405 1.678607 2869.668336
0.865456 0.000000 0.000000 0.000000 0.000000 0.127139 0.007405 1.678607 2869.668336
0.865456 0.000000 0.000000 0.000000 0.000000 0.127139 0.007405 1.678607 2869.668336
0.865456 0.000000 0.000000 0.000000 0.000000 0.127139 0.007405 1.678607 2869.668336
0.865456 0.000000 0.000000 0.000000 0.000000 0.127139 0.007405 1.678607 2869.668336
0.865456 0.000000 0.000000 0.000000 0.000000 0.127139 0.007405 1.678607 2869.668336
0.865456 0.000000 0.000000 0.000000 0.000000 0.127139 0.007405 1.678607 2869.668336
0.865456 0.000000 0.000000 0.000000 0.000000 0.127139 0.007405 1.678607 2869.668336
0.865456 0.000000 0.000000 0.000000 0.000000 0.127139 0.007405 1.678607 2869.668336
0.865456 0.000000 0.000000 0.000000 0.000000 0.127139 0.007405 1.678607 2869.668336
0.865456 0.000000 0.000000 0.000000 0.000000 0.127139 0.007405 1.678607 2869.668336
0.865456 0.000000 0.000000 0.000000 0.000000 0.127139 0.007405 1.678607 2869.668336
0.865456 0.000000 0.000000 0.000000 0.000000 0.127139 0.007405 1.678607 2869.668336
0.865456 0.000000 0.000000 0.000000 0.000000 0.127139 0.007405 1.678607 2869.668336
0.865456 0.000000 0.000000 0.000000 0.000000 0.127139 0.007405 1.678607 2869.668336
0.865456 0.000000 0.000000 0.000000 0.000000 0.127139 0.007405 1.678607 2869.668336
0.865456 0.000000 0.000000 0.000000 0.000000 0.127139 0.007405 1.678607 2869.668336
0.865456 0.000000 0.000000 0.000000 0.000000 0.127139 0.007405 1.678607 2869.668336
0.865456 0.000000 0.000000 0.000000 0.000000 0.127139 0.007405 1.678607 2869.668336
0.865456 0.000000 0.000000 0.000000 0.000000 0.127139 0.007405 1.678607 2869.668336
0.865456 0.000000 0.000000 0.000000 0.000000 0.127139 0.007405 1.678607 2869.668336
0.865456 0.000000 0.000000 0.000000 0.000000 0.127139 0.007405 1.678607 2869.668336
0.865456 0.000000 0.000000 0.000000 0.000000 0.127139 0.007405 1.678607 2869.668336
0.865456 0.000000 0.000000 0.000000 0.000000 0.127139 0.007405 1.678607 2869.668336
0.865456 0.000000 0.000000 0.000000 0.000000 0.127139 0.007405 1.678607 2869.668336
0.865456 0.000000 0.000000 0.000000 0.000000 0.127139 0.007405 1.678607 2869.668336
0.865456 0.000000 0.000000 0.000000 0.000000 0.127139 0.007405 1.678607 2869.668336
0.865456 0.000000 0.000000 0.000000 0.000000 0.127139 0.007405 1.678607 2869.668336
0.865456 0.000000 0.000000 0.000000 0.000000 0.127139 0.007405 1.678607 2869.668336
0.865456 0.000000 0.000000 0.000000 0.000000 0.127139 0.007405 1.678607 2869.668336
0.865456 0.000000 0.000000 0.000000 0.000000 0.127139 0.007405 1.678607 2869.668336
0.865456 0.000000 0.000000 0.000000 0.000000 0.127139 0.007405 1.678607 2869.668336
0.865456 0.000000 0.000000 0.000000 0.000000 0.127139 0.007405 1.678607 2869.668336
0.865456 0.000000 0.000000 0.000000 0.000000 0.127139 0.007405 1.678607 2869.668336
0.865456 0.000000 0.000000 0.000000 0.000000 0.127139 0.007405 1.678607 2869.668336
0.865456 0.000000 0.000000 0.000000 0.000000 0.127139 0.007405 1.678607 2869.668336
0.865456 0.000000 0.000000 0.000000 0.000000 0.127139 0.007405 1.678607 2869.668336
0.865456 0.000000 0.000000 0.000000 0.000000 0.127139 0.007405 1.678607 2869.668336
0.865456 0.000000 0.000000 0.000000 0.000000 0.127139 0.007405 1.678607 2869.668336
0.865456 0.000000 0.000000 0.000000 0.000000 0.127139 0.007405 1.678607 2869.668336
0.865456 0.000000 0.000000 0.000000 0.000000 0.127139 0.007405 1.678607 2869.668336
0.865456 0.000000 0.000000 0.000000 0.000000 0.127139 0.007405 1.678607 2869.668336
0.865456 0.000000 0.000000 0.000000 0.000000 0.127139 0.007405 1.678607 2869.668336
0.865456 0.000000 0.000000 0.000000 0.000000 0.127139 0.007405 1.678607 2869.668336
0.865456 0.000000 0.000000 0.000000 0.000000 0.127139 0.007405 1.678607 2869.668336
0.865456 0.000000 0.000000 0.000000 0.000000 0.127139 0.007405 1.678607 2869.668336
0.865456 0.000000 0.000000 0.000000 0.000000 0.127139 0.007405 1.678607 2869.668336
0.865456 0.000000 0.000000 0.000000 0.000000 0.127139 0.007405 1.678607 2869.668336
0.865456 0.000000 0.000000 0.000000 0.000000 0.127139 0.007405 1.678607 2869.668336
0.865456 0.000000 0.000000 0.000000 0.000000 0.127139 0.007405 1.678607 2869.668336
0.865456 0.000000 0.000000 0.000000 0.000000 0.127139 0.007405 1.678607 2869.668336
0.865456 0.000000 0.000000 0.000000 0.000000 0.127139 0.007405 1.678607 2869.668336
0.865456 0.000000 0.000000 0.000000 0.000000 0.127139 0.007405 1.678607 2869.668336
0.865456 0.000000 0.000000 0.000000 0.000000 0.127139 0.007405 1.678607 2869.668336
0.865456 0.000000 0.000000 0.000000 0.000000 0.127139 0.007405 1.678607 2869.668336
0.865456 0.000000 0.000000 0.000000 0.000000 0.127139 0.007405 1.678607 2869.668336
0.865456 0.000000 0.000000 0.000000 0.000000 0.127139 0.007405 1.678607 2869.668336
0.865456 0.000000 0.000000 0.000000 0.000000 0.127139 0.007405 1.678607 2869.668336
0.865456 0.000000 0.000000 0.000000 0.000000 0.127139 0.007405 1.678607 2869.668336
0.865456 0.000000 0.000000 0.000000 0.000000 0.127139 0.007405 1.678607 2869.668336
0.865456 0.000000 0.000000 0.000000 0.000000 0.127139 0.007405 1.678607 2869.668336
0.865456 0.000000 0.000000 0.000000 0.000000 0.127139 0.007405 1.678607 2869.668336
0.865456 0.000000 0.000000 0.000000 0.000000 0.127139 0.007405 1.678607 2869.668336
0.865456 0.000000 0.000000 0.000000 0.000000 0.127139 0.007405 1.678607 2869.668336
0.865456 0.000000 0.000000 0.000000 0.000000 0.127139 0.007405 1.678607 2869.668336
0.865456 0.000000 0.000000 0.000000 0.000000 0.127139 0.007405 1.678607 2869.668336
0.865456 0.000000 0.000000 0.000000 0.000000 0.127139 0.007405 1.678607 2869.668336
0.865456 0.000000 0.000000 0.000000 0.000000 0.127139 0.007405 1.678607 2869.668336
0.865456 0.000000 0.000000 0.000000 0.000000 0.127139 0.007405 1.678607 2869.668336
0.865456 0.000000 0.000000 0.000000 0.000000 0.127139 0.007405 1.678607 2869.668336
0.865456 0.000000 0.000000 0.000000 0.000000 0.127139 0.007405 1.678607 2869.668336
0.865456 0.000000 0.000000 0.000000 0.000000 0.127139 0.007405 1.678607 2869.668336
0.865456 0.000000 0.000000 0.000000 0.000000 0.127139 0.007405 1.678607 2869.668336
0.865456 0.000000 0.000000 0.000000 0.000000 0.127139 0.007405 1.678607 2869.668336
0.865456 0.000000 0.000000 0.000000 0.000000 0.127139 0.007405 1.678607 2869.668336
0.865456 0.000000 0.000000 0.000000 0.000000 0.127139 0.007405 1.678607 2869.668336
0.865456 0.000000 0.000000 0.000000 0.000000 0.127139 0.007405 1.678607 2869.668336
0.865456 0.000000 0.000000 0.000000 0.000000 0.127139 0.007405 1.678607 2869.668336
0.865456 0.000000 0.000000 0.000000 0.000000 0.127139 0.007405 1.678607 2869.668336
0.865456 0.000000 0.000000 0.000000 0.000000 0.127139 0.007405 1.678607 2869.668336
0.865456 0.000000 0.000000 0.000000 0.000000 0.127139 0.007405 1.678607 2869.668336
0.865456 0.000000 0.000000 0.000000 0.000000 0.127139 0.007405 1.678607 2869.668336
0.865456 0.000000 0.000000 0.000000 0.000000 0.127139 0.007405 1.678607 2869.668336
0.865456 0.000000 0.000000 0.000000 0.000000 0.127139 0.007405 1.678607 2869.668336
0.865456 0.000000 0.000000 0.000000 0.000000 0.127139 0.007405 1.678607 2869.668336
0.865456 0.000000 0.000000 0.000000 0.000000 0.127139 0.007405 1.678607 2869.668336
0.865456 0.000000 0.000000 0.000000 0.000000 0.127139 0.007405 1.678607 2869.668336
0.865456 0.000000 0.000000 0.000000 0.000000 0.127139 0.007405 1.678607 2869.668336
0.865456 0.000000 0.000000 0.000000 0.000000 0.127139 0.007405 1.678607 2869.668336
0.865456 0.000000 0.000000 0.000000 0.000000 0.127139 0.007405 1.678607 2869.668336
0.865456 0.000000 0.000000 0.000000 0.000000 0.127139 0.007405 1.678607 2869.668336
0.865456 0.000000 0.000000 0.000000 0.000000 0.127139 0.007405 1.678607 2869.668336
0.865456 0.000000 0.000000 0.000000 0.000000 0.127139 0.007405 1.678607 2869.668336
0.865456 0.000000 0.000000 0.000000 0.000000 0.127139 0.007405 1.678607 2869.668336
0.865456 0.000000 0.000000 0.000000 0.000000 0.127139 0.007405 1.678607 2869.668336
0.865456 0.000000 0.000000 0.000000 0.000000 0.127139 0.007405 1.678607 2869.668336
0.865456 0.000000 0.000000 0.000000 0.000000 0.127139 0.007405 1.678607 2869.668336
0.865456 0.000000 0.000000 0.000000 0.000000 0.127139 0.007405 1.678607 2869.668336
0.865456 0.000000 0.000000 0.000000 0.000000 0.127139 0.007405 1.678607 2869.668336
0.865456 0.000000 0.000000 0.000000 0.000000 0.127139 0.007405 1.678607 2869.668336
0.865456 0.000000 0.000000 0.000000 0.000000 0.127139 0.007405 1.678607 2869.668336
0.865456 0.000000 0.000000 0.000000 0.000000 0.127139 0.007405 1.678607 2869.668336
0.865456 0.000000 0.000000 0.000000 0.000000 0.127139 0.007405 1.678607 2869.668336
0.865456 0.000000 0.000000 0.000000 0.000000 0.127139 0.007405 1.678607 2869.668336
0.865456 0.000000 0.000000 0.000000 0.000000 0.127139 0.007405 1.678607 2869.668336
0.865456 0.000000 0.000000 0.000000 0.000000 0.127139 0.007405 1.678607 2869.668336
0.865456 0.000000 0.000000 0.000000 0.000000 0.127139 0.007405 1.678607 2869.668336
0.865456 0.000000 0.000000 0.000000 0.000000 0.127139 0.007405 1.678607 2869.668336
0.865456 0.000000 0.000000 0.000000 0.000000 0.127139 0.007405 1.678607 2869.668336
0.865456 0.000000 0.000000 0.000000 0.000000 0.127139 0.007405 1.678607 2869.668336
0.865456 0.000000 0.000000 0.000000 0.000000 0.127139 0.007405 1.678607 2869.668336
0.865456 0.000000 0.000000 0.000000 0.000000 0.127139 0.007405 1.678607 2869.668336
0.865456 0.000000 0.000000 0.000000 0.000000 0.127139 0.007405 1.678607 2869.668336
0.865456 0.000000 0.000000 0.000000 0.000000 0.127139 0.007405 1.678607 2869.668336
0.865456 0.000000 0.000000 0.000000 0.000000 0.127139 0.007405 1.678607 2869.668336
0.865456 0.000000 0.000000 0.000000 0.000000 0.127139 0.007405 1.678607 2869.668336
0.865456 0.000000 0.000000 0.000000 0.000000 0.127139 0.007405 1.678607 2869.668336
0.865456 0.000000 0.000000 0.000000 0.000000 0.127139 0.007405 1.678607 2869.668336
0.865456 0.000000 0.000000 0.000000 0.000000 0.127139 0.007405 1.678607 2869.668336
0.865456 0.000000 0.000000 0.000000 0.000000 0.127139 0.007405 1.678607 2869.668336
0.865456 0.000000 0.000000 0.000000 0.000000 0.127139 0.007405 1.678607 2869.668336
0.865456 0.000000 0.000000 0.000000 0.000000 0.127139 0.007405 1.678607 2869.668336
0.865456 0.000000 0.000000 0.000000 0.000000 0.127139 0.007405 1.678607 2869.668336
0.865456 0.000000 0.000000 0.000000 0.000000 0.127139 0.007405 1.678607 2869.668336
0.865456 0.000000 0.000000 0.000000 0.000000 0.127139 0.007405 1.678607 2869.668336
0.865456 0.000000 0.000000 0.000000 0.000000 0.127139 0.007405 1.678607 2869.668336
0.865456 0.000000 0.000000 0.000000 0.000000 0.127139 0.007405 1.678607 2869.668336
0.865456 0.000000 0.000000 0.000000 0.000000 0.127139 0.007405 1.678607 2869.668336
0.865456 0.000000 0.000000 0.000000 0.000000 0.127139 0.007405 1.678607 2869.668336
0.865456 0.000000 0.000000 0.000000 0.000000 0.127139 0.007405 1.678607 2869.668336
0.865456 0.000000 0.000000 0.000000 0.000000 0.127139 0.007405 1.678607 2869.668336
0.865456 0.000000 0.000000 0.000000 0.000000 0.127139 0.007405 1.678607 2869.668336
0.865456 0.000000 0.000000 0.000000 0.000000 0.127139 0.007405 1.678607 2869.668336
0.865456 0.000000 0.000000 0.000000 0.000000 0.127139 0.007405 1.678607 2869.668336
0.865456 0.000000 0.000000 0.000000 0.000000 0.127139 0.007405 1.678607 2869.668336
0.865456 0.000000 0.000000 0.000000 0.000000 0.127139 0.007405 1.678607 2869.668336
0.865456 0.000000 0.000000 0.000000 0.000000 0.127139 0.007405 1.678607 2869.668336
0.865456 0.000000 0.000000 0.000000 0.000000 0.127139 0.007405 1.678607 2869.668336
0.865456 0.000000 0.000000 0.000000 0.000000 0.127139 0.007405 1.678607 2869.668336
0.865456 0.000000 0.000000 0.000000 0.000000 0.127139 0.007405 1.678607 2869.668336
0.865456 0.000000 0.000000 0.000000 0.000000 0.127139 0.007405 1.678607 2869.668336
0.865456 0.000000 0.000000 0.000000 0.000000 0.127139 0.007405 1.678607 2869.668336
0.865456 0.000000 0.000000 0.000000 0.000000 0.127139 0.007405 1.678607 2869.668336
0.865456 0.000000 0.000000 0.000000 0.000000 0.127139 0.007405 1.678607 2869.668336
0.865456 0.000000 0.000000 0.000000 0.000000 0.127139 0.007405 1.678607 2869.668336
0.865456 0.000000 0.000000 0.000000 0.000000 0.127139 0.007405 1.678607 2869.668336
0.865456 0.000000 0.000000 0.000000 0.000000 0.127139 0.007405 1.678607 2869.668336
0.865456 0.000000 0.000000 0.000000 0.000000 0.127139 0.007405 1.678607 2869.668336
0.865456 0.000000 0.000000 0.000000 0.000000 0.127139 0.007405 1.678607 2869.668336
0.865456 0.000000 0.000000 0.000000 0.000000 0.127139 0.007405 1.678607 2869.668336
0.865456 0.000000 0.000000 0.000000 0.000000 0.127139 0.007405 1.678607 2869.668336
0.865456 0.000000 0.000000 0.000000 0.000000 0.127139 0.007405 1.678607 2869.668336
0.865456 0.000000 0.000000 0.000000 0.000000 0.127139 0.007405 1.678607 2869.668336
0.865456 0.000000 0.000000 0.000000 0.000000 0.127139 0.007405 1.678607 2869.668336
0.865456 0.000000 0.000000 0.000000 0.000000 0.127139 0.007405 1.678607 2869.668336
0.865456 0.000000 0.000000 0.000000 0.000000 0.127139 0.007405 1.678607 2869.668336
0.865456 0.000000 0.000000 0.000000 0.000000 0.127139 0.007405 1.678607 2869.668336
0.865456 0.000000 0.000000 0.000000 0.000000 0.127139 0.007405 1.678607 2869.668336
0.865456 0.000000 0.000000 0.000000 0.000000 0.127139 0.007405 1.678607 2869.668336
0.865456 0.000000 0.000000 0.000000 0.000000 0.127139 0.007405 1.678607 2869.668336
0.865456 0.000000 0.000000 0.000000 0.000000 0.127139 0.007405 1.678607 2869.668336
0.865456 0.000000 0.000000 0.000000 0.000000 0.127139 0.007405 1.678607 2869.668336
0.865456 0.000000 0.000000 0.000000 0.000000 0.127139 0.007405 1.678607 2869.668336
0.865456 0.000000 0.000000 0.000000 0.000000 0.127139 0.007405 1.678607 2869.668336
0.865456 0.000000 0.000000 0.000000 0.000000 0.127139 0.007405 1.678607 2869.668336
0.865456 0.000000 0.000000 0.000000 0.000000 0.127139 0.007405 1.678607 2869.668336
0.865456 0.000000 0.000000 0.000000 0.000000 0.127139 0.007405 1.678607 2869.668336
0.865456 0.000000 0.000000 0.000000 0.000000 0.127139 0.007405 1.678607 2869.668336
0.865456 0.000000 0.000000 0.000000 0.000000 0.127139 0.007405 1.678607 2869.668336
0.865456 0.000000 0.000000 0.000000 0.000000 0.127139 0.007405 1.678607 2869.668336
0.865456 0.000000 0.000000 0.000000 0.000000 0.127139 0.007405 1.678607 2869.668336
0.865456 0.000000 0.000000 0.000000 0.000000 0.127139 0.007405 1.678607 2869.668336
0.865456 0.000000 0.000000 0.000000 0.000000 0.127139 0.007405 1.678607 2869.668336
0.865456 0.000000 0.000000 0.000000 0.000000 0.127139 0.007405 1.678607 2869.668336
0.865456 0.000000 0.000000 0.000000 0.000000 0.127139 0.007405 1.678607 2869.668336
0.865456 0.000000 0.000000 0.000000 0.000000 0.127139 0.007405 1.678607 2869.668336
0.865456 0.000000 0.000000 0.000000 0.000000 0.127139 0.007405 1.678607 2869.668336
0.865456 0.000000 0.000000 0.000000 0.000000 0.127139 0.007405 1.678607 2869.668336
0.865456 0.000000 0.000000 0.000000 0.000000 0.127139 0.007405 1.678607 2869.668336
0.865456 0.000000 0.000000 0.000000 0.000000 0.127139 0.007405 1.678607 2869.668336
0.865456 0.000000 0.000000 0.000000 0.000000 0.127139 0.007405 1.678607 2869.668336
0.865456 0.000000 0.000000 0.000000 0.000000 0.127139 0.007405 1.678607 2869.668336
0.865456 0.000000 0.000000 0.000000 0.000000 0.127139 0.007405 1.678607 2869.668336
0.865456 0.000000 0.000000 0.000000 0.000000 0.127139 0.007405 1.678607 2869.668336
0.865456 0.000000 0.000000 0.000000 0.000000 0.127139 0.007405 1.678607 2869.668336
0.865456 0.000000 0.000000 0.000000 0.000000 0.127139 0.007405 1.678607 2869.668336
0.865456 0.000000 0.000000 0.000000 0.000000 0.127139 0.007405 1.678607 2869.668336
0.865456 0.000000 0.000000 0.000000 0.000000 0.127139 0.007405 1.678607 2869.668336
0.865456 0.000000 0.000000 0.000000 0.000000 0.127139 0.007405 1.678607 2869.668336
0.865456 0.000000 0.000000 0.000000 0.000000 0.127139 0.007405 1.678607 2869.668336
0.865456 0.000000 0.000000 0.000000 0.000000 0.127139 0.007405 1.678607 2869.668336
0.865456 0.000000 0.000000 0.000000 0.000000 0.127139 0.007405 1.678607 2869.668336
0.865456 0.000000 0.000000 0.000000 0.000000 0.127139 0.007405 1.678607 2869.668336
0.865456 0.000000 0.000000 0.000000 0.000000 0.127139 0.007405 1.678607 2869.668336
0.865456 0.000000 0.000000 0.000000 0.000000 0.127139 0.007405 1.678607 2869.668336
0.865456 0.000000 0.000000 0.000000 0.000000 0.127139 0.007405 1.678607 2869.668336
0.865456 0.000000 0.000000 0.000000 0.000000 0.127139 0.007405 1.678607 2869.668336
0.865456 0.000000 0.000000 0.000000 0.000000 0.127139 0.007405 1.678607 2869.668336
0.865456 0.000000 0.000000 0.000000 0.000000 0.127139 0.007405 1.678607 2869.668336
0.865456 0.000000 0.000000 0.000000 0.000000 0.127139 0.007405 1.678607 2869.668336
0.865456 0.000000 0.000000 0.000000 0.000000 0.127139 0.007405 1.678607 2869.668336
0.865456 0.000000 0.000000 0.000000 0.000000 0.127139 0.007405 1.678607 2869.668336
0.865456 0.000000 0.000000 0.000000 0.000000 0.127139 0.007405 1.678607 2869.668336
0.865456 0.000000 0.000000 0.000000 0.000000 0.127139 0.007405 1.678607 2869.668336
0.865456 0.000000 0.000000 0.000000 0.000000 0.127139 0.007405 1.678607 2869.668336
0.865456 0.000000 0.000000 0.000000 0.000000 0.127139 0.007405 1.678607 2869.668336
0.865456 0.000000 0.000000 0.000000 0.000000 0.127139 0.007405 1.678607 2869.668336
0.865456 0.000000 0.000000 0.000000 0.000000 0.127139 0.007405 1.678607 2869.668336
0.865456 0.000000 0.000000 0.000000 0.000000 0.127139 0.007405 1.678607 2869.668336
0.865456 0.000000 0.000000 0.000000 0.000000 0.127139 0.007405 1.678607 2869.668336
0.865456 0.000000 0.000000 0.000000 0.000000 0.127139 0.007405 1.678607 2869.668336
0.865456 0.000000 0.000000 0.000000 0.000000 0.127139 0.007405 1.678607 2869.668336
0.865456 0.000000 0.000000 0.000000 0.000000 0.127139 0.007405 1.678607 2869.668336
0.865456 0.000000 0.000000 0.000000 0.000000 0.127139 0.007405 1.678607 2869.668336
0.865456 0.000000 0.000000 0.000000 0.000000 0.127139 0.007405 1.678607 2869.668336
0.865456 0.000000 0.000000 0.000000 0.000000 0.127139 0.007405 1.678607 2869.668336
0.865456 0.000000 0.000000 0.000000 0.000000 0.127139 0.007405 1.678607 2869.668336
0.865456 0.000000 0.000000 0.000000 0.000000 0.127139 0.007405 1.678607 2869.668336
0.865456 0.000000 0.000000 0.000000 0.000000 0.127139 0.007405 1.678607 2869.668336
0.865456 0.000000 0.000000 0.000000 0.000000 0.127139 0.007405 1.678607 2869.668336
0.865456 0.000000 0.000000 0.000000 0.000000 0.127139 0.007405 1.678607 2869.668336
0.865456 0.000000 0.000000 0.000000 0.000000 0.127139 0.007405 1.678607 2869.668336
0.865456 0.000000 0.000000 0.000000 0.000000 0.127139 0.007405 1.678607 2869.668336
0.865456 0.000000 0.000000 0.000000 0.000000 0.127139 0.007405 1.678607 2869.668336
0.865456 0.000000 0.000000 0.000000 0.000000 0.127139 0.007405 1.678607 2869.668336
0.865456 0.000000 0.000000 0.000000 0.000000 0.127139 0.007405 1.678607 2869.668336
0.865456 0.000000 0.000000 0.000000 0.000000 0.127139 0.007405 1.678607 2869.668336
0.865456 0.000000 0.000000 0.000000 0.000000 0.127139 0.007405 1.678607 2869.668336
0.865456 0.000000 0.000000 0.000000 0.000000 0.127139 0.007405 1.678607 2869.668336
0.865456 0.000000 0.000000 0.000000 0.000000 0.127139 0.007405 1.678607 2869.668336
0.865456 0.000000 0.000000 0.000000 0.000000 0.127139 0.007405 1.678607 2869.668336
0.865456 0.000000 0.000000 0.000000 0.000000 0.127139 0.007405 1.678607 2869.668336
0.865456 0.000000 0.000000 0.000000 0.000000 0.127139 0.007405 1.678607 2869.668336
0.865456 0.000000 0.000000 0.000000 0.000000 0.127139 0.007405 1.678607 2869.668336
0.865456 0.000000 0.000000 0.000000 0.000000 0.127139 0.007405 1.678607 2869.668336
0.865456 0.000000 0.000000 0.000000 0.000000 0.127139 0.007405 1.678607 2869.668336
0.865456 0.000000 0.000000 0.000000 0.000000 0.127139 0.007405 1.678607 2869.668336
0.865456 0.000000 0.000000 0.000000 0.000000 0.127139 0.007405 1.678607 2869.668336
0.865456 0.000000 0.000000 0.000000 0.000000 0.127139 0.007405 1.678607 2869.668336
0.865456 0.000000 0.000000 0.000000 0.000000 0.127139 0.007405 1.678607 2869.668336
0.865456 0.000000 0.000000 0.000000 0.000000 0.127139 0.007405 1.678607 2869.668336
0.865456 0.000000 0.000000 0.000000 0.000000 0.127139 0.007405 1.678607 2869.668336
0.865456 0.000000 0.000000 0.000000 0.000000 0.127139 0.007405 1.678607 2869.668336
0.865456 0.000000 0.000000 0.000000 0.000000 0.127139 0.007405 1.678607 2869.668336
0.865456 0.000000 0.000000 0.000000 0.000000 0.127139 0.007405 1.678607 2869.668336
0.865456 0.000000 0.000000 0.000000 0.000000 0.127139 0.007405 1.678607 2869.668336
0.865456 0.000000 0.000000 0.000000 0.000000 0.127139 0.007405 1.678607 2869.668336
0.865456 0.000000 0.000000 0.000000 0.000000 0.127139 0.007405 1.678607 2869.668336
0.865456 0.000000 0.000000 0.000000 0.000000 0.127139 0.007405 1.678607 2869.668336
0.865456 0.000000 0.000000 0.000000 0.000000 0.127139 0.007405 1.678607 2869.668336
0.865456 0.000000 0.000000 0.000000 0.000000 0.127139 0.007405 1.678607 2869.668336
0.865456 0.000000 0.000000 0.000000 0.000000 0.127139 0.007405 1.678607 2869.668336
0.865456 0.000000 0.000000 0.000000 0.000000 0.127139 0.007405 1.678607 2869.668336
0.865456 0.000000 0.000000 0.000000 0.000000 0.127139 0.007405 1.678607 2869.668336
0.865456 0.000000 0.000000 0.000000 0.000000 0.127139 0.007405 1.678607 2869.668336
0.865456 0.000000 0.000000 0.000000 0.000000 0.127139 0.007405 1.678607 2869.668336
0.865456 0.000000 0.000000 0.000000 0.000000 0.127139 0.007405 1.678607 2869.668336
0.865456 0.000000 0.000000 0.000000 0.000000 0.127139 0.007405 1.678607 2869.668336
0.865456 0.000000 0.000000 0.000000 0.000000 0.127139 0.007405 1.678607 2869.668336
0.865456 0.000000 0.000000 0.000000 0.000000 0.127139 0.007405 1.678607 2869.668336
0.865456 0.000000 0.000000 0.000000 0.000000 0.127139 0.007405 1.678607 2869.668336
0.865456 0.000000 0.000000 0.000000 0.000000 0.127139 0.007405 1.678607 2869.668336
0.865456 0.000000 0.000000 0.000000 0.000000 0.127139 0.007405 1.678607 2869.668336
0.865456 0.000000 0.000000 0.000000 0.000000 0.127139 0.007405 1.678607 2869.668336
0.865456 0.000000 0.000000 0.000000 0.000000 0.127139 0.007405 1.678607 2869.668336
0.865456 0.000000 0.000000 0.000000 0.000000 0.127139 0.007405 1.678607 2869.668336
0.865456 0.000000 0.000000 0.000000 0.000000 0.127139 0.007405 1.678607 2869.668336
0.865456 0.000000 0.000000 0.000000 0.000000 0.127139 0.007405 1.678607 2869.668336
0.865456 0.000000 0.000000 0.000000 0.000000 0.127139 0.007405 1.678607 2869.668336
0.865456 0.000000 0.000000 0.000000 0.000000 0.127139 0.007405 1.678607 2869.668336
0.865456 0.000000 0.000000 0.000000 0.000000 0.127139 0.007405 1.678607 2869.668336
0.865456 0.000000 0.000000 0.000000 0.000000 0.127139 0.007405 1.678607 2869.668336
0.865456 0.000000 0.000000 0.000000 0.000000 0.127139 0.007405 1.678607 2869.668336
0.865456 0.000000 0.000000 0.000000 0.000000 0.127139 0.007405 1.678607 2869.668336
0.865456 0.000000 0.000000 0.000000 0.000000 0.127139 0.007405 1.678607 2869.668336
0.865456 0.000000 0.000000 0.000000 0.000000 0.127139 0.007405 1.678607 2869.668336
0.865456 0.000000 0.000000 0.000000 0.000000 0.127139 0.007405 1.678607 2869.668336
0.865456 0.000000 0.000000 0.000000 0.000000 0.127139 0.007405 1.678607 2869.668336
0.865456 0.000000 0.000000 0.000000 0.000000 0.127139 0.007405 1.678607 2869.668336
0.865456 0.000000 0.000000 0.000000 0.000000 0.127139 0.007405 1.678607 2869.668336
0.865456 0.000000 0.000000 0.000000 0.000000 0.127139 0.007405 1.678607 2869.668336
0.865456 0.000000 0.000000 0.000000 0.000000 0.127139 0.007405 1.678607 2869.668336
0.865456 0.000000 0.000000 0.000000 0.000000 0.127139 0.007405 1.678607 2869.668336
0.865456 0.000000 0.000000 0.000000 0.000000 0.127139 0.007405 1.678607 2869.668336
0.865456 0.000000 0.000000 0.000000 0.000000 0.127139 0.007405 1.678607 2869.668336
0.865456 0.000000 0.000000 0.000000 0.000000 0.127139 0.007405 1.678607 2869.668336
0.865456 0.000000 0.000000 0.000000 0.000000 0.127139 0.007405 1.678607 2869.668336
0.865456 0.000000 0.000000 0.000000 0.000000 0.127139 0.007405 1.678607 2869.668336
0.865456 0.000000 0.000000 0.000000 0.000000 0.127139 0.007405 1.678607 2869.668336
0.865456 0.000000 0.000000 0.000000 0.000000 0.127139 0.007405 1.678607 2869.668336
0.865456 0.000000 0.000000 0.000000 0.000000 0.127139 0.007405 1.678607 2869.668336
0.865456 0.000000 0.000000 0.000000 0.000000 0.127139 0.007405 1.678607 2869.668336
0.865456 0.000000 0.000000 0.000000 0.000000 0.127139 0.007405 1.678607 2869.668336
0.865456 0.000000 0.000000 0.000000 0.000000 0.127139 0.007405 1.678607 2869.668336
0.865456 0.000000 0.000000 0.000000 0.000000 0.127139 0.007405 1.678607 2869.668336
0.865456 0.000000 0.000000 0.000000 0.000000 0.127139 0.007405 1.678607 2869.668336
0.865456 0.000000 0.000000 0.000000 0.000000 0.127139 0.007405 1.678607 2869.668336
0.865456 0.000000 0.000000 0.000000 0.000000 0.127139 0.007405 1.678607 2869.668336
0.865456 0.000000 0.000000 0.000000 0.000000 0.127139 0.007405 1.678607 2869.668336
0.865456 0.000000 0.000000 0.000000 0.000000 0.127139 0.007405 1.678607 2869.668336
0.865456 0.000000 0.000000 0.000000 0.000000 0.127139 0.007405 1.678607 2869.668336
0.865456 0.000000 0.000000 0.000000 0.000000 0.127139 0.007405 1.678607 2869.668336
0.865456 0.000000 0.000000 0.000000 0.000000 0.127139 0.007405 1.678607 2869.668336
0.865456 0.000000 0.000000 0.000000 0.000000 0.127139 0.007405 1.678607 2869.668336
0.865456 0.000000 0.000000 0.000000 0.000000 0.127139 0.007405 1.678607 2869.668336
0.865456 0.000000 0.000000 0.000000 0.000000 0.127139 0.007405 1.678607 2869.668336
0.865456 0.000000 0.000000 0.000000 0.000000 0.127139 0.007405 1.678607 2869.668336
0.865456 0.000000 0.000000 0.000000 0.000000 0.127139 0.007405 1.678607 2869.668336
0.865456 0.000000 0.000000 0.000000 0.000000 0.127139 0.007405 1.678607 2869.668336
0.865456 0.000000 0.000000 0.000000 0.000000 0.127139 0.007405 1.678607 2869.668336
0.865456 0.000000 0.000000 0.000000 0.000000 0.127139 0.007405 1.678607 2869.668336
0.865456 0.000000 0.000000 0.000000 0.000000 0.127139 0.007405 1.678607 2869.668336
0.865456 0.000000 0.000000 0.000000 0.000000 0.127139 0.007405 1.678607 2869.668336
0.865456 0.000000 0.000000 0.000000 0.000000 0.127139 0.007405 1.678607 2869.668336
0.865456 0.000000 0.000000 0.000000 0.000000 0.127139 0.007405 1.678607 2869.668336
0.865456 0.000000 0.000000 0.000000 0.000000 0.127139 0.007405 1.678607 2869.668336
0.865456 0.000000 0.000000 0.000000 0.000000 0.127139 0.007405 1.678607 2869.668336
0.865456 0.000000 0.000000 0.000000 0.000000 0.127139 0.007405 1.678607 2869.668336
0.865456 0.000000 0.000000 0.000000 0.000000 0.127139 0.007405 1.678607 2869.668336
0.865456 0.000000 0.000000 0.000000 0.000000 0.127139 0.007405 1.678607 2869.668336
0.865456 0.000000 0.000000 0.000000 0.000000 0.127139 0.007405 1.678607 2869.668336
0.865456 0.000000 0.000000 0.000000 0.000000 0.127139 0.007405 1.678607 2869.668336
0.865456 0.000000 0.000000 0.000000 0.000000 0.127139 0.007405 1.678607 2869.668336
0.865456 0.000000 0.000000 0.000000 0.000000 0.127139 0.007405 1.678607 2869.668336
0.865456 0.000000 0.000000 0.000000 0.000000 0.127139 0.007405 1.678607 2869.668336
0.865456 0.000000 0.000000 0.000000 0.000000 0.127139 0.007405 1.678607 2869.668336
0.865456 0.000000 0.000000 0.000000 0.000000 0.127139 0.007405 1.678607 2869.668336
0.865456 0.000000 0.000000 0.000000 0.000000 0.127139 0.007405 1.678607 2869.668336
0.865456 0.000000 0.000000 0.000000 0.000000 0.127139 0.007405 1.678607 2869.668336
0.865456 0.000000 0.000000 0.000000 0.000000 0.127139 0.007405 1.678607 2869.668336
0.865456 0.000000 0.000000 0.000000 0.000000 0.127139 0.007405 1.678607 2869.668336
0.865456 0.000000 0.000000 0.000000 0.000000 0.127139 0.007405 1.678607 2869.668336
0.865456 0.000000 0.000000 0.000000 0.000000 0.127139 0.007405 1.678607 2869.668336
