0.337708 0.064264 0.056374 0.032446 0.002128 0.501008 0.006071 1.634087 2118.449020
0.338414 0.063535 0.056743 0.032043 0.002118 0.501047 0.006100 1.640377 2130.200458
0.340058 0.062001 0.057008 0.031551 0.002116 0.501139 0.006127 1.646548 2140.229639
0.342152 0.060173 0.057089 0.031127 0.002123 0.501186 0.006151 1.652561 2150.372002
0.344549 0.058187 0.057054 0.030624 0.002113 0.501294 0.006178 1.658384 2161.117263
0.347155 0.056283 0.056857 0.030210 0.002104 0.501186 0.006203 1.663930 2171.688695
0.349925 0.054362 0.056554 0.029728 0.002090 0.501108 0.006232 1.669365 2183.641368
0.352849 0.052407 0.056221 0.029236 0.002072 0.500955 0.006261 1.674654 2193.917011
0.355882 0.050614 0.055712 0.028713 0.002062 0.500733 0.006285 1.679690 2204.616563
0.358924 0.048972 0.055116 0.028174 0.002051 0.500450 0.006314 1.684505 2215.664719
0.362066 0.047333 0.054455 0.027684 0.002030 0.500086 0.006345 1.689246 2226.519857
0.365244 0.045826 0.053726 0.027153 0.002006 0.499673 0.006372 1.693809 2237.631398
0.368415 0.044440 0.052966 0.026617 0.001983 0.499180 0.006399 1.698231 2246.795919
0.371671 0.043146 0.052076 0.026116 0.001956 0.498610 0.006425 1.702487 2256.517364
0.374995 0.041860 0.051200 0.025613 0.001933 0.497950 0.006451 1.706641 2266.818165
0.378345 0.040657 0.050371 0.025095 0.001921 0.497135 0.006475 1.710706 2275.704744
0.381624 0.039537 0.049510 0.024581 0.001898 0.496350 0.006500 1.714707 2285.508447
0.384979 0.038609 0.048538 0.024073 0.001876 0.495400 0.006525 1.718503 2295.586488
0.388265 0.037673 0.047668 0.023593 0.001847 0.494402 0.006551 1.722302 2306.913552
0.391585 0.036780 0.046764 0.023148 0.001819 0.493327 0.006576 1.725978 2316.683360
0.394943 0.036042 0.045857 0.022690 0.001790 0.492080 0.006599 1.729557 2326.252185
0.398322 0.035381 0.044958 0.022247 0.001757 0.490714 0.006621 1.733020 2337.383909
0.401689 0.034696 0.044082 0.021836 0.001731 0.489320 0.006646 1.736458 2346.399568
0.404976 0.034054 0.043195 0.021414 0.001700 0.487993 0.006668 1.739834 2357.487405
0.408333 0.033441 0.042368 0.021030 0.001676 0.486460 0.006691 1.743204 2366.639802
0.411620 0.032993 0.041530 0.020643 0.001650 0.484852 0.006712 1.746465 2376.513059
0.414920 0.032526 0.040738 0.020262 0.001627 0.483196 0.006730 1.749689 2385.682913
0.418175 0.032198 0.039857 0.019913 0.001593 0.481511 0.006752 1.752801 2395.345454
0.421468 0.031774 0.039083 0.019553 0.001562 0.479790 0.006769 1.755964 2405.285205
0.424677 0.031470 0.038373 0.019186 0.001533 0.477972 0.006789 1.759045 2414.047736
0.427816 0.031137 0.037678 0.018899 0.001506 0.476153 0.006811 1.762137 2423.831651
0.430945 0.030815 0.037055 0.018611 0.001475 0.474268 0.006830 1.765215 2433.507089
0.434014 0.030578 0.036424 0.018322 0.001457 0.472358 0.006847 1.768247 2441.666509
0.437102 0.030354 0.035843 0.018056 0.001433 0.470345 0.006866 1.771234 2451.755763
0.440138 0.030225 0.035232 0.017789 0.001403 0.468330 0.006882 1.774169 2461.368344
0.443249 0.030049 0.034664 0.017552 0.001375 0.466211 0.006899 1.777113 2471.715324
0.446242 0.029905 0.034119 0.017307 0.001350 0.464163 0.006915 1.780046 2480.931720
0.449175 0.029801 0.033566 0.017073 0.001328 0.462126 0.006931 1.782980 2489.899738
0.452030 0.029704 0.033123 0.016877 0.001306 0.460018 0.006942 1.785920 2499.077295
0.454907 0.029628 0.032709 0.016651 0.001278 0.457868 0.006959 1.788831 2508.184779
0.457795 0.029564 0.032285 0.016479 0.001262 0.455646 0.006969 1.791717 2514.966563
0.460582 0.029500 0.031841 0.016335 0.001233 0.453526 0.006984 1.794638 2524.166075
0.463402 0.029524 0.031409 0.016201 0.001207 0.451257 0.006999 1.797520 2532.091298
0.466229 0.029478 0.031079 0.016054 0.001178 0.448969 0.007013 1.800408 2539.952159
0.468846 0.029522 0.030761 0.015915 0.001165 0.446768 0.007025 1.803269 2547.578184
0.471574 0.029504 0.030492 0.015786 0.001139 0.444466 0.007038 1.806166 2555.903395
0.474199 0.029488 0.030250 0.015679 0.001119 0.442214 0.007052 1.809062 2564.322492
0.476754 0.029585 0.030006 0.015579 0.001086 0.439924 0.007066 1.811952 2573.623135
0.479212 0.029666 0.029761 0.015464 0.001073 0.437743 0.007079 1.814860 2579.410645
0.481808 0.029719 0.029538 0.015403 0.001047 0.435391 0.007093 1.817759 2588.405542
0.484265 0.029712 0.029403 0.015341 0.001026 0.433146 0.007107 1.820730 2596.606226
0.486668 0.029788 0.029161 0.015245 0.001003 0.431016 0.007118 1.823638 2604.113893
0.489036 0.029881 0.028970 0.015171 0.000982 0.428833 0.007127 1.826515 2611.971616
0.491297 0.030048 0.028793 0.015083 0.000966 0.426675 0.007138 1.829444 2619.348420
0.493513 0.030136 0.028667 0.015023 0.000945 0.424567 0.007150 1.832395 2626.931722
0.495776 0.030230 0.028533 0.015016 0.000922 0.422363 0.007160 1.835396 2634.407898
0.497872 0.030318 0.028457 0.015003 0.000899 0.420279 0.007172 1.838402 2641.732742
0.499991 0.030431 0.028375 0.014996 0.000881 0.418144 0.007182 1.841390 2648.867366
0.502007 0.030598 0.028309 0.014959 0.000865 0.416067 0.007195 1.844372 2656.117570
0.503974 0.030854 0.028206 0.014905 0.000848 0.414009 0.007205 1.847314 2663.993648
0.505924 0.031018 0.028114 0.014896 0.000833 0.411998 0.007218 1.850328 2671.747795
0.507780 0.031201 0.028113 0.014888 0.000821 0.409972 0.007226 1.853393 2677.952660
0.509694 0.031278 0.028105 0.014886 0.000804 0.407998 0.007236 1.856475 2684.320105
0.511526 0.031429 0.028171 0.014908 0.000792 0.405931 0.007244 1.859577 2689.961651
0.513324 0.031601 0.028159 0.014896 0.000781 0.403986 0.007252 1.862627 2695.550379
0.514998 0.031868 0.028173 0.014900 0.000770 0.402032 0.007260 1.865725 2700.689771
0.516676 0.032083 0.028158 0.014916 0.000765 0.400134 0.007268 1.868829 2705.878298
0.518355 0.032270 0.028197 0.014921 0.000763 0.398219 0.007275 1.871953 2710.755046
0.519978 0.032425 0.028293 0.014974 0.000747 0.396298 0.007285 1.875147 2716.047207
0.521537 0.032613 0.028351 0.014999 0.000734 0.394473 0.007294 1.878323 2721.529601
0.523022 0.032813 0.028358 0.015074 0.000722 0.392710 0.007301 1.881538 2726.302934
0.524467 0.032964 0.028408 0.015109 0.000712 0.391031 0.007309 1.884790 2732.696083
0.525887 0.033147 0.028496 0.015177 0.000705 0.389274 0.007313 1.888040 2737.490299
0.527196 0.033369 0.028658 0.015259 0.000698 0.387502 0.007318 1.891325 2742.349919
0.528590 0.033561 0.028751 0.015333 0.000685 0.385758 0.007324 1.894620 2748.571606
0.529891 0.033848 0.028825 0.015347 0.000679 0.384081 0.007330 1.897860 2753.722249
0.531111 0.034123 0.028892 0.015366 0.000672 0.382498 0.007337 1.901168 2758.739735
0.532242 0.034398 0.028996 0.015455 0.000660 0.380905 0.007345 1.904506 2764.900992
0.533334 0.034682 0.029075 0.015514 0.000656 0.379389 0.007350 1.907836 2769.116371
0.534420 0.034914 0.029234 0.015618 0.000646 0.377809 0.007358 1.911250 2774.583889
0.535420 0.035154 0.029392 0.015670 0.000644 0.376357 0.007363 1.914687 2779.515964
0.536450 0.035354 0.029524 0.015753 0.000640 0.374911 0.007368 1.918192 2784.435146
0.537395 0.035652 0.029670 0.015857 0.000638 0.373415 0.007374 1.921657 2788.992264
0.538339 0.035793 0.029804 0.015962 0.000633 0.372092 0.007378 1.925205 2793.741358
0.539133 0.036014 0.029997 0.016031 0.000628 0.370813 0.007385 1.928727 2799.284892
0.539988 0.036225 0.030186 0.016096 0.000629 0.369486 0.007391 1.932303 2803.395674
0.540768 0.036450 0.030337 0.016193 0.000623 0.368231 0.007398 1.935875 2808.118261
0.541506 0.036711 0.030494 0.016273 0.000615 0.366996 0.007405 1.939447 2813.366285
0.542289 0.036892 0.030726 0.016341 0.000607 0.365735 0.007411 1.943058 2817.900092
0.543055 0.037120 0.030860 0.016401 0.000595 0.364554 0.007416 1.946642 2823.261973
0.543718 0.037308 0.031108 0.016493 0.000590 0.363361 0.007422 1.950315 2828.257466
0.544348 0.037500 0.031320 0.016587 0.000582 0.362236 0.007428 1.954006 2833.225556
0.544966 0.037748 0.031454 0.016667 0.000581 0.361151 0.007434 1.957658 2837.499974
0.545631 0.037912 0.031620 0.016761 0.000582 0.360057 0.007437 1.961372 2841.310160
0.546181 0.038150 0.031809 0.016844 0.000579 0.358994 0.007443 1.965098 2845.311057
0.546679 0.038396 0.031947 0.016920 0.000580 0.358033 0.007446 1.968828 2847.932103
0.547190 0.038695 0.032056 0.016998 0.000578 0.357032 0.007452 1.972527 2852.328331
0.547662 0.038917 0.032247 0.017127 0.000571 0.356020 0.007456 1.976311 2855.910294
0.548127 0.039060 0.032460 0.017219 0.000566 0.355106 0.007463 1.980124 2860.609994
0.548565 0.039240 0.032605 0.017348 0.000561 0.354213 0.007467 1.983933 2864.802927
0.548944 0.039425 0.032821 0.017433 0.000563 0.353343 0.007472 1.987803 2868.670422
0.549334 0.039595 0.032941 0.017508 0.000561 0.352583 0.007478 1.991658 2872.273179
0.549721 0.039697 0.033167 0.017638 0.000564 0.351729 0.007483 1.995593 2875.999866
0.550004 0.039934 0.033262 0.017721 0.000563 0.351028 0.007489 1.999458 2879.339277
0.550288 0.040101 0.033433 0.017826 0.000565 0.350295 0.007492 2.003369 2882.418045
0.550592 0.040256 0.033639 0.017898 0.000561 0.349557 0.007497 2.007316 2886.170598
0.550891 0.040394 0.033805 0.017979 0.000562 0.348867 0.007502 2.011272 2890.440343
0.551165 0.040557 0.033978 0.018069 0.000560 0.348166 0.007505 2.015253 2893.669346
0.551310 0.040680 0.034194 0.018129 0.000561 0.347617 0.007509 2.019261 2897.061000
0.551561 0.040862 0.034291 0.018199 0.000560 0.347010 0.007517 2.023219 2900.861865
0.551668 0.041005 0.034467 0.018300 0.000562 0.346476 0.007522 2.027261 2904.163965
0.551794 0.041165 0.034627 0.018364 0.000561 0.345961 0.007528 2.031274 2908.418307
0.551943 0.041245 0.034785 0.018494 0.000563 0.345437 0.007533 2.035361 2912.307205
0.552074 0.041306 0.034983 0.018540 0.000565 0.344993 0.007539 2.039421 2915.823812
0.552196 0.041402 0.035177 0.018620 0.000569 0.344493 0.007542 2.043488 2918.699343
0.552390 0.041432 0.035314 0.018737 0.000568 0.344011 0.007548 2.047600 2922.519258
0.552550 0.041512 0.035478 0.018807 0.000571 0.343532 0.007551 2.051642 2925.792911
0.552724 0.041508 0.035632 0.018893 0.000569 0.343118 0.007555 2.055742 2929.373287
0.552967 0.041526 0.035774 0.018955 0.000567 0.342651 0.007561 2.059841 2932.834933
0.553180 0.041561 0.035883 0.019015 0.000573 0.342222 0.007565 2.063932 2935.704082
0.553343 0.041668 0.035948 0.019100 0.000568 0.341804 0.007569 2.067955 2939.515299
0.553402 0.041752 0.036114 0.019142 0.000569 0.341445 0.007576 2.072083 2942.913897
0.553496 0.041891 0.036204 0.019168 0.000574 0.341087 0.007579 2.076146 2946.031406
0.553624 0.041986 0.036214 0.019212 0.000575 0.340806 0.007584 2.080212 2948.751772
0.553781 0.041908 0.036347 0.019290 0.000572 0.340513 0.007588 2.084376 2952.588950
0.553889 0.041881 0.036491 0.019325 0.000573 0.340250 0.007592 2.088537 2956.011830
0.553988 0.041875 0.036589 0.019374 0.000575 0.340005 0.007595 2.092664 2960.195182
0.554048 0.041906 0.036664 0.019385 0.000581 0.339816 0.007600 2.096773 2963.176249
0.554172 0.041959 0.036714 0.019401 0.000582 0.339568 0.007604 2.100849 2967.470432
0.554289 0.041991 0.036772 0.019413 0.000581 0.339345 0.007609 2.104968 2970.579671
0.554401 0.041997 0.036864 0.019441 0.000580 0.339103 0.007612 2.109093 2974.231867
0.554628 0.041920 0.036918 0.019507 0.000583 0.338827 0.007617 2.113198 2977.750248
0.554816 0.041904 0.036997 0.019518 0.000586 0.338556 0.007622 2.117306 2980.506424
0.554892 0.041922 0.037075 0.019533 0.000588 0.338365 0.007625 2.121433 2983.293703
0.554963 0.041935 0.037109 0.019593 0.000590 0.338181 0.007629 2.125564 2986.290413
0.555096 0.041972 0.037110 0.019580 0.000595 0.338013 0.007633 2.129640 2989.390598
0.555273 0.041904 0.037180 0.019603 0.000595 0.337809 0.007636 2.133777 2992.004471
0.555366 0.041873 0.037249 0.019610 0.000602 0.337660 0.007640 2.137932 2995.116680
0.555597 0.041699 0.037310 0.019631 0.000601 0.337518 0.007644 2.142095 2998.003354
0.555803 0.041678 0.037284 0.019638 0.000600 0.337351 0.007647 2.146153 3001.034820
0.555898 0.041660 0.037280 0.019635 0.000601 0.337276 0.007649 2.150227 3004.069263
0.556088 0.041602 0.037289 0.019640 0.000601 0.337125 0.007656 2.154315 3007.150919
0.556244 0.041555 0.037351 0.019652 0.000601 0.336936 0.007661 2.158431 3010.293519
0.556410 0.041551 0.037351 0.019675 0.000601 0.336745 0.007667 2.162498 3013.593169
0.556517 0.041525 0.037378 0.019670 0.000603 0.336636 0.007671 2.166585 3016.322718
0.556833 0.041450 0.037318 0.019683 0.000605 0.336436 0.007675 2.170594 3019.458961
0.557026 0.041366 0.037341 0.019658 0.000609 0.336320 0.007681 2.174649 3022.333593
0.557256 0.041327 0.037347 0.019694 0.000607 0.336082 0.007687 2.178708 3024.750359
0.557447 0.041241 0.037378 0.019710 0.000606 0.335925 0.007693 2.182810 3028.592910
0.557687 0.041114 0.037364 0.019745 0.000610 0.335784 0.007696 2.186876 3030.768753
0.557875 0.041139 0.037317 0.019737 0.000608 0.335621 0.007703 2.190868 3033.427030
0.558164 0.041119 0.037284 0.019704 0.000606 0.335418 0.007707 2.194879 3036.737009
0.558449 0.041054 0.037208 0.019693 0.000607 0.335278 0.007712 2.198905 3039.649650
0.558685 0.041017 0.037227 0.019659 0.000604 0.335093 0.007716 2.202925 3041.741451
0.558924 0.040982 0.037174 0.019633 0.000605 0.334961 0.007721 2.206909 3044.879331
0.559206 0.040941 0.037146 0.019601 0.000608 0.334773 0.007725 2.210899 3047.851531
0.559472 0.040950 0.037088 0.019587 0.000610 0.334564 0.007731 2.214875 3051.412001
0.559724 0.040942 0.037033 0.019577 0.000613 0.334374 0.007737 2.218885 3054.636918
0.559921 0.040970 0.037009 0.019569 0.000607 0.334181 0.007742 2.222875 3057.837513
0.560153 0.040920 0.037009 0.019559 0.000607 0.334006 0.007746 2.226883 3060.765009
0.560363 0.040863 0.037027 0.019518 0.000605 0.333873 0.007751 2.230907 3063.620996
0.560555 0.040891 0.037051 0.019468 0.000603 0.333679 0.007755 2.234890 3067.362089
0.560824 0.040870 0.036999 0.019481 0.000593 0.333473 0.007760 2.238898 3071.220985
0.561007 0.040768 0.037030 0.019442 0.000591 0.333395 0.007766 2.242942 3074.899098
0.561181 0.040748 0.036979 0.019435 0.000593 0.333294 0.007769 2.246920 3077.545959
0.561366 0.040742 0.036937 0.019445 0.000591 0.333145 0.007775 2.250917 3080.788095
0.561533 0.040711 0.036940 0.019454 0.000592 0.332992 0.007779 2.254916 3083.773773
0.561736 0.040673 0.036916 0.019420 0.000588 0.332879 0.007788 2.258919 3087.845371
0.561964 0.040626 0.036848 0.019454 0.000589 0.332727 0.007793 2.262895 3090.767265
0.562208 0.040600 0.036860 0.019445 0.000592 0.332497 0.007798 2.266872 3093.156772
0.562465 0.040508 0.036842 0.019457 0.000590 0.332337 0.007802 2.270876 3096.148016
0.562789 0.040416 0.036779 0.019411 0.000594 0.332205 0.007807 2.274814 3098.947285
0.563104 0.040276 0.036806 0.019422 0.000598 0.331981 0.007814 2.278807 3102.685993
0.563338 0.040299 0.036785 0.019394 0.000598 0.331770 0.007818 2.282729 3105.479709
0.563565 0.040273 0.036763 0.019338 0.000600 0.331640 0.007821 2.286701 3107.779112
0.563777 0.040271 0.036698 0.019347 0.000604 0.331480 0.007824 2.290634 3110.301955
0.564054 0.040163 0.036649 0.019358 0.000604 0.331345 0.007827 2.294639 3113.175486
0.564300 0.040114 0.036628 0.019304 0.000608 0.331217 0.007830 2.298580 3116.270943
0.564450 0.040165 0.036557 0.019266 0.000609 0.331117 0.007835 2.302506 3119.351850
0.564709 0.040087 0.036579 0.019217 0.000612 0.330956 0.007840 2.306433 3122.048415
0.564916 0.040117 0.036524 0.019162 0.000613 0.330823 0.007845 2.310323 3125.295441
0.565055 0.040082 0.036505 0.019170 0.000608 0.330728 0.007851 2.314296 3128.286956
0.565207 0.040080 0.036526 0.019148 0.000608 0.330576 0.007855 2.318264 3131.257647
0.565352 0.040093 0.036537 0.019140 0.000609 0.330409 0.007860 2.322198 3133.877658
0.565567 0.040138 0.036513 0.019103 0.000607 0.330208 0.007864 2.326102 3136.908043
0.565757 0.040083 0.036475 0.019110 0.000608 0.330099 0.007868 2.330057 3139.303910
0.565943 0.040088 0.036505 0.019115 0.000608 0.329870 0.007871 2.333992 3142.162432
0.566113 0.040065 0.036483 0.019084 0.000606 0.329773 0.007876 2.337934 3145.197462
0.566312 0.040054 0.036455 0.019047 0.000609 0.329644 0.007880 2.341857 3148.441122
0.566532 0.039997 0.036490 0.019003 0.000611 0.329482 0.007886 2.345788 3151.575865
0.566770 0.040037 0.036467 0.018999 0.000608 0.329229 0.007890 2.349685 3154.353129
0.567005 0.040025 0.036413 0.018997 0.000610 0.329056 0.007894 2.353606 3157.195232
0.567139 0.040104 0.036372 0.018967 0.000605 0.328916 0.007897 2.357497 3160.160333
0.567342 0.040046 0.036332 0.019000 0.000606 0.328770 0.007903 2.361436 3162.904733
0.567511 0.040040 0.036339 0.018999 0.000607 0.328597 0.007907 2.365377 3165.535831
0.567750 0.040024 0.036319 0.019026 0.000607 0.328364 0.007911 2.369308 3168.612060
0.567940 0.040027 0.036325 0.019018 0.000612 0.328164 0.007915 2.373220 3171.230002
0.568184 0.040023 0.036309 0.018975 0.000611 0.327978 0.007920 2.377112 3174.763970
0.568400 0.039972 0.036283 0.018950 0.000606 0.327864 0.007924 2.380997 3178.262643
0.568585 0.039973 0.036250 0.018964 0.000610 0.327689 0.007929 2.384887 3181.933450
0.568724 0.039989 0.036193 0.018955 0.000611 0.327594 0.007933 2.388780 3184.945733
0.568946 0.039971 0.036191 0.018937 0.000612 0.327402 0.007941 2.392671 3188.215190
0.569151 0.039907 0.036209 0.018926 0.000612 0.327250 0.007945 2.396616 3190.971001
0.569372 0.039825 0.036242 0.018959 0.000608 0.327043 0.007950 2.400592 3193.794874
0.569598 0.039759 0.036186 0.018913 0.000607 0.326983 0.007955 2.404491 3197.048068
0.569737 0.039792 0.036100 0.018917 0.000601 0.326894 0.007960 2.408392 3200.194174
0.569892 0.039813 0.036069 0.018918 0.000598 0.326744 0.007967 2.412302 3203.419481
0.570050 0.039841 0.036009 0.018854 0.000598 0.326677 0.007971 2.416189 3206.867306
0.570300 0.039779 0.036017 0.018906 0.000597 0.326424 0.007977 2.420099 3210.249836
0.570405 0.039892 0.036040 0.018872 0.000595 0.326214 0.007983 2.423990 3214.061189
0.570523 0.039929 0.036003 0.018879 0.000595 0.326085 0.007987 2.427870 3216.381996
0.570773 0.039888 0.035988 0.018923 0.000593 0.325844 0.007990 2.431803 3219.056616
0.570938 0.039940 0.035915 0.018923 0.000590 0.325699 0.007996 2.435669 3222.192535
0.571107 0.039908 0.035929 0.018910 0.000584 0.325563 0.007999 2.439601 3224.813261
0.571207 0.039902 0.035974 0.018891 0.000581 0.325439 0.008005 2.443518 3227.719138
0.571302 0.039893 0.035979 0.018873 0.000581 0.325361 0.008010 2.447442 3230.586310
0.571467 0.039880 0.035908 0.018857 0.000580 0.325295 0.008014 2.451346 3234.278903
0.571626 0.039911 0.035856 0.018839 0.000580 0.325169 0.008021 2.455223 3237.759655
0.571780 0.039897 0.035868 0.018863 0.000581 0.324987 0.008024 2.459144 3240.176615
0.571945 0.039888 0.035903 0.018852 0.000579 0.324803 0.008029 2.463056 3244.080302
0.572003 0.039909 0.035907 0.018899 0.000575 0.324672 0.008036 2.466976 3247.358781
0.572179 0.039914 0.035892 0.018902 0.000576 0.324497 0.008040 2.470862 3250.808581
0.572314 0.039909 0.035879 0.018881 0.000583 0.324392 0.008043 2.474781 3253.355091
0.572504 0.039888 0.035854 0.018875 0.000587 0.324243 0.008048 2.478702 3256.139069
0.572579 0.039860 0.035880 0.018888 0.000590 0.324151 0.008052 2.482633 3258.659733
0.572761 0.039901 0.035895 0.018843 0.000590 0.323953 0.008056 2.486514 3261.542290
0.572945 0.039810 0.035955 0.018860 0.000586 0.323783 0.008062 2.490487 3264.646726
0.573138 0.039796 0.035917 0.018824 0.000590 0.323670 0.008066 2.494354 3267.078931
0.573328 0.039750 0.035943 0.018831 0.000586 0.323489 0.008073 2.498252 3270.510949
0.573501 0.039710 0.035975 0.018841 0.000590 0.323305 0.008078 2.502163 3273.243033
0.573646 0.039724 0.035974 0.018882 0.000584 0.323107 0.008083 2.506082 3276.259561
0.573751 0.039738 0.035995 0.018898 0.000583 0.322948 0.008088 2.509991 3279.341437
0.573839 0.039750 0.035996 0.018891 0.000585 0.322847 0.008092 2.513893 3282.574273
0.574071 0.039680 0.036018 0.018829 0.000587 0.322717 0.008097 2.517804 3284.892547
0.574189 0.039648 0.036001 0.018813 0.000590 0.322657 0.008102 2.521697 3287.275996
0.574326 0.039668 0.036015 0.018794 0.000594 0.322497 0.008106 2.525580 3289.388263
0.574469 0.039680 0.035961 0.018789 0.000593 0.322397 0.008112 2.529460 3292.177349
0.574605 0.039691 0.035945 0.018797 0.000584 0.322259 0.008118 2.533341 3296.127492
0.574809 0.039637 0.035920 0.018814 0.000585 0.322112 0.008122 2.537254 3298.638387
0.574884 0.039685 0.035970 0.018800 0.000581 0.321954 0.008127 2.541152 3301.971488
0.574966 0.039742 0.035941 0.018744 0.000582 0.321895 0.008130 2.544997 3304.504219
0.575081 0.039702 0.035997 0.018706 0.000580 0.321799 0.008135 2.548937 3307.425339
0.575273 0.039714 0.035984 0.018701 0.000586 0.321605 0.008137 2.552832 3309.840586
0.575349 0.039735 0.035978 0.018689 0.000588 0.321521 0.008141 2.556743 3312.068591
0.575471 0.039693 0.035973 0.018749 0.000585 0.321381 0.008148 2.560685 3315.026097
0.575557 0.039721 0.035997 0.018760 0.000587 0.321227 0.008152 2.564605 3317.822113
0.575608 0.039711 0.036006 0.018755 0.000585 0.321179 0.008155 2.568544 3320.678406
0.575722 0.039746 0.036014 0.018735 0.000589 0.321036 0.008159 2.572450 3323.682440
0.575853 0.039698 0.036013 0.018758 0.000591 0.320923 0.008163 2.576373 3326.516759
0.575933 0.039768 0.035961 0.018754 0.000593 0.320824 0.008168 2.580226 3329.184150
0.576118 0.039709 0.036004 0.018700 0.000596 0.320701 0.008172 2.584136 3331.907434
0.576259 0.039706 0.035949 0.018728 0.000596 0.320587 0.008174 2.588029 3334.597725
0.576285 0.039734 0.035980 0.018731 0.000597 0.320494 0.008178 2.591955 3337.203506
0.576376 0.039799 0.035936 0.018678 0.000594 0.320434 0.008184 2.595808 3340.673467
0.576512 0.039762 0.035957 0.018677 0.000596 0.320308 0.008188 2.599724 3343.357762
0.576555 0.039790 0.035986 0.018689 0.000595 0.320190 0.008194 2.603650 3346.390219
0.576686 0.039744 0.036045 0.018717 0.000593 0.320018 0.008197 2.607569 3349.045712
0.576720 0.039831 0.036032 0.018714 0.000595 0.319906 0.008202 2.611445 3351.900176
0.576890 0.039834 0.036031 0.018689 0.000597 0.319754 0.008206 2.615313 3354.823087
0.576959 0.039875 0.036079 0.018623 0.000592 0.319661 0.008211 2.619204 3357.967924
0.577072 0.039891 0.036043 0.018619 0.000584 0.319574 0.008217 2.623061 3361.031018
0.577146 0.039931 0.036048 0.018616 0.000580 0.319456 0.008222 2.626942 3364.043146
0.577206 0.039935 0.036083 0.018630 0.000582 0.319337 0.008226 2.630857 3367.182952
0.577256 0.039955 0.036077 0.018665 0.000589 0.319228 0.008230 2.634765 3369.651066
0.577379 0.039862 0.036054 0.018666 0.000587 0.319216 0.008236 2.638704 3373.162319
0.577430 0.039904 0.036107 0.018648 0.000587 0.319083 0.008240 2.642606 3376.203064
0.577479 0.039901 0.036053 0.018685 0.000583 0.319057 0.008244 2.646550 3379.554959
0.577504 0.039877 0.036096 0.018694 0.000577 0.319004 0.008248 2.650512 3382.972105
0.577561 0.039873 0.036137 0.018696 0.000579 0.318902 0.008252 2.654424 3385.403388
0.577610 0.039919 0.036146 0.018699 0.000582 0.318786 0.008257 2.658318 3387.611163
0.577718 0.039880 0.036091 0.018723 0.000582 0.318745 0.008261 2.662228 3390.442160
0.577842 0.039889 0.036056 0.018720 0.000585 0.318644 0.008265 2.666136 3392.913428
0.577894 0.039945 0.036044 0.018710 0.000590 0.318548 0.008269 2.670022 3395.884884
0.577944 0.039896 0.035996 0.018767 0.000593 0.318530 0.008274 2.673956 3398.563631
0.578040 0.039893 0.036002 0.018741 0.000598 0.318451 0.008276 2.677869 3400.838775
0.578123 0.039919 0.035994 0.018753 0.000597 0.318334 0.008281 2.681749 3404.551638
0.578153 0.039988 0.035930 0.018747 0.000594 0.318303 0.008285 2.685606 3407.290914
0.578171 0.039973 0.035940 0.018747 0.000597 0.318283 0.008289 2.689540 3409.978235
0.578249 0.040004 0.035927 0.018782 0.000602 0.318145 0.008291 2.693433 3412.190320
0.578300 0.039973 0.035958 0.018824 0.000597 0.318051 0.008296 2.697386 3416.410053
0.578391 0.039939 0.035983 0.018842 0.000596 0.317948 0.008301 2.701310 3420.435564
0.578435 0.039984 0.036009 0.018808 0.000592 0.317864 0.008308 2.705214 3423.506192
0.578497 0.039940 0.036029 0.018830 0.000599 0.317792 0.008313 2.709182 3425.755715
0.578617 0.039925 0.036046 0.018856 0.000592 0.317647 0.008317 2.713108 3428.911586
0.578655 0.039907 0.036078 0.018842 0.000594 0.317602 0.008323 2.717068 3431.794229
0.578659 0.039940 0.036092 0.018836 0.000597 0.317550 0.008327 2.720985 3434.319850
0.578695 0.039934 0.036148 0.018798 0.000596 0.317498 0.008331 2.724933 3436.776697
0.578742 0.039927 0.036174 0.018814 0.000594 0.317413 0.008336 2.728870 3439.741885
0.578772 0.039884 0.036152 0.018833 0.000599 0.317419 0.008341 2.732815 3442.543035
0.578768 0.039908 0.036121 0.018849 0.000598 0.317412 0.008345 2.736761 3445.699400
0.578771 0.039903 0.036113 0.018861 0.000601 0.317402 0.008349 2.740714 3448.149295
0.578820 0.039872 0.036110 0.018894 0.000604 0.317346 0.008354 2.744641 3451.071330
0.578850 0.039936 0.036065 0.018878 0.000610 0.317305 0.008356 2.748514 3453.877556
0.578929 0.039911 0.036064 0.018930 0.000606 0.317198 0.008362 2.752430 3456.774923
0.578996 0.039821 0.036082 0.018951 0.000608 0.317176 0.008366 2.756377 3459.690167
0.578999 0.039880 0.036058 0.018917 0.000604 0.317173 0.008370 2.760250 3463.181454
0.579088 0.039884 0.036059 0.018914 0.000608 0.317074 0.008373 2.764155 3465.449230
0.579041 0.039959 0.036084 0.018905 0.000602 0.317031 0.008379 2.768078 3469.058185
0.579119 0.040001 0.036013 0.018886 0.000598 0.316999 0.008385 2.771932 3472.113208
0.579205 0.039965 0.036036 0.018853 0.000599 0.316953 0.008389 2.775840 3475.367650
0.579184 0.039989 0.036001 0.018878 0.000598 0.316955 0.008395 2.779802 3478.623831
0.579256 0.040007 0.036010 0.018865 0.000599 0.316863 0.008401 2.783700 3482.170046
0.579300 0.040006 0.035988 0.018859 0.000601 0.316842 0.008404 2.787600 3484.779435
0.579390 0.040024 0.035956 0.018867 0.000598 0.316753 0.008411 2.791509 3488.076895
0.579408 0.040076 0.035908 0.018829 0.000601 0.316763 0.008415 2.795364 3491.538686
0.579474 0.040075 0.035904 0.018879 0.000600 0.316648 0.008419 2.799293 3494.585841
0.579527 0.040068 0.035883 0.018890 0.000604 0.316604 0.008424 2.803203 3496.904975
0.579532 0.040065 0.035941 0.018887 0.000603 0.316544 0.008428 2.807176 3500.371320
0.579604 0.040031 0.036033 0.018893 0.000604 0.316403 0.008433 2.811141 3502.653562
0.579646 0.040039 0.036071 0.018878 0.000608 0.316320 0.008438 2.815075 3505.764048
0.579674 0.040048 0.036047 0.018878 0.000604 0.316306 0.008443 2.818981 3508.486837
0.579640 0.040085 0.035991 0.018906 0.000603 0.316328 0.008447 2.822889 3510.583444
0.579635 0.040063 0.035998 0.018881 0.000606 0.316365 0.008452 2.826816 3513.615097
0.579752 0.039925 0.036068 0.018913 0.000604 0.316280 0.008458 2.830830 3517.652442
0.579747 0.039912 0.036059 0.018933 0.000594 0.316293 0.008463 2.834748 3521.440633
0.579691 0.039965 0.036006 0.018943 0.000592 0.316335 0.008467 2.838654 3524.286667
0.579759 0.039977 0.036063 0.018907 0.000591 0.316229 0.008474 2.842592 3526.910281
0.579810 0.039914 0.036096 0.018897 0.000588 0.316217 0.008478 2.846571 3530.194637
0.579877 0.039996 0.036030 0.018884 0.000586 0.316143 0.008484 2.850438 3533.630784
0.579866 0.040005 0.036076 0.018854 0.000582 0.316126 0.008490 2.854382 3537.111589
0.579857 0.039992 0.036067 0.018892 0.000584 0.316115 0.008494 2.858333 3540.020851
0.579807 0.039992 0.036080 0.018904 0.000580 0.316138 0.008498 2.862248 3543.573826
0.579857 0.039978 0.036106 0.018920 0.000583 0.316053 0.008503 2.866178 3546.006953
0.579982 0.039866 0.036183 0.018920 0.000581 0.315961 0.008507 2.870148 3549.166018
0.580028 0.039841 0.036168 0.018908 0.000583 0.315961 0.008511 2.874057 3552.271211
0.580001 0.039885 0.036139 0.018924 0.000582 0.315952 0.008515 2.877972 3554.755862
0.579992 0.039999 0.036076 0.018899 0.000579 0.315934 0.008521 2.881839 3557.750812
0.580059 0.039986 0.036006 0.018924 0.000579 0.315919 0.008526 2.885761 3560.596871
0.580130 0.040006 0.036025 0.018897 0.000587 0.315826 0.008529 2.889651 3563.359995
0.580117 0.040013 0.036040 0.018879 0.000588 0.315832 0.008531 2.893555 3565.987971
0.580118 0.040055 0.036045 0.018877 0.000591 0.315777 0.008537 2.897475 3569.236185
0.580151 0.040082 0.036046 0.018886 0.000585 0.315707 0.008542 2.901392 3572.923460
0.580139 0.040161 0.036050 0.018845 0.000590 0.315669 0.008547 2.905292 3575.212704
0.580121 0.040188 0.036098 0.018821 0.000594 0.315629 0.008550 2.909238 3577.863472
0.580094 0.040172 0.036139 0.018816 0.000593 0.315633 0.008553 2.913199 3581.252409
0.580060 0.040205 0.036141 0.018832 0.000590 0.315613 0.008559 2.917129 3584.749961
0.580117 0.040233 0.036098 0.018811 0.000592 0.315586 0.008564 2.921031 3587.898767
0.580094 0.040213 0.036116 0.018833 0.000595 0.315582 0.008567 2.924998 3590.122525
0.580070 0.040189 0.036077 0.018866 0.000594 0.315634 0.008571 2.928962 3592.902860
0.580101 0.040201 0.036019 0.018867 0.000596 0.315638 0.008577 2.932852 3595.372516
0.580132 0.040196 0.036026 0.018874 0.000596 0.315596 0.008581 2.936779 3598.718182
0.580157 0.040164 0.036104 0.018879 0.000597 0.315512 0.008587 2.940728 3601.854600
0.580151 0.040132 0.036139 0.018852 0.000594 0.315540 0.008592 2.944653 3604.829626
0.580255 0.040122 0.036092 0.018866 0.000597 0.315471 0.008596 2.948613 3607.441332
0.580257 0.040164 0.036122 0.018864 0.000598 0.315395 0.008600 2.952565 3610.094949
0.580241 0.040149 0.036161 0.018847 0.000597 0.315401 0.008605 2.956528 3613.062765
0.580263 0.040158 0.036162 0.018872 0.000603 0.315333 0.008609 2.960499 3614.992826
0.580286 0.040100 0.036218 0.018924 0.000600 0.315259 0.008613 2.964477 3617.908385
0.580306 0.040132 0.036195 0.018928 0.000600 0.315223 0.008616 2.968408 3620.793745
0.580253 0.040144 0.036242 0.018934 0.000598 0.315209 0.008620 2.972344 3624.244369
0.580142 0.040188 0.036216 0.018916 0.000599 0.315316 0.008623 2.976288 3626.783586
0.580107 0.040235 0.036257 0.018886 0.000606 0.315281 0.008628 2.980223 3629.838527
0.580062 0.040258 0.036257 0.018898 0.000603 0.315290 0.008632 2.984194 3632.488334
0.580056 0.040290 0.036337 0.018836 0.000609 0.315237 0.008635 2.988139 3635.302853
0.580053 0.040281 0.036327 0.018824 0.000605 0.315270 0.008640 2.992081 3638.106110
0.580042 0.040292 0.036340 0.018799 0.000604 0.315280 0.008645 2.996014 3641.209254
0.580063 0.040262 0.036334 0.018796 0.000603 0.315292 0.008650 2.999992 3644.136193
0.580022 0.040352 0.036265 0.018793 0.000598 0.315316 0.008653 3.003876 3647.837627
0.580030 0.040351 0.036290 0.018753 0.000594 0.315321 0.008661 3.007827 3650.550600
0.579985 0.040390 0.036263 0.018753 0.000595 0.315350 0.008664 3.011761 3653.021509
0.579979 0.040377 0.036257 0.018798 0.000592 0.315329 0.008668 3.015715 3655.786517
0.579979 0.040424 0.036248 0.018823 0.000592 0.315262 0.008672 3.019663 3659.247450
0.579949 0.040452 0.036248 0.018861 0.000589 0.315221 0.008681 3.023612 3662.492950
0.579866 0.040477 0.036266 0.018889 0.000585 0.315228 0.008687 3.027572 3665.293413
0.579843 0.040503 0.036243 0.018868 0.000584 0.315267 0.008692 3.031491 3668.359913
0.579880 0.040480 0.036200 0.018883 0.000583 0.315277 0.008696 3.035435 3670.961449
0.579815 0.040509 0.036221 0.018908 0.000584 0.315263 0.008700 3.039391 3673.864572
0.579875 0.040489 0.036244 0.018930 0.000582 0.315176 0.008704 3.043337 3677.524656
0.579881 0.040464 0.036275 0.018932 0.000581 0.315158 0.008709 3.047295 3680.506913
0.579932 0.040401 0.036319 0.018945 0.000584 0.315105 0.008714 3.051294 3683.155033
0.579878 0.040422 0.036293 0.018937 0.000579 0.315173 0.008719 3.055247 3685.978486
0.579800 0.040375 0.036407 0.018931 0.000579 0.315186 0.008723 3.059296 3689.602637
0.579748 0.040452 0.036366 0.018935 0.000579 0.315190 0.008730 3.063219 3693.143518
0.579696 0.040456 0.036394 0.018918 0.000587 0.315215 0.008733 3.067177 3695.526095
0.579709 0.040405 0.036391 0.018969 0.000595 0.315194 0.008737 3.071161 3697.908489
0.579747 0.040374 0.036359 0.018992 0.000590 0.315198 0.008741 3.075103 3701.420565
0.579738 0.040339 0.036387 0.018976 0.000584 0.315229 0.008747 3.079096 3704.522873
0.579742 0.040371 0.036381 0.018968 0.000585 0.315203 0.008751 3.082994 3707.648194
0.579730 0.040382 0.036426 0.018997 0.000589 0.315122 0.008754 3.086974 3710.152791
0.579708 0.040400 0.036378 0.019024 0.000590 0.315141 0.008759 3.090921 3714.099427
0.579673 0.040402 0.036350 0.019022 0.000592 0.315196 0.008765 3.094878 3716.799505
0.579702 0.040377 0.036331 0.018989 0.000593 0.315241 0.008769 3.098851 3719.570915
0.579791 0.040325 0.036281 0.019024 0.000601 0.315205 0.008773 3.102801 3721.680605
0.579794 0.040293 0.036323 0.019026 0.000598 0.315189 0.008777 3.106786 3724.476158
0.579697 0.040342 0.036335 0.019040 0.000595 0.315209 0.008783 3.110730 3727.503639
0.579692 0.040328 0.036371 0.019023 0.000593 0.315206 0.008787 3.114695 3731.592072
0.579679 0.040374 0.036393 0.018998 0.000597 0.315168 0.008791 3.118636 3734.102581
0.579651 0.040390 0.036386 0.018994 0.000608 0.315175 0.008796 3.122543 3737.049420
0.579577 0.040387 0.036416 0.018993 0.000603 0.315223 0.008800 3.126537 3740.587819
0.579722 0.040328 0.036353 0.018965 0.000607 0.315221 0.008803 3.130485 3743.064406
0.579790 0.040236 0.036364 0.018973 0.000609 0.315218 0.008809 3.134471 3745.949315
0.579748 0.040269 0.036387 0.018958 0.000610 0.315216 0.008812 3.138410 3748.213304
0.579766 0.040248 0.036345 0.018969 0.000607 0.315250 0.008815 3.142339 3751.434485
0.579712 0.040247 0.036389 0.018931 0.000609 0.315293 0.008819 3.146313 3754.230986
0.579679 0.040280 0.036345 0.018929 0.000609 0.315337 0.008821 3.150251 3757.365365
0.579684 0.040235 0.036371 0.018971 0.000606 0.315305 0.008828 3.154235 3761.025379
0.579691 0.040282 0.036363 0.018969 0.000610 0.315252 0.008833 3.158183 3763.984874
0.579644 0.040269 0.036345 0.018999 0.000612 0.315293 0.008838 3.162153 3766.752024
0.579623 0.040240 0.036359 0.018997 0.000604 0.315332 0.008844 3.166123 3770.955851
0.579641 0.040321 0.036296 0.018967 0.000601 0.315325 0.008849 3.170002 3774.319192
0.579629 0.040313 0.036289 0.019029 0.000597 0.315289 0.008855 3.173989 3778.013100
0.579665 0.040314 0.036288 0.019002 0.000591 0.315279 0.008861 3.177919 3781.222108
0.579675 0.040213 0.036256 0.019023 0.000593 0.315375 0.008866 3.181902 3784.622239
0.579678 0.040209 0.036279 0.018988 0.000591 0.315383 0.008871 3.185839 3788.264071
0.579629 0.040286 0.036226 0.018963 0.000591 0.315431 0.008875 3.189743 3791.034524
0.579645 0.040301 0.036203 0.018952 0.000596 0.315423 0.008880 3.193681 3793.988475
0.579692 0.040235 0.036286 0.018965 0.000598 0.315340 0.008885 3.197680 3797.131176
0.579739 0.040165 0.036321 0.018953 0.000603 0.315329 0.008889 3.201664 3799.660843
0.579785 0.040096 0.036331 0.018935 0.000606 0.315354 0.008893 3.205636 3803.043628
0.579802 0.040114 0.036326 0.018943 0.000600 0.315316 0.008898 3.209558 3806.607302
0.579800 0.040124 0.036362 0.018923 0.000598 0.315290 0.008903 3.213497 3809.319818
0.579796 0.040138 0.036340 0.018920 0.000595 0.315303 0.008909 3.217425 3812.634588
0.579792 0.040066 0.036355 0.018931 0.000597 0.315343 0.008916 3.221386 3815.653910
0.579790 0.040065 0.036355 0.018916 0.000600 0.315354 0.008919 3.225328 3817.973069
0.579833 0.040033 0.036357 0.018892 0.000595 0.315366 0.008924 3.229279 3820.872791
0.579912 0.040020 0.036336 0.018922 0.000588 0.315294 0.008929 3.233197 3824.832738
0.579967 0.039989 0.036286 0.018926 0.000583 0.315315 0.008934 3.237122 3828.254171
0.579976 0.040067 0.036242 0.018905 0.000580 0.315295 0.008937 3.241008 3831.462952
0.579993 0.040047 0.036238 0.018949 0.000581 0.315251 0.008941 3.244953 3834.266281
0.580055 0.040011 0.036193 0.018947 0.000586 0.315265 0.008944 3.248891 3836.359171
0.580120 0.040020 0.036188 0.018929 0.000588 0.315208 0.008947 3.252805 3838.562591
0.580083 0.040016 0.036213 0.018950 0.000595 0.315192 0.008951 3.256754 3841.061622
0.580051 0.039996 0.036202 0.018933 0.000597 0.315263 0.008957 3.260684 3844.147525
0.580168 0.039935 0.036213 0.018940 0.000596 0.315187 0.008961 3.264601 3847.205552
0.580171 0.040010 0.036174 0.018921 0.000601 0.315157 0.008966 3.268477 3850.145904
0.580219 0.039963 0.036172 0.018897 0.000601 0.315180 0.008969 3.272409 3853.339960
0.580290 0.039954 0.036127 0.018900 0.000600 0.315155 0.008973 3.276327 3856.312792
0.580257 0.039955 0.036082 0.018894 0.000602 0.315232 0.008978 3.280261 3859.832813
0.580292 0.039909 0.036118 0.018902 0.000599 0.315197 0.008984 3.284219 3862.612650
0.580436 0.039911 0.036071 0.018876 0.000600 0.315117 0.008988 3.288115 3865.142883
0.580417 0.039975 0.036019 0.018861 0.000602 0.315130 0.008994 3.292000 3868.230571
0.580486 0.040004 0.035986 0.018893 0.000600 0.315031 0.009000 3.295910 3871.368178
0.580500 0.040075 0.035963 0.018906 0.000601 0.314951 0.009005 3.299811 3874.350527
0.580504 0.040062 0.036005 0.018885 0.000609 0.314925 0.009009 3.303751 3876.691947
0.580557 0.039993 0.036007 0.018886 0.000607 0.314936 0.009013 3.307739 3880.509201
0.580596 0.039989 0.036001 0.018876 0.000605 0.314915 0.009017 3.311651 3883.042998
0.580626 0.039952 0.036025 0.018861 0.000601 0.314912 0.009022 3.315600 3886.448465
0.580722 0.039935 0.036003 0.018831 0.000597 0.314885 0.009028 3.319480 3890.383157
0.580675 0.040008 0.035982 0.018828 0.000597 0.314879 0.009032 3.323391 3893.457532
0.580639 0.039955 0.035994 0.018834 0.000602 0.314940 0.009037 3.327354 3896.507746
0.580574 0.039959 0.035971 0.018860 0.000594 0.315002 0.009041 3.331273 3900.444851
0.580646 0.039851 0.035991 0.018898 0.000588 0.314980 0.009046 3.335264 3904.064663
0.580715 0.039855 0.035982 0.018888 0.000587 0.314921 0.009053 3.339176 3907.016422
0.580714 0.039860 0.035996 0.018903 0.000591 0.314878 0.009058 3.343106 3909.480686
0.580685 0.039853 0.036040 0.018851 0.000594 0.314913 0.009063 3.347028 3912.433848
0.580669 0.039871 0.036075 0.018885 0.000600 0.314834 0.009066 3.350941 3915.601592
0.580696 0.039905 0.036038 0.018847 0.000606 0.314837 0.009072 3.354813 3918.244912
0.580697 0.039918 0.036020 0.018846 0.000606 0.314836 0.009077 3.358714 3921.387032
0.580716 0.039976 0.035983 0.018840 0.000603 0.314797 0.009085 3.362570 3924.245723
0.580649 0.040000 0.035983 0.018854 0.000606 0.314820 0.009088 3.366511 3927.324307
0.580653 0.040041 0.035988 0.018909 0.000600 0.314716 0.009094 3.370428 3930.588668
0.580660 0.040055 0.036009 0.018893 0.000600 0.314686 0.009097 3.374347 3933.167120
0.580680 0.040002 0.036000 0.018867 0.000601 0.314750 0.009100 3.378265 3935.542016
0.580718 0.039977 0.036038 0.018890 0.000600 0.314670 0.009107 3.382227 3939.017888
0.580703 0.040018 0.036049 0.018898 0.000598 0.314625 0.009110 3.386130 3942.243765
0.580674 0.040025 0.036018 0.018893 0.000593 0.314682 0.009114 3.390058 3944.978375
0.580747 0.040041 0.036045 0.018884 0.000595 0.314568 0.009120 3.393989 3948.515641
0.580756 0.040078 0.036043 0.018896 0.000596 0.314505 0.009126 3.397916 3951.661581
0.580753 0.040127 0.035993 0.018858 0.000601 0.314538 0.009130 3.401776 3954.047619
0.580753 0.040100 0.036021 0.018822 0.000594 0.314575 0.009136 3.405714 3957.043462
0.580812 0.040072 0.036020 0.018832 0.000589 0.314536 0.009139 3.409620 3959.653220
0.580755 0.040114 0.036036 0.018868 0.000586 0.314497 0.009144 3.413559 3963.033690
0.580785 0.040097 0.036009 0.018852 0.000590 0.314520 0.009147 3.417461 3965.959548
0.580812 0.040065 0.036011 0.018869 0.000590 0.314502 0.009152 3.421384 3968.694619
0.580861 0.040026 0.035967 0.018882 0.000590 0.314520 0.009154 3.425337 3971.160110
0.580881 0.040053 0.035934 0.018854 0.000589 0.314531 0.009158 3.429243 3974.230578
0.580882 0.040085 0.035947 0.018878 0.000589 0.314457 0.009162 3.433162 3976.819278
0.580880 0.040127 0.035940 0.018851 0.000587 0.314449 0.009167 3.437062 3979.963609
0.580876 0.040116 0.035943 0.018918 0.000581 0.314395 0.009172 3.441012 3982.751570
0.580938 0.040098 0.035925 0.018917 0.000578 0.314370 0.009174 3.444916 3985.701799
0.580926 0.040123 0.035917 0.018885 0.000582 0.314388 0.009178 3.448819 3989.228856
0.580858 0.040159 0.035926 0.018900 0.000579 0.314395 0.009183 3.452747 3992.539851
0.580839 0.040192 0.036005 0.018851 0.000583 0.314343 0.009186 3.456656 3996.027848
0.580842 0.040200 0.036025 0.018875 0.000576 0.314289 0.009193 3.460592 3999.570837
0.580859 0.040186 0.036047 0.018892 0.000576 0.314242 0.009198 3.464557 4002.269679
0.580815 0.040201 0.036099 0.018908 0.000578 0.314195 0.009204 3.468536 4005.186863
0.580704 0.040199 0.036151 0.018924 0.000574 0.314238 0.009210 3.472501 4008.289935
0.580636 0.040222 0.036185 0.018908 0.000578 0.314260 0.009213 3.476448 4011.487020
0.580579 0.040232 0.036212 0.018939 0.000576 0.314246 0.009216 3.480411 4014.923299
0.580552 0.040297 0.036170 0.018921 0.000573 0.314267 0.009220 3.484288 4017.739346
0.580455 0.040326 0.036163 0.018946 0.000579 0.314309 0.009223 3.488230 4020.449216
0.580403 0.040288 0.036174 0.018958 0.000582 0.314369 0.009227 3.492203 4023.042359
0.580350 0.040284 0.036205 0.018980 0.000580 0.314370 0.009230 3.496179 4025.737799
0.580368 0.040259 0.036177 0.018947 0.000585 0.314429 0.009234 3.500115 4028.477449
0.580326 0.040228 0.036209 0.018921 0.000590 0.314489 0.009237 3.504058 4030.921918
0.580317 0.040217 0.036188 0.018962 0.000589 0.314487 0.009241 3.508023 4033.920220
0.580360 0.040257 0.036147 0.018973 0.000593 0.314424 0.009245 3.511911 4036.701558
0.580325 0.040260 0.036180 0.018986 0.000592 0.314409 0.009248 3.515877 4038.948864
0.580297 0.040206 0.036274 0.019017 0.000596 0.314359 0.009252 3.519888 4041.786129
0.580291 0.040181 0.036245 0.019032 0.000588 0.314406 0.009257 3.523847 4045.514459
0.580271 0.040167 0.036226 0.019063 0.000586 0.314425 0.009262 3.527794 4048.721920
0.580256 0.040170 0.036192 0.019054 0.000586 0.314475 0.009268 3.531717 4051.365394
0.580325 0.040146 0.036201 0.019019 0.000586 0.314450 0.009273 3.535632 4054.022001
0.580296 0.040148 0.036137 0.019023 0.000585 0.314532 0.009278 3.539536 4057.387262
0.580331 0.040106 0.036097 0.019042 0.000576 0.314566 0.009283 3.543493 4060.424070
0.580366 0.040087 0.036128 0.018996 0.000577 0.314560 0.009287 3.547412 4063.397938
0.580451 0.040038 0.036167 0.018958 0.000573 0.314520 0.009292 3.551351 4066.911883
0.580469 0.040083 0.036112 0.018934 0.000570 0.314536 0.009296 3.555233 4070.021031
0.580449 0.040143 0.036094 0.018911 0.000577 0.314528 0.009299 3.559102 4072.415330
0.580436 0.040098 0.036146 0.018958 0.000573 0.314485 0.009305 3.563086 4075.480804
0.580420 0.040073 0.036164 0.018943 0.000576 0.314514 0.009310 3.567049 4077.871894
0.580461 0.040006 0.036172 0.018956 0.000578 0.314514 0.009315 3.571007 4080.882382
0.580480 0.039943 0.036178 0.018967 0.000586 0.314528 0.009319 3.574967 4083.117542
0.580559 0.039894 0.036141 0.018948 0.000587 0.314546 0.009325 3.578908 4085.945206
0.580612 0.039912 0.036176 0.018919 0.000588 0.314464 0.009329 3.582809 4088.965906
0.580656 0.039828 0.036204 0.018951 0.000590 0.314439 0.009332 3.586773 4091.192953
0.580684 0.039873 0.036181 0.018921 0.000589 0.314415 0.009337 3.590654 4094.325195
0.580722 0.039890 0.036137 0.018900 0.000591 0.314418 0.009342 3.594513 4096.944408
0.580711 0.039910 0.036055 0.018902 0.000594 0.314484 0.009345 3.598418 4099.210689
0.580853 0.039863 0.036013 0.018892 0.000597 0.314434 0.009349 3.602314 4101.926664
0.580738 0.039899 0.036028 0.018900 0.000592 0.314489 0.009353 3.606253 4105.266766
0.580714 0.039901 0.036082 0.018914 0.000595 0.314436 0.009358 3.610186 4108.176929
0.580723 0.039897 0.036073 0.018857 0.000597 0.314490 0.009363 3.614073 4110.440448
0.580781 0.039802 0.036078 0.018867 0.000594 0.314509 0.009368 3.618046 4113.286808
0.580819 0.039772 0.036063 0.018883 0.000588 0.314503 0.009372 3.621985 4116.365466
0.580764 0.039796 0.036051 0.018873 0.000591 0.314549 0.009376 3.625879 4119.415330
0.580849 0.039798 0.036027 0.018878 0.000590 0.314480 0.009380 3.629776 4121.977311
0.580835 0.039847 0.036015 0.018845 0.000585 0.314489 0.009384 3.633675 4125.742283
0.580757 0.039914 0.036012 0.018864 0.000585 0.314478 0.009389 3.637592 4129.077177
0.580784 0.039937 0.035987 0.018818 0.000585 0.314495 0.009394 3.641497 4131.850915
0.580803 0.039938 0.035999 0.018829 0.000586 0.314448 0.009397 3.645430 4134.916330
0.580852 0.039900 0.036081 0.018819 0.000595 0.314352 0.009401 3.649378 4137.527620
0.580838 0.039910 0.036073 0.018771 0.000589 0.314416 0.009405 3.653277 4140.357955
0.580861 0.039865 0.036128 0.018771 0.000592 0.314375 0.009409 3.657230 4143.239600
0.580887 0.039854 0.036145 0.018801 0.000594 0.314305 0.009413 3.661176 4145.534600
0.580927 0.039863 0.036175 0.018796 0.000596 0.314225 0.009418 3.665078 4148.129932
0.580960 0.039845 0.036159 0.018802 0.000593 0.314218 0.009422 3.668999 4150.876844
0.580916 0.039901 0.036156 0.018812 0.000598 0.314191 0.009427 3.672902 4153.424264
0.580891 0.039951 0.036137 0.018829 0.000599 0.314162 0.009431 3.676797 4156.223009
0.580862 0.039988 0.036091 0.018828 0.000601 0.314197 0.009435 3.680725 4158.727883
0.580839 0.039954 0.036073 0.018840 0.000594 0.314260 0.009440 3.684649 4162.488968
0.580861 0.039897 0.036107 0.018824 0.000603 0.314263 0.009446 3.688576 4164.965035
0.580883 0.039922 0.036047 0.018851 0.000596 0.314251 0.009450 3.692481 4168.201857
0.580966 0.039870 0.036023 0.018878 0.000592 0.314217 0.009455 3.696444 4171.556394
0.581028 0.039809 0.036014 0.018869 0.000594 0.314226 0.009460 3.700351 4174.383507
0.581004 0.039893 0.035966 0.018899 0.000596 0.314176 0.009465 3.704216 4177.337285
0.581070 0.039940 0.035924 0.018837 0.000593 0.314166 0.009470 3.708083 4181.107988
0.581088 0.039891 0.035895 0.018857 0.000593 0.314200 0.009475 3.712011 4183.750356
0.581063 0.039949 0.035941 0.018863 0.000593 0.314112 0.009480 3.715907 4186.471985
0.581044 0.040004 0.035940 0.018837 0.000589 0.314102 0.009484 3.719793 4189.580713
0.581028 0.040038 0.035967 0.018816 0.000583 0.314078 0.009490 3.723725 4192.995750
0.581013 0.039992 0.035968 0.018848 0.000581 0.314105 0.009493 3.727693 4195.701692
0.581019 0.040052 0.035962 0.018837 0.000585 0.314047 0.009498 3.731578 4199.046060
0.580920 0.040174 0.035958 0.018814 0.000586 0.314044 0.009504 3.735465 4201.964835
0.580895 0.040147 0.036036 0.018863 0.000584 0.313965 0.009510 3.739440 4205.025301
0.580890 0.040120 0.036033 0.018915 0.000579 0.313948 0.009514 3.743400 4208.393137
0.580825 0.040125 0.036078 0.018955 0.000574 0.313924 0.009519 3.747377 4211.556465
0.580831 0.040148 0.036113 0.018951 0.000577 0.313858 0.009522 3.751299 4213.994796
0.580819 0.040116 0.036133 0.018984 0.000581 0.313841 0.009525 3.755248 4216.820974
0.580865 0.040078 0.036120 0.019033 0.000585 0.313792 0.009528 3.759198 4219.899375
0.580779 0.040104 0.036162 0.019000 0.000583 0.313842 0.009530 3.763137 4223.479910
0.580819 0.040080 0.036159 0.018995 0.000583 0.313829 0.009535 3.767052 4226.791354
0.580841 0.039998 0.036145 0.018990 0.000582 0.313902 0.009541 3.771005 4229.703058
0.580824 0.040011 0.036169 0.018902 0.000590 0.313961 0.009543 3.774921 4231.827131
0.580868 0.039977 0.036173 0.018875 0.000587 0.313972 0.009547 3.778834 4234.962985
0.580842 0.040033 0.036180 0.018864 0.000588 0.313942 0.009551 3.782729 4237.916787
0.580887 0.039939 0.036162 0.018880 0.000592 0.313986 0.009554 3.786688 4241.147654
0.580942 0.039977 0.036136 0.018827 0.000590 0.313970 0.009558 3.790551 4243.538543
0.580915 0.039969 0.036205 0.018852 0.000588 0.313908 0.009563 3.794509 4246.363872
0.580843 0.040053 0.036175 0.018848 0.000586 0.313925 0.009569 3.798382 4249.412272
0.580933 0.040064 0.036132 0.018812 0.000584 0.313901 0.009574 3.802264 4252.333544
0.580901 0.040097 0.036121 0.018841 0.000579 0.313882 0.009579 3.806227 4255.318202
0.580894 0.040129 0.036114 0.018850 0.000573 0.313853 0.009586 3.810143 4258.353180
0.580802 0.040183 0.036138 0.018891 0.000576 0.313821 0.009591 3.814085 4262.117525
0.580775 0.040226 0.036107 0.018885 0.000574 0.313838 0.009595 3.818018 4265.263111
0.580762 0.040190 0.036131 0.018898 0.000577 0.313842 0.009600 3.821955 4268.039788
0.580723 0.040192 0.036229 0.018862 0.000580 0.313810 0.009604 3.825905 4271.069670
0.580641 0.040236 0.036253 0.018829 0.000584 0.313849 0.009608 3.829882 4273.944294
0.580618 0.040219 0.036284 0.018861 0.000581 0.313823 0.009613 3.833849 4276.304073
0.580620 0.040187 0.036312 0.018885 0.000576 0.313801 0.009618 3.837820 4279.216161
0.580556 0.040241 0.036339 0.018874 0.000573 0.313794 0.009623 3.841747 4282.293520
0.580494 0.040285 0.036334 0.018875 0.000578 0.313806 0.009627 3.845678 4284.809182
0.580517 0.040275 0.036350 0.018918 0.000584 0.313725 0.009630 3.849645 4287.594385
0.580476 0.040257 0.036344 0.018945 0.000587 0.313757 0.009635 3.853620 4290.130532
0.580502 0.040235 0.036327 0.018958 0.000588 0.313750 0.009639 3.857573 4292.639694
0.580420 0.040252 0.036307 0.018952 0.000583 0.313839 0.009646 3.861499 4295.903701
0.580411 0.040258 0.036357 0.018954 0.000585 0.313784 0.009651 3.865420 4299.603892
0.580363 0.040210 0.036359 0.018975 0.000582 0.313854 0.009657 3.869390 4302.497663
0.580295 0.040239 0.036358 0.019004 0.000586 0.313858 0.009660 3.873347 4304.822157
0.580200 0.040269 0.036381 0.018957 0.000588 0.313942 0.009664 3.877279 4307.721720
0.580179 0.040193 0.036399 0.018981 0.000588 0.313991 0.009670 3.881275 4310.847727
0.580176 0.040189 0.036397 0.019000 0.000589 0.313976 0.009675 3.885227 4313.833792
0.580196 0.040206 0.036344 0.018971 0.000588 0.314016 0.009679 3.889139 4316.694695
0.580116 0.040210 0.036374 0.018964 0.000589 0.314064 0.009684 3.893107 4319.403431
0.580073 0.040192 0.036416 0.018964 0.000588 0.314077 0.009690 3.897085 4323.285995
0.580026 0.040200 0.036401 0.018942 0.000589 0.314146 0.009695 3.901052 4326.302163
0.579973 0.040245 0.036356 0.018881 0.000593 0.314252 0.009699 3.904980 4329.532605
0.580002 0.040298 0.036300 0.018916 0.000592 0.314189 0.009704 3.908900 4333.332343
0.579947 0.040360 0.036277 0.018913 0.000595 0.314199 0.009710 3.912821 4335.516229
0.579962 0.040390 0.036210 0.018912 0.000601 0.314211 0.009713 3.916736 4337.654762
0.579987 0.040371 0.036238 0.018913 0.000599 0.314175 0.009716 3.920655 4340.601731
0.579931 0.040432 0.036239 0.018889 0.000594 0.314197 0.009720 3.924586 4343.841540
0.579843 0.040442 0.036245 0.018889 0.000596 0.314262 0.009724 3.928560 4346.289895
0.579811 0.040423 0.036257 0.018885 0.000593 0.314301 0.009730 3.932512 4349.082369
0.579815 0.040424 0.036261 0.018904 0.000595 0.314268 0.009734 3.936457 4352.013047
0.579822 0.040434 0.036215 0.018939 0.000597 0.314256 0.009738 3.940394 4354.648750
0.579765 0.040433 0.036248 0.018907 0.000601 0.314304 0.009743 3.944351 4357.758603
0.579765 0.040391 0.036259 0.018905 0.000606 0.314328 0.009746 3.948295 4359.959892
0.579812 0.040328 0.036235 0.018902 0.000601 0.314371 0.009750 3.952267 4363.698194
0.579883 0.040240 0.036267 0.018893 0.000605 0.314359 0.009754 3.956248 4366.639860
0.579874 0.040191 0.036247 0.018878 0.000600 0.314450 0.009760 3.960197 4369.949923
0.579881 0.040189 0.036207 0.018884 0.000602 0.314474 0.009764 3.964152 4372.615700
0.579905 0.040186 0.036183 0.018913 0.000605 0.314439 0.009769 3.968112 4375.515791
0.579888 0.040231 0.036142 0.018851 0.000603 0.314513 0.009774 3.972001 4378.658000
0.579928 0.040236 0.036137 0.018885 0.000603 0.314434 0.009777 3.975944 4380.700884
0.579867 0.040261 0.036131 0.018896 0.000604 0.314460 0.009782 3.979901 4383.743326
0.579903 0.040200 0.036196 0.018871 0.000605 0.314440 0.009786 3.983872 4386.513636
0.579924 0.040207 0.036146 0.018849 0.000604 0.314483 0.009788 3.987752 4389.716841
0.579929 0.040240 0.036171 0.018804 0.000595 0.314468 0.009792 3.991639 4393.053968
0.580037 0.040177 0.036182 0.018802 0.000593 0.314412 0.009796 3.995577 4396.300068
0.580090 0.040154 0.036145 0.018859 0.000595 0.314358 0.009801 3.999503 4398.548615
0.580121 0.040137 0.036147 0.018876 0.000593 0.314321 0.009804 4.003424 4402.458370
0.580114 0.040123 0.036128 0.018902 0.000593 0.314331 0.009810 4.007355 4405.183653
0.580101 0.040204 0.036124 0.018909 0.000596 0.314249 0.009816 4.011253 4407.462717
0.580057 0.040215 0.036168 0.018922 0.000599 0.314218 0.009821 4.015175 4410.087147
0.580015 0.040233 0.036149 0.018895 0.000605 0.314278 0.009825 4.019095 4412.234719
0.580029 0.040226 0.036184 0.018931 0.000604 0.314194 0.009830 4.023072 4415.348659
0.579968 0.040197 0.036241 0.018920 0.000609 0.314231 0.009835 4.027058 4417.558744
0.579936 0.040207 0.036232 0.018954 0.000607 0.314224 0.009841 4.031007 4421.031970
0.579878 0.040187 0.036223 0.018990 0.000605 0.314271 0.009846 4.034977 4424.651473
0.579899 0.040168 0.036203 0.018987 0.000604 0.314287 0.009852 4.038908 4428.116412
0.579878 0.040138 0.036203 0.019036 0.000600 0.314289 0.009856 4.042885 4431.077632
0.579866 0.040123 0.036207 0.018986 0.000601 0.314358 0.009859 4.046832 4433.378837
0.579888 0.040184 0.036123 0.018945 0.000595 0.314399 0.009865 4.050701 4436.421747
0.579918 0.040122 0.036166 0.018959 0.000591 0.314373 0.009870 4.054656 4438.969795
0.579941 0.040079 0.036150 0.018953 0.000597 0.314405 0.009875 4.058567 4441.359256
0.579952 0.040078 0.036191 0.018928 0.000595 0.314376 0.009879 4.062498 4444.042287
0.579943 0.040172 0.036150 0.018902 0.000592 0.314355 0.009885 4.066379 4447.289608
0.579987 0.040144 0.036047 0.018879 0.000592 0.314460 0.009890 4.070266 4450.368832
0.579935 0.040195 0.036043 0.018857 0.000597 0.314478 0.009895 4.074174 4453.009481
0.580041 0.040165 0.036053 0.018862 0.000597 0.314384 0.009899 4.078067 4455.908555
0.580015 0.040213 0.036102 0.018834 0.000592 0.314341 0.009904 4.081997 4459.408323
0.580005 0.040246 0.036063 0.018840 0.000592 0.314345 0.009910 4.085904 4462.725182
0.580079 0.040168 0.036083 0.018829 0.000592 0.314336 0.009913 4.089854 4466.356049
0.580112 0.040183 0.036115 0.018795 0.000589 0.314288 0.009918 4.093761 4469.504240
0.580054 0.040289 0.036090 0.018776 0.000587 0.314283 0.009921 4.097692 4473.493420
0.580156 0.040268 0.036094 0.018779 0.000589 0.314189 0.009926 4.101614 4476.829475
0.580143 0.040186 0.036144 0.018856 0.000583 0.314158 0.009931 4.105617 4480.014095
0.580090 0.040151 0.036119 0.018872 0.000586 0.314248 0.009934 4.109547 4482.509815
0.580090 0.040182 0.036062 0.018885 0.000587 0.314256 0.009938 4.113449 4485.061748
0.580093 0.040144 0.036021 0.018921 0.000587 0.314291 0.009943 4.117375 4488.709154
0.580095 0.040070 0.036005 0.018928 0.000589 0.314364 0.009947 4.121314 4491.722694
0.580072 0.040087 0.035999 0.018910 0.000588 0.314391 0.009953 4.125205 4494.980465
0.580063 0.040081 0.035989 0.018924 0.000589 0.314397 0.009957 4.129136 4497.638528
0.580022 0.040127 0.035934 0.018916 0.000590 0.314449 0.009960 4.133023 4501.224147
0.580056 0.040138 0.035977 0.018931 0.000591 0.314342 0.009965 4.136935 4504.216415
0.580019 0.040158 0.035983 0.018971 0.000589 0.314309 0.009971 4.140897 4506.778652
0.580068 0.040105 0.036008 0.018999 0.000592 0.314253 0.009975 4.144878 4509.311454
0.580101 0.040052 0.036054 0.019019 0.000591 0.314202 0.009982 4.148837 4513.107130
0.580192 0.040002 0.036083 0.019017 0.000589 0.314130 0.009987 4.152766 4515.914374
0.580207 0.040001 0.036094 0.018953 0.000595 0.314160 0.009990 4.156627 4518.036546
0.580138 0.040026 0.036110 0.018963 0.000588 0.314177 0.009997 4.160548 4521.049804
0.580213 0.039986 0.036106 0.018955 0.000588 0.314149 0.010002 4.164471 4523.763812
0.580136 0.040042 0.036124 0.018965 0.000589 0.314137 0.010006 4.168400 4526.939126
0.580128 0.040073 0.036149 0.018966 0.000586 0.314086 0.010012 4.172327 4530.397856
0.580085 0.040105 0.036156 0.018959 0.000593 0.314086 0.010016 4.176223 4532.368046
0.580055 0.040121 0.036163 0.018968 0.000594 0.314077 0.010021 4.180147 4535.245687
0.580054 0.040067 0.036191 0.019000 0.000595 0.314067 0.010025 4.184128 4537.961861
0.580075 0.040073 0.036164 0.018988 0.000596 0.314073 0.010031 4.188027 4540.943582
0.580064 0.040092 0.036165 0.018982 0.000595 0.314067 0.010036 4.191930 4544.246617
0.580060 0.040103 0.036158 0.019005 0.000594 0.314041 0.010040 4.195851 4546.928634
0.579991 0.040121 0.036176 0.018984 0.000594 0.314091 0.010043 4.199771 4549.758373
0.580028 0.040191 0.036180 0.018980 0.000595 0.313979 0.010047 4.203657 4552.608469
0.580004 0.040213 0.036173 0.018939 0.000600 0.314021 0.010051 4.207567 4555.001674
0.579968 0.040203 0.036194 0.018875 0.000603 0.314101 0.010056 4.211502 4558.449178
0.579977 0.040226 0.036221 0.018875 0.000603 0.314037 0.010061 4.215443 4560.843986
0.579968 0.040231 0.036224 0.018912 0.000601 0.313998 0.010067 4.219381 4563.981201
0.580030 0.040176 0.036233 0.018928 0.000603 0.313960 0.010071 4.223320 4566.632627
0.580025 0.040230 0.036229 0.018907 0.000601 0.313932 0.010076 4.227218 4569.867994
0.580042 0.040194 0.036214 0.018928 0.000599 0.313943 0.010080 4.231171 4573.245352
0.580063 0.040188 0.036189 0.018989 0.000604 0.313882 0.010085 4.235133 4575.886820
0.580018 0.040213 0.036216 0.018980 0.000601 0.313881 0.010092 4.239076 4578.449342
0.580060 0.040176 0.036213 0.018943 0.000599 0.313913 0.010097 4.243011 4581.536352
0.580058 0.040190 0.036178 0.018936 0.000599 0.313939 0.010100 4.246912 4584.466930
0.580009 0.040221 0.036237 0.018961 0.000597 0.313872 0.010104 4.250875 4587.783360
0.580019 0.040175 0.036250 0.018999 0.000597 0.313851 0.010109 4.254829 4591.649297
0.580005 0.040191 0.036211 0.018978 0.000600 0.313901 0.010114 4.258746 4594.448778
0.579967 0.040208 0.036221 0.018960 0.000594 0.313930 0.010120 4.262688 4597.745435
0.579894 0.040288 0.036156 0.018982 0.000596 0.313959 0.010125 4.266619 4600.380461
0.579888 0.040308 0.036201 0.018951 0.000595 0.313925 0.010131 4.270550 4603.489651
0.579932 0.040253 0.036233 0.018918 0.000593 0.313936 0.010135 4.274501 4606.957085
0.579825 0.040344 0.036202 0.018914 0.000591 0.313985 0.010140 4.278417 4610.337867
0.579817 0.040360 0.036208 0.018916 0.000588 0.313963 0.010147 4.282334 4613.429806
0.579808 0.040334 0.036239 0.018943 0.000586 0.313939 0.010151 4.286281 4616.759427
0.579815 0.040313 0.036201 0.018912 0.000585 0.314020 0.010155 4.290222 4619.502069
0.579787 0.040257 0.036233 0.018907 0.000586 0.314071 0.010160 4.294219 4622.374223
0.579801 0.040283 0.036229 0.018903 0.000586 0.314031 0.010166 4.298152 4625.168787
0.579730 0.040280 0.036189 0.018912 0.000587 0.314133 0.010171 4.302118 4627.839876
0.579692 0.040294 0.036210 0.018892 0.000587 0.314150 0.010176 4.306068 4630.655214
0.579691 0.040247 0.036202 0.018899 0.000593 0.314190 0.010179 4.310041 4633.423555
0.579688 0.040213 0.036215 0.018937 0.000593 0.314168 0.010185 4.314008 4636.671561
0.579666 0.040172 0.036266 0.018976 0.000597 0.314134 0.010190 4.317989 4639.054933
0.579675 0.040152 0.036263 0.018978 0.000593 0.314145 0.010195 4.321929 4642.088861
0.579629 0.040167 0.036245 0.018975 0.000596 0.314187 0.010201 4.325843 4645.045604
0.579635 0.040193 0.036233 0.018943 0.000593 0.314196 0.010207 4.329770 4648.023296
0.579582 0.040206 0.036218 0.018958 0.000594 0.314232 0.010210 4.333707 4650.463274
0.579592 0.040185 0.036232 0.018989 0.000593 0.314195 0.010216 4.337642 4652.811358
0.579630 0.040170 0.036287 0.018947 0.000600 0.314146 0.010221 4.341600 4655.415249
0.579582 0.040200 0.036277 0.018952 0.000604 0.314161 0.010225 4.345498 4658.122135
0.579608 0.040216 0.036237 0.018943 0.000604 0.314161 0.010231 4.349409 4661.225855
0.579518 0.040254 0.036207 0.018925 0.000609 0.314253 0.010234 4.353354 4664.931385
0.579495 0.040276 0.036228 0.018919 0.000608 0.314236 0.010238 4.357295 4667.940172
0.579526 0.040270 0.036229 0.018896 0.000606 0.314230 0.010242 4.361201 4670.840975
0.579548 0.040261 0.036285 0.018872 0.000602 0.314184 0.010248 4.365117 4673.774552
0.579530 0.040261 0.036251 0.018880 0.000598 0.314228 0.010252 4.369030 4677.333675
0.579545 0.040274 0.036256 0.018864 0.000599 0.314206 0.010256 4.372981 4680.180808
0.579517 0.040309 0.036223 0.018868 0.000604 0.314220 0.010258 4.376912 4682.671096
0.579568 0.040301 0.036194 0.018874 0.000606 0.314196 0.010263 4.380810 4685.084050
0.579618 0.040263 0.036225 0.018901 0.000605 0.314119 0.010269 4.384782 4688.224622
0.579682 0.040229 0.036263 0.018850 0.000601 0.314100 0.010274 4.388718 4692.316645
0.579711 0.040218 0.036244 0.018878 0.000598 0.314072 0.010279 4.392641 4696.103092
0.579801 0.040134 0.036268 0.018922 0.000595 0.313997 0.010283 4.396625 4698.881226
0.579799 0.040132 0.036279 0.018946 0.000598 0.313959 0.010288 4.400561 4702.250962
0.579766 0.040135 0.036269 0.018908 0.000597 0.314034 0.010292 4.404476 4705.430264
0.579838 0.040099 0.036221 0.018939 0.000594 0.314011 0.010298 4.408401 4708.650237
0.579858 0.040064 0.036192 0.018915 0.000593 0.314076 0.010303 4.412329 4711.395299
0.579895 0.040064 0.036194 0.018930 0.000600 0.314011 0.010306 4.416231 4714.005835
0.579929 0.040047 0.036178 0.018950 0.000596 0.313988 0.010311 4.420151 4717.361874
0.579942 0.040007 0.036179 0.018996 0.000602 0.313961 0.010314 4.424110 4719.949889
0.580015 0.040001 0.036184 0.018979 0.000601 0.313902 0.010319 4.428022 4722.771542
0.580030 0.039952 0.036175 0.018954 0.000604 0.313963 0.010321 4.431952 4725.740030
0.580042 0.039985 0.036125 0.018954 0.000599 0.313970 0.010326 4.435833 4728.285626
0.580004 0.040013 0.036077 0.018944 0.000597 0.314034 0.010330 4.439730 4731.056770
0.580033 0.039999 0.036104 0.018937 0.000600 0.313995 0.010333 4.443637 4734.043511
0.580046 0.039971 0.036151 0.018939 0.000606 0.313951 0.010337 4.447568 4736.918341
0.580037 0.039989 0.036140 0.018958 0.000605 0.313931 0.010340 4.451485 4739.804898
0.580067 0.039935 0.036136 0.018982 0.000608 0.313929 0.010343 4.455441 4742.387480
0.580064 0.039900 0.036147 0.018970 0.000611 0.313961 0.010347 4.459408 4745.367063
0.580009 0.039947 0.036129 0.018949 0.000605 0.314010 0.010351 4.463297 4748.308579
0.580080 0.039928 0.036066 0.018947 0.000600 0.314024 0.010356 4.467216 4752.079700
