0.338136 0.064043 0.056533 0.032548 0.002171 0.500482 0.006087 1.635894 2126.439068
0.339205 0.062968 0.057349 0.031700 0.002158 0.500505 0.006115 1.642119 2137.729335
0.341806 0.060551 0.057889 0.030837 0.002160 0.500614 0.006142 1.648204 2147.520864
0.345153 0.057645 0.058231 0.030009 0.002148 0.500644 0.006171 1.653991 2157.678399
0.348986 0.054515 0.058280 0.029159 0.002136 0.500717 0.006206 1.659520 2169.199013
0.353271 0.051381 0.058130 0.028270 0.002112 0.500603 0.006234 1.664679 2179.539757
0.357756 0.048239 0.057755 0.027451 0.002102 0.500437 0.006260 1.669599 2189.447863
0.362405 0.045267 0.057164 0.026593 0.002078 0.500208 0.006285 1.674210 2200.311120
0.367156 0.042429 0.056357 0.025707 0.002055 0.499983 0.006313 1.678497 2212.319276
0.372103 0.039720 0.055452 0.024869 0.002024 0.499489 0.006342 1.682489 2222.889371
0.377060 0.037209 0.054373 0.024017 0.002007 0.498964 0.006371 1.686234 2232.431665
0.382096 0.034843 0.053220 0.023153 0.001971 0.498322 0.006395 1.689777 2243.508684
0.387216 0.032674 0.051975 0.022334 0.001944 0.497435 0.006423 1.693062 2254.300027
0.392398 0.030694 0.050592 0.021529 0.001919 0.496424 0.006444 1.696125 2264.003128
0.397577 0.028735 0.049279 0.020721 0.001884 0.495334 0.006468 1.699091 2274.013124
0.402723 0.026993 0.047873 0.019935 0.001858 0.494123 0.006494 1.701827 2283.835150
0.408059 0.025395 0.046360 0.019158 0.001828 0.492677 0.006523 1.704340 2294.768136
0.413336 0.023855 0.044932 0.018479 0.001795 0.491055 0.006547 1.706793 2305.229281
0.418568 0.022445 0.043474 0.017780 0.001762 0.489404 0.006568 1.709090 2315.030499
0.423771 0.021178 0.042009 0.017063 0.001727 0.487661 0.006592 1.711225 2325.928142
0.429088 0.020038 0.040525 0.016396 0.001696 0.485641 0.006616 1.713195 2336.341327
0.434362 0.018938 0.039106 0.015729 0.001661 0.483564 0.006640 1.715084 2347.450819
0.439615 0.017924 0.037716 0.015093 0.001625 0.481364 0.006662 1.716880 2357.011565
0.444838 0.016985 0.036340 0.014523 0.001590 0.479043 0.006682 1.718607 2367.374400
0.450071 0.016127 0.034957 0.013928 0.001551 0.476659 0.006706 1.720192 2378.888257
0.455268 0.015298 0.033692 0.013370 0.001517 0.474131 0.006724 1.721748 2387.805528
0.460448 0.014544 0.032357 0.012844 0.001480 0.471580 0.006747 1.723216 2399.366087
0.465573 0.013816 0.031142 0.012331 0.001453 0.468920 0.006765 1.724649 2407.864535
0.470726 0.013206 0.029885 0.011820 0.001423 0.466158 0.006782 1.725931 2416.177474
0.475851 0.012613 0.028691 0.011345 0.001389 0.463310 0.006799 1.727196 2425.742482
0.480901 0.012081 0.027510 0.010876 0.001353 0.460460 0.006819 1.728382 2435.191657
0.486013 0.011585 0.026409 0.010438 0.001317 0.457399 0.006840 1.729531 2444.890709
0.491145 0.011137 0.025353 0.009997 0.001283 0.454230 0.006856 1.730624 2455.457510
0.496137 0.010691 0.024333 0.009609 0.001251 0.451109 0.006869 1.731696 2464.089563
0.501123 0.010279 0.023401 0.009204 0.001215 0.447892 0.006887 1.732718 2473.795769
0.506128 0.009905 0.022442 0.008826 0.001185 0.444617 0.006898 1.733693 2481.831693
0.511023 0.009577 0.021556 0.008479 0.001158 0.441293 0.006914 1.734631 2490.083883
0.515958 0.009254 0.020701 0.008151 0.001124 0.437881 0.006932 1.735550 2499.381955
0.520851 0.008944 0.019852 0.007835 0.001097 0.434475 0.006946 1.736439 2507.410603
0.525634 0.008647 0.019112 0.007538 0.001064 0.431041 0.006963 1.737309 2514.979074
0.530474 0.008372 0.018378 0.007263 0.001034 0.427505 0.006976 1.738151 2522.606444
0.535223 0.008121 0.017707 0.006993 0.001008 0.423962 0.006986 1.738975 2530.122701
0.539940 0.007900 0.017036 0.006727 0.000977 0.420421 0.006999 1.739762 2537.966552
0.544537 0.007699 0.016389 0.006478 0.000953 0.416932 0.007013 1.740528 2545.053822
0.549211 0.007504 0.015726 0.006215 0.000925 0.413398 0.007022 1.741265 2554.239945
0.553786 0.007332 0.015101 0.006009 0.000898 0.409843 0.007031 1.741973 2561.597183
0.558402 0.007178 0.014532 0.005810 0.000880 0.406156 0.007042 1.742672 2568.025509
0.562922 0.007025 0.014007 0.005599 0.000855 0.402539 0.007054 1.743345 2575.206547
0.567466 0.006851 0.013507 0.005400 0.000826 0.398884 0.007065 1.744030 2583.020094
0.571893 0.006707 0.013031 0.005223 0.000807 0.395267 0.007073 1.744702 2589.236424
0.576307 0.006577 0.012573 0.005028 0.000780 0.391649 0.007085 1.745346 2598.235393
0.580650 0.006465 0.012129 0.004870 0.000752 0.388039 0.007095 1.745971 2606.172335
0.584998 0.006329 0.011713 0.004712 0.000734 0.384410 0.007104 1.746597 2611.657505
0.589242 0.006222 0.011319 0.004572 0.000712 0.380820 0.007113 1.747209 2618.679021
0.593474 0.006105 0.010952 0.004442 0.000691 0.377212 0.007124 1.747827 2624.927493
0.597712 0.006003 0.010602 0.004298 0.000667 0.373585 0.007134 1.748409 2632.501233
0.601814 0.005888 0.010258 0.004183 0.000647 0.370071 0.007140 1.749008 2638.161066
0.605879 0.005806 0.009934 0.004065 0.000629 0.366544 0.007145 1.749574 2643.372770
0.609968 0.005724 0.009612 0.003959 0.000607 0.362977 0.007152 1.750130 2650.394291
0.613987 0.005658 0.009311 0.003859 0.000590 0.359436 0.007160 1.750678 2656.182986
0.617938 0.005590 0.009078 0.003746 0.000571 0.355910 0.007168 1.751250 2662.447868
0.621912 0.005538 0.008812 0.003642 0.000553 0.352368 0.007175 1.751775 2668.628820
0.625826 0.005476 0.008569 0.003554 0.000537 0.348857 0.007182 1.752320 2673.966866
0.629697 0.005421 0.008323 0.003462 0.000516 0.345392 0.007189 1.752846 2680.577774
0.633484 0.005366 0.008088 0.003376 0.000503 0.341988 0.007196 1.753362 2686.770178
0.637319 0.005322 0.007896 0.003303 0.000485 0.338472 0.007202 1.753894 2691.998913
0.641049 0.005303 0.007715 0.003232 0.000473 0.335020 0.007207 1.754412 2696.428553
0.644749 0.005277 0.007540 0.003172 0.000460 0.331593 0.007211 1.754932 2700.599963
0.648444 0.005227 0.007360 0.003109 0.000448 0.328195 0.007216 1.755455 2705.363807
0.652026 0.005217 0.007194 0.003037 0.000436 0.324870 0.007220 1.755958 2709.151553
0.655606 0.005184 0.007038 0.002986 0.000423 0.321538 0.007226 1.756467 2713.670338
0.659100 0.005147 0.006907 0.002945 0.000413 0.318260 0.007230 1.756970 2718.378558
0.662545 0.005123 0.006784 0.002882 0.000402 0.315030 0.007235 1.757481 2722.243626
0.666007 0.005120 0.006653 0.002829 0.000391 0.311761 0.007239 1.757967 2727.390168
0.669360 0.005090 0.006544 0.002768 0.000376 0.308619 0.007243 1.758472 2731.801411
0.672720 0.005084 0.006413 0.002716 0.000363 0.305457 0.007248 1.758968 2735.985322
0.676051 0.005076 0.006300 0.002672 0.000347 0.302301 0.007253 1.759469 2740.750154
0.679314 0.005066 0.006172 0.002632 0.000339 0.299221 0.007256 1.759955 2743.411920
0.682588 0.005053 0.006085 0.002608 0.000329 0.296075 0.007262 1.760449 2746.471369
0.685803 0.005038 0.005980 0.002568 0.000319 0.293025 0.007267 1.760935 2751.278256
0.688948 0.005015 0.005915 0.002544 0.000308 0.289999 0.007271 1.761440 2755.686860
0.692093 0.004981 0.005851 0.002512 0.000298 0.286988 0.007276 1.761938 2759.290289
0.695210 0.004948 0.005799 0.002485 0.000290 0.283988 0.007280 1.762434 2763.337274
0.698252 0.004951 0.005723 0.002465 0.000282 0.281042 0.007284 1.762921 2767.123082
0.701273 0.004939 0.005673 0.002425 0.000268 0.278132 0.007290 1.763407 2772.707823
0.704238 0.004945 0.005610 0.002403 0.000262 0.275250 0.007292 1.763885 2775.332493
0.707158 0.004965 0.005525 0.002375 0.000255 0.272427 0.007295 1.764354 2778.474965
0.710059 0.004954 0.005482 0.002360 0.000251 0.269596 0.007297 1.764846 2780.627545
0.712939 0.004963 0.005414 0.002337 0.000249 0.266799 0.007301 1.765327 2782.379535
0.715790 0.004936 0.005398 0.002319 0.000240 0.264013 0.007304 1.765837 2785.932198
0.718596 0.004943 0.005344 0.002296 0.000233 0.261281 0.007307 1.766313 2788.502714
0.721411 0.004926 0.005315 0.002294 0.000226 0.258519 0.007309 1.766808 2791.532548
0.724125 0.004924 0.005275 0.002266 0.000220 0.255880 0.007311 1.767291 2794.203139
0.726812 0.004934 0.005228 0.002249 0.000215 0.253249 0.007313 1.767764 2796.961048
0.729465 0.004929 0.005212 0.002225 0.000208 0.250645 0.007316 1.768258 2799.734233
0.732097 0.004954 0.005187 0.002208 0.000201 0.248033 0.007320 1.768754 2803.083648
0.734709 0.004983 0.005125 0.002195 0.000195 0.245470 0.007322 1.769231 2805.087058
0.737267 0.005018 0.005063 0.002189 0.000189 0.242949 0.007325 1.769709 2807.794931
0.739779 0.005011 0.005045 0.002195 0.000184 0.240459 0.007327 1.770220 2810.197812
0.742307 0.005010 0.005012 0.002188 0.000181 0.237973 0.007329 1.770716 2812.460204
0.744768 0.005040 0.004996 0.002170 0.000175 0.235520 0.007331 1.771202 2814.913493
0.747190 0.005036 0.004994 0.002176 0.000170 0.233100 0.007334 1.771711 2817.222064
0.749584 0.005017 0.004987 0.002193 0.000166 0.230716 0.007336 1.772239 2819.756096
0.751929 0.005042 0.004984 0.002192 0.000165 0.228351 0.007337 1.772740 2820.442103
0.754174 0.005099 0.004962 0.002198 0.000161 0.226067 0.007339 1.773241 2822.860890
0.756454 0.005148 0.004954 0.002196 0.000159 0.223749 0.007340 1.773727 2824.291514
0.758685 0.005159 0.004957 0.002198 0.000154 0.221505 0.007341 1.774244 2826.502148
0.760911 0.005185 0.004934 0.002202 0.000152 0.219274 0.007343 1.774747 2828.337685
0.763119 0.005205 0.004956 0.002200 0.000148 0.217027 0.007344 1.775268 2830.170549
0.765280 0.005254 0.004935 0.002190 0.000145 0.214848 0.007347 1.775768 2831.928991
0.767390 0.005282 0.004950 0.002190 0.000140 0.212699 0.007348 1.776287 2833.737170
0.769495 0.005307 0.004956 0.002194 0.000136 0.210562 0.007349 1.776806 2834.896123
0.771545 0.005342 0.004966 0.002217 0.000133 0.208446 0.007351 1.777341 2836.797281
0.773578 0.005390 0.004949 0.002230 0.000130 0.206372 0.007352 1.777853 2838.934369
0.775578 0.005444 0.004963 0.002238 0.000129 0.204295 0.007354 1.778382 2840.411782
0.777548 0.005479 0.004983 0.002239 0.000124 0.202272 0.007355 1.778911 2842.467536
0.779533 0.005512 0.005003 0.002237 0.000122 0.200236 0.007356 1.779446 2843.814693
0.781405 0.005545 0.005030 0.002239 0.000119 0.198302 0.007359 1.780000 2845.403894
0.783263 0.005596 0.005044 0.002248 0.000117 0.196372 0.007359 1.780535 2846.410652
0.785114 0.005624 0.005071 0.002256 0.000118 0.194458 0.007360 1.781086 2846.937905
0.786899 0.005662 0.005079 0.002254 0.000117 0.192627 0.007361 1.781639 2848.703707
0.788682 0.005676 0.005109 0.002276 0.000115 0.190779 0.007363 1.782218 2850.723927
0.790426 0.005735 0.005133 0.002278 0.000113 0.188951 0.007364 1.782780 2852.232318
0.792145 0.005802 0.005157 0.002280 0.000111 0.187139 0.007366 1.783332 2853.727193
0.793897 0.005844 0.005176 0.002283 0.000109 0.185323 0.007367 1.783896 2855.083416
0.795559 0.005903 0.005198 0.002303 0.000106 0.183562 0.007369 1.784454 2856.500387
0.797186 0.005938 0.005242 0.002313 0.000105 0.181845 0.007371 1.785043 2857.278270
0.798799 0.006001 0.005273 0.002323 0.000104 0.180129 0.007372 1.785631 2858.382706
0.800376 0.006068 0.005304 0.002328 0.000101 0.178449 0.007372 1.786213 2859.244637
0.801924 0.006174 0.005320 0.002341 0.000101 0.176766 0.007373 1.786786 2860.228674
0.803489 0.006220 0.005362 0.002353 0.000100 0.175102 0.007374 1.787391 2860.975390
0.804992 0.006278 0.005423 0.002381 0.000098 0.173453 0.007375 1.788010 2863.012564
0.806464 0.006333 0.005469 0.002406 0.000097 0.171855 0.007376 1.788632 2863.711134
0.807922 0.006373 0.005526 0.002421 0.000095 0.170285 0.007377 1.789260 2864.944153
0.809339 0.006445 0.005566 0.002439 0.000095 0.168739 0.007378 1.789883 2865.753894
0.810712 0.006523 0.005611 0.002460 0.000095 0.167220 0.007379 1.790521 2866.720484
0.812076 0.006600 0.005647 0.002476 0.000095 0.165727 0.007380 1.791156 2867.025871
0.813422 0.006673 0.005693 0.002505 0.000092 0.164233 0.007381 1.791805 2868.250859
0.814764 0.006748 0.005725 0.002519 0.000089 0.162771 0.007383 1.792437 2869.145274
0.816068 0.006799 0.005771 0.002530 0.000088 0.161359 0.007384 1.793103 2869.873933
0.817312 0.006872 0.005814 0.002577 0.000090 0.159952 0.007384 1.793770 2870.291688
0.818536 0.006907 0.005869 0.002598 0.000089 0.158615 0.007385 1.794462 2871.262089
0.819806 0.006976 0.005911 0.002608 0.000089 0.157223 0.007386 1.795138 2872.044317
0.821022 0.007037 0.005975 0.002622 0.000086 0.155872 0.007387 1.795817 2872.944578
0.822190 0.007094 0.006027 0.002653 0.000086 0.154563 0.007387 1.796523 2873.498613
0.823342 0.007153 0.006044 0.002674 0.000085 0.153314 0.007389 1.797221 2874.355151
0.824436 0.007257 0.006097 0.002688 0.000085 0.152047 0.007389 1.797915 2875.350922
0.825540 0.007328 0.006173 0.002703 0.000084 0.150782 0.007390 1.798644 2875.955011
0.826593 0.007416 0.006211 0.002733 0.000084 0.149572 0.007391 1.799347 2876.564458
0.827634 0.007495 0.006269 0.002775 0.000085 0.148350 0.007392 1.800081 2877.495540
0.828737 0.007519 0.006321 0.002805 0.000085 0.147139 0.007393 1.800822 2878.064036
0.829753 0.007585 0.006389 0.002843 0.000085 0.145951 0.007394 1.801574 2878.473482
0.830732 0.007662 0.006445 0.002862 0.000086 0.144819 0.007395 1.802334 2879.298186
0.831698 0.007726 0.006509 0.002884 0.000082 0.143704 0.007396 1.803096 2880.731318
0.832638 0.007850 0.006559 0.002899 0.000080 0.142577 0.007396 1.803834 2881.634920
0.833546 0.007923 0.006644 0.002937 0.000082 0.141470 0.007397 1.804633 2882.084628
0.834415 0.008017 0.006717 0.002958 0.000081 0.140414 0.007398 1.805424 2882.578020
0.835254 0.008116 0.006764 0.002984 0.000081 0.139402 0.007398 1.806212 2883.234025
0.836122 0.008193 0.006847 0.002992 0.000080 0.138367 0.007399 1.807007 2884.330744
0.837010 0.008248 0.006928 0.003034 0.000082 0.137297 0.007401 1.807824 2884.710610
0.837830 0.008329 0.006998 0.003045 0.000079 0.136316 0.007403 1.808635 2885.651791
0.838612 0.008432 0.007043 0.003095 0.000080 0.135336 0.007403 1.809442 2885.838881
0.839409 0.008505 0.007105 0.003135 0.000080 0.134361 0.007403 1.810271 2885.975504
0.840175 0.008598 0.007196 0.003172 0.000078 0.133378 0.007404 1.811105 2886.597926
0.840915 0.008689 0.007263 0.003190 0.000079 0.132460 0.007405 1.811935 2886.926328
0.841576 0.008766 0.007349 0.003214 0.000081 0.131609 0.007405 1.812801 2887.014655
0.842306 0.008828 0.007423 0.003240 0.000081 0.130717 0.007405 1.813682 2887.536984
0.842974 0.008902 0.007497 0.003273 0.000081 0.129867 0.007406 1.814554 2887.922926
0.843616 0.009009 0.007566 0.003300 0.000081 0.129022 0.007407 1.815431 2888.441520
0.844207 0.009144 0.007643 0.003334 0.000080 0.128185 0.007407 1.816306 2889.219467
0.844802 0.009252 0.007716 0.003380 0.000079 0.127362 0.007408 1.817206 2890.093840
0.845386 0.009330 0.007803 0.003419 0.000079 0.126575 0.007408 1.818128 2890.775856
0.845931 0.009429 0.007887 0.003438 0.000079 0.125828 0.007409 1.819040 2891.514759
0.846450 0.009526 0.007972 0.003470 0.000081 0.125090 0.007409 1.819973 2892.136555
0.846977 0.009625 0.008027 0.003506 0.000078 0.124376 0.007411 1.820907 2893.019626
0.847438 0.009761 0.008111 0.003539 0.000078 0.123662 0.007412 1.821840 2893.814188
0.847931 0.009864 0.008173 0.003560 0.000077 0.122983 0.007412 1.822788 2894.120510
0.848387 0.009970 0.008237 0.003594 0.000078 0.122321 0.007413 1.823747 2894.367029
0.848844 0.010062 0.008330 0.003631 0.000080 0.121639 0.007413 1.824725 2894.509329
0.849303 0.010182 0.008389 0.003663 0.000081 0.120968 0.007414 1.825689 2894.766149
0.849715 0.010291 0.008489 0.003706 0.000082 0.120303 0.007414 1.826674 2895.308929
0.850118 0.010350 0.008596 0.003750 0.000085 0.119687 0.007414 1.827708 2896.500652
0.850494 0.010470 0.008658 0.003788 0.000087 0.119089 0.007415 1.828693 2896.867761
0.850879 0.010564 0.008745 0.003820 0.000087 0.118491 0.007415 1.829709 2897.158878
0.851246 0.010603 0.008850 0.003871 0.000085 0.117929 0.007417 1.830759 2897.817095
0.851558 0.010724 0.008944 0.003916 0.000088 0.117353 0.007417 1.831802 2898.217084
0.851878 0.010822 0.009068 0.003952 0.000087 0.116775 0.007418 1.832883 2898.941473
0.852141 0.010946 0.009158 0.004004 0.000089 0.116244 0.007418 1.833938 2899.331508
0.852438 0.011009 0.009260 0.004049 0.000090 0.115735 0.007419 1.835033 2899.666738
0.852682 0.011145 0.009332 0.004073 0.000092 0.115256 0.007420 1.836079 2900.032510
0.852944 0.011251 0.009405 0.004133 0.000096 0.114751 0.007420 1.837155 2900.612543
0.853154 0.011364 0.009499 0.004177 0.000096 0.114289 0.007421 1.838261 2901.014961
0.853371 0.011455 0.009585 0.004221 0.000101 0.113845 0.007421 1.839384 2901.193791
0.853589 0.011557 0.009658 0.004258 0.000101 0.113414 0.007423 1.840510 2901.603146
0.853786 0.011653 0.009759 0.004297 0.000100 0.112982 0.007423 1.841656 2902.061685
0.853937 0.011762 0.009862 0.004348 0.000101 0.112565 0.007424 1.842813 2902.503043
0.854040 0.011873 0.009956 0.004378 0.000102 0.112227 0.007424 1.843976 2902.742768
0.854151 0.011947 0.010048 0.004423 0.000105 0.111900 0.007425 1.845157 2902.980457
0.854275 0.012083 0.010146 0.004464 0.000109 0.111497 0.007426 1.846322 2903.354287
0.854423 0.012150 0.010258 0.004528 0.000110 0.111105 0.007427 1.847513 2903.885152
0.854573 0.012219 0.010349 0.004569 0.000109 0.110754 0.007428 1.848708 2904.156849
0.854665 0.012308 0.010444 0.004597 0.000110 0.110448 0.007428 1.849901 2904.535689
0.854731 0.012423 0.010510 0.004630 0.000111 0.110165 0.007429 1.851086 2904.868966
0.854831 0.012470 0.010643 0.004697 0.000112 0.109818 0.007430 1.852333 2905.158503
0.854893 0.012571 0.010721 0.004733 0.000114 0.109537 0.007431 1.853547 2905.542029
0.854898 0.012674 0.010813 0.004762 0.000115 0.109307 0.007432 1.854783 2906.007540
0.854905 0.012765 0.010920 0.004789 0.000116 0.109073 0.007433 1.856038 2906.388721
0.854930 0.012863 0.011004 0.004833 0.000116 0.108819 0.007434 1.857282 2906.768872
0.854980 0.012903 0.011117 0.004863 0.000115 0.108587 0.007435 1.858573 2907.337026
0.854955 0.013005 0.011232 0.004907 0.000117 0.108349 0.007436 1.859854 2907.821624
0.854941 0.013094 0.011308 0.004951 0.000117 0.108151 0.007437 1.861119 2908.092390
0.854932 0.013169 0.011368 0.005007 0.000119 0.107967 0.007438 1.862397 2908.638462
0.854901 0.013237 0.011414 0.005041 0.000124 0.107846 0.007438 1.863678 2908.818185
0.854880 0.013332 0.011434 0.005087 0.000123 0.107706 0.007439 1.864959 2909.253274
0.854831 0.013425 0.011510 0.005109 0.000124 0.107562 0.007440 1.866240 2909.598484
0.854757 0.013490 0.011580 0.005170 0.000125 0.107436 0.007441 1.867579 2910.082860
0.854725 0.013556 0.011618 0.005219 0.000127 0.107314 0.007442 1.868887 2910.846030
0.854699 0.013584 0.011716 0.005276 0.000126 0.107158 0.007442 1.870231 2911.552003
0.854612 0.013655 0.011813 0.005286 0.000127 0.107063 0.007443 1.871576 2912.037153
0.854580 0.013691 0.011888 0.005328 0.000124 0.106944 0.007445 1.872928 2913.162089
0.854527 0.013768 0.011985 0.005348 0.000124 0.106801 0.007446 1.874260 2913.620273
0.854498 0.013772 0.012059 0.005378 0.000122 0.106724 0.007447 1.875618 2914.568481
0.854430 0.013841 0.012093 0.005414 0.000124 0.106650 0.007449 1.876964 2915.049170
0.854381 0.013891 0.012127 0.005450 0.000125 0.106577 0.007450 1.878301 2915.713642
0.854271 0.013982 0.012181 0.005458 0.000123 0.106534 0.007451 1.879648 2916.325690
0.854179 0.014034 0.012277 0.005472 0.000122 0.106464 0.007452 1.881038 2916.984696
0.854101 0.014110 0.012367 0.005499 0.000123 0.106346 0.007454 1.882396 2917.510450
0.854035 0.014162 0.012393 0.005530 0.000124 0.106301 0.007456 1.883741 2918.285535
0.853932 0.014195 0.012499 0.005536 0.000125 0.106256 0.007457 1.885140 2919.103549
0.853834 0.014235 0.012580 0.005545 0.000129 0.106221 0.007457 1.886511 2919.533259
0.853716 0.014287 0.012630 0.005581 0.000131 0.106199 0.007458 1.887893 2919.926221
0.853551 0.014356 0.012696 0.005597 0.000132 0.106210 0.007458 1.889285 2920.391143
0.853430 0.014358 0.012782 0.005640 0.000130 0.106202 0.007459 1.890719 2921.218435
0.853308 0.014374 0.012833 0.005663 0.000130 0.106232 0.007460 1.892137 2921.775317
0.853189 0.014431 0.012893 0.005676 0.000131 0.106220 0.007460 1.893537 2922.264313
0.853082 0.014457 0.012942 0.005690 0.000132 0.106237 0.007461 1.894943 2922.803393
0.852992 0.014444 0.012991 0.005702 0.000133 0.106276 0.007462 1.896385 2923.143823
0.852857 0.014458 0.013057 0.005738 0.000135 0.106292 0.007463 1.897822 2923.670799
0.852715 0.014490 0.013077 0.005755 0.000134 0.106364 0.007465 1.899219 2924.467201
0.852583 0.014524 0.013117 0.005783 0.000136 0.106391 0.007466 1.900642 2925.083320
0.852499 0.014519 0.013206 0.005778 0.000139 0.106394 0.007466 1.902072 2925.500805
0.852399 0.014493 0.013285 0.005809 0.000138 0.106410 0.007466 1.903534 2926.007094
0.852265 0.014559 0.013311 0.005797 0.000138 0.106463 0.007467 1.904927 2926.591268
0.852167 0.014611 0.013346 0.005813 0.000136 0.106459 0.007468 1.906327 2927.440303
0.852074 0.014607 0.013372 0.005829 0.000137 0.106511 0.007470 1.907761 2928.026228
0.851981 0.014612 0.013457 0.005849 0.000137 0.106495 0.007471 1.909222 2928.395125
0.851887 0.014618 0.013477 0.005874 0.000137 0.106535 0.007472 1.910663 2929.738756
0.851743 0.014640 0.013502 0.005899 0.000135 0.106609 0.007473 1.912085 2930.297445
0.851633 0.014635 0.013518 0.005942 0.000138 0.106661 0.007473 1.913526 2930.921558
0.851533 0.014630 0.013548 0.005965 0.000137 0.106712 0.007475 1.914960 2931.893131
0.851404 0.014662 0.013580 0.005971 0.000138 0.106771 0.007475 1.916380 2932.392431
0.851237 0.014710 0.013561 0.005990 0.000138 0.106888 0.007477 1.917817 2932.825745
0.851145 0.014671 0.013635 0.006009 0.000137 0.106926 0.007478 1.919302 2933.647556
0.851039 0.014693 0.013640 0.006017 0.000139 0.106992 0.007480 1.920718 2934.372235
0.850962 0.014659 0.013631 0.006055 0.000142 0.107071 0.007480 1.922169 2934.887719
0.850847 0.014684 0.013638 0.006048 0.000144 0.107158 0.007481 1.923591 2935.573130
0.850743 0.014692 0.013681 0.006056 0.000146 0.107199 0.007483 1.925044 2936.219600
0.850656 0.014667 0.013718 0.006057 0.000143 0.107276 0.007484 1.926479 2937.082895
0.850589 0.014664 0.013750 0.006055 0.000143 0.107314 0.007485 1.927914 2937.733669
0.850524 0.014658 0.013745 0.006050 0.000143 0.107395 0.007486 1.929327 2938.103504
0.850444 0.014625 0.013753 0.006047 0.000143 0.107501 0.007487 1.930768 2938.735825
0.850390 0.014599 0.013757 0.006027 0.000143 0.107597 0.007488 1.932180 2939.214003
0.850279 0.014624 0.013778 0.006023 0.000141 0.107667 0.007489 1.933599 2940.450929
0.850193 0.014580 0.013806 0.006015 0.000143 0.107772 0.007491 1.935044 2941.259414
0.850104 0.014576 0.013813 0.006003 0.000143 0.107868 0.007493 1.936474 2941.861205
0.850012 0.014593 0.013824 0.005992 0.000142 0.107943 0.007494 1.937880 2942.739519
0.849947 0.014590 0.013834 0.006015 0.000141 0.107978 0.007495 1.939301 2943.456667
0.849903 0.014563 0.013872 0.006023 0.000141 0.108002 0.007496 1.940735 2944.187735
0.849886 0.014522 0.013807 0.006013 0.000145 0.108130 0.007497 1.942138 2944.952828
0.849868 0.014487 0.013825 0.006026 0.000146 0.108150 0.007498 1.943568 2945.417999
0.849852 0.014469 0.013805 0.006036 0.000145 0.108195 0.007499 1.944970 2946.021002
0.849846 0.014454 0.013798 0.006019 0.000147 0.108236 0.007500 1.946366 2946.511347
0.849818 0.014369 0.013839 0.006017 0.000146 0.108310 0.007501 1.947820 2947.257248
0.849750 0.014367 0.013867 0.005995 0.000147 0.108371 0.007502 1.949239 2947.849017
0.849720 0.014327 0.013841 0.006017 0.000148 0.108445 0.007503 1.950655 2948.289649
0.849678 0.014292 0.013802 0.006020 0.000148 0.108555 0.007505 1.952046 2949.238664
0.849630 0.014301 0.013773 0.006018 0.000147 0.108624 0.007506 1.953439 2949.938667
0.849615 0.014255 0.013761 0.006021 0.000143 0.108697 0.007508 1.954839 2951.063535
0.849613 0.014202 0.013765 0.006027 0.000144 0.108740 0.007510 1.956263 2951.860042
0.849621 0.014184 0.013730 0.006022 0.000143 0.108789 0.007511 1.957643 2952.690083
0.849579 0.014124 0.013752 0.006022 0.000146 0.108866 0.007511 1.959062 2953.129330
0.849541 0.014114 0.013737 0.006024 0.000146 0.108926 0.007512 1.960461 2953.615515
0.849529 0.014059 0.013724 0.006024 0.000146 0.109005 0.007513 1.961852 2954.137267
0.849573 0.014033 0.013686 0.006017 0.000150 0.109027 0.007515 1.963224 2955.110514
0.849586 0.014056 0.013639 0.006001 0.000150 0.109051 0.007517 1.964573 2955.851072
0.849643 0.014015 0.013599 0.005988 0.000154 0.109083 0.007519 1.965927 2956.433755
0.849641 0.013970 0.013599 0.005959 0.000156 0.109155 0.007521 1.967307 2957.064863
0.849663 0.013982 0.013591 0.005939 0.000156 0.109148 0.007522 1.968657 2957.520609
0.849672 0.013944 0.013561 0.005954 0.000154 0.109192 0.007523 1.970033 2958.469023
0.849768 0.013896 0.013566 0.005946 0.000151 0.109148 0.007524 1.971413 2958.991414
0.849794 0.013840 0.013583 0.005912 0.000150 0.109196 0.007525 1.972774 2959.629475
0.849845 0.013856 0.013578 0.005873 0.000149 0.109172 0.007526 1.974103 2959.985536
0.849887 0.013821 0.013535 0.005865 0.000150 0.109214 0.007527 1.975455 2960.670112
0.849955 0.013787 0.013520 0.005860 0.000151 0.109199 0.007529 1.976807 2961.379378
0.849974 0.013769 0.013487 0.005832 0.000151 0.109258 0.007530 1.978157 2962.115158
0.850045 0.013689 0.013478 0.005824 0.000152 0.109279 0.007532 1.979516 2962.761153
0.850073 0.013664 0.013447 0.005810 0.000152 0.109322 0.007533 1.980859 2963.264103
0.850147 0.013618 0.013435 0.005816 0.000150 0.109300 0.007534 1.982211 2963.996803
0.850191 0.013566 0.013384 0.005791 0.000149 0.109385 0.007535 1.983541 2964.742216
0.850253 0.013491 0.013384 0.005778 0.000153 0.109406 0.007536 1.984906 2965.087418
0.850356 0.013431 0.013347 0.005782 0.000155 0.109393 0.007537 1.986239 2965.718179
0.850455 0.013372 0.013312 0.005801 0.000154 0.109367 0.007539 1.987571 2966.423308
0.850531 0.013303 0.013328 0.005791 0.000156 0.109353 0.007540 1.988912 2966.938978
0.850553 0.013310 0.013300 0.005779 0.000154 0.109364 0.007541 1.990240 2967.697034
0.850629 0.013288 0.013240 0.005746 0.000160 0.109395 0.007542 1.991527 2967.936950
0.850728 0.013217 0.013218 0.005736 0.000159 0.109399 0.007543 1.992846 2968.797239
0.850891 0.013174 0.013139 0.005715 0.000160 0.109376 0.007545 1.994132 2969.591601
0.851021 0.013117 0.013095 0.005697 0.000157 0.109366 0.007546 1.995434 2970.264459
0.851144 0.013068 0.013055 0.005679 0.000154 0.109353 0.007547 1.996718 2971.481531
0.851271 0.013045 0.012971 0.005651 0.000155 0.109359 0.007548 1.997974 2972.124118
0.851382 0.013000 0.012919 0.005653 0.000157 0.109340 0.007549 1.999262 2972.965496
0.851525 0.012972 0.012859 0.005633 0.000157 0.109305 0.007550 2.000515 2973.728805
0.851642 0.012931 0.012846 0.005611 0.000159 0.109260 0.007552 2.001803 2974.384275
0.851773 0.012953 0.012769 0.005570 0.000160 0.109222 0.007552 2.003010 2974.964019
0.851948 0.012865 0.012742 0.005555 0.000163 0.109174 0.007553 2.004295 2975.204247
0.852083 0.012834 0.012697 0.005546 0.000164 0.109122 0.007553 2.005553 2975.353356
0.852227 0.012819 0.012634 0.005532 0.000165 0.109069 0.007554 2.006775 2976.241820
0.852347 0.012813 0.012603 0.005522 0.000162 0.108995 0.007557 2.008030 2977.277386
0.852497 0.012799 0.012545 0.005524 0.000163 0.108915 0.007558 2.009267 2977.766310
0.852636 0.012781 0.012490 0.005511 0.000162 0.108861 0.007559 2.010498 2978.341497
0.852776 0.012776 0.012452 0.005476 0.000163 0.108797 0.007560 2.011726 2979.211639
0.852906 0.012749 0.012446 0.005481 0.000165 0.108693 0.007560 2.012986 2979.825681
0.853028 0.012715 0.012408 0.005481 0.000165 0.108642 0.007561 2.014228 2980.628435
0.853202 0.012679 0.012366 0.005461 0.000165 0.108566 0.007562 2.015461 2981.366406
0.853368 0.012657 0.012323 0.005459 0.000163 0.108466 0.007563 2.016701 2982.336262
0.853524 0.012607 0.012306 0.005434 0.000159 0.108403 0.007566 2.017960 2983.220049
0.853684 0.012575 0.012313 0.005433 0.000160 0.108268 0.007567 2.019197 2983.872782
0.853864 0.012517 0.012329 0.005420 0.000158 0.108143 0.007569 2.020470 2984.694148
0.854012 0.012513 0.012264 0.005399 0.000158 0.108084 0.007570 2.021671 2985.181750
0.854146 0.012501 0.012247 0.005391 0.000157 0.107987 0.007571 2.022879 2986.239474
0.854297 0.012479 0.012216 0.005360 0.000154 0.107922 0.007572 2.024093 2987.257017
0.854426 0.012478 0.012203 0.005351 0.000153 0.107817 0.007573 2.025301 2987.961500
0.854585 0.012439 0.012185 0.005336 0.000153 0.107728 0.007574 2.026515 2988.816526
0.854756 0.012386 0.012166 0.005341 0.000154 0.107621 0.007575 2.027756 2989.479616
0.854881 0.012361 0.012168 0.005331 0.000152 0.107530 0.007577 2.028987 2990.209933
0.855077 0.012324 0.012180 0.005309 0.000155 0.107378 0.007577 2.030216 2990.726409
0.855302 0.012272 0.012139 0.005318 0.000154 0.107238 0.007579 2.031439 2991.484790
0.855433 0.012272 0.012095 0.005283 0.000156 0.107181 0.007580 2.032616 2991.957125
0.855597 0.012237 0.012063 0.005250 0.000157 0.107116 0.007580 2.033822 2992.722977
0.855800 0.012150 0.012075 0.005239 0.000158 0.106998 0.007581 2.035048 2993.601439
0.855955 0.012145 0.012034 0.005237 0.000161 0.106887 0.007582 2.036238 2994.187957
0.856132 0.012145 0.012009 0.005227 0.000160 0.106745 0.007583 2.037443 2994.996221
0.856336 0.012119 0.011977 0.005192 0.000162 0.106630 0.007584 2.038613 2995.510483
0.856489 0.012086 0.011949 0.005208 0.000163 0.106520 0.007585 2.039816 2996.296211
0.856674 0.012041 0.011928 0.005195 0.000163 0.106415 0.007586 2.040997 2997.004382
0.856844 0.012032 0.011895 0.005178 0.000164 0.106301 0.007586 2.042171 2997.928492
0.857059 0.011955 0.011888 0.005184 0.000162 0.106165 0.007588 2.043376 2999.140957
0.857235 0.011938 0.011849 0.005169 0.000161 0.106059 0.007589 2.044546 3000.091095
0.857416 0.011919 0.011817 0.005151 0.000158 0.105949 0.007591 2.045720 3001.089586
0.857634 0.011922 0.011757 0.005129 0.000155 0.105812 0.007591 2.046858 3002.248290
0.857838 0.011898 0.011746 0.005114 0.000154 0.105658 0.007592 2.048029 3003.023890
0.858045 0.011881 0.011723 0.005094 0.000155 0.105509 0.007593 2.049183 3004.264015
0.858200 0.011887 0.011674 0.005090 0.000155 0.105400 0.007595 2.050341 3005.155233
0.858331 0.011897 0.011682 0.005078 0.000155 0.105260 0.007597 2.051509 3006.111573
0.858527 0.011886 0.011637 0.005080 0.000157 0.105116 0.007598 2.052660 3006.915127
0.858655 0.011912 0.011631 0.005072 0.000154 0.104977 0.007600 2.053812 3007.950096
0.858811 0.011890 0.011602 0.005071 0.000153 0.104872 0.007601 2.054991 3009.067275
0.858992 0.011880 0.011577 0.005063 0.000152 0.104735 0.007603 2.056144 3009.972301
0.859184 0.011848 0.011566 0.005047 0.000150 0.104601 0.007604 2.057318 3011.122955
0.859313 0.011864 0.011529 0.005028 0.000151 0.104510 0.007605 2.058476 3011.970564
0.859482 0.011852 0.011525 0.005008 0.000152 0.104376 0.007607 2.059636 3012.408724
0.859639 0.011816 0.011504 0.004992 0.000153 0.104289 0.007608 2.060801 3012.790004
0.859808 0.011779 0.011486 0.004997 0.000154 0.104169 0.007608 2.061985 3013.476840
0.859931 0.011784 0.011484 0.005004 0.000154 0.104035 0.007609 2.063145 3014.274069
0.860072 0.011795 0.011444 0.005004 0.000153 0.103923 0.007610 2.064285 3014.865744
0.860181 0.011784 0.011449 0.005016 0.000150 0.103809 0.007611 2.065441 3016.003833
0.860347 0.011775 0.011431 0.004997 0.000149 0.103691 0.007612 2.066594 3016.659198
0.860430 0.011794 0.011422 0.005015 0.000146 0.103580 0.007613 2.067753 3017.278076
0.860527 0.011842 0.011403 0.005042 0.000143 0.103429 0.007614 2.068906 3018.296200
0.860703 0.011800 0.011361 0.005037 0.000142 0.103343 0.007615 2.070066 3019.119887
0.860812 0.011828 0.011352 0.005044 0.000141 0.103207 0.007616 2.071202 3019.496605
0.860975 0.011821 0.011351 0.005021 0.000144 0.103072 0.007617 2.072365 3020.049099
0.861100 0.011798 0.011326 0.005021 0.000143 0.102994 0.007619 2.073537 3021.078417
0.861218 0.011777 0.011294 0.005021 0.000144 0.102925 0.007620 2.074707 3021.987103
0.861342 0.011794 0.011252 0.005011 0.000144 0.102835 0.007622 2.075833 3022.824971
0.861464 0.011817 0.011238 0.004985 0.000141 0.102731 0.007624 2.076977 3024.000266
0.861612 0.011819 0.011232 0.004978 0.000141 0.102594 0.007626 2.078127 3024.724602
0.861709 0.011835 0.011263 0.004963 0.000141 0.102461 0.007628 2.079301 3025.606269
0.861803 0.011822 0.011266 0.004966 0.000140 0.102374 0.007629 2.080481 3026.186820
0.861947 0.011800 0.011274 0.004949 0.000141 0.102259 0.007631 2.081634 3027.043802
0.862079 0.011811 0.011243 0.004940 0.000137 0.102158 0.007632 2.082777 3028.309544
0.862217 0.011801 0.011223 0.004924 0.000136 0.102066 0.007633 2.083925 3029.175582
0.862316 0.011779 0.011232 0.004934 0.000138 0.101967 0.007635 2.085097 3029.609608
0.862405 0.011790 0.011216 0.004915 0.000143 0.101895 0.007635 2.086236 3029.894026
0.862549 0.011723 0.011238 0.004942 0.000144 0.101768 0.007636 2.087422 3030.487981
0.862691 0.011678 0.011243 0.004938 0.000145 0.101668 0.007637 2.088580 3031.022071
0.862784 0.011675 0.011233 0.004945 0.000144 0.101583 0.007638 2.089741 3031.816364
0.862920 0.011702 0.011236 0.004936 0.000141 0.101425 0.007639 2.090867 3032.393561
0.863043 0.011710 0.011205 0.004947 0.000142 0.101312 0.007641 2.091994 3033.100738
0.863137 0.011751 0.011227 0.004942 0.000143 0.101159 0.007642 2.093134 3033.721648
0.863215 0.011751 0.011232 0.004955 0.000142 0.101062 0.007644 2.094307 3034.319050
0.863334 0.011719 0.011277 0.004959 0.000142 0.100925 0.007644 2.095501 3034.940669
0.863486 0.011704 0.011255 0.004940 0.000145 0.100824 0.007645 2.096650 3035.539612
0.863594 0.011703 0.011237 0.004951 0.000145 0.100724 0.007646 2.097809 3036.441705
0.863665 0.011740 0.011223 0.004942 0.000144 0.100640 0.007647 2.098952 3037.232691
0.863794 0.011702 0.011225 0.004947 0.000142 0.100541 0.007649 2.100114 3038.236223
0.863892 0.011710 0.011244 0.004961 0.000141 0.100403 0.007650 2.101271 3038.998583
0.863999 0.011714 0.011222 0.004948 0.000141 0.100326 0.007651 2.102399 3039.568131
0.864141 0.011723 0.011229 0.004931 0.000138 0.100187 0.007652 2.103544 3040.403780
0.864222 0.011736 0.011275 0.004921 0.000137 0.100055 0.007654 2.104693 3041.786688
0.864344 0.011700 0.011296 0.004934 0.000136 0.099935 0.007656 2.105869 3042.608543
0.864428 0.011687 0.011302 0.004952 0.000136 0.099837 0.007657 2.107029 3042.817280
0.864490 0.011699 0.011272 0.004951 0.000136 0.099795 0.007658 2.108166 3043.479972
0.864588 0.011705 0.011256 0.004942 0.000137 0.099713 0.007660 2.109301 3044.075229
0.864706 0.011670 0.011300 0.004945 0.000135 0.099583 0.007661 2.110475 3044.918195
0.864837 0.011657 0.011271 0.004943 0.000134 0.099496 0.007663 2.111615 3045.850588
0.864907 0.011637 0.011296 0.004949 0.000135 0.099414 0.007663 2.112800 3046.344576
0.865030 0.011631 0.011281 0.004945 0.000134 0.099314 0.007665 2.113958 3046.858943
0.865136 0.011628 0.011275 0.004941 0.000139 0.099216 0.007666 2.115105 3047.173542
0.865250 0.011635 0.011260 0.004919 0.000137 0.099132 0.007667 2.116245 3048.447159
0.865341 0.011639 0.011244 0.004929 0.000140 0.099039 0.007668 2.117395 3049.020179
0.865405 0.011651 0.011217 0.004928 0.000141 0.098989 0.007669 2.118529 3049.532990
0.865511 0.011611 0.011268 0.004931 0.000141 0.098868 0.007670 2.119691 3050.423468
0.865592 0.011639 0.011272 0.004924 0.000139 0.098763 0.007670 2.120833 3051.260189
0.865632 0.011685 0.011288 0.004932 0.000141 0.098652 0.007670 2.121968 3051.688127
0.865698 0.011691 0.011271 0.004917 0.000140 0.098612 0.007671 2.123095 3052.165862
0.865775 0.011732 0.011246 0.004904 0.000141 0.098529 0.007672 2.124224 3052.893530
0.865841 0.011723 0.011237 0.004893 0.000143 0.098491 0.007673 2.125386 3053.230878
0.865923 0.011732 0.011252 0.004882 0.000142 0.098397 0.007674 2.126521 3053.824993
0.866004 0.011699 0.011283 0.004913 0.000141 0.098285 0.007674 2.127712 3054.448731
0.866105 0.011663 0.011294 0.004909 0.000143 0.098212 0.007675 2.128881 3055.248493
0.866207 0.011700 0.011269 0.004914 0.000145 0.098089 0.007676 2.129999 3055.701736
0.866260 0.011744 0.011256 0.004891 0.000145 0.098028 0.007676 2.131128 3056.309172
0.866330 0.011738 0.011262 0.004917 0.000145 0.097933 0.007676 2.132291 3056.640046
0.866390 0.011736 0.011276 0.004912 0.000144 0.097864 0.007677 2.133457 3057.648536
0.866468 0.011730 0.011295 0.004872 0.000144 0.097812 0.007678 2.134610 3058.526209
0.866479 0.011766 0.011279 0.004887 0.000144 0.097766 0.007679 2.135761 3059.364093
0.866530 0.011758 0.011297 0.004898 0.000144 0.097694 0.007680 2.136950 3059.892424
0.866585 0.011756 0.011304 0.004895 0.000142 0.097637 0.007681 2.138116 3060.590862
0.866662 0.011768 0.011266 0.004903 0.000143 0.097576 0.007682 2.139240 3061.844071
0.866704 0.011785 0.011275 0.004878 0.000140 0.097535 0.007683 2.140396 3062.910265
0.866784 0.011795 0.011240 0.004853 0.000139 0.097504 0.007684 2.141534 3063.682278
0.866846 0.011821 0.011253 0.004853 0.000138 0.097404 0.007686 2.142673 3064.553400
0.866872 0.011835 0.011290 0.004856 0.000138 0.097323 0.007686 2.143840 3065.581154
0.866936 0.011866 0.011274 0.004856 0.000139 0.097241 0.007687 2.144969 3066.234454
0.866991 0.011852 0.011306 0.004864 0.000138 0.097160 0.007689 2.146148 3067.354836
0.867027 0.011862 0.011323 0.004879 0.000136 0.097083 0.007690 2.147316 3068.144292
0.867058 0.011860 0.011350 0.004888 0.000135 0.097018 0.007691 2.148480 3068.981131
0.867112 0.011908 0.011307 0.004904 0.000133 0.096944 0.007692 2.149630 3069.436204
0.867203 0.011891 0.011298 0.004899 0.000132 0.096885 0.007693 2.150801 3070.565143
0.867264 0.011869 0.011319 0.004910 0.000131 0.096813 0.007694 2.151974 3071.366766
0.867300 0.011899 0.011306 0.004906 0.000133 0.096763 0.007694 2.153122 3071.685424
0.867308 0.011915 0.011295 0.004919 0.000133 0.096736 0.007695 2.154281 3072.378165
0.867368 0.011905 0.011301 0.004946 0.000132 0.096652 0.007696 2.155466 3072.946366
0.867436 0.011886 0.011290 0.004949 0.000132 0.096611 0.007697 2.156650 3073.825271
0.867447 0.011909 0.011286 0.004955 0.000132 0.096574 0.007698 2.157823 3074.832348
0.867466 0.011912 0.011297 0.004952 0.000132 0.096542 0.007699 2.158996 3075.270214
0.867493 0.011933 0.011293 0.004947 0.000133 0.096502 0.007700 2.160182 3075.848571
0.867533 0.011937 0.011296 0.004928 0.000131 0.096475 0.007702 2.161341 3076.604290
0.867543 0.011935 0.011330 0.004918 0.000129 0.096442 0.007703 2.162528 3077.319862
0.867592 0.011957 0.011309 0.004935 0.000129 0.096374 0.007703 2.163675 3077.908078
0.867568 0.012017 0.011321 0.004948 0.000130 0.096312 0.007704 2.164830 3078.369349
0.867627 0.012024 0.011330 0.004963 0.000129 0.096222 0.007705 2.165995 3079.351246
0.867675 0.012027 0.011322 0.004970 0.000129 0.096171 0.007706 2.167160 3079.884075
0.867682 0.012060 0.011292 0.004992 0.000129 0.096137 0.007707 2.168325 3080.870169
0.867712 0.012057 0.011321 0.004999 0.000128 0.096076 0.007708 2.169515 3081.507003
0.867705 0.012064 0.011345 0.004997 0.000129 0.096052 0.007709 2.170686 3082.261601
0.867758 0.012041 0.011328 0.004987 0.000128 0.096048 0.007709 2.171856 3083.320094
0.867751 0.012088 0.011330 0.004966 0.000129 0.096026 0.007710 2.173014 3083.783489
0.867712 0.012087 0.011367 0.004975 0.000130 0.096018 0.007712 2.174211 3084.184829
0.867748 0.012069 0.011395 0.004982 0.000130 0.095965 0.007712 2.175391 3084.641203
0.867750 0.012038 0.011411 0.004997 0.000130 0.095961 0.007713 2.176600 3085.007189
0.867762 0.011972 0.011454 0.005023 0.000130 0.095945 0.007714 2.177845 3085.713878
0.867751 0.012001 0.011448 0.005016 0.000131 0.095939 0.007715 2.179011 3086.682399
0.867757 0.012011 0.011451 0.005006 0.000134 0.095926 0.007715 2.180192 3087.136323
0.867701 0.012067 0.011472 0.004995 0.000133 0.095916 0.007716 2.181361 3087.851335
0.867748 0.012072 0.011476 0.004991 0.000132 0.095865 0.007717 2.182533 3088.465956
0.867741 0.012136 0.011453 0.004996 0.000133 0.095824 0.007718 2.183693 3089.325193
0.867739 0.012105 0.011466 0.005008 0.000132 0.095831 0.007719 2.184908 3089.876658
0.867741 0.012124 0.011472 0.004998 0.000131 0.095815 0.007719 2.186091 3090.838966
0.867717 0.012163 0.011463 0.005005 0.000134 0.095798 0.007720 2.187286 3091.390403
0.867700 0.012149 0.011499 0.005018 0.000135 0.095778 0.007721 2.188516 3091.813318
0.867673 0.012168 0.011534 0.005009 0.000135 0.095759 0.007722 2.189713 3092.343756
0.867664 0.012167 0.011539 0.004998 0.000136 0.095772 0.007724 2.190898 3092.854221
0.867656 0.012170 0.011559 0.005024 0.000136 0.095730 0.007725 2.192087 3093.639239
0.867650 0.012196 0.011579 0.005024 0.000138 0.095688 0.007726 2.193279 3094.116051
0.867634 0.012253 0.011585 0.005012 0.000139 0.095650 0.007727 2.194452 3094.919600
0.867618 0.012276 0.011589 0.005035 0.000139 0.095614 0.007729 2.195648 3096.056819
0.867583 0.012287 0.011609 0.005022 0.000139 0.095631 0.007729 2.196846 3096.500186
0.867519 0.012311 0.011630 0.005032 0.000139 0.095639 0.007730 2.198061 3096.971492
0.867485 0.012298 0.011656 0.005041 0.000140 0.095650 0.007731 2.199267 3098.009255
0.867476 0.012324 0.011666 0.005023 0.000139 0.095641 0.007732 2.200465 3098.657316
0.867475 0.012318 0.011665 0.005021 0.000137 0.095651 0.007733 2.201678 3099.259016
0.867458 0.012325 0.011686 0.005034 0.000142 0.095621 0.007733 2.202903 3099.864133
0.867431 0.012361 0.011704 0.005032 0.000144 0.095594 0.007734 2.204105 3100.732600
0.867378 0.012362 0.011730 0.005061 0.000142 0.095591 0.007735 2.205321 3101.546417
0.867345 0.012355 0.011722 0.005045 0.000143 0.095655 0.007736 2.206541 3102.114292
0.867332 0.012346 0.011724 0.005061 0.000142 0.095658 0.007737 2.207743 3102.926784
0.867323 0.012323 0.011754 0.005067 0.000142 0.095652 0.007738 2.208977 3103.521754
0.867346 0.012306 0.011751 0.005065 0.000142 0.095651 0.007739 2.210173 3104.232056
0.867328 0.012318 0.011733 0.005098 0.000142 0.095642 0.007739 2.211375 3104.606986
0.867304 0.012309 0.011720 0.005120 0.000140 0.095667 0.007741 2.212603 3105.203979
0.867253 0.012369 0.011695 0.005115 0.000140 0.095687 0.007741 2.213798 3105.685709
0.867259 0.012342 0.011732 0.005100 0.000138 0.095687 0.007743 2.215026 3106.621853
0.867270 0.012342 0.011765 0.005103 0.000139 0.095639 0.007743 2.216254 3107.224194
0.867254 0.012307 0.011793 0.005129 0.000142 0.095632 0.007744 2.217493 3107.789136
0.867228 0.012319 0.011763 0.005134 0.000143 0.095669 0.007744 2.218695 3108.065536
0.867198 0.012327 0.011771 0.005146 0.000144 0.095669 0.007745 2.219909 3108.575428
0.867198 0.012315 0.011822 0.005147 0.000145 0.095628 0.007746 2.221146 3109.331856
0.867163 0.012343 0.011838 0.005141 0.000142 0.095626 0.007747 2.222350 3110.137783
0.867129 0.012369 0.011822 0.005127 0.000143 0.095663 0.007748 2.223554 3110.936474
0.867138 0.012353 0.011817 0.005141 0.000142 0.095659 0.007749 2.224784 3111.441546
0.867058 0.012392 0.011799 0.005147 0.000141 0.095712 0.007750 2.225988 3112.253537
0.866996 0.012388 0.011817 0.005150 0.000143 0.095755 0.007751 2.227223 3112.794030
0.867002 0.012404 0.011805 0.005131 0.000143 0.095764 0.007751 2.228404 3113.452440
0.867000 0.012389 0.011807 0.005147 0.000142 0.095763 0.007753 2.229620 3114.174409
0.866998 0.012376 0.011822 0.005151 0.000140 0.095758 0.007755 2.230843 3114.865055
0.866980 0.012380 0.011839 0.005147 0.000142 0.095759 0.007755 2.232063 3115.589991
0.867034 0.012325 0.011883 0.005143 0.000143 0.095717 0.007756 2.233292 3116.436996
0.866975 0.012405 0.011877 0.005133 0.000147 0.095707 0.007756 2.234469 3116.933992
0.866915 0.012434 0.011874 0.005127 0.000149 0.095743 0.007758 2.235694 3117.552086
0.866864 0.012415 0.011895 0.005166 0.000149 0.095752 0.007760 2.236948 3118.313411
0.866843 0.012372 0.011915 0.005192 0.000145 0.095771 0.007761 2.238196 3119.209407
0.866857 0.012362 0.011935 0.005193 0.000143 0.095750 0.007761 2.239429 3119.771451
0.866899 0.012348 0.011934 0.005174 0.000144 0.095740 0.007762 2.240637 3120.365098
0.866893 0.012340 0.011907 0.005173 0.000145 0.095781 0.007762 2.241842 3120.955367
0.866814 0.012355 0.011949 0.005166 0.000145 0.095809 0.007763 2.243066 3121.905917
0.866778 0.012360 0.011934 0.005183 0.000143 0.095837 0.007764 2.244289 3122.752470
0.866784 0.012376 0.011931 0.005173 0.000142 0.095829 0.007765 2.245493 3123.562603
0.866761 0.012387 0.011964 0.005166 0.000142 0.095814 0.007765 2.246714 3124.373193
0.866725 0.012404 0.011962 0.005171 0.000143 0.095829 0.007766 2.247922 3124.900463
0.866700 0.012379 0.011971 0.005181 0.000141 0.095862 0.007767 2.249168 3125.711629
0.866673 0.012346 0.011977 0.005212 0.000141 0.095884 0.007768 2.250410 3126.398594
0.866697 0.012333 0.011972 0.005216 0.000142 0.095872 0.007768 2.251618 3126.726647
0.866630 0.012378 0.011946 0.005206 0.000145 0.095928 0.007769 2.252812 3127.057502
0.866580 0.012400 0.011959 0.005192 0.000142 0.095956 0.007770 2.254025 3128.063445
0.866566 0.012393 0.011966 0.005193 0.000142 0.095969 0.007771 2.255249 3129.051471
0.866529 0.012417 0.011959 0.005176 0.000144 0.096003 0.007772 2.256460 3129.526207
0.866462 0.012459 0.011937 0.005200 0.000142 0.096026 0.007773 2.257661 3130.231501
0.866431 0.012433 0.011954 0.005201 0.000144 0.096065 0.007773 2.258904 3130.817218
0.866407 0.012441 0.011971 0.005190 0.000142 0.096074 0.007775 2.260114 3132.326707
0.866374 0.012467 0.011962 0.005187 0.000142 0.096090 0.007777 2.261322 3133.241912
0.866357 0.012452 0.011949 0.005186 0.000139 0.096139 0.007778 2.262549 3134.116730
0.866301 0.012494 0.011927 0.005209 0.000140 0.096150 0.007779 2.263753 3134.876820
0.866302 0.012525 0.011885 0.005209 0.000143 0.096156 0.007780 2.264944 3135.806076
0.866343 0.012501 0.011858 0.005208 0.000142 0.096164 0.007783 2.266164 3136.535787
0.866338 0.012443 0.011884 0.005223 0.000141 0.096187 0.007784 2.267421 3137.221736
0.866301 0.012443 0.011916 0.005236 0.000142 0.096178 0.007785 2.268664 3138.116046
0.866291 0.012443 0.011920 0.005230 0.000142 0.096188 0.007786 2.269892 3138.992076
0.866248 0.012428 0.011913 0.005220 0.000144 0.096260 0.007786 2.271129 3139.689336
0.866221 0.012427 0.011942 0.005187 0.000145 0.096291 0.007788 2.272366 3140.746491
0.866180 0.012465 0.011930 0.005201 0.000144 0.096291 0.007788 2.273576 3141.091070
0.866144 0.012481 0.011926 0.005192 0.000147 0.096321 0.007789 2.274793 3141.667659
0.866077 0.012498 0.011938 0.005193 0.000145 0.096359 0.007790 2.276015 3142.611553
0.866071 0.012458 0.011949 0.005180 0.000144 0.096407 0.007792 2.277255 3143.386357
0.866027 0.012498 0.011948 0.005188 0.000144 0.096403 0.007793 2.278465 3144.015953
0.865948 0.012554 0.011917 0.005181 0.000145 0.096459 0.007794 2.279670 3144.609964
0.865931 0.012553 0.011934 0.005172 0.000145 0.096470 0.007795 2.280909 3145.248366
0.865951 0.012539 0.011921 0.005181 0.000144 0.096468 0.007796 2.282127 3145.650814
0.865939 0.012560 0.011882 0.005172 0.000146 0.096504 0.007797 2.283326 3146.152649
0.865895 0.012551 0.011895 0.005176 0.000146 0.096538 0.007798 2.284564 3147.091419
0.865875 0.012570 0.011898 0.005168 0.000146 0.096543 0.007799 2.285771 3147.817864
0.865842 0.012553 0.011924 0.005150 0.000145 0.096586 0.007800 2.287023 3148.485213
0.865835 0.012586 0.011922 0.005139 0.000148 0.096570 0.007800 2.288221 3148.961697
0.865848 0.012583 0.011897 0.005139 0.000149 0.096584 0.007801 2.289444 3149.794495
0.865823 0.012595 0.011886 0.005148 0.000148 0.096598 0.007802 2.290666 3150.519567
0.865807 0.012594 0.011904 0.005161 0.000149 0.096582 0.007803 2.291890 3151.141524
0.865772 0.012606 0.011907 0.005174 0.000151 0.096586 0.007804 2.293118 3151.822990
0.865755 0.012573 0.011914 0.005180 0.000151 0.096625 0.007804 2.294356 3152.252821
0.865725 0.012577 0.011898 0.005198 0.000148 0.096649 0.007805 2.295588 3153.172881
0.865715 0.012580 0.011858 0.005218 0.000149 0.096674 0.007805 2.296802 3153.733847
0.865669 0.012559 0.011896 0.005202 0.000150 0.096718 0.007806 2.298066 3154.126408
0.865679 0.012542 0.011924 0.005202 0.000148 0.096697 0.007807 2.299297 3154.994015
0.865624 0.012545 0.011909 0.005218 0.000151 0.096745 0.007808 2.300534 3155.723003
0.865578 0.012551 0.011904 0.005239 0.000150 0.096769 0.007810 2.301773 3156.372773
0.865554 0.012519 0.011949 0.005235 0.000148 0.096783 0.007811 2.303038 3157.270224
0.865505 0.012558 0.011945 0.005235 0.000148 0.096796 0.007813 2.304264 3157.875960
0.865494 0.012590 0.011941 0.005247 0.000147 0.096768 0.007814 2.305492 3158.584711
0.865437 0.012602 0.011953 0.005249 0.000146 0.096798 0.007814 2.306724 3159.412668
0.865420 0.012587 0.011967 0.005264 0.000144 0.096804 0.007815 2.307971 3160.178088
0.865382 0.012598 0.011993 0.005263 0.000143 0.096803 0.007817 2.309195 3160.793589
0.865372 0.012598 0.011963 0.005259 0.000140 0.096850 0.007819 2.310411 3161.807216
0.865356 0.012615 0.011937 0.005253 0.000141 0.096879 0.007820 2.311629 3162.471096
0.865332 0.012606 0.011953 0.005247 0.000140 0.096901 0.007821 2.312876 3163.056490
0.865289 0.012595 0.011980 0.005257 0.000141 0.096916 0.007822 2.314119 3163.926361
0.865246 0.012574 0.011959 0.005275 0.000142 0.096981 0.007822 2.315366 3164.271135
0.865237 0.012557 0.011992 0.005304 0.000140 0.096946 0.007824 2.316637 3165.171132
0.865220 0.012567 0.011984 0.005291 0.000141 0.096972 0.007825 2.317850 3165.632179
0.865202 0.012603 0.011992 0.005278 0.000144 0.096954 0.007827 2.319064 3166.243470
0.865191 0.012580 0.012007 0.005296 0.000143 0.096956 0.007827 2.320314 3167.046081
0.865174 0.012589 0.011999 0.005282 0.000143 0.096985 0.007827 2.321522 3167.580913
0.865150 0.012611 0.011992 0.005284 0.000144 0.096992 0.007829 2.322745 3168.368071
0.865134 0.012610 0.011979 0.005299 0.000146 0.097002 0.007829 2.323973 3169.190095
0.865100 0.012596 0.011993 0.005303 0.000147 0.097031 0.007830 2.325217 3169.936878
0.865112 0.012567 0.011998 0.005315 0.000147 0.097030 0.007831 2.326491 3170.490375
0.865110 0.012574 0.011943 0.005302 0.000148 0.097092 0.007831 2.327712 3171.508085
0.865081 0.012574 0.011913 0.005300 0.000151 0.097149 0.007832 2.328944 3171.918189
0.865032 0.012625 0.011884 0.005296 0.000154 0.097177 0.007832 2.330152 3172.728982
0.865017 0.012633 0.011874 0.005297 0.000150 0.097194 0.007835 2.331356 3174.008318
0.865008 0.012622 0.011877 0.005291 0.000150 0.097217 0.007836 2.332587 3174.463497
0.865013 0.012605 0.011901 0.005269 0.000149 0.097226 0.007837 2.333820 3175.293589
0.864980 0.012609 0.011924 0.005286 0.000149 0.097216 0.007837 2.335048 3176.157081
0.865008 0.012533 0.011927 0.005306 0.000151 0.097237 0.007837 2.336296 3176.789021
0.865008 0.012526 0.011955 0.005323 0.000149 0.097201 0.007838 2.337523 3177.623639
0.865013 0.012527 0.011948 0.005320 0.000148 0.097205 0.007839 2.338740 3178.373434
0.864989 0.012511 0.011960 0.005309 0.000150 0.097241 0.007839 2.339979 3178.857534
0.864960 0.012461 0.011979 0.005314 0.000151 0.097294 0.007840 2.341258 3179.620579
0.864933 0.012479 0.011975 0.005308 0.000153 0.097310 0.007841 2.342477 3180.268587
0.864931 0.012489 0.011987 0.005293 0.000154 0.097304 0.007842 2.343693 3180.605002
0.864910 0.012480 0.012021 0.005273 0.000155 0.097318 0.007843 2.344936 3181.274041
0.864922 0.012484 0.012015 0.005264 0.000155 0.097316 0.007844 2.346156 3181.933091
0.864927 0.012500 0.011994 0.005249 0.000155 0.097330 0.007846 2.347367 3182.731498
0.864974 0.012442 0.012019 0.005244 0.000152 0.097322 0.007847 2.348606 3183.413946
0.864991 0.012445 0.012007 0.005239 0.000151 0.097318 0.007849 2.349830 3184.271524
0.865001 0.012448 0.012005 0.005220 0.000152 0.097326 0.007850 2.351037 3184.820366
0.864994 0.012419 0.012005 0.005220 0.000150 0.097360 0.007851 2.352260 3186.032414
0.864983 0.012423 0.012018 0.005201 0.000147 0.097376 0.007853 2.353472 3187.125625
0.865000 0.012407 0.012005 0.005183 0.000146 0.097406 0.007853 2.354699 3187.628595
0.864969 0.012422 0.012029 0.005183 0.000145 0.097398 0.007855 2.355917 3188.342718
0.864920 0.012430 0.012041 0.005189 0.000144 0.097420 0.007856 2.357149 3189.123870
0.864907 0.012427 0.012033 0.005187 0.000145 0.097443 0.007858 2.358377 3189.724122
0.864928 0.012408 0.012070 0.005161 0.000145 0.097429 0.007859 2.359595 3190.415695
0.864907 0.012436 0.012040 0.005165 0.000145 0.097447 0.007860 2.360815 3191.514417
0.864901 0.012429 0.012058 0.005168 0.000145 0.097438 0.007861 2.362033 3192.140373
0.864902 0.012400 0.012030 0.005188 0.000144 0.097473 0.007863 2.363258 3192.883585
0.864927 0.012354 0.012067 0.005185 0.000145 0.097457 0.007864 2.364494 3193.860280
0.864930 0.012371 0.012038 0.005180 0.000144 0.097471 0.007865 2.365698 3194.783932
0.864931 0.012351 0.012034 0.005198 0.000142 0.097478 0.007866 2.366936 3195.471495
0.864924 0.012362 0.012018 0.005187 0.000141 0.097501 0.007867 2.368131 3196.069906
0.864950 0.012335 0.011992 0.005203 0.000142 0.097510 0.007868 2.369356 3196.373403
0.864929 0.012381 0.011968 0.005195 0.000142 0.097516 0.007868 2.370543 3196.896776
0.864958 0.012394 0.011943 0.005182 0.000140 0.097515 0.007869 2.371752 3198.323460
0.864970 0.012333 0.011959 0.005198 0.000140 0.097530 0.007869 2.373008 3199.206157
0.865027 0.012300 0.011953 0.005193 0.000141 0.097516 0.007870 2.374236 3199.799167
0.865034 0.012324 0.011935 0.005176 0.000141 0.097520 0.007870 2.375425 3200.587693
0.865039 0.012327 0.011946 0.005180 0.000141 0.097498 0.007871 2.376640 3201.473405
0.865043 0.012340 0.011918 0.005180 0.000141 0.097506 0.007872 2.377838 3202.082340
0.865052 0.012359 0.011886 0.005163 0.000141 0.097526 0.007874 2.379024 3202.542898
0.865089 0.012367 0.011894 0.005115 0.000140 0.097520 0.007875 2.380223 3203.659804
0.865053 0.012384 0.011880 0.005133 0.000138 0.097534 0.007876 2.381441 3204.461125
0.865092 0.012379 0.011856 0.005146 0.000138 0.097512 0.007877 2.382657 3205.139824
0.865129 0.012383 0.011830 0.005144 0.000138 0.097498 0.007878 2.383866 3205.588798
0.865153 0.012369 0.011845 0.005147 0.000140 0.097466 0.007880 2.385101 3206.177375
0.865143 0.012397 0.011830 0.005154 0.000140 0.097455 0.007881 2.386311 3207.140523
0.865185 0.012423 0.011822 0.005164 0.000143 0.097381 0.007881 2.387500 3207.633108
0.865201 0.012419 0.011797 0.005160 0.000142 0.097397 0.007883 2.388714 3208.693909
0.865158 0.012432 0.011800 0.005150 0.000143 0.097433 0.007883 2.389928 3209.585906
0.865149 0.012461 0.011798 0.005124 0.000144 0.097440 0.007884 2.391129 3210.203839
0.865215 0.012422 0.011811 0.005111 0.000146 0.097410 0.007884 2.392351 3210.601522
0.865208 0.012376 0.011829 0.005141 0.000144 0.097416 0.007886 2.393604 3211.278282
0.865209 0.012374 0.011827 0.005145 0.000145 0.097413 0.007887 2.394818 3211.939539
0.865204 0.012376 0.011811 0.005156 0.000147 0.097419 0.007887 2.396029 3212.569518
0.865248 0.012365 0.011780 0.005141 0.000146 0.097431 0.007889 2.397235 3213.454027
0.865284 0.012355 0.011752 0.005155 0.000143 0.097420 0.007891 2.398450 3214.459445
0.865262 0.012367 0.011760 0.005170 0.000144 0.097406 0.007892 2.399663 3215.000631
0.865251 0.012372 0.011780 0.005159 0.000144 0.097401 0.007892 2.400881 3215.566401
0.865262 0.012349 0.011783 0.005179 0.000145 0.097390 0.007893 2.402103 3216.293388
0.865325 0.012358 0.011779 0.005183 0.000144 0.097315 0.007895 2.403287 3217.432958
0.865320 0.012374 0.011770 0.005174 0.000143 0.097323 0.007896 2.404488 3218.086235
0.865315 0.012368 0.011756 0.005165 0.000144 0.097354 0.007897 2.405702 3218.719036
0.865371 0.012373 0.011748 0.005145 0.000143 0.097321 0.007898 2.406897 3219.708267
0.865361 0.012409 0.011736 0.005146 0.000143 0.097304 0.007899 2.408096 3220.520802
0.865412 0.012380 0.011724 0.005143 0.000143 0.097298 0.007900 2.409300 3221.144223
0.865412 0.012392 0.011695 0.005168 0.000146 0.097286 0.007901 2.410503 3221.825236
0.865455 0.012349 0.011719 0.005152 0.000147 0.097277 0.007901 2.411717 3222.371987
0.865490 0.012323 0.011698 0.005108 0.000147 0.097331 0.007902 2.412910 3223.030823
0.865505 0.012316 0.011703 0.005097 0.000148 0.097328 0.007904 2.414112 3223.590893
0.865493 0.012307 0.011730 0.005083 0.000147 0.097335 0.007905 2.415342 3224.173257
0.865506 0.012316 0.011726 0.005064 0.000144 0.097338 0.007906 2.416540 3225.316027
0.865544 0.012295 0.011694 0.005079 0.000140 0.097341 0.007908 2.417743 3226.464714
0.865547 0.012312 0.011707 0.005098 0.000140 0.097288 0.007909 2.418943 3227.174155
0.865557 0.012308 0.011691 0.005103 0.000139 0.097291 0.007910 2.420131 3228.052862
0.865591 0.012291 0.011701 0.005129 0.000138 0.097239 0.007911 2.421326 3228.510106
0.865634 0.012279 0.011687 0.005127 0.000139 0.097222 0.007912 2.422524 3229.130499
0.865673 0.012286 0.011708 0.005099 0.000140 0.097181 0.007913 2.423699 3229.643069
0.865683 0.012241 0.011725 0.005126 0.000140 0.097171 0.007915 2.424932 3230.336253
0.865700 0.012283 0.011685 0.005113 0.000138 0.097164 0.007916 2.426078 3230.925707
0.865752 0.012234 0.011693 0.005106 0.000138 0.097161 0.007917 2.427291 3231.405328
0.865811 0.012222 0.011654 0.005129 0.000137 0.097129 0.007918 2.428483 3232.134590
0.865838 0.012172 0.011703 0.005145 0.000138 0.097086 0.007919 2.429723 3233.001834
0.865846 0.012187 0.011708 0.005129 0.000138 0.097071 0.007920 2.430915 3233.703192
0.865893 0.012174 0.011726 0.005106 0.000138 0.097041 0.007921 2.432128 3234.046745
0.865926 0.012169 0.011724 0.005104 0.000143 0.097011 0.007922 2.433334 3234.616961
0.865956 0.012174 0.011707 0.005106 0.000143 0.096991 0.007923 2.434498 3235.249692
0.865978 0.012174 0.011674 0.005120 0.000142 0.096986 0.007924 2.435688 3236.007067
0.865985 0.012154 0.011704 0.005109 0.000141 0.096982 0.007925 2.436914 3236.757203
0.866008 0.012148 0.011704 0.005109 0.000141 0.096964 0.007926 2.438122 3237.650942
0.866059 0.012142 0.011695 0.005094 0.000142 0.096942 0.007927 2.439311 3238.235976
0.866067 0.012112 0.011700 0.005087 0.000142 0.096965 0.007928 2.440527 3238.959666
0.866099 0.012146 0.011689 0.005086 0.000141 0.096911 0.007929 2.441696 3239.541897
0.866143 0.012135 0.011693 0.005087 0.000140 0.096871 0.007931 2.442888 3240.380230
0.866115 0.012137 0.011693 0.005074 0.000137 0.096912 0.007933 2.444085 3241.388913
0.866159 0.012136 0.011666 0.005079 0.000136 0.096889 0.007935 2.445274 3242.002419
0.866197 0.012092 0.011667 0.005073 0.000136 0.096900 0.007935 2.446466 3242.672032
0.866188 0.012096 0.011669 0.005079 0.000138 0.096894 0.007936 2.447669 3243.423214
0.866204 0.012101 0.011602 0.005089 0.000136 0.096931 0.007937 2.448849 3244.257274
0.866212 0.012126 0.011585 0.005075 0.000136 0.096930 0.007938 2.450012 3244.757800
0.866269 0.012140 0.011549 0.005069 0.000135 0.096900 0.007938 2.451173 3245.610757
0.866287 0.012144 0.011538 0.005065 0.000133 0.096894 0.007939 2.452361 3246.507608
0.866310 0.012119 0.011541 0.005079 0.000136 0.096874 0.007940 2.453561 3246.991884
0.866360 0.012102 0.011575 0.005079 0.000133 0.096810 0.007940 2.454763 3247.799670
0.866384 0.012125 0.011546 0.005063 0.000134 0.096806 0.007941 2.455927 3248.360350
0.866410 0.012134 0.011561 0.005051 0.000136 0.096767 0.007941 2.457112 3248.917299
0.866464 0.012097 0.011608 0.005043 0.000136 0.096710 0.007942 2.458316 3249.452838
0.866502 0.012073 0.011615 0.005043 0.000138 0.096685 0.007943 2.459500 3250.265824
0.866514 0.012106 0.011594 0.005031 0.000137 0.096675 0.007944 2.460664 3250.964762
0.866517 0.012114 0.011595 0.005017 0.000138 0.096675 0.007945 2.461847 3251.759533
0.866560 0.012113 0.011588 0.005015 0.000139 0.096640 0.007945 2.463031 3252.246028
0.866623 0.012090 0.011570 0.005037 0.000138 0.096595 0.007946 2.464248 3252.710963
0.866658 0.012117 0.011591 0.005026 0.000137 0.096524 0.007948 2.465416 3253.336563
0.866646 0.012169 0.011568 0.005006 0.000139 0.096523 0.007949 2.466576 3254.206572
0.866633 0.012159 0.011587 0.005015 0.000138 0.096519 0.007950 2.467804 3255.300558
0.866710 0.012108 0.011567 0.005027 0.000138 0.096499 0.007951 2.469017 3255.965344
0.866729 0.012093 0.011594 0.005041 0.000141 0.096450 0.007952 2.470217 3256.311963
0.866749 0.012079 0.011601 0.005039 0.000141 0.096438 0.007953 2.471416 3256.740499
0.866754 0.012064 0.011605 0.005043 0.000142 0.096438 0.007954 2.472617 3257.503210
0.866773 0.012099 0.011612 0.005032 0.000143 0.096387 0.007954 2.473782 3257.859086
0.866822 0.012076 0.011566 0.005036 0.000145 0.096400 0.007954 2.474957 3258.554611
0.866860 0.012073 0.011571 0.005033 0.000143 0.096364 0.007956 2.476133 3259.571456
0.866904 0.012045 0.011561 0.005055 0.000141 0.096337 0.007957 2.477340 3260.649155
0.866906 0.012066 0.011553 0.005059 0.000139 0.096318 0.007959 2.478522 3261.632370
0.866956 0.012044 0.011552 0.005049 0.000141 0.096299 0.007960 2.479710 3261.978075
0.866999 0.012014 0.011578 0.005035 0.000141 0.096271 0.007961 2.480891 3262.407886
0.867005 0.012023 0.011563 0.005046 0.000141 0.096259 0.007963 2.482072 3262.997223
0.867006 0.012049 0.011546 0.005039 0.000140 0.096257 0.007964 2.483246 3263.885581
0.867006 0.012047 0.011548 0.005027 0.000136 0.096270 0.007966 2.484436 3264.782936
0.867008 0.012086 0.011566 0.005023 0.000135 0.096216 0.007967 2.485604 3265.474884
0.867016 0.012084 0.011579 0.005025 0.000134 0.096194 0.007968 2.486794 3265.935176
0.867028 0.012089 0.011553 0.005015 0.000133 0.096215 0.007968 2.487976 3266.728646
0.867032 0.012120 0.011537 0.005002 0.000134 0.096207 0.007969 2.489149 3267.627310
0.867040 0.012103 0.011525 0.005013 0.000135 0.096216 0.007970 2.490339 3268.303467
0.867084 0.012062 0.011521 0.005017 0.000138 0.096209 0.007970 2.491539 3268.846924
0.867113 0.012056 0.011556 0.005016 0.000140 0.096148 0.007971 2.492728 3269.509106
0.867118 0.012029 0.011568 0.005032 0.000138 0.096144 0.007971 2.493928 3270.117497
0.867176 0.012022 0.011544 0.005034 0.000138 0.096115 0.007972 2.495111 3270.604309
0.867181 0.012067 0.011521 0.005013 0.000137 0.096108 0.007973 2.496265 3271.520646
0.867155 0.012112 0.011497 0.005008 0.000138 0.096115 0.007975 2.497412 3272.315023
0.867178 0.012113 0.011479 0.005000 0.000135 0.096119 0.007976 2.498582 3273.353475
0.867167 0.012129 0.011458 0.004994 0.000132 0.096142 0.007978 2.499755 3274.347540
0.867193 0.012125 0.011469 0.004986 0.000134 0.096115 0.007979 2.500952 3274.808140
