0.330074 0.063132 0.057025 0.032713 0.002180 0.508652 0.006223 1.662110 2147.797799
0.333071 0.060511 0.056914 0.032448 0.002170 0.508634 0.006251 1.668137 2159.142014
0.336913 0.057150 0.056744 0.032040 0.002171 0.508701 0.006280 1.673926 2169.087672
0.341414 0.053615 0.056358 0.031557 0.002170 0.508581 0.006305 1.679320 2179.034988
0.346276 0.049960 0.055858 0.030965 0.002164 0.508444 0.006333 1.684421 2188.879306
0.351511 0.046368 0.055103 0.030304 0.002166 0.508188 0.006360 1.689171 2199.736844
0.356882 0.042963 0.054256 0.029506 0.002164 0.507846 0.006385 1.693538 2211.029011
0.362474 0.039648 0.053263 0.028647 0.002159 0.507398 0.006412 1.697612 2221.157586
0.368258 0.036610 0.052061 0.027752 0.002142 0.506741 0.006437 1.701320 2232.573232
0.374043 0.033719 0.050776 0.026851 0.002134 0.506015 0.006463 1.704755 2243.614585
0.379867 0.031016 0.049439 0.025902 0.002118 0.505164 0.006495 1.707921 2254.949859
0.385773 0.028467 0.048020 0.024931 0.002102 0.504185 0.006522 1.710871 2265.798012
0.391732 0.026117 0.046543 0.023968 0.002093 0.503003 0.006544 1.713569 2275.044244
0.397649 0.024011 0.044992 0.022985 0.002079 0.501716 0.006567 1.715981 2285.385363
0.403607 0.022007 0.043452 0.022009 0.002060 0.500275 0.006590 1.718266 2296.874182
0.409643 0.020182 0.041854 0.021090 0.002033 0.498578 0.006619 1.720329 2307.714015
0.415654 0.018483 0.040267 0.020178 0.002011 0.496760 0.006645 1.722231 2317.738849
0.421673 0.016892 0.038690 0.019257 0.001981 0.494832 0.006675 1.724010 2329.853318
0.427722 0.015470 0.037119 0.018367 0.001952 0.492667 0.006703 1.725592 2339.988221
0.433671 0.014186 0.035574 0.017486 0.001924 0.490432 0.006727 1.727032 2350.394928
0.439579 0.012981 0.034046 0.016653 0.001898 0.488092 0.006752 1.728366 2360.830414
0.445497 0.011882 0.032553 0.015853 0.001873 0.485567 0.006775 1.729590 2371.484316
0.451437 0.010882 0.031104 0.015029 0.001838 0.482907 0.006803 1.730699 2382.530395
0.457415 0.009964 0.029679 0.014274 0.001810 0.480026 0.006831 1.731715 2393.512994
0.463309 0.009138 0.028287 0.013532 0.001782 0.477098 0.006854 1.732630 2405.185243
0.469108 0.008368 0.026953 0.012810 0.001751 0.474130 0.006880 1.733477 2415.133736
0.474898 0.007655 0.025642 0.012115 0.001719 0.471068 0.006902 1.734262 2426.211802
0.480709 0.006998 0.024392 0.011457 0.001685 0.467839 0.006920 1.734993 2436.520786
0.486407 0.006379 0.023222 0.010829 0.001656 0.464566 0.006940 1.735670 2446.979686
0.492193 0.005844 0.022010 0.010245 0.001619 0.461127 0.006960 1.736255 2456.947093
0.497858 0.005363 0.020894 0.009672 0.001584 0.457649 0.006979 1.736784 2466.656028
0.503525 0.004905 0.019801 0.009139 0.001541 0.454086 0.007003 1.737287 2477.899224
0.509102 0.004480 0.018779 0.008627 0.001504 0.450484 0.007024 1.737749 2487.568886
0.514687 0.004117 0.017779 0.008132 0.001465 0.446777 0.007043 1.738155 2498.326260
0.520218 0.003761 0.016859 0.007650 0.001429 0.443021 0.007061 1.738547 2507.329636
0.525741 0.003421 0.015939 0.007228 0.001399 0.439195 0.007076 1.738916 2515.734624
0.531202 0.003124 0.015087 0.006821 0.001358 0.435311 0.007096 1.739240 2526.388336
0.536606 0.002853 0.014256 0.006425 0.001321 0.431424 0.007114 1.739538 2536.301345
0.541933 0.002605 0.013452 0.006044 0.001286 0.427549 0.007130 1.739815 2545.165598
0.547270 0.002387 0.012716 0.005705 0.001253 0.423522 0.007147 1.740055 2554.480817
0.552578 0.002183 0.012017 0.005358 0.001218 0.419486 0.007161 1.740281 2564.986953
0.557824 0.001988 0.011348 0.005028 0.001186 0.415448 0.007178 1.740492 2574.421959
0.563001 0.001825 0.010704 0.004717 0.001149 0.411410 0.007194 1.740673 2585.063435
0.568058 0.001684 0.010090 0.004431 0.001112 0.407413 0.007211 1.740829 2593.530583
0.573169 0.001545 0.009511 0.004167 0.001078 0.403300 0.007230 1.740984 2603.518247
0.578138 0.001410 0.008955 0.003926 0.001041 0.399286 0.007244 1.741133 2612.581682
0.583058 0.001295 0.008438 0.003681 0.001007 0.395263 0.007259 1.741262 2622.039904
0.587968 0.001180 0.007938 0.003442 0.000983 0.391218 0.007271 1.741388 2629.022031
0.592831 0.001081 0.007450 0.003226 0.000954 0.387173 0.007285 1.741496 2636.809563
0.597671 0.000979 0.006998 0.003033 0.000922 0.383099 0.007298 1.741607 2644.494561
0.602418 0.000891 0.006574 0.002849 0.000890 0.379067 0.007311 1.741703 2652.686078
0.607123 0.000814 0.006163 0.002667 0.000866 0.375046 0.007320 1.741787 2658.779846
0.611768 0.000744 0.005797 0.002503 0.000837 0.371020 0.007331 1.741866 2666.582133
0.616375 0.000683 0.005448 0.002334 0.000812 0.367006 0.007340 1.741935 2673.243577
0.620920 0.000629 0.005115 0.002193 0.000785 0.363006 0.007352 1.741996 2680.568558
0.625445 0.000578 0.004826 0.002050 0.000759 0.358980 0.007362 1.742053 2688.156960
0.629898 0.000527 0.004548 0.001910 0.000737 0.355009 0.007371 1.742111 2695.204638
0.634253 0.000487 0.004267 0.001781 0.000714 0.351117 0.007382 1.742157 2701.620893
0.638583 0.000449 0.004018 0.001667 0.000689 0.347206 0.007389 1.742201 2709.323262
0.642858 0.000412 0.003772 0.001562 0.000667 0.343332 0.007398 1.742246 2715.390360
0.647091 0.000377 0.003538 0.001457 0.000648 0.339483 0.007406 1.742284 2721.085644
0.651234 0.000343 0.003307 0.001361 0.000629 0.335712 0.007415 1.742323 2727.911963
0.655386 0.000319 0.003092 0.001274 0.000604 0.331901 0.007424 1.742350 2734.701704
0.659486 0.000292 0.002911 0.001193 0.000585 0.328099 0.007435 1.742382 2739.985722
0.663532 0.000269 0.002733 0.001115 0.000564 0.324342 0.007445 1.742408 2745.938936
0.667547 0.000246 0.002560 0.001042 0.000548 0.320605 0.007452 1.742433 2751.094152
0.671538 0.000228 0.002397 0.000974 0.000532 0.316872 0.007460 1.742458 2755.969344
0.675470 0.000211 0.002247 0.000914 0.000512 0.313178 0.007468 1.742478 2762.178495
0.679314 0.000193 0.002109 0.000852 0.000492 0.309564 0.007476 1.742498 2768.892199
0.683160 0.000176 0.001976 0.000796 0.000472 0.305936 0.007485 1.742517 2775.111493
0.686948 0.000163 0.001842 0.000744 0.000461 0.302353 0.007490 1.742532 2779.169257
0.690734 0.000148 0.001720 0.000690 0.000448 0.298765 0.007495 1.742548 2782.984430
0.694444 0.000138 0.001606 0.000645 0.000433 0.295231 0.007503 1.742560 2787.421321
0.698083 0.000125 0.001506 0.000601 0.000419 0.291757 0.007509 1.742575 2792.827862
0.701732 0.000113 0.001408 0.000561 0.000404 0.288267 0.007515 1.742588 2798.159021
0.705287 0.000103 0.001319 0.000523 0.000389 0.284857 0.007522 1.742599 2803.123401
0.708820 0.000096 0.001237 0.000487 0.000373 0.281459 0.007529 1.742609 2808.332707
0.712364 0.000089 0.001159 0.000458 0.000361 0.278036 0.007534 1.742618 2812.273302
0.715825 0.000080 0.001090 0.000429 0.000351 0.274687 0.007539 1.742628 2816.005347
0.719266 0.000075 0.001028 0.000401 0.000338 0.271348 0.007544 1.742634 2820.190150
0.722622 0.000066 0.000963 0.000374 0.000326 0.268097 0.007552 1.742644 2824.786515
0.725938 0.000062 0.000903 0.000349 0.000314 0.264876 0.007558 1.742649 2828.963858
0.729175 0.000058 0.000846 0.000329 0.000304 0.261727 0.007561 1.742654 2833.151976
0.732468 0.000052 0.000794 0.000309 0.000292 0.258518 0.007566 1.742661 2837.340930
0.735644 0.000049 0.000740 0.000286 0.000284 0.255429 0.007569 1.742665 2841.167018
0.738824 0.000044 0.000698 0.000266 0.000275 0.252321 0.007573 1.742670 2844.763068
0.741964 0.000042 0.000651 0.000248 0.000265 0.249253 0.007578 1.742674 2848.785241
0.745058 0.000036 0.000611 0.000227 0.000257 0.246231 0.007580 1.742680 2851.439526
0.748113 0.000034 0.000571 0.000212 0.000250 0.243238 0.007583 1.742682 2853.871758
0.751164 0.000030 0.000533 0.000199 0.000239 0.240246 0.007588 1.742686 2858.042410
0.754117 0.000028 0.000501 0.000184 0.000230 0.237349 0.007592 1.742689 2861.194599
0.757081 0.000026 0.000472 0.000171 0.000219 0.234435 0.007597 1.742691 2865.589277
0.759988 0.000025 0.000443 0.000155 0.000212 0.231577 0.007600 1.742693 2868.240973
0.762823 0.000022 0.000414 0.000146 0.000205 0.228787 0.007603 1.742696 2870.978722
0.765671 0.000022 0.000386 0.000139 0.000197 0.225979 0.007606 1.742697 2873.535303
0.768471 0.000019 0.000367 0.000129 0.000190 0.223214 0.007609 1.742700 2876.424690
0.771226 0.000017 0.000345 0.000120 0.000184 0.220498 0.007611 1.742702 2879.027295
0.773962 0.000016 0.000323 0.000112 0.000179 0.217796 0.007613 1.742704 2881.133841
0.776645 0.000014 0.000303 0.000106 0.000170 0.215144 0.007616 1.742705 2884.443497
0.779275 0.000012 0.000288 0.000099 0.000165 0.212543 0.007618 1.742708 2886.970870
0.781881 0.000012 0.000272 0.000094 0.000158 0.209964 0.007619 1.742709 2889.704806
0.784468 0.000011 0.000257 0.000087 0.000151 0.207404 0.007622 1.742709 2892.642839
0.787043 0.000011 0.000241 0.000082 0.000147 0.204852 0.007625 1.742710 2894.165446
0.789531 0.000010 0.000228 0.000076 0.000142 0.202388 0.007625 1.742711 2896.568927
0.792075 0.000009 0.000214 0.000073 0.000135 0.199867 0.007627 1.742712 2899.135213
0.794544 0.000008 0.000198 0.000069 0.000128 0.197420 0.007631 1.742713 2902.498654
0.796960 0.000007 0.000183 0.000066 0.000121 0.195029 0.007633 1.742714 2905.758773
0.799323 0.000007 0.000167 0.000060 0.000118 0.192690 0.007635 1.742715 2907.275185
0.801664 0.000007 0.000153 0.000056 0.000114 0.190370 0.007636 1.742716 2909.009819
0.803948 0.000006 0.000140 0.000052 0.000110 0.188105 0.007638 1.742717 2910.248284
0.806211 0.000006 0.000132 0.000049 0.000106 0.185855 0.007640 1.742717 2912.541453
0.808348 0.000006 0.000120 0.000045 0.000102 0.183739 0.007641 1.742717 2914.412426
0.810488 0.000006 0.000113 0.000040 0.000096 0.181614 0.007643 1.742718 2917.116341
0.812592 0.000006 0.000107 0.000039 0.000092 0.179519 0.007644 1.742718 2918.850634
0.814591 0.000006 0.000101 0.000036 0.000089 0.177531 0.007646 1.742718 2920.484206
0.816560 0.000006 0.000094 0.000034 0.000086 0.175573 0.007648 1.742719 2921.867324
0.818463 0.000005 0.000087 0.000032 0.000082 0.173683 0.007648 1.742720 2923.464564
0.820344 0.000005 0.000080 0.000029 0.000081 0.171812 0.007649 1.742720 2924.096828
0.822156 0.000004 0.000075 0.000027 0.000078 0.170010 0.007650 1.742721 2925.672008
0.823934 0.000003 0.000071 0.000026 0.000075 0.168239 0.007652 1.742721 2927.613150
0.825619 0.000003 0.000066 0.000024 0.000073 0.166561 0.007653 1.742722 2928.735361
0.827273 0.000003 0.000063 0.000023 0.000069 0.164913 0.007655 1.742722 2930.817395
0.828878 0.000002 0.000059 0.000021 0.000066 0.163318 0.007656 1.742723 2932.181704
0.830355 0.000002 0.000056 0.000020 0.000063 0.161846 0.007658 1.742723 2933.560772
0.831796 0.000002 0.000052 0.000019 0.000062 0.160412 0.007659 1.742723 2934.192060
0.833201 0.000002 0.000048 0.000017 0.000060 0.159013 0.007659 1.742724 2934.798683
0.834564 0.000001 0.000045 0.000016 0.000058 0.157655 0.007661 1.742724 2935.922756
0.835829 0.000001 0.000041 0.000014 0.000056 0.156397 0.007662 1.742724 2936.945380
0.837069 0.000000 0.000038 0.000013 0.000055 0.155162 0.007662 1.742725 2937.835338
0.838230 0.000000 0.000035 0.000013 0.000053 0.154006 0.007663 1.742725 2938.842976
0.839358 0.000001 0.000033 0.000011 0.000051 0.152882 0.007663 1.742725 2939.388266
0.840429 0.000001 0.000030 0.000010 0.000050 0.151816 0.007664 1.742725 2940.288353
0.841477 0.000001 0.000028 0.000009 0.000048 0.150772 0.007665 1.742725 2941.426407
0.842449 0.000000 0.000025 0.000008 0.000046 0.149804 0.007666 1.742725 2942.655502
0.843377 0.000000 0.000023 0.000008 0.000044 0.148881 0.007667 1.742725 2943.929044
0.844299 0.000000 0.000022 0.000008 0.000044 0.147960 0.007667 1.742725 2944.269313
0.845175 0.000000 0.000019 0.000007 0.000042 0.147089 0.007667 1.742725 2945.060474
0.845990 0.000000 0.000018 0.000007 0.000040 0.146276 0.007668 1.742725 2946.401214
0.846767 0.000000 0.000017 0.000007 0.000039 0.145502 0.007668 1.742725 2947.490054
0.847483 0.000000 0.000016 0.000006 0.000037 0.144788 0.007669 1.742725 2948.749542
0.848173 0.000000 0.000014 0.000006 0.000035 0.144101 0.007670 1.742725 2949.619774
0.848860 0.000000 0.000013 0.000005 0.000034 0.143417 0.007670 1.742725 2950.094925
0.849491 0.000000 0.000012 0.000005 0.000033 0.142788 0.007671 1.742725 2950.589947
0.850098 0.000000 0.000011 0.000005 0.000032 0.142182 0.007671 1.742725 2951.676296
0.850679 0.000000 0.000010 0.000005 0.000031 0.141603 0.007671 1.742725 2951.947322
0.851234 0.000000 0.000010 0.000004 0.000030 0.141050 0.007671 1.742725 2952.856306
0.851762 0.000000 0.000008 0.000003 0.000029 0.140524 0.007672 1.742726 2953.523233
0.852245 0.000000 0.000008 0.000003 0.000027 0.140043 0.007673 1.742726 2955.362832
0.852721 0.000000 0.000008 0.000003 0.000025 0.139569 0.007674 1.742726 2956.449150
0.853156 0.000000 0.000008 0.000003 0.000023 0.139135 0.007674 1.742726 2957.511634
0.853566 0.000000 0.000007 0.000002 0.000023 0.138726 0.007674 1.742726 2958.178914
0.853940 0.000000 0.000007 0.000002 0.000022 0.138354 0.007675 1.742726 2959.041685
0.854284 0.000000 0.000006 0.000002 0.000021 0.138010 0.007676 1.742726 2959.598697
0.854627 0.000000 0.000006 0.000002 0.000020 0.137668 0.007676 1.742726 2959.785565
0.854936 0.000000 0.000006 0.000002 0.000019 0.137360 0.007677 1.742726 2960.500582
0.855236 0.000000 0.000005 0.000001 0.000019 0.137061 0.007677 1.742726 2960.500582
0.855520 0.000000 0.000004 0.000001 0.000019 0.136779 0.007677 1.742726 2960.664915
0.855787 0.000000 0.000003 0.000001 0.000018 0.136514 0.007677 1.742726 2961.188103
0.856036 0.000000 0.000003 0.000001 0.000018 0.136265 0.007678 1.742726 2961.506781
0.856247 0.000000 0.000002 0.000000 0.000017 0.136055 0.007678 1.742726 2961.906290
0.856447 0.000000 0.000002 0.000000 0.000016 0.135856 0.007678 1.742726 2962.329165
0.856642 0.000000 0.000001 0.000000 0.000015 0.135663 0.007679 1.742726 2963.555191
0.856814 0.000000 0.000001 0.000000 0.000014 0.135492 0.007679 1.742726 2964.506109
0.856966 0.000000 0.000002 0.000000 0.000013 0.135340 0.007679 1.742726 2964.866658
0.857130 0.000000 0.000001 0.000000 0.000013 0.135176 0.007679 1.742726 2965.148574
0.857274 0.000000 0.000001 0.000000 0.000012 0.135032 0.007680 1.742726 2965.692360
0.857414 0.000000 0.000001 0.000000 0.000011 0.134893 0.007680 1.742726 2966.323063
0.857551 0.000000 0.000001 0.000000 0.000011 0.134756 0.007680 1.742726 2966.470411
0.857674 0.000000 0.000001 0.000000 0.000011 0.134634 0.007680 1.742726 2966.673263
0.857795 0.000000 0.000001 0.000000 0.000010 0.134513 0.007680 1.742726 2966.943267
0.857893 0.000000 0.000001 0.000000 0.000010 0.134415 0.007681 1.742726 2967.336261
0.857990 0.000000 0.000000 0.000000 0.000009 0.134320 0.007681 1.742726 2967.679091
0.858085 0.000000 0.000000 0.000000 0.000009 0.134224 0.007681 1.742726 2967.679091
0.858169 0.000000 0.000000 0.000000 0.000008 0.134141 0.007681 1.742726 2968.282396
0.858261 0.000000 0.000000 0.000000 0.000008 0.134049 0.007681 1.742726 2968.484236
0.858340 0.000000 0.000000 0.000000 0.000008 0.133970 0.007681 1.742726 2968.870795
0.858423 0.000000 0.000000 0.000000 0.000008 0.133888 0.007681 1.742726 2968.870795
0.858495 0.000000 0.000000 0.000000 0.000007 0.133815 0.007682 1.742726 2969.112454
0.858568 0.000000 0.000000 0.000000 0.000007 0.133742 0.007682 1.742726 2969.112454
0.858636 0.000000 0.000000 0.000000 0.000007 0.133675 0.007682 1.742726 2969.229631
0.858706 0.000000 0.000000 0.000000 0.000007 0.133605 0.007682 1.742726 2969.545768
0.858773 0.000000 0.000000 0.000000 0.000007 0.133538 0.007682 1.742726 2969.758208
0.858834 0.000000 0.000000 0.000000 0.000007 0.133477 0.007682 1.742726 2969.758208
0.858893 0.000000 0.000000 0.000000 0.000007 0.133418 0.007682 1.742726 2969.758208
0.858955 0.000000 0.000000 0.000000 0.000006 0.133356 0.007682 1.742726 2969.805024
0.859016 0.000000 0.000000 0.000000 0.000006 0.133296 0.007683 1.742726 2970.006194
0.859069 0.000000 0.000000 0.000000 0.000006 0.133242 0.007683 1.742726 2970.006194
0.859117 0.000000 0.000000 0.000000 0.000006 0.133194 0.007683 1.742726 2970.221284
0.859171 0.000000 0.000000 0.000000 0.000006 0.133140 0.007683 1.742726 2970.221284
0.859223 0.000000 0.000000 0.000000 0.000006 0.133089 0.007683 1.742726 2970.536735
0.859263 0.000000 0.000000 0.000000 0.000005 0.133049 0.007683 1.742726 2971.151744
0.859301 0.000000 0.000000 0.000000 0.000005 0.133011 0.007683 1.742726 2971.151744
0.859349 0.000000 0.000000 0.000000 0.000005 0.132963 0.007683 1.742726 2971.151744
0.859391 0.000000 0.000000 0.000000 0.000005 0.132921 0.007684 1.742726 2971.437440
0.859426 0.000000 0.000000 0.000000 0.000004 0.132886 0.007684 1.742726 2971.745261
0.859462 0.000000 0.000000 0.000000 0.000004 0.132850 0.007684 1.742726 2971.745261
0.859498 0.000000 0.000000 0.000000 0.000004 0.132813 0.007684 1.742726 2971.745261
0.859532 0.000000 0.000000 0.000000 0.000004 0.132780 0.007684 1.742726 2971.745261
0.859564 0.000000 0.000000 0.000000 0.000004 0.132748 0.007684 1.742726 2971.745261
0.859594 0.000000 0.000000 0.000000 0.000004 0.132718 0.007684 1.742726 2971.968226
0.859619 0.000000 0.000000 0.000000 0.000004 0.132693 0.007684 1.742726 2971.968226
0.859643 0.000000 0.000000 0.000000 0.000004 0.132669 0.007684 1.742726 2972.239537
0.859669 0.000000 0.000000 0.000000 0.000004 0.132643 0.007685 1.742726 2972.495373
0.859697 0.000000 0.000000 0.000000 0.000003 0.132615 0.007685 1.742726 2973.155498
0.859714 0.000000 0.000000 0.000000 0.000003 0.132598 0.007685 1.742726 2973.155498
0.859738 0.000000 0.000000 0.000000 0.000003 0.132574 0.007685 1.742726 2973.155498
0.859761 0.000000 0.000000 0.000000 0.000003 0.132551 0.007685 1.742726 2973.155498
0.859780 0.000000 0.000000 0.000000 0.000003 0.132533 0.007685 1.742726 2973.500839
0.859795 0.000000 0.000000 0.000000 0.000003 0.132517 0.007685 1.742726 2973.500839
0.859812 0.000000 0.000000 0.000000 0.000002 0.132501 0.007685 1.742726 2974.001792
0.859827 0.000000 0.000000 0.000000 0.000002 0.132486 0.007685 1.742726 2974.001792
0.859840 0.000000 0.000000 0.000000 0.000002 0.132473 0.007685 1.742726 2974.001792
0.859853 0.000000 0.000000 0.000000 0.000002 0.132460 0.007685 1.742726 2974.189160
0.859868 0.000000 0.000000 0.000000 0.000002 0.132445 0.007685 1.742726 2974.189160
0.859876 0.000000 0.000000 0.000000 0.000002 0.132437 0.007685 1.742726 2974.426086
0.859885 0.000000 0.000000 0.000000 0.000002 0.132428 0.007685 1.742726 2974.426086
0.859894 0.000000 0.000000 0.000000 0.000002 0.132419 0.007685 1.742726 2974.426086
0.859903 0.000000 0.000000 0.000000 0.000001 0.132410 0.007685 1.742726 2974.688377
0.859908 0.000000 0.000000 0.000000 0.000001 0.132405 0.007685 1.742726 2974.688377
0.859915 0.000000 0.000000 0.000000 0.000001 0.132398 0.007685 1.742726 2974.688377
0.859921 0.000000 0.000000 0.000000 0.000001 0.132392 0.007685 1.742726 2974.688377
0.859931 0.000000 0.000000 0.000000 0.000001 0.132383 0.007685 1.742726 2974.688377
0.859940 0.000000 0.000000 0.000000 0.000001 0.132374 0.007685 1.742726 2974.688377
0.859947 0.000000 0.000000 0.000000 0.000001 0.132366 0.007685 1.742726 2974.688377
0.859955 0.000000 0.000000 0.000000 0.000001 0.132358 0.007685 1.742726 2974.688377
0.859961 0.000000 0.000000 0.000000 0.000001 0.132352 0.007685 1.742726 2974.688377
0.859967 0.000000 0.000000 0.000000 0.000001 0.132346 0.007685 1.742726 2974.688377
0.859975 0.000000 0.000000 0.000000 0.000001 0.132338 0.007685 1.742726 2974.688377
0.859982 0.000000 0.000000 0.000000 0.000001 0.132332 0.007685 1.742726 2974.898649
0.859987 0.000000 0.000000 0.000000 0.000001 0.132327 0.007685 1.742726 2975.175337
0.859991 0.000000 0.000000 0.000000 0.000001 0.132323 0.007685 1.742726 2975.175337
0.859994 0.000000 0.000000 0.000000 0.000001 0.132320 0.007685 1.742726 2975.175337
0.859997 0.000000 0.000000 0.000000 0.000001 0.132316 0.007685 1.742726 2975.175337
0.860000 0.000000 0.000000 0.000000 0.000001 0.132314 0.007685 1.742726 2975.175337
0.860003 0.000000 0.000000 0.000000 0.000001 0.132310 0.007685 1.742726 2975.175337
0.860006 0.000000 0.000000 0.000000 0.000001 0.132308 0.007685 1.742726 2975.175337
0.860011 0.000000 0.000000 0.000000 0.000001 0.132303 0.007685 1.742726 2975.175337
0.860014 0.000000 0.000000 0.000000 0.000001 0.132299 0.007685 1.742726 2975.175337
0.860018 0.000000 0.000000 0.000000 0.000001 0.132295 0.007685 1.742726 2975.175337
0.860023 0.000000 0.000000 0.000000 0.000001 0.132290 0.007685 1.742726 2975.175337
0.860028 0.000000 0.000000 0.000000 0.000001 0.132286 0.007685 1.742726 2975.175337
0.860032 0.000000 0.000000 0.000000 0.000001 0.132281 0.007685 1.742726 2975.175337
0.860037 0.000000 0.000000 0.000000 0.000000 0.132277 0.007685 1.742726 2975.460128
0.860038 0.000000 0.000000 0.000000 0.000000 0.132276 0.007685 1.742726 2975.460128
0.860041 0.000000 0.000000 0.000000 0.000000 0.132273 0.007685 1.742726 2975.460128
0.860044 0.000000 0.000000 0.000000 0.000000 0.132270 0.007685 1.742726 2975.460128
0.860047 0.000000 0.000000 0.000000 0.000000 0.132267 0.007685 1.742726 2975.460128
0.860049 0.000000 0.000000 0.000000 0.000000 0.132265 0.007685 1.742726 2975.460128
0.860050 0.000000 0.000000 0.000000 0.000000 0.132264 0.007685 1.742726 2975.460128
0.860053 0.000000 0.000000 0.000000 0.000000 0.132261 0.007685 1.742726 2975.460128
0.860056 0.000000 0.000000 0.000000 0.000000 0.132258 0.007685 1.742726 2975.460128
0.860058 0.000000 0.000000 0.000000 0.000000 0.132256 0.007685 1.742726 2975.460128
0.860060 0.000000 0.000000 0.000000 0.000000 0.132254 0.007685 1.742726 2975.460128
0.860062 0.000000 0.000000 0.000000 0.000000 0.132252 0.007685 1.742726 2975.460128
0.860066 0.000000 0.000000 0.000000 0.000000 0.132248 0.007686 1.742726 2975.786426
0.860066 0.000000 0.000000 0.000000 0.000000 0.132248 0.007686 1.742726 2975.786426
0.860067 0.000000 0.000000 0.000000 0.000000 0.132247 0.007686 1.742726 2975.786426
0.860067 0.000000 0.000000 0.000000 0.000000 0.132247 0.007686 1.742726 2975.786426
0.860069 0.000000 0.000000 0.000000 0.000000 0.132245 0.007686 1.742726 2975.786426
0.860070 0.000000 0.000000 0.000000 0.000000 0.132244 0.007686 1.742726 2975.786426
0.860071 0.000000 0.000000 0.000000 0.000000 0.132243 0.007686 1.742726 2975.786426
0.860072 0.000000 0.000000 0.000000 0.000000 0.132242 0.007686 1.742726 2975.786426
0.860073 0.000000 0.000000 0.000000 0.000000 0.132241 0.007686 1.742726 2975.786426
0.860073 0.000000 0.000000 0.000000 0.000000 0.132241 0.007686 1.742726 2975.786426
0.860074 0.000000 0.000000 0.000000 0.000000 0.132240 0.007686 1.742726 2975.786426
0.860075 0.000000 0.000000 0.000000 0.000000 0.132239 0.007686 1.742726 2975.786426
0.860075 0.000000 0.000000 0.000000 0.000000 0.132239 0.007686 1.742726 2975.786426
0.860076 0.000000 0.000000 0.000000 0.000000 0.132238 0.007686 1.742726 2975.786426
0.860076 0.000000 0.000000 0.000000 0.000000 0.132238 0.007686 1.742726 2975.786426
0.860077 0.000000 0.000000 0.000000 0.000000 0.132237 0.007686 1.742726 2975.786426
0.860078 0.000000 0.000000 0.000000 0.000000 0.132236 0.007686 1.742726 2975.786426
0.860079 0.000000 0.000000 0.000000 0.000000 0.132235 0.007686 1.742726 2975.786426
0.860079 0.000000 0.000000 0.000000 0.000000 0.132235 0.007686 1.742726 2975.786426
0.860080 0.000000 0.000000 0.000000 0.000000 0.132234 0.007686 1.742726 2975.786426
0.860080 0.000000 0.000000 0.000000 0.000000 0.132234 0.007686 1.742726 2975.786426
0.860082 0.000000 0.000000 0.000000 0.000000 0.132232 0.007686 1.742726 2975.786426
0.860083 0.000000 0.000000 0.000000 0.000000 0.132231 0.007686 1.742726 2975.786426
0.860083 0.000000 0.000000 0.000000 0.000000 0.132231 0.007686 1.742726 2975.786426
0.860084 0.000000 0.000000 0.000000 0.000000 0.132230 0.007686 1.742726 2975.786426
0.860085 0.000000 0.000000 0.000000 0.000000 0.132229 0.007686 1.742726 2975.786426
0.860085 0.000000 0.000000 0.000000 0.000000 0.132229 0.007686 1.742726 2975.786426
0.860086 0.000000 0.000000 0.000000 0.000000 0.132228 0.007686 1.742726 2975.786426
0.860086 0.000000 0.000000 0.000000 0.000000 0.132228 0.007686 1.742726 2975.786426
0.860087 0.000000 0.000000 0.000000 0.000000 0.132227 0.007686 1.742726 2975.786426
0.860087 0.000000 0.000000 0.000000 0.000000 0.132227 0.007686 1.742726 2975.786426
0.860088 0.000000 0.000000 0.000000 0.000000 0.132226 0.007686 1.742726 2975.786426
0.860090 0.000000 0.000000 0.000000 0.000000 0.132224 0.007686 1.742726 2975.786426
0.860090 0.000000 0.000000 0.000000 0.000000 0.132224 0.007686 1.742726 2975.786426
0.860090 0.000000 0.000000 0.000000 0.000000 0.132224 0.007686 1.742726 2975.786426
0.860091 0.000000 0.000000 0.000000 0.000000 0.132223 0.007686 1.742726 2975.786426
0.860092 0.000000 0.000000 0.000000 0.000000 0.132222 0.007686 1.742726 2975.786426
0.860092 0.000000 0.000000 0.000000 0.000000 0.132222 0.007686 1.742726 2975.786426
0.860092 0.000000 0.000000 0.000000 0.000000 0.132222 0.007686 1.742726 2975.786426
0.860093 0.000000 0.000000 0.000000 0.000000 0.132221 0.007686 1.742726 2975.786426
0.860094 0.000000 0.000000 0.000000 0.000000 0.132220 0.007686 1.742726 2975.786426
0.860094 0.000000 0.000000 0.000000 0.000000 0.132220 0.007686 1.742726 2976.169896
0.860094 0.000000 0.000000 0.000000 0.000000 0.132220 0.007686 1.742726 2976.169896
0.860094 0.000000 0.000000 0.000000 0.000000 0.132220 0.007686 1.742726 2976.169896
0.860094 0.000000 0.000000 0.000000 0.000000 0.132220 0.007686 1.742726 2976.169896
0.860094 0.000000 0.000000 0.000000 0.000000 0.132220 0.007686 1.742726 2976.169896
0.860094 0.000000 0.000000 0.000000 0.000000 0.132220 0.007686 1.742726 2976.169896
0.860094 0.000000 0.000000 0.000000 0.000000 0.132220 0.007686 1.742726 2976.169896
0.860094 0.000000 0.000000 0.000000 0.000000 0.132220 0.007686 1.742726 2976.169896
0.860094 0.000000 0.000000 0.000000 0.000000 0.132220 0.007686 1.742726 2976.169896
0.860094 0.000000 0.000000 0.000000 0.000000 0.132220 0.007686 1.742726 2976.169896
0.860094 0.000000 0.000000 0.000000 0.000000 0.132220 0.007686 1.742726 2976.169896
0.860094 0.000000 0.000000 0.000000 0.000000 0.132220 0.007686 1.742726 2976.169896
0.860094 0.000000 0.000000 0.000000 0.000000 0.132220 0.007686 1.742726 2976.169896
0.860094 0.000000 0.000000 0.000000 0.000000 0.132220 0.007686 1.742726 2976.169896
0.860094 0.000000 0.000000 0.000000 0.000000 0.132220 0.007686 1.742726 2976.169896
0.860094 0.000000 0.000000 0.000000 0.000000 0.132220 0.007686 1.742726 2976.169896
0.860094 0.000000 0.000000 0.000000 0.000000 0.132220 0.007686 1.742726 2976.169896
0.860094 0.000000 0.000000 0.000000 0.000000 0.132220 0.007686 1.742726 2976.169896
0.860094 0.000000 0.000000 0.000000 0.000000 0.132220 0.007686 1.742726 2976.169896
0.860094 0.000000 0.000000 0.000000 0.000000 0.132220 0.007686 1.742726 2976.169896
0.860094 0.000000 0.000000 0.000000 0.000000 0.132220 0.007686 1.742726 2976.169896
0.860094 0.000000 0.000000 0.000000 0.000000 0.132220 0.007686 1.742726 2976.169896
0.860094 0.000000 0.000000 0.000000 0.000000 0.132220 0.007686 1.742726 2976.169896
0.860094 0.000000 0.000000 0.000000 0.000000 0.132220 0.007686 1.742726 2976.169896
0.860094 0.000000 0.000000 0.000000 0.000000 0.132220 0.007686 1.742726 2976.169896
0.860094 0.000000 0.000000 0.000000 0.000000 0.132220 0.007686 1.742726 2976.169896
0.860094 0.000000 0.000000 0.000000 0.000000 0.132220 0.007686 1.742726 2976.169896
0.860094 0.000000 0.000000 0.000000 0.000000 0.132220 0.007686 1.742726 2976.169896
0.860094 0.000000 0.000000 0.000000 0.000000 0.132220 0.007686 1.742726 2976.169896
0.860094 0.000000 0.000000 0.000000 0.000000 0.132220 0.007686 1.742726 2976.169896
0.860094 0.000000 0.000000 0.000000 0.000000 0.132220 0.007686 1.742726 2976.169896
0.860094 0.000000 0.000000 0.000000 0.000000 0.132220 0.007686 1.742726 2976.169896
0.860094 0.000000 0.000000 0.000000 0.000000 0.132220 0.007686 1.742726 2976.169896
0.860094 0.000000 0.000000 0.000000 0.000000 0.132220 0.007686 1.742726 2976.169896
0.860094 0.000000 0.000000 0.000000 0.000000 0.132220 0.007686 1.742726 2976.169896
0.860094 0.000000 0.000000 0.000000 0.000000 0.132220 0.007686 1.742726 2976.169896
0.860094 0.000000 0.000000 0.000000 0.000000 0.132220 0.007686 1.742726 2976.169896
0.860094 0.000000 0.000000 0.000000 0.000000 0.132220 0.007686 1.742726 2976.169896
0.860094 0.000000 0.000000 0.000000 0.000000 0.132220 0.007686 1.742726 2976.169896
0.860094 0.000000 0.000000 0.000000 0.000000 0.132220 0.007686 1.742726 2976.169896
0.860094 0.000000 0.000000 0.000000 0.000000 0.132220 0.007686 1.742726 2976.169896
0.860094 0.000000 0.000000 0.000000 0.000000 0.132220 0.007686 1.742726 2976.169896
0.860094 0.000000 0.000000 0.000000 0.000000 0.132220 0.007686 1.742726 2976.169896
0.860094 0.000000 0.000000 0.000000 0.000000 0.132220 0.007686 1.742726 2976.169896
0.860094 0.000000 0.000000 0.000000 0.000000 0.132220 0.007686 1.742726 2976.169896
0.860094 0.000000 0.000000 0.000000 0.000000 0.132220 0.007686 1.742726 2976.169896
0.860094 0.000000 0.000000 0.000000 0.000000 0.132220 0.007686 1.742726 2976.169896
0.860094 0.000000 0.000000 0.000000 0.000000 0.132220 0.007686 1.742726 2976.169896
0.860094 0.000000 0.000000 0.000000 0.000000 0.132220 0.007686 1.742726 2976.169896
0.860094 0.000000 0.000000 0.000000 0.000000 0.132220 0.007686 1.742726 2976.169896
0.860094 0.000000 0.000000 0.000000 0.000000 0.132220 0.007686 1.742726 2976.169896
0.860094 0.000000 0.000000 0.000000 0.000000 0.132220 0.007686 1.742726 2976.169896
0.860094 0.000000 0.000000 0.000000 0.000000 0.132220 0.007686 1.742726 2976.169896
0.860094 0.000000 0.000000 0.000000 0.000000 0.132220 0.007686 1.742726 2976.169896
0.860094 0.000000 0.000000 0.000000 0.000000 0.132220 0.007686 1.742726 2976.169896
0.860094 0.000000 0.000000 0.000000 0.000000 0.132220 0.007686 1.742726 2976.169896
0.860094 0.000000 0.000000 0.000000 0.000000 0.132220 0.007686 1.742726 2976.169896
0.860094 0.000000 0.000000 0.000000 0.000000 0.132220 0.007686 1.742726 2976.169896
0.860094 0.000000 0.000000 0.000000 0.000000 0.132220 0.007686 1.742726 2976.169896
0.860094 0.000000 0.000000 0.000000 0.000000 0.132220 0.007686 1.742726 2976.169896
0.860094 0.000000 0.000000 0.000000 0.000000 0.132220 0.007686 1.742726 2976.169896
0.860094 0.000000 0.000000 0.000000 0.000000 0.132220 0.007686 1.742726 2976.169896
0.860094 0.000000 0.000000 0.000000 0.000000 0.132220 0.007686 1.742726 2976.169896
0.860094 0.000000 0.000000 0.000000 0.000000 0.132220 0.007686 1.742726 2976.169896
0.860094 0.000000 0.000000 0.000000 0.000000 0.132220 0.007686 1.742726 2976.169896
0.860094 0.000000 0.000000 0.000000 0.000000 0.132220 0.007686 1.742726 2976.169896
0.860094 0.000000 0.000000 0.000000 0.000000 0.132220 0.007686 1.742726 2976.169896
0.860094 0.000000 0.000000 0.000000 0.000000 0.132220 0.007686 1.742726 2976.169896
0.860094 0.000000 0.000000 0.000000 0.000000 0.132220 0.007686 1.742726 2976.169896
0.860094 0.000000 0.000000 0.000000 0.000000 0.132220 0.007686 1.742726 2976.169896
0.860094 0.000000 0.000000 0.000000 0.000000 0.132220 0.007686 1.742726 2976.169896
0.860094 0.000000 0.000000 0.000000 0.000000 0.132220 0.007686 1.742726 2976.169896
0.860094 0.000000 0.000000 0.000000 0.000000 0.132220 0.007686 1.742726 2976.169896
0.860094 0.000000 0.000000 0.000000 0.000000 0.132220 0.007686 1.742726 2976.169896
0.860094 0.000000 0.000000 0.000000 0.000000 0.132220 0.007686 1.742726 2976.169896
0.860094 0.000000 0.000000 0.000000 0.000000 0.132220 0.007686 1.742726 2976.169896
0.860094 0.000000 0.000000 0.000000 0.000000 0.132220 0.007686 1.742726 2976.169896
0.860094 0.000000 0.000000 0.000000 0.000000 0.132220 0.007686 1.742726 2976.169896
0.860094 0.000000 0.000000 0.000000 0.000000 0.132220 0.007686 1.742726 2976.169896
0.860094 0.000000 0.000000 0.000000 0.000000 0.132220 0.007686 1.742726 2976.169896
0.860094 0.000000 0.000000 0.000000 0.000000 0.132220 0.007686 1.742726 2976.169896
0.860094 0.000000 0.000000 0.000000 0.000000 0.132220 0.007686 1.742726 2976.169896
0.860094 0.000000 0.000000 0.000000 0.000000 0.132220 0.007686 1.742726 2976.169896
0.860094 0.000000 0.000000 0.000000 0.000000 0.132220 0.007686 1.742726 2976.169896
0.860094 0.000000 0.000000 0.000000 0.000000 0.132220 0.007686 1.742726 2976.169896
0.860094 0.000000 0.000000 0.000000 0.000000 0.132220 0.007686 1.742726 2976.169896
0.860094 0.000000 0.000000 0.000000 0.000000 0.132220 0.007686 1.742726 2976.169896
0.860094 0.000000 0.000000 0.000000 0.000000 0.132220 0.007686 1.742726 2976.169896
0.860094 0.000000 0.000000 0.000000 0.000000 0.132220 0.007686 1.742726 2976.169896
0.860094 0.000000 0.000000 0.000000 0.000000 0.132220 0.007686 1.742726 2976.169896
0.860094 0.000000 0.000000 0.000000 0.000000 0.132220 0.007686 1.742726 2976.169896
0.860094 0.000000 0.000000 0.000000 0.000000 0.132220 0.007686 1.742726 2976.169896
0.860094 0.000000 0.000000 0.000000 0.000000 0.132220 0.007686 1.742726 2976.169896
0.860094 0.000000 0.000000 0.000000 0.000000 0.132220 0.007686 1.742726 2976.169896
0.860094 0.000000 0.000000 0.000000 0.000000 0.132220 0.007686 1.742726 2976.169896
0.860094 0.000000 0.000000 0.000000 0.000000 0.132220 0.007686 1.742726 2976.169896
0.860094 0.000000 0.000000 0.000000 0.000000 0.132220 0.007686 1.742726 2976.169896
0.860094 0.000000 0.000000 0.000000 0.000000 0.132220 0.007686 1.742726 2976.169896
0.860094 0.000000 0.000000 0.000000 0.000000 0.132220 0.007686 1.742726 2976.169896
0.860094 0.000000 0.000000 0.000000 0.000000 0.132220 0.007686 1.742726 2976.169896
0.860094 0.000000 0.000000 0.000000 0.000000 0.132220 0.007686 1.742726 2976.169896
0.860094 0.000000 0.000000 0.000000 0.000000 0.132220 0.007686 1.742726 2976.169896
0.860094 0.000000 0.000000 0.000000 0.000000 0.132220 0.007686 1.742726 2976.169896
0.860094 0.000000 0.000000 0.000000 0.000000 0.132220 0.007686 1.742726 2976.169896
0.860094 0.000000 0.000000 0.000000 0.000000 0.132220 0.007686 1.742726 2976.169896
0.860094 0.000000 0.000000 0.000000 0.000000 0.132220 0.007686 1.742726 2976.169896
0.860094 0.000000 0.000000 0.000000 0.000000 0.132220 0.007686 1.742726 2976.169896
0.860094 0.000000 0.000000 0.000000 0.000000 0.132220 0.007686 1.742726 2976.169896
0.860094 0.000000 0.000000 0.000000 0.000000 0.132220 0.007686 1.742726 2976.169896
0.860094 0.000000 0.000000 0.000000 0.000000 0.132220 0.007686 1.742726 2976.169896
0.860094 0.000000 0.000000 0.000000 0.000000 0.132220 0.007686 1.742726 2976.169896
0.860094 0.000000 0.000000 0.000000 0.000000 0.132220 0.007686 1.742726 2976.169896
0.860094 0.000000 0.000000 0.000000 0.000000 0.132220 0.007686 1.742726 2976.169896
0.860094 0.000000 0.000000 0.000000 0.000000 0.132220 0.007686 1.742726 2976.169896
0.860094 0.000000 0.000000 0.000000 0.000000 0.132220 0.007686 1.742726 2976.169896
0.860094 0.000000 0.000000 0.000000 0.000000 0.132220 0.007686 1.742726 2976.169896
0.860094 0.000000 0.000000 0.000000 0.000000 0.132220 0.007686 1.742726 2976.169896
0.860094 0.000000 0.000000 0.000000 0.000000 0.132220 0.007686 1.742726 2976.169896
0.860094 0.000000 0.000000 0.000000 0.000000 0.132220 0.007686 1.742726 2976.169896
0.860094 0.000000 0.000000 0.000000 0.000000 0.132220 0.007686 1.742726 2976.169896
0.860094 0.000000 0.000000 0.000000 0.000000 0.132220 0.007686 1.742726 2976.169896
0.860094 0.000000 0.000000 0.000000 0.000000 0.132220 0.007686 1.742726 2976.169896
0.860094 0.000000 0.000000 0.000000 0.000000 0.132220 0.007686 1.742726 2976.169896
0.860094 0.000000 0.000000 0.000000 0.000000 0.132220 0.007686 1.742726 2976.169896
0.860094 0.000000 0.000000 0.000000 0.000000 0.132220 0.007686 1.742726 2976.169896
0.860094 0.000000 0.000000 0.000000 0.000000 0.132220 0.007686 1.742726 2976.169896
0.860094 0.000000 0.000000 0.000000 0.000000 0.132220 0.007686 1.742726 2976.169896
0.860094 0.000000 0.000000 0.000000 0.000000 0.132220 0.007686 1.742726 2976.169896
0.860094 0.000000 0.000000 0.000000 0.000000 0.132220 0.007686 1.742726 2976.169896
0.860094 0.000000 0.000000 0.000000 0.000000 0.132220 0.007686 1.742726 2976.169896
0.860094 0.000000 0.000000 0.000000 0.000000 0.132220 0.007686 1.742726 2976.169896
0.860094 0.000000 0.000000 0.000000 0.000000 0.132220 0.007686 1.742726 2976.169896
0.860094 0.000000 0.000000 0.000000 0.000000 0.132220 0.007686 1.742726 2976.169896
0.860094 0.000000 0.000000 0.000000 0.000000 0.132220 0.007686 1.742726 2976.169896
0.860094 0.000000 0.000000 0.000000 0.000000 0.132220 0.007686 1.742726 2976.169896
0.860094 0.000000 0.000000 0.000000 0.000000 0.132220 0.007686 1.742726 2976.169896
0.860094 0.000000 0.000000 0.000000 0.000000 0.132220 0.007686 1.742726 2976.169896
0.860094 0.000000 0.000000 0.000000 0.000000 0.132220 0.007686 1.742726 2976.169896
0.860094 0.000000 0.000000 0.000000 0.000000 0.132220 0.007686 1.742726 2976.169896
0.860094 0.000000 0.000000 0.000000 0.000000 0.132220 0.007686 1.742726 2976.169896
0.860094 0.000000 0.000000 0.000000 0.000000 0.132220 0.007686 1.742726 2976.169896
0.860094 0.000000 0.000000 0.000000 0.000000 0.132220 0.007686 1.742726 2976.169896
0.860094 0.000000 0.000000 0.000000 0.000000 0.132220 0.007686 1.742726 2976.169896
0.860094 0.000000 0.000000 0.000000 0.000000 0.132220 0.007686 1.742726 2976.169896
0.860094 0.000000 0.000000 0.000000 0.000000 0.132220 0.007686 1.742726 2976.169896
0.860094 0.000000 0.000000 0.000000 0.000000 0.132220 0.007686 1.742726 2976.169896
0.860094 0.000000 0.000000 0.000000 0.000000 0.132220 0.007686 1.742726 2976.169896
0.860094 0.000000 0.000000 0.000000 0.000000 0.132220 0.007686 1.742726 2976.169896
0.860094 0.000000 0.000000 0.000000 0.000000 0.132220 0.007686 1.742726 2976.169896
0.860094 0.000000 0.000000 0.000000 0.000000 0.132220 0.007686 1.742726 2976.169896
0.860094 0.000000 0.000000 0.000000 0.000000 0.132220 0.007686 1.742726 2976.169896
0.860094 0.000000 0.000000 0.000000 0.000000 0.132220 0.007686 1.742726 2976.169896
0.860094 0.000000 0.000000 0.000000 0.000000 0.132220 0.007686 1.742726 2976.169896
0.860094 0.000000 0.000000 0.000000 0.000000 0.132220 0.007686 1.742726 2976.169896
0.860094 0.000000 0.000000 0.000000 0.000000 0.132220 0.007686 1.742726 2976.169896
0.860094 0.000000 0.000000 0.000000 0.000000 0.132220 0.007686 1.742726 2976.169896
0.860094 0.000000 0.000000 0.000000 0.000000 0.132220 0.007686 1.742726 2976.169896
0.860094 0.000000 0.000000 0.000000 0.000000 0.132220 0.007686 1.742726 2976.169896
0.860094 0.000000 0.000000 0.000000 0.000000 0.132220 0.007686 1.742726 2976.169896
0.860094 0.000000 0.000000 0.000000 0.000000 0.132220 0.007686 1.742726 2976.169896
0.860094 0.000000 0.000000 0.000000 0.000000 0.132220 0.007686 1.742726 2976.169896
0.860094 0.000000 0.000000 0.000000 0.000000 0.132220 0.007686 1.742726 2976.169896
0.860094 0.000000 0.000000 0.000000 0.000000 0.132220 0.007686 1.742726 2976.169896
0.860094 0.000000 0.000000 0.000000 0.000000 0.132220 0.007686 1.742726 2976.169896
0.860094 0.000000 0.000000 0.000000 0.000000 0.132220 0.007686 1.742726 2976.169896
0.860094 0.000000 0.000000 0.000000 0.000000 0.132220 0.007686 1.742726 2976.169896
0.860094 0.000000 0.000000 0.000000 0.000000 0.132220 0.007686 1.742726 2976.169896
0.860094 0.000000 0.000000 0.000000 0.000000 0.132220 0.007686 1.742726 2976.169896
0.860094 0.000000 0.000000 0.000000 0.000000 0.132220 0.007686 1.742726 2976.169896
0.860094 0.000000 0.000000 0.000000 0.000000 0.132220 0.007686 1.742726 2976.169896
0.860094 0.000000 0.000000 0.000000 0.000000 0.132220 0.007686 1.742726 2976.169896
0.860094 0.000000 0.000000 0.000000 0.000000 0.132220 0.007686 1.742726 2976.169896
0.860094 0.000000 0.000000 0.000000 0.000000 0.132220 0.007686 1.742726 2976.169896
0.860094 0.000000 0.000000 0.000000 0.000000 0.132220 0.007686 1.742726 2976.169896
0.860094 0.000000 0.000000 0.000000 0.000000 0.132220 0.007686 1.742726 2976.169896
0.860094 0.000000 0.000000 0.000000 0.000000 0.132220 0.007686 1.742726 2976.169896
0.860094 0.000000 0.000000 0.000000 0.000000 0.132220 0.007686 1.742726 2976.169896
0.860094 0.000000 0.000000 0.000000 0.000000 0.132220 0.007686 1.742726 2976.169896
0.860094 0.000000 0.000000 0.000000 0.000000 0.132220 0.007686 1.742726 2976.169896
0.860094 0.000000 0.000000 0.000000 0.000000 0.132220 0.007686 1.742726 2976.169896
0.860094 0.000000 0.000000 0.000000 0.000000 0.132220 0.007686 1.742726 2976.169896
0.860094 0.000000 0.000000 0.000000 0.000000 0.132220 0.007686 1.742726 2976.169896
0.860094 0.000000 0.000000 0.000000 0.000000 0.132220 0.007686 1.742726 2976.169896
0.860094 0.000000 0.000000 0.000000 0.000000 0.132220 0.007686 1.742726 2976.169896
0.860094 0.000000 0.000000 0.000000 0.000000 0.132220 0.007686 1.742726 2976.169896
0.860094 0.000000 0.000000 0.000000 0.000000 0.132220 0.007686 1.742726 2976.169896
0.860094 0.000000 0.000000 0.000000 0.000000 0.132220 0.007686 1.742726 2976.169896
0.860094 0.000000 0.000000 0.000000 0.000000 0.132220 0.007686 1.742726 2976.169896
0.860094 0.000000 0.000000 0.000000 0.000000 0.132220 0.007686 1.742726 2976.169896
0.860094 0.000000 0.000000 0.000000 0.000000 0.132220 0.007686 1.742726 2976.169896
0.860094 0.000000 0.000000 0.000000 0.000000 0.132220 0.007686 1.742726 2976.169896
0.860094 0.000000 0.000000 0.000000 0.000000 0.132220 0.007686 1.742726 2976.169896
0.860094 0.000000 0.000000 0.000000 0.000000 0.132220 0.007686 1.742726 2976.169896
0.860094 0.000000 0.000000 0.000000 0.000000 0.132220 0.007686 1.742726 2976.169896
0.860094 0.000000 0.000000 0.000000 0.000000 0.132220 0.007686 1.742726 2976.169896
0.860094 0.000000 0.000000 0.000000 0.000000 0.132220 0.007686 1.742726 2976.169896
0.860094 0.000000 0.000000 0.000000 0.000000 0.132220 0.007686 1.742726 2976.169896
0.860094 0.000000 0.000000 0.000000 0.000000 0.132220 0.007686 1.742726 2976.169896
0.860094 0.000000 0.000000 0.000000 0.000000 0.132220 0.007686 1.742726 2976.169896
0.860094 0.000000 0.000000 0.000000 0.000000 0.132220 0.007686 1.742726 2976.169896
0.860094 0.000000 0.000000 0.000000 0.000000 0.132220 0.007686 1.742726 2976.169896
0.860094 0.000000 0.000000 0.000000 0.000000 0.132220 0.007686 1.742726 2976.169896
0.860094 0.000000 0.000000 0.000000 0.000000 0.132220 0.007686 1.742726 2976.169896
0.860094 0.000000 0.000000 0.000000 0.000000 0.132220 0.007686 1.742726 2976.169896
0.860094 0.000000 0.000000 0.000000 0.000000 0.132220 0.007686 1.742726 2976.169896
0.860094 0.000000 0.000000 0.000000 0.000000 0.132220 0.007686 1.742726 2976.169896
0.860094 0.000000 0.000000 0.000000 0.000000 0.132220 0.007686 1.742726 2976.169896
0.860094 0.000000 0.000000 0.000000 0.000000 0.132220 0.007686 1.742726 2976.169896
0.860094 0.000000 0.000000 0.000000 0.000000 0.132220 0.007686 1.742726 2976.169896
0.860094 0.000000 0.000000 0.000000 0.000000 0.132220 0.007686 1.742726 2976.169896
0.860094 0.000000 0.000000 0.000000 0.000000 0.132220 0.007686 1.742726 2976.169896
0.860094 0.000000 0.000000 0.000000 0.000000 0.132220 0.007686 1.742726 2976.169896
0.860094 0.000000 0.000000 0.000000 0.000000 0.132220 0.007686 1.742726 2976.169896
0.860094 0.000000 0.000000 0.000000 0.000000 0.132220 0.007686 1.742726 2976.169896
0.860094 0.000000 0.000000 0.000000 0.000000 0.132220 0.007686 1.742726 2976.169896
0.860094 0.000000 0.000000 0.000000 0.000000 0.132220 0.007686 1.742726 2976.169896
0.860094 0.000000 0.000000 0.000000 0.000000 0.132220 0.007686 1.742726 2976.169896
0.860094 0.000000 0.000000 0.000000 0.000000 0.132220 0.007686 1.742726 2976.169896
0.860094 0.000000 0.000000 0.000000 0.000000 0.132220 0.007686 1.742726 2976.169896
0.860094 0.000000 0.000000 0.000000 0.000000 0.132220 0.007686 1.742726 2976.169896
0.860094 0.000000 0.000000 0.000000 0.000000 0.132220 0.007686 1.742726 2976.169896
0.860094 0.000000 0.000000 0.000000 0.000000 0.132220 0.007686 1.742726 2976.169896
0.860094 0.000000 0.000000 0.000000 0.000000 0.132220 0.007686 1.742726 2976.169896
0.860094 0.000000 0.000000 0.000000 0.000000 0.132220 0.007686 1.742726 2976.169896
0.860094 0.000000 0.000000 0.000000 0.000000 0.132220 0.007686 1.742726 2976.169896
0.860094 0.000000 0.000000 0.000000 0.000000 0.132220 0.007686 1.742726 2976.169896
0.860094 0.000000 0.000000 0.000000 0.000000 0.132220 0.007686 1.742726 2976.169896
0.860094 0.000000 0.000000 0.000000 0.000000 0.132220 0.007686 1.742726 2976.169896
0.860094 0.000000 0.000000 0.000000 0.000000 0.132220 0.007686 1.742726 2976.169896
0.860094 0.000000 0.000000 0.000000 0.000000 0.132220 0.007686 1.742726 2976.169896
0.860094 0.000000 0.000000 0.000000 0.000000 0.132220 0.007686 1.742726 2976.169896
0.860094 0.000000 0.000000 0.000000 0.000000 0.132220 0.007686 1.742726 2976.169896
0.860094 0.000000 0.000000 0.000000 0.000000 0.132220 0.007686 1.742726 2976.169896
0.860094 0.000000 0.000000 0.000000 0.000000 0.132220 0.007686 1.742726 2976.169896
0.860094 0.000000 0.000000 0.000000 0.000000 0.132220 0.007686 1.742726 2976.169896
0.860094 0.000000 0.000000 0.000000 0.000000 0.132220 0.007686 1.742726 2976.169896
0.860094 0.000000 0.000000 0.000000 0.000000 0.132220 0.007686 1.742726 2976.169896
0.860094 0.000000 0.000000 0.000000 0.000000 0.132220 0.007686 1.742726 2976.169896
0.860094 0.000000 0.000000 0.000000 0.000000 0.132220 0.007686 1.742726 2976.169896
0.860094 0.000000 0.000000 0.000000 0.000000 0.132220 0.007686 1.742726 2976.169896
0.860094 0.000000 0.000000 0.000000 0.000000 0.132220 0.007686 1.742726 2976.169896
0.860094 0.000000 0.000000 0.000000 0.000000 0.132220 0.007686 1.742726 2976.169896
0.860094 0.000000 0.000000 0.000000 0.000000 0.132220 0.007686 1.742726 2976.169896
0.860094 0.000000 0.000000 0.000000 0.000000 0.132220 0.007686 1.742726 2976.169896
0.860094 0.000000 0.000000 0.000000 0.000000 0.132220 0.007686 1.742726 2976.169896
0.860094 0.000000 0.000000 0.000000 0.000000 0.132220 0.007686 1.742726 2976.169896
0.860094 0.000000 0.000000 0.000000 0.000000 0.132220 0.007686 1.742726 2976.169896
0.860094 0.000000 0.000000 0.000000 0.000000 0.132220 0.007686 1.742726 2976.169896
0.860094 0.000000 0.000000 0.000000 0.000000 0.132220 0.007686 1.742726 2976.169896
0.860094 0.000000 0.000000 0.000000 0.000000 0.132220 0.007686 1.742726 2976.169896
0.860094 0.000000 0.000000 0.000000 0.000000 0.132220 0.007686 1.742726 2976.169896
0.860094 0.000000 0.000000 0.000000 0.000000 0.132220 0.007686 1.742726 2976.169896
0.860094 0.000000 0.000000 0.000000 0.000000 0.132220 0.007686 1.742726 2976.169896
0.860094 0.000000 0.000000 0.000000 0.000000 0.132220 0.007686 1.742726 2976.169896
0.860094 0.000000 0.000000 0.000000 0.000000 0.132220 0.007686 1.742726 2976.169896
0.860094 0.000000 0.000000 0.000000 0.000000 0.132220 0.007686 1.742726 2976.169896
0.860094 0.000000 0.000000 0.000000 0.000000 0.132220 0.007686 1.742726 2976.169896
0.860094 0.000000 0.000000 0.000000 0.000000 0.132220 0.007686 1.742726 2976.169896
0.860094 0.000000 0.000000 0.000000 0.000000 0.132220 0.007686 1.742726 2976.169896
0.860094 0.000000 0.000000 0.000000 0.000000 0.132220 0.007686 1.742726 2976.169896
0.860094 0.000000 0.000000 0.000000 0.000000 0.132220 0.007686 1.742726 2976.169896
0.860094 0.000000 0.000000 0.000000 0.000000 0.132220 0.007686 1.742726 2976.169896
0.860094 0.000000 0.000000 0.000000 0.000000 0.132220 0.007686 1.742726 2976.169896
0.860094 0.000000 0.000000 0.000000 0.000000 0.132220 0.007686 1.742726 2976.169896
0.860094 0.000000 0.000000 0.000000 0.000000 0.132220 0.007686 1.742726 2976.169896
0.860094 0.000000 0.000000 0.000000 0.000000 0.132220 0.007686 1.742726 2976.169896
0.860094 0.000000 0.000000 0.000000 0.000000 0.132220 0.007686 1.742726 2976.169896
0.860094 0.000000 0.000000 0.000000 0.000000 0.132220 0.007686 1.742726 2976.169896
0.860094 0.000000 0.000000 0.000000 0.000000 0.132220 0.007686 1.742726 2976.169896
0.860094 0.000000 0.000000 0.000000 0.000000 0.132220 0.007686 1.742726 2976.169896
0.860094 0.000000 0.000000 0.000000 0.000000 0.132220 0.007686 1.742726 2976.169896
0.860094 0.000000 0.000000 0.000000 0.000000 0.132220 0.007686 1.742726 2976.169896
0.860094 0.000000 0.000000 0.000000 0.000000 0.132220 0.007686 1.742726 2976.169896
0.860094 0.000000 0.000000 0.000000 0.000000 0.132220 0.007686 1.742726 2976.169896
0.860094 0.000000 0.000000 0.000000 0.000000 0.132220 0.007686 1.742726 2976.169896
0.860094 0.000000 0.000000 0.000000 0.000000 0.132220 0.007686 1.742726 2976.169896
0.860094 0.000000 0.000000 0.000000 0.000000 0.132220 0.007686 1.742726 2976.169896
0.860094 0.000000 0.000000 0.000000 0.000000 0.132220 0.007686 1.742726 2976.169896
0.860094 0.000000 0.000000 0.000000 0.000000 0.132220 0.007686 1.742726 2976.169896
0.860094 0.000000 0.000000 0.000000 0.000000 0.132220 0.007686 1.742726 2976.169896
0.860094 0.000000 0.000000 0.000000 0.000000 0.132220 0.007686 1.742726 2976.169896
0.860094 0.000000 0.000000 0.000000 0.000000 0.132220 0.007686 1.742726 2976.169896
0.860094 0.000000 0.000000 0.000000 0.000000 0.132220 0.007686 1.742726 2976.169896
0.860094 0.000000 0.000000 0.000000 0.000000 0.132220 0.007686 1.742726 2976.169896
0.860094 0.000000 0.000000 0.000000 0.000000 0.132220 0.007686 1.742726 2976.169896
0.860094 0.000000 0.000000 0.000000 0.000000 0.132220 0.007686 1.742726 2976.169896
0.860094 0.000000 0.000000 0.000000 0.000000 0.132220 0.007686 1.742726 2976.169896
0.860094 0.000000 0.000000 0.000000 0.000000 0.132220 0.007686 1.742726 2976.169896
0.860094 0.000000 0.000000 0.000000 0.000000 0.132220 0.007686 1.742726 2976.169896
0.860094 0.000000 0.000000 0.000000 0.000000 0.132220 0.007686 1.742726 2976.169896
0.860094 0.000000 0.000000 0.000000 0.000000 0.132220 0.007686 1.742726 2976.169896
0.860094 0.000000 0.000000 0.000000 0.000000 0.132220 0.007686 1.742726 2976.169896
0.860094 0.000000 0.000000 0.000000 0.000000 0.132220 0.007686 1.742726 2976.169896
0.860094 0.000000 0.000000 0.000000 0.000000 0.132220 0.007686 1.742726 2976.169896
0.860094 0.000000 0.000000 0.000000 0.000000 0.132220 0.007686 1.742726 2976.169896
0.860094 0.000000 0.000000 0.000000 0.000000 0.132220 0.007686 1.742726 2976.169896
0.860094 0.000000 0.000000 0.000000 0.000000 0.132220 0.007686 1.742726 2976.169896
0.860094 0.000000 0.000000 0.000000 0.000000 0.132220 0.007686 1.742726 2976.169896
0.860094 0.000000 0.000000 0.000000 0.000000 0.132220 0.007686 1.742726 2976.169896
0.860094 0.000000 0.000000 0.000000 0.000000 0.132220 0.007686 1.742726 2976.169896
0.860094 0.000000 0.000000 0.000000 0.000000 0.132220 0.007686 1.742726 2976.169896
0.860094 0.000000 0.000000 0.000000 0.000000 0.132220 0.007686 1.742726 2976.169896
0.860094 0.000000 0.000000 0.000000 0.000000 0.132220 0.007686 1.742726 2976.169896
0.860094 0.000000 0.000000 0.000000 0.000000 0.132220 0.007686 1.742726 2976.169896
0.860094 0.000000 0.000000 0.000000 0.000000 0.132220 0.007686 1.742726 2976.169896
0.860094 0.000000 0.000000 0.000000 0.000000 0.132220 0.007686 1.742726 2976.169896
0.860094 0.000000 0.000000 0.000000 0.000000 0.132220 0.007686 1.742726 2976.169896
0.860094 0.000000 0.000000 0.000000 0.000000 0.132220 0.007686 1.742726 2976.169896
0.860094 0.000000 0.000000 0.000000 0.000000 0.132220 0.007686 1.742726 2976.169896
0.860094 0.000000 0.000000 0.000000 0.000000 0.132220 0.007686 1.742726 2976.169896
0.860094 0.000000 0.000000 0.000000 0.000000 0.132220 0.007686 1.742726 2976.169896
0.860094 0.000000 0.000000 0.000000 0.000000 0.132220 0.007686 1.742726 2976.169896
0.860094 0.000000 0.000000 0.000000 0.000000 0.132220 0.007686 1.742726 2976.169896
0.860094 0.000000 0.000000 0.000000 0.000000 0.132220 0.007686 1.742726 2976.169896
0.860094 0.000000 0.000000 0.000000 0.000000 0.132220 0.007686 1.742726 2976.169896
0.860094 0.000000 0.000000 0.000000 0.000000 0.132220 0.007686 1.742726 2976.169896
0.860094 0.000000 0.000000 0.000000 0.000000 0.132220 0.007686 1.742726 2976.169896
0.860094 0.000000 0.000000 0.000000 0.000000 0.132220 0.007686 1.742726 2976.169896
0.860094 0.000000 0.000000 0.000000 0.000000 0.132220 0.007686 1.742726 2976.169896
0.860094 0.000000 0.000000 0.000000 0.000000 0.132220 0.007686 1.742726 2976.169896
0.860094 0.000000 0.000000 0.000000 0.000000 0.132220 0.007686 1.742726 2976.169896
0.860094 0.000000 0.000000 0.000000 0.000000 0.132220 0.007686 1.742726 2976.169896
0.860094 0.000000 0.000000 0.000000 0.000000 0.132220 0.007686 1.742726 2976.169896
0.860094 0.000000 0.000000 0.000000 0.000000 0.132220 0.007686 1.742726 2976.169896
0.860094 0.000000 0.000000 0.000000 0.000000 0.132220 0.007686 1.742726 2976.169896
0.860094 0.000000 0.000000 0.000000 0.000000 0.132220 0.007686 1.742726 2976.169896
0.860094 0.000000 0.000000 0.000000 0.000000 0.132220 0.007686 1.742726 2976.169896
0.860094 0.000000 0.000000 0.000000 0.000000 0.132220 0.007686 1.742726 2976.169896
0.860094 0.000000 0.000000 0.000000 0.000000 0.132220 0.007686 1.742726 2976.169896
0.860094 0.000000 0.000000 0.000000 0.000000 0.132220 0.007686 1.742726 2976.169896
0.860094 0.000000 0.000000 0.000000 0.000000 0.132220 0.007686 1.742726 2976.169896
0.860094 0.000000 0.000000 0.000000 0.000000 0.132220 0.007686 1.742726 2976.169896
0.860094 0.000000 0.000000 0.000000 0.000000 0.132220 0.007686 1.742726 2976.169896
0.860094 0.000000 0.000000 0.000000 0.000000 0.132220 0.007686 1.742726 2976.169896
0.860094 0.000000 0.000000 0.000000 0.000000 0.132220 0.007686 1.742726 2976.169896
0.860094 0.000000 0.000000 0.000000 0.000000 0.132220 0.007686 1.742726 2976.169896
0.860094 0.000000 0.000000 0.000000 0.000000 0.132220 0.007686 1.742726 2976.169896
0.860094 0.000000 0.000000 0.000000 0.000000 0.132220 0.007686 1.742726 2976.169896
0.860094 0.000000 0.000000 0.000000 0.000000 0.132220 0.007686 1.742726 2976.169896
0.860094 0.000000 0.000000 0.000000 0.000000 0.132220 0.007686 1.742726 2976.169896
0.860094 0.000000 0.000000 0.000000 0.000000 0.132220 0.007686 1.742726 2976.169896
0.860094 0.000000 0.000000 0.000000 0.000000 0.132220 0.007686 1.742726 2976.169896
0.860094 0.000000 0.000000 0.000000 0.000000 0.132220 0.007686 1.742726 2976.169896
0.860094 0.000000 0.000000 0.000000 0.000000 0.132220 0.007686 1.742726 2976.169896
0.860094 0.000000 0.000000 0.000000 0.000000 0.132220 0.007686 1.742726 2976.169896
0.860094 0.000000 0.000000 0.000000 0.000000 0.132220 0.007686 1.742726 2976.169896
0.860094 0.000000 0.000000 0.000000 0.000000 0.132220 0.007686 1.742726 2976.169896
0.860094 0.000000 0.000000 0.000000 0.000000 0.132220 0.007686 1.742726 2976.169896
0.860094 0.000000 0.000000 0.000000 0.000000 0.132220 0.007686 1.742726 2976.169896
0.860094 0.000000 0.000000 0.000000 0.000000 0.132220 0.007686 1.742726 2976.169896
0.860094 0.000000 0.000000 0.000000 0.000000 0.132220 0.007686 1.742726 2976.169896
0.860094 0.000000 0.000000 0.000000 0.000000 0.132220 0.007686 1.742726 2976.169896
0.860094 0.000000 0.000000 0.000000 0.000000 0.132220 0.007686 1.742726 2976.169896
0.860094 0.000000 0.000000 0.000000 0.000000 0.132220 0.007686 1.742726 2976.169896
0.860094 0.000000 0.000000 0.000000 0.000000 0.132220 0.007686 1.742726 2976.169896
0.860094 0.000000 0.000000 0.000000 0.000000 0.132220 0.007686 1.742726 2976.169896
0.860094 0.000000 0.000000 0.000000 0.000000 0.132220 0.007686 1.742726 2976.169896
0.860094 0.000000 0.000000 0.000000 0.000000 0.132220 0.007686 1.742726 2976.169896
0.860094 0.000000 0.000000 0.000000 0.000000 0.132220 0.007686 1.742726 2976.169896
0.860094 0.000000 0.000000 0.000000 0.000000 0.132220 0.007686 1.742726 2976.169896
0.860094 0.000000 0.000000 0.000000 0.000000 0.132220 0.007686 1.742726 2976.169896
0.860094 0.000000 0.000000 0.000000 0.000000 0.132220 0.007686 1.742726 2976.169896
0.860094 0.000000 0.000000 0.000000 0.000000 0.132220 0.007686 1.742726 2976.169896
0.860094 0.000000 0.000000 0.000000 0.000000 0.132220 0.007686 1.742726 2976.169896
0.860094 0.000000 0.000000 0.000000 0.000000 0.132220 0.007686 1.742726 2976.169896
0.860094 0.000000 0.000000 0.000000 0.000000 0.132220 0.007686 1.742726 2976.169896
0.860094 0.000000 0.000000 0.000000 0.000000 0.132220 0.007686 1.742726 2976.169896
0.860094 0.000000 0.000000 0.000000 0.000000 0.132220 0.007686 1.742726 2976.169896
0.860094 0.000000 0.000000 0.000000 0.000000 0.132220 0.007686 1.742726 2976.169896
0.860094 0.000000 0.000000 0.000000 0.000000 0.132220 0.007686 1.742726 2976.169896
0.860094 0.000000 0.000000 0.000000 0.000000 0.132220 0.007686 1.742726 2976.169896
0.860094 0.000000 0.000000 0.000000 0.000000 0.132220 0.007686 1.742726 2976.169896
0.860094 0.000000 0.000000 0.000000 0.000000 0.132220 0.007686 1.742726 2976.169896
0.860094 0.000000 0.000000 0.000000 0.000000 0.132220 0.007686 1.742726 2976.169896
0.860094 0.000000 0.000000 0.000000 0.000000 0.132220 0.007686 1.742726 2976.169896
0.860094 0.000000 0.000000 0.000000 0.000000 0.132220 0.007686 1.742726 2976.169896
0.860094 0.000000 0.000000 0.000000 0.000000 0.132220 0.007686 1.742726 2976.169896
0.860094 0.000000 0.000000 0.000000 0.000000 0.132220 0.007686 1.742726 2976.169896
0.860094 0.000000 0.000000 0.000000 0.000000 0.132220 0.007686 1.742726 2976.169896
0.860094 0.000000 0.000000 0.000000 0.000000 0.132220 0.007686 1.742726 2976.169896
0.860094 0.000000 0.000000 0.000000 0.000000 0.132220 0.007686 1.742726 2976.169896
0.860094 0.000000 0.000000 0.000000 0.000000 0.132220 0.007686 1.742726 2976.169896
0.860094 0.000000 0.000000 0.000000 0.000000 0.132220 0.007686 1.742726 2976.169896
0.860094 0.000000 0.000000 0.000000 0.000000 0.132220 0.007686 1.742726 2976.169896
0.860094 0.000000 0.000000 0.000000 0.000000 0.132220 0.007686 1.742726 2976.169896
0.860094 0.000000 0.000000 0.000000 0.000000 0.132220 0.007686 1.742726 2976.169896
0.860094 0.000000 0.000000 0.000000 0.000000 0.132220 0.007686 1.742726 2976.169896
0.860094 0.000000 0.000000 0.000000 0.000000 0.132220 0.007686 1.742726 2976.169896
0.860094 0.000000 0.000000 0.000000 0.000000 0.132220 0.007686 1.742726 2976.169896
0.860094 0.000000 0.000000 0.000000 0.000000 0.132220 0.007686 1.742726 2976.169896
0.860094 0.000000 0.000000 0.000000 0.000000 0.132220 0.007686 1.742726 2976.169896
0.860094 0.000000 0.000000 0.000000 0.000000 0.132220 0.007686 1.742726 2976.169896
0.860094 0.000000 0.000000 0.000000 0.000000 0.132220 0.007686 1.742726 2976.169896
0.860094 0.000000 0.000000 0.000000 0.000000 0.132220 0.007686 1.742726 2976.169896
0.860094 0.000000 0.000000 0.000000 0.000000 0.132220 0.007686 1.742726 2976.169896
0.860094 0.000000 0.000000 0.000000 0.000000 0.132220 0.007686 1.742726 2976.169896
0.860094 0.000000 0.000000 0.000000 0.000000 0.132220 0.007686 1.742726 2976.169896
0.860094 0.000000 0.000000 0.000000 0.000000 0.132220 0.007686 1.742726 2976.169896
0.860094 0.000000 0.000000 0.000000 0.000000 0.132220 0.007686 1.742726 2976.169896
0.860094 0.000000 0.000000 0.000000 0.000000 0.132220 0.007686 1.742726 2976.169896
0.860094 0.000000 0.000000 0.000000 0.000000 0.132220 0.007686 1.742726 2976.169896
0.860094 0.000000 0.000000 0.000000 0.000000 0.132220 0.007686 1.742726 2976.169896
0.860094 0.000000 0.000000 0.000000 0.000000 0.132220 0.007686 1.742726 2976.169896
0.860094 0.000000 0.000000 0.000000 0.000000 0.132220 0.007686 1.742726 2976.169896
0.860094 0.000000 0.000000 0.000000 0.000000 0.132220 0.007686 1.742726 2976.169896
0.860094 0.000000 0.000000 0.000000 0.000000 0.132220 0.007686 1.742726 2976.169896
0.860094 0.000000 0.000000 0.000000 0.000000 0.132220 0.007686 1.742726 2976.169896
0.860094 0.000000 0.000000 0.000000 0.000000 0.132220 0.007686 1.742726 2976.169896
0.860094 0.000000 0.000000 0.000000 0.000000 0.132220 0.007686 1.742726 2976.169896
0.860094 0.000000 0.000000 0.000000 0.000000 0.132220 0.007686 1.742726 2976.169896
0.860094 0.000000 0.000000 0.000000 0.000000 0.132220 0.007686 1.742726 2976.169896
0.860094 0.000000 0.000000 0.000000 0.000000 0.132220 0.007686 1.742726 2976.169896
0.860094 0.000000 0.000000 0.000000 0.000000 0.132220 0.007686 1.742726 2976.169896
0.860094 0.000000 0.000000 0.000000 0.000000 0.132220 0.007686 1.742726 2976.169896
0.860094 0.000000 0.000000 0.000000 0.000000 0.132220 0.007686 1.742726 2976.169896
0.860094 0.000000 0.000000 0.000000 0.000000 0.132220 0.007686 1.742726 2976.169896
0.860094 0.000000 0.000000 0.000000 0.000000 0.132220 0.007686 1.742726 2976.169896
0.860094 0.000000 0.000000 0.000000 0.000000 0.132220 0.007686 1.742726 2976.169896
0.860094 0.000000 0.000000 0.000000 0.000000 0.132220 0.007686 1.742726 2976.169896
0.860094 0.000000 0.000000 0.000000 0.000000 0.132220 0.007686 1.742726 2976.169896
0.860094 0.000000 0.000000 0.000000 0.000000 0.132220 0.007686 1.742726 2976.169896
0.860094 0.000000 0.000000 0.000000 0.000000 0.132220 0.007686 1.742726 2976.169896
0.860094 0.000000 0.000000 0.000000 0.000000 0.132220 0.007686 1.742726 2976.169896
0.860094 0.000000 0.000000 0.000000 0.000000 0.132220 0.007686 1.742726 2976.169896
0.860094 0.000000 0.000000 0.000000 0.000000 0.132220 0.007686 1.742726 2976.169896
0.860094 0.000000 0.000000 0.000000 0.000000 0.132220 0.007686 1.742726 2976.169896
0.860094 0.000000 0.000000 0.000000 0.000000 0.132220 0.007686 1.742726 2976.169896
0.860094 0.000000 0.000000 0.000000 0.000000 0.132220 0.007686 1.742726 2976.169896
0.860094 0.000000 0.000000 0.000000 0.000000 0.132220 0.007686 1.742726 2976.169896
0.860094 0.000000 0.000000 0.000000 0.000000 0.132220 0.007686 1.742726 2976.169896
0.860094 0.000000 0.000000 0.000000 0.000000 0.132220 0.007686 1.742726 2976.169896
0.860094 0.000000 0.000000 0.000000 0.000000 0.132220 0.007686 1.742726 2976.169896
0.860094 0.000000 0.000000 0.000000 0.000000 0.132220 0.007686 1.742726 2976.169896
0.860094 0.000000 0.000000 0.000000 0.000000 0.132220 0.007686 1.742726 2976.169896
