0.340409 0.063998 0.056774 0.032564 0.002071 0.498138 0.006046 1.623698 2100.223593
0.341605 0.062737 0.057492 0.031689 0.002076 0.498331 0.006070 1.629963 2110.524458
0.344281 0.060220 0.058091 0.030811 0.002080 0.498421 0.006096 1.636014 2119.983203
0.347853 0.057196 0.058300 0.029941 0.002075 0.498516 0.006120 1.641735 2130.950942
0.351880 0.053949 0.058394 0.029098 0.002065 0.498467 0.006147 1.647172 2141.302855
0.356183 0.050651 0.058186 0.028196 0.002054 0.498556 0.006175 1.652321 2151.920608
0.360913 0.047339 0.057711 0.027333 0.002039 0.498465 0.006200 1.657145 2161.906647
0.365843 0.044294 0.056962 0.026404 0.002032 0.498238 0.006226 1.661525 2170.559097
0.370846 0.041281 0.056137 0.025591 0.002013 0.497882 0.006251 1.665768 2181.691973
0.375980 0.038477 0.055154 0.024706 0.001984 0.497419 0.006280 1.669674 2193.445167
0.381208 0.035838 0.054089 0.023815 0.001976 0.496773 0.006301 1.673317 2202.773617
0.386422 0.033411 0.052793 0.022961 0.001954 0.496128 0.006330 1.676662 2213.589144
0.391657 0.031064 0.051523 0.022153 0.001919 0.495327 0.006356 1.679871 2224.638030
0.396985 0.028956 0.050108 0.021267 0.001896 0.494408 0.006380 1.682784 2235.902631
0.402420 0.026960 0.048662 0.020452 0.001872 0.493228 0.006406 1.685540 2246.226998
0.407829 0.025131 0.047186 0.019650 0.001839 0.491937 0.006427 1.688103 2256.245929
0.413264 0.023374 0.045702 0.018853 0.001815 0.490544 0.006448 1.690540 2266.516729
0.418722 0.021831 0.044133 0.018093 0.001785 0.488969 0.006468 1.692712 2274.753266
0.424164 0.020359 0.042577 0.017351 0.001760 0.487298 0.006491 1.694802 2283.761886
0.429662 0.019069 0.041003 0.016633 0.001738 0.485380 0.006514 1.696697 2293.478390
0.435141 0.017842 0.039507 0.015945 0.001710 0.483318 0.006536 1.698507 2302.854283
0.440645 0.016684 0.037991 0.015298 0.001671 0.481149 0.006562 1.700206 2313.697414
0.446100 0.015661 0.036450 0.014614 0.001637 0.478956 0.006582 1.701777 2323.486271
0.451535 0.014684 0.034991 0.013991 0.001605 0.476591 0.006604 1.703266 2332.946258
0.456979 0.013751 0.033564 0.013403 0.001574 0.474106 0.006622 1.704704 2343.264273
0.462434 0.012913 0.032178 0.012808 0.001543 0.471479 0.006644 1.706020 2353.212020
0.467821 0.012143 0.030835 0.012234 0.001512 0.468792 0.006664 1.707245 2363.982510
0.473235 0.011402 0.029513 0.011723 0.001470 0.465971 0.006685 1.708418 2374.585636
0.478591 0.010751 0.028260 0.011184 0.001433 0.463075 0.006707 1.709495 2384.361026
0.483935 0.010134 0.027067 0.010689 0.001389 0.460059 0.006727 1.710535 2395.070770
0.489292 0.009569 0.025878 0.010184 0.001354 0.456976 0.006747 1.711505 2405.033846
0.494571 0.009011 0.024721 0.009719 0.001323 0.453889 0.006766 1.712441 2413.978225
0.499823 0.008523 0.023625 0.009293 0.001295 0.450663 0.006779 1.713315 2422.629378
0.505029 0.008049 0.022569 0.008852 0.001261 0.447445 0.006796 1.714147 2432.216549
0.510215 0.007628 0.021545 0.008459 0.001221 0.444121 0.006812 1.714913 2442.717996
0.515430 0.007276 0.020498 0.008071 0.001186 0.440707 0.006831 1.715618 2452.095537
0.520500 0.006915 0.019550 0.007702 0.001160 0.437329 0.006845 1.716316 2460.578896
0.525607 0.006570 0.018649 0.007346 0.001127 0.433841 0.006859 1.716978 2470.305160
0.530609 0.006269 0.017782 0.007015 0.001103 0.430350 0.006873 1.717598 2478.505410
0.535627 0.005987 0.016975 0.006693 0.001084 0.426750 0.006883 1.718193 2484.916839
0.540606 0.005732 0.016219 0.006400 0.001056 0.423089 0.006899 1.718757 2492.910731
0.545608 0.005487 0.015485 0.006109 0.001030 0.419372 0.006910 1.719299 2499.573493
0.550579 0.005239 0.014790 0.005843 0.000996 0.415628 0.006926 1.719826 2508.516532
0.555453 0.004985 0.014151 0.005604 0.000971 0.411898 0.006937 1.720354 2516.707803
0.560303 0.004782 0.013510 0.005356 0.000945 0.408153 0.006950 1.720833 2524.015825
0.565086 0.004589 0.012866 0.005119 0.000915 0.404459 0.006966 1.721287 2533.108881
0.569887 0.004413 0.012285 0.004884 0.000886 0.400665 0.006979 1.721722 2540.646171
0.574528 0.004246 0.011738 0.004675 0.000860 0.396961 0.006991 1.722147 2547.536307
0.579247 0.004073 0.011207 0.004479 0.000829 0.393162 0.007003 1.722563 2556.749537
0.583832 0.003912 0.010693 0.004280 0.000804 0.389465 0.007013 1.722966 2564.369512
0.588442 0.003768 0.010214 0.004084 0.000779 0.385689 0.007024 1.723335 2572.111043
0.593016 0.003618 0.009770 0.003915 0.000752 0.381896 0.007033 1.723709 2579.291371
0.597547 0.003517 0.009307 0.003723 0.000732 0.378129 0.007044 1.724043 2584.937875
0.602011 0.003392 0.008869 0.003562 0.000710 0.374403 0.007052 1.724384 2591.397864
0.606514 0.003273 0.008503 0.003429 0.000686 0.370534 0.007062 1.724726 2598.021125
0.610915 0.003183 0.008128 0.003290 0.000663 0.366750 0.007071 1.725025 2604.071585
0.615291 0.003093 0.007762 0.003146 0.000638 0.362989 0.007081 1.725332 2610.927196
0.619644 0.002984 0.007426 0.003009 0.000616 0.359230 0.007090 1.725634 2617.670889
0.624012 0.002886 0.007113 0.002890 0.000597 0.355405 0.007099 1.725937 2622.768679
0.628267 0.002817 0.006814 0.002764 0.000573 0.351658 0.007107 1.726204 2629.690098
0.632513 0.002739 0.006510 0.002656 0.000555 0.347912 0.007115 1.726473 2635.567508
0.636662 0.002662 0.006247 0.002539 0.000539 0.344228 0.007123 1.726738 2640.616220
0.640768 0.002583 0.005993 0.002437 0.000521 0.340566 0.007131 1.727001 2646.044659
0.644825 0.002509 0.005743 0.002341 0.000503 0.336941 0.007137 1.727245 2650.998087
0.648837 0.002427 0.005518 0.002260 0.000491 0.333324 0.007143 1.727495 2655.398745
0.652829 0.002355 0.005299 0.002165 0.000475 0.329728 0.007150 1.727729 2660.435757
0.656739 0.002305 0.005086 0.002076 0.000460 0.326178 0.007156 1.727959 2665.683164
0.660609 0.002259 0.004880 0.002001 0.000444 0.322643 0.007163 1.728171 2670.691820
0.664460 0.002213 0.004687 0.001919 0.000430 0.319122 0.007168 1.728386 2675.863953
0.668314 0.002159 0.004498 0.001843 0.000417 0.315595 0.007174 1.728591 2680.287223
0.672067 0.002099 0.004319 0.001791 0.000401 0.312145 0.007179 1.728804 2685.494552
0.675788 0.002041 0.004158 0.001722 0.000389 0.308720 0.007182 1.729010 2689.288369
0.679470 0.001986 0.004008 0.001655 0.000377 0.305316 0.007188 1.729219 2693.404267
0.683091 0.001932 0.003864 0.001592 0.000369 0.301961 0.007191 1.729409 2696.104034
0.686686 0.001895 0.003711 0.001537 0.000354 0.298620 0.007197 1.729589 2700.624210
0.690243 0.001843 0.003579 0.001491 0.000344 0.295299 0.007202 1.729777 2704.445189
0.693779 0.001811 0.003436 0.001454 0.000330 0.291984 0.007206 1.729953 2708.918831
0.697275 0.001765 0.003323 0.001407 0.000322 0.288699 0.007209 1.730133 2711.822467
0.700718 0.001724 0.003196 0.001362 0.000312 0.285475 0.007213 1.730302 2715.097979
0.704158 0.001687 0.003080 0.001311 0.000301 0.282247 0.007216 1.730466 2719.078621
0.707530 0.001627 0.002973 0.001284 0.000290 0.279075 0.007221 1.730646 2723.273565
0.710823 0.001586 0.002880 0.001246 0.000283 0.275958 0.007224 1.730810 2726.040172
0.714089 0.001568 0.002784 0.001194 0.000275 0.272861 0.007229 1.730958 2729.548993
0.717346 0.001542 0.002678 0.001161 0.000266 0.269776 0.007233 1.731110 2734.132669
0.720545 0.001506 0.002595 0.001122 0.000261 0.266735 0.007236 1.731262 2736.336580
0.723757 0.001478 0.002509 0.001094 0.000250 0.263674 0.007238 1.731408 2738.989337
0.726924 0.001442 0.002437 0.001067 0.000242 0.260646 0.007242 1.731553 2742.277094
0.730029 0.001412 0.002363 0.001032 0.000237 0.257682 0.007245 1.731699 2744.719890
0.733109 0.001382 0.002286 0.001001 0.000228 0.254747 0.007247 1.731835 2747.934785
0.736181 0.001364 0.002209 0.000976 0.000218 0.251800 0.007252 1.731964 2752.347407
0.739197 0.001342 0.002138 0.000952 0.000212 0.248905 0.007254 1.732095 2754.948359
0.742195 0.001316 0.002086 0.000922 0.000205 0.246018 0.007257 1.732227 2757.610994
0.745181 0.001295 0.002033 0.000905 0.000197 0.243128 0.007260 1.732353 2761.224513
0.748091 0.001266 0.001983 0.000883 0.000188 0.240326 0.007264 1.732484 2765.459465
0.750952 0.001242 0.001940 0.000864 0.000183 0.237553 0.007266 1.732604 2767.266946
0.753822 0.001219 0.001904 0.000844 0.000181 0.234764 0.007267 1.732725 2768.796616
0.756658 0.001200 0.001855 0.000817 0.000174 0.232027 0.007269 1.732839 2771.302881
0.759450 0.001177 0.001808 0.000801 0.000166 0.229327 0.007271 1.732956 2774.416636
0.762177 0.001157 0.001752 0.000784 0.000161 0.226697 0.007272 1.733065 2776.211430
0.764885 0.001144 0.001708 0.000763 0.000156 0.224070 0.007274 1.733178 2778.529766
0.767566 0.001127 0.001662 0.000749 0.000152 0.221469 0.007276 1.733289 2780.502826
0.770209 0.001099 0.001622 0.000730 0.000148 0.218915 0.007278 1.733402 2783.253682
0.772815 0.001080 0.001583 0.000715 0.000143 0.216386 0.007278 1.733514 2785.148783
0.775432 0.001060 0.001549 0.000699 0.000138 0.213842 0.007281 1.733625 2787.445263
0.778010 0.001050 0.001505 0.000682 0.000134 0.211337 0.007282 1.733723 2789.072949
0.780590 0.001032 0.001475 0.000660 0.000131 0.208830 0.007283 1.733824 2790.507833
0.783165 0.001016 0.001439 0.000637 0.000128 0.206331 0.007284 1.733920 2791.693253
0.785591 0.001002 0.001408 0.000620 0.000125 0.203969 0.007286 1.734013 2792.963841
0.788064 0.000980 0.001376 0.000609 0.000122 0.201564 0.007287 1.734111 2794.561433
0.790507 0.000953 0.001349 0.000601 0.000117 0.199185 0.007289 1.734212 2796.601932
0.792918 0.000931 0.001325 0.000582 0.000111 0.196843 0.007291 1.734308 2798.594741
0.795268 0.000932 0.001292 0.000568 0.000105 0.194542 0.007293 1.734396 2801.108407
0.797624 0.000917 0.001265 0.000562 0.000102 0.192236 0.007295 1.734487 2803.323761
0.799912 0.000903 0.001238 0.000551 0.000100 0.190000 0.007297 1.734581 2804.102772
0.802212 0.000901 0.001206 0.000532 0.000097 0.187755 0.007298 1.734663 2805.604811
0.804438 0.000882 0.001188 0.000527 0.000092 0.185573 0.007299 1.734754 2807.530739
0.806713 0.000865 0.001159 0.000521 0.000089 0.183354 0.007300 1.734841 2808.592053
0.808971 0.000856 0.001143 0.000507 0.000087 0.181135 0.007301 1.734925 2809.621011
0.811175 0.000836 0.001116 0.000495 0.000083 0.178993 0.007302 1.735011 2811.005219
0.813333 0.000825 0.001084 0.000488 0.000082 0.176886 0.007303 1.735085 2812.039462
0.815462 0.000807 0.001069 0.000478 0.000080 0.174801 0.007304 1.735170 2813.168226
0.817587 0.000789 0.001046 0.000469 0.000076 0.172728 0.007305 1.735251 2814.807111
0.819705 0.000773 0.001029 0.000458 0.000073 0.170657 0.007306 1.735330 2816.511517
0.821750 0.000763 0.001008 0.000447 0.000070 0.168656 0.007307 1.735400 2817.957072
0.823796 0.000743 0.000988 0.000444 0.000067 0.166656 0.007308 1.735479 2819.809263
0.825835 0.000731 0.000973 0.000431 0.000065 0.164657 0.007309 1.735553 2820.682082
0.827848 0.000712 0.000958 0.000425 0.000062 0.162684 0.007311 1.735627 2822.175455
0.829803 0.000696 0.000934 0.000414 0.000060 0.160781 0.007311 1.735698 2822.785804
0.831750 0.000687 0.000910 0.000405 0.000059 0.158878 0.007312 1.735765 2823.717658
0.833679 0.000691 0.000892 0.000392 0.000056 0.156978 0.007312 1.735824 2825.059791
0.835610 0.000682 0.000876 0.000391 0.000055 0.155074 0.007313 1.735894 2825.896060
0.837467 0.000671 0.000868 0.000380 0.000052 0.153249 0.007313 1.735960 2826.918468
0.839310 0.000659 0.000849 0.000376 0.000052 0.151441 0.007313 1.736031 2827.493837
0.841126 0.000655 0.000831 0.000369 0.000049 0.149657 0.007314 1.736092 2828.240373
0.842941 0.000650 0.000813 0.000363 0.000047 0.147872 0.007315 1.736150 2829.065614
0.844689 0.000645 0.000796 0.000358 0.000045 0.146152 0.007316 1.736214 2829.636759
0.846448 0.000639 0.000780 0.000353 0.000044 0.144419 0.007316 1.736275 2830.184305
0.848193 0.000630 0.000765 0.000352 0.000042 0.142702 0.007316 1.736341 2830.809223
0.849915 0.000629 0.000750 0.000349 0.000040 0.141001 0.007317 1.736404 2832.408065
0.851614 0.000621 0.000737 0.000351 0.000038 0.139322 0.007318 1.736466 2833.208766
0.853258 0.000601 0.000738 0.000348 0.000037 0.137699 0.007318 1.736536 2833.760768
0.854904 0.000602 0.000726 0.000340 0.000036 0.136073 0.007319 1.736592 2834.732790
0.856513 0.000592 0.000708 0.000338 0.000033 0.134496 0.007320 1.736654 2836.424038
0.858120 0.000586 0.000694 0.000332 0.000031 0.132916 0.007320 1.736710 2837.188358
0.859690 0.000585 0.000686 0.000332 0.000031 0.131355 0.007321 1.736770 2837.601605
0.861229 0.000577 0.000675 0.000328 0.000032 0.129838 0.007321 1.736827 2837.601605
0.862785 0.000568 0.000668 0.000323 0.000030 0.128305 0.007321 1.736879 2838.156762
0.864304 0.000554 0.000660 0.000320 0.000029 0.126811 0.007322 1.736937 2838.920973
0.865749 0.000550 0.000654 0.000317 0.000030 0.125378 0.007322 1.736997 2838.920973
0.867248 0.000543 0.000641 0.000313 0.000029 0.123905 0.007322 1.737053 2839.178250
0.868657 0.000541 0.000633 0.000311 0.000029 0.122506 0.007322 1.737109 2839.460765
0.870099 0.000540 0.000628 0.000306 0.000028 0.121076 0.007323 1.737164 2839.963939
0.871514 0.000541 0.000616 0.000299 0.000028 0.119679 0.007323 1.737217 2840.365353
0.872886 0.000538 0.000605 0.000295 0.000028 0.118324 0.007324 1.737272 2840.748747
0.874280 0.000524 0.000603 0.000288 0.000027 0.116953 0.007325 1.737326 2841.636889
0.875613 0.000515 0.000593 0.000284 0.000026 0.115644 0.007326 1.737376 2842.457454
0.876921 0.000509 0.000583 0.000283 0.000025 0.114354 0.007326 1.737428 2842.867702
0.878218 0.000505 0.000580 0.000280 0.000025 0.113066 0.007327 1.737482 2843.344031
0.879496 0.000491 0.000575 0.000280 0.000024 0.111807 0.007327 1.737542 2843.798574
0.880728 0.000488 0.000564 0.000277 0.000024 0.110593 0.007328 1.737589 2844.451545
0.882000 0.000482 0.000555 0.000272 0.000022 0.109342 0.007328 1.737638 2844.942712
0.883273 0.000483 0.000545 0.000269 0.000022 0.108081 0.007329 1.737682 2845.224580
0.884492 0.000486 0.000539 0.000263 0.000022 0.106869 0.007329 1.737725 2845.308403
0.885692 0.000474 0.000539 0.000263 0.000021 0.105682 0.007329 1.737778 2845.559437
0.886879 0.000478 0.000527 0.000262 0.000021 0.104505 0.007329 1.737823 2845.677956
0.888017 0.000471 0.000520 0.000258 0.000020 0.103386 0.007329 1.737871 2846.381648
0.889157 0.000464 0.000517 0.000259 0.000019 0.102255 0.007329 1.737922 2846.725414
0.890229 0.000467 0.000504 0.000259 0.000019 0.101193 0.007330 1.737965 2846.742075
0.891346 0.000457 0.000496 0.000257 0.000018 0.100097 0.007330 1.738010 2847.325560
0.892415 0.000453 0.000496 0.000250 0.000016 0.099040 0.007330 1.738054 2847.817159
0.893473 0.000446 0.000493 0.000248 0.000015 0.097995 0.007330 1.738102 2848.099241
0.894525 0.000442 0.000485 0.000247 0.000015 0.096957 0.007330 1.738147 2848.099241
0.895556 0.000438 0.000475 0.000242 0.000015 0.095944 0.007330 1.738192 2848.200295
0.896564 0.000433 0.000473 0.000233 0.000014 0.094953 0.007331 1.738231 2848.366073
0.897600 0.000419 0.000474 0.000231 0.000014 0.093932 0.007331 1.738280 2848.539905
0.898605 0.000417 0.000462 0.000222 0.000013 0.092950 0.007331 1.738318 2848.766188
0.899566 0.000420 0.000451 0.000217 0.000013 0.092002 0.007331 1.738354 2849.038656
0.900534 0.000420 0.000447 0.000210 0.000013 0.091045 0.007332 1.738391 2849.408535
0.901485 0.000417 0.000442 0.000204 0.000013 0.090109 0.007332 1.738430 2849.408535
0.902381 0.000416 0.000436 0.000204 0.000013 0.089220 0.007332 1.738472 2849.426514
0.903269 0.000412 0.000438 0.000204 0.000013 0.088333 0.007332 1.738515 2849.426514
0.904147 0.000407 0.000441 0.000200 0.000012 0.087461 0.007332 1.738558 2849.932029
0.905017 0.000409 0.000432 0.000195 0.000012 0.086603 0.007332 1.738593 2849.976501
0.905867 0.000409 0.000432 0.000193 0.000012 0.085755 0.007332 1.738634 2849.976793
0.906693 0.000409 0.000424 0.000187 0.000012 0.084943 0.007332 1.738671 2850.210333
0.907511 0.000401 0.000421 0.000187 0.000011 0.084136 0.007333 1.738712 2850.500412
0.908286 0.000405 0.000418 0.000185 0.000011 0.083362 0.007333 1.738750 2850.651990
0.909051 0.000406 0.000412 0.000185 0.000011 0.082602 0.007333 1.738790 2850.878164
0.909826 0.000405 0.000409 0.000178 0.000012 0.081837 0.007333 1.738830 2850.878164
0.910565 0.000408 0.000403 0.000180 0.000011 0.081101 0.007333 1.738867 2851.140140
0.911295 0.000409 0.000404 0.000181 0.000010 0.080368 0.007333 1.738905 2851.440511
0.912011 0.000412 0.000400 0.000178 0.000010 0.079657 0.007333 1.738939 2851.530208
0.912694 0.000407 0.000398 0.000179 0.000010 0.078979 0.007333 1.738981 2851.575404
0.913380 0.000402 0.000402 0.000177 0.000009 0.078298 0.007333 1.739025 2851.747697
0.914039 0.000406 0.000399 0.000173 0.000009 0.077642 0.007334 1.739059 2852.012640
0.914696 0.000400 0.000392 0.000175 0.000008 0.076994 0.007334 1.739099 2852.360963
0.915313 0.000398 0.000391 0.000172 0.000009 0.076384 0.007334 1.739137 2852.360963
0.915921 0.000396 0.000386 0.000176 0.000009 0.075778 0.007334 1.739176 2852.360963
0.916543 0.000388 0.000387 0.000178 0.000009 0.075161 0.007334 1.739216 2852.608498
0.917160 0.000384 0.000387 0.000172 0.000009 0.074555 0.007334 1.739254 2852.608498
0.917747 0.000383 0.000383 0.000168 0.000008 0.073976 0.007334 1.739288 2852.644189
0.918315 0.000375 0.000386 0.000169 0.000008 0.073412 0.007334 1.739326 2852.644346
0.918884 0.000372 0.000385 0.000169 0.000008 0.072848 0.007334 1.739365 2852.688966
0.919436 0.000365 0.000384 0.000172 0.000008 0.072301 0.007335 1.739405 2853.038547
0.919985 0.000364 0.000379 0.000171 0.000009 0.071757 0.007335 1.739440 2853.046908
0.920530 0.000364 0.000376 0.000167 0.000009 0.071220 0.007335 1.739471 2853.069992
0.921046 0.000358 0.000383 0.000164 0.000009 0.070705 0.007335 1.739508 2853.069992
0.921579 0.000349 0.000382 0.000168 0.000009 0.070180 0.007335 1.739546 2853.158937
0.922103 0.000342 0.000380 0.000167 0.000009 0.069664 0.007335 1.739581 2853.158937
0.922615 0.000339 0.000376 0.000164 0.000008 0.069162 0.007335 1.739613 2853.219420
0.923107 0.000340 0.000375 0.000163 0.000008 0.068672 0.007335 1.739646 2853.239558
0.923595 0.000340 0.000366 0.000162 0.000008 0.068194 0.007335 1.739679 2853.272872
0.924071 0.000342 0.000363 0.000161 0.000007 0.067721 0.007335 1.739709 2853.318614
0.924568 0.000343 0.000355 0.000161 0.000007 0.067232 0.007335 1.739736 2853.459869
0.925031 0.000344 0.000355 0.000160 0.000008 0.066768 0.007335 1.739767 2853.459869
0.925493 0.000333 0.000354 0.000163 0.000007 0.066315 0.007335 1.739805 2853.735188
0.925966 0.000334 0.000345 0.000161 0.000007 0.065853 0.007335 1.739834 2854.175687
0.926425 0.000332 0.000344 0.000160 0.000007 0.065396 0.007335 1.739867 2854.175687
0.926861 0.000332 0.000340 0.000160 0.000007 0.064966 0.007335 1.739897 2854.279482
0.927277 0.000324 0.000342 0.000162 0.000006 0.064554 0.007335 1.739932 2854.409720
0.927678 0.000324 0.000336 0.000160 0.000006 0.064162 0.007335 1.739964 2854.559409
0.928066 0.000325 0.000340 0.000157 0.000006 0.063772 0.007336 1.739995 2854.582708
0.928460 0.000316 0.000332 0.000158 0.000006 0.063393 0.007336 1.740030 2854.582708
0.928862 0.000313 0.000326 0.000161 0.000006 0.062998 0.007336 1.740058 2854.582708
0.929254 0.000311 0.000324 0.000158 0.000006 0.062611 0.007336 1.740090 2854.633433
0.929637 0.000307 0.000321 0.000157 0.000006 0.062237 0.007336 1.740121 2854.659911
0.930011 0.000306 0.000323 0.000155 0.000005 0.061865 0.007336 1.740153 2854.693587
0.930384 0.000305 0.000320 0.000153 0.000006 0.061498 0.007336 1.740180 2854.693587
0.930730 0.000294 0.000317 0.000156 0.000006 0.061163 0.007336 1.740218 2854.693587
0.931068 0.000290 0.000320 0.000150 0.000006 0.060830 0.007336 1.740246 2854.693587
0.931403 0.000290 0.000315 0.000143 0.000006 0.060507 0.007336 1.740273 2854.693587
0.931754 0.000287 0.000314 0.000144 0.000006 0.060160 0.007336 1.740305 2854.738488
0.932074 0.000284 0.000313 0.000145 0.000006 0.059843 0.007336 1.740336 2854.738488
0.932407 0.000281 0.000310 0.000144 0.000006 0.059516 0.007336 1.740364 2854.738488
0.932721 0.000277 0.000308 0.000145 0.000006 0.059207 0.007336 1.740396 2854.757705
0.933049 0.000275 0.000305 0.000143 0.000006 0.058887 0.007336 1.740424 2854.784117
0.933330 0.000270 0.000305 0.000144 0.000006 0.058610 0.007336 1.740453 2854.852380
0.933621 0.000272 0.000300 0.000144 0.000006 0.058322 0.007336 1.740480 2854.922404
0.933927 0.000274 0.000297 0.000139 0.000005 0.058022 0.007336 1.740502 2855.050681
0.934225 0.000271 0.000294 0.000141 0.000005 0.057728 0.007336 1.740531 2855.096500
0.934501 0.000277 0.000290 0.000139 0.000005 0.057451 0.007336 1.740555 2855.096500
0.934764 0.000281 0.000287 0.000138 0.000005 0.057190 0.007337 1.740579 2855.105936
0.935025 0.000274 0.000284 0.000137 0.000004 0.056940 0.007337 1.740606 2855.223712
0.935288 0.000276 0.000285 0.000136 0.000004 0.056675 0.007337 1.740633 2855.260555
0.935539 0.000279 0.000279 0.000134 0.000003 0.056430 0.007337 1.740656 2855.341903
0.935777 0.000276 0.000281 0.000133 0.000003 0.056194 0.007337 1.740686 2855.341903
0.936032 0.000276 0.000276 0.000128 0.000003 0.055949 0.007337 1.740710 2855.341903
0.936252 0.000280 0.000272 0.000128 0.000003 0.055729 0.007337 1.740738 2855.366990
0.936476 0.000278 0.000271 0.000127 0.000003 0.055509 0.007337 1.740765 2855.366990
0.936695 0.000273 0.000271 0.000126 0.000004 0.055294 0.007337 1.740792 2855.366990
0.936917 0.000279 0.000263 0.000123 0.000004 0.055079 0.007337 1.740814 2855.500945
0.937122 0.000278 0.000263 0.000122 0.000003 0.054876 0.007337 1.740841 2855.503257
0.937322 0.000276 0.000264 0.000123 0.000003 0.054675 0.007337 1.740868 2855.531849
0.937526 0.000275 0.000260 0.000123 0.000003 0.054477 0.007337 1.740894 2855.819667
0.937732 0.000277 0.000257 0.000122 0.000004 0.054272 0.007337 1.740919 2855.819667
0.937940 0.000277 0.000258 0.000120 0.000003 0.054066 0.007337 1.740944 2855.843945
0.938149 0.000269 0.000259 0.000119 0.000003 0.053864 0.007337 1.740972 2855.843945
0.938331 0.000267 0.000259 0.000116 0.000004 0.053687 0.007337 1.740997 2855.843945
0.938512 0.000264 0.000257 0.000116 0.000003 0.053512 0.007337 1.741023 2856.010369
0.938692 0.000265 0.000260 0.000117 0.000003 0.053327 0.007337 1.741050 2856.010369
0.938860 0.000268 0.000253 0.000117 0.000003 0.053161 0.007337 1.741073 2856.010369
0.939039 0.000263 0.000254 0.000121 0.000004 0.052983 0.007337 1.741100 2856.019212
0.939213 0.000261 0.000256 0.000120 0.000004 0.052811 0.007337 1.741127 2856.019212
0.939377 0.000266 0.000254 0.000118 0.000004 0.052644 0.007337 1.741148 2856.019212
0.939543 0.000262 0.000257 0.000119 0.000004 0.052477 0.007337 1.741177 2856.096364
0.939701 0.000259 0.000257 0.000120 0.000004 0.052322 0.007337 1.741204 2856.096364
0.939863 0.000253 0.000256 0.000119 0.000004 0.052168 0.007337 1.741232 2856.096364
0.940008 0.000253 0.000258 0.000119 0.000004 0.052022 0.007338 1.741260 2856.103555
0.940154 0.000254 0.000253 0.000118 0.000004 0.051881 0.007338 1.741282 2856.103555
0.940300 0.000252 0.000251 0.000115 0.000004 0.051741 0.007338 1.741306 2856.114860
0.940440 0.000248 0.000249 0.000116 0.000003 0.051607 0.007338 1.741330 2856.117214
0.940582 0.000247 0.000250 0.000116 0.000003 0.051464 0.007338 1.741355 2856.117214
0.940720 0.000247 0.000248 0.000117 0.000003 0.051328 0.007338 1.741378 2856.158121
0.940866 0.000244 0.000246 0.000119 0.000003 0.051185 0.007338 1.741404 2856.158121
0.941002 0.000243 0.000244 0.000119 0.000003 0.051052 0.007338 1.741427 2856.170685
0.941133 0.000237 0.000243 0.000120 0.000003 0.050927 0.007338 1.741452 2856.170685
0.941261 0.000237 0.000245 0.000120 0.000003 0.050796 0.007338 1.741480 2856.268414
0.941386 0.000239 0.000240 0.000119 0.000002 0.050676 0.007339 1.741500 2856.315422
0.941502 0.000236 0.000240 0.000118 0.000002 0.050564 0.007339 1.741525 2856.341136
0.941625 0.000237 0.000235 0.000115 0.000002 0.050448 0.007339 1.741546 2856.341136
0.941747 0.000238 0.000232 0.000112 0.000002 0.050330 0.007339 1.741568 2856.497483
0.941880 0.000238 0.000232 0.000107 0.000003 0.050201 0.007339 1.741588 2856.497483
0.942001 0.000241 0.000233 0.000103 0.000003 0.050081 0.007339 1.741610 2856.497483
0.942113 0.000247 0.000235 0.000103 0.000003 0.049962 0.007339 1.741634 2856.503258
0.942228 0.000241 0.000236 0.000106 0.000002 0.049849 0.007339 1.741661 2856.599594
0.942335 0.000244 0.000236 0.000106 0.000003 0.049739 0.007339 1.741683 2856.599594
0.942449 0.000241 0.000233 0.000106 0.000002 0.049631 0.007339 1.741709 2856.633563
0.942567 0.000234 0.000235 0.000107 0.000003 0.049517 0.007339 1.741735 2856.633563
0.942663 0.000236 0.000231 0.000107 0.000003 0.049421 0.007339 1.741756 2856.633563
0.942771 0.000233 0.000230 0.000106 0.000003 0.049319 0.007339 1.741778 2856.633563
0.942876 0.000229 0.000231 0.000103 0.000003 0.049219 0.007339 1.741800 2856.644551
0.942972 0.000235 0.000230 0.000100 0.000003 0.049122 0.007339 1.741818 2856.698177
0.943070 0.000231 0.000228 0.000100 0.000003 0.049030 0.007339 1.741841 2856.701424
0.943156 0.000232 0.000229 0.000100 0.000003 0.048943 0.007339 1.741866 2856.756572
0.943245 0.000233 0.000227 0.000097 0.000003 0.048857 0.007339 1.741886 2856.756572
0.943338 0.000232 0.000229 0.000099 0.000003 0.048761 0.007339 1.741911 2856.758043
0.943424 0.000228 0.000234 0.000099 0.000003 0.048674 0.007339 1.741935 2856.762977
0.943503 0.000229 0.000231 0.000099 0.000003 0.048597 0.007339 1.741956 2856.762977
0.943586 0.000226 0.000231 0.000099 0.000003 0.048517 0.007339 1.741982 2856.762977
0.943662 0.000230 0.000228 0.000100 0.000003 0.048439 0.007339 1.742002 2856.769547
0.943748 0.000225 0.000233 0.000101 0.000003 0.048352 0.007339 1.742030 2856.786431
0.943824 0.000231 0.000234 0.000100 0.000003 0.048270 0.007339 1.742052 2856.786431
0.943902 0.000231 0.000236 0.000105 0.000003 0.048185 0.007339 1.742077 2856.800310
0.943980 0.000233 0.000237 0.000106 0.000003 0.048103 0.007339 1.742099 2856.800310
0.944055 0.000237 0.000236 0.000105 0.000003 0.048026 0.007339 1.742119 2856.800310
0.944121 0.000229 0.000239 0.000108 0.000003 0.047961 0.007339 1.742148 2856.800310
0.944198 0.000229 0.000242 0.000109 0.000003 0.047881 0.007339 1.742173 2856.800310
0.944267 0.000231 0.000240 0.000107 0.000003 0.047814 0.007339 1.742193 2856.800310
0.944337 0.000236 0.000234 0.000104 0.000003 0.047746 0.007339 1.742211 2856.800310
0.944403 0.000241 0.000229 0.000106 0.000003 0.047679 0.007339 1.742232 2856.800310
0.944474 0.000241 0.000227 0.000105 0.000004 0.047610 0.007339 1.742253 2856.800310
0.944542 0.000238 0.000225 0.000106 0.000004 0.047547 0.007339 1.742276 2856.800310
0.944615 0.000233 0.000226 0.000104 0.000004 0.047480 0.007339 1.742301 2856.849279
0.944682 0.000232 0.000223 0.000103 0.000004 0.047417 0.007339 1.742325 2856.862200
0.944753 0.000238 0.000223 0.000101 0.000004 0.047341 0.007340 1.742345 2856.905837
0.944812 0.000240 0.000220 0.000101 0.000004 0.047284 0.007340 1.742366 2856.905837
0.944873 0.000238 0.000222 0.000103 0.000004 0.047221 0.007340 1.742391 2856.905837
0.944930 0.000235 0.000217 0.000105 0.000004 0.047170 0.007340 1.742416 2856.905837
0.944986 0.000227 0.000223 0.000106 0.000004 0.047116 0.007340 1.742443 2856.905837
0.945050 0.000228 0.000221 0.000108 0.000004 0.047049 0.007340 1.742464 2856.929675
0.945106 0.000228 0.000221 0.000105 0.000004 0.046998 0.007340 1.742487 2856.929675
0.945161 0.000222 0.000219 0.000109 0.000004 0.046945 0.007340 1.742511 2856.929675
0.945216 0.000222 0.000220 0.000107 0.000004 0.046891 0.007340 1.742535 2856.944888
0.945276 0.000218 0.000224 0.000107 0.000005 0.046832 0.007340 1.742557 2856.944888
0.945328 0.000214 0.000219 0.000106 0.000005 0.046789 0.007340 1.742579 2856.947610
0.945381 0.000212 0.000215 0.000104 0.000005 0.046744 0.007340 1.742601 2856.947610
0.945438 0.000207 0.000214 0.000102 0.000004 0.046695 0.007340 1.742622 2857.019876
0.945485 0.000206 0.000217 0.000101 0.000004 0.046647 0.007340 1.742645 2857.019876
0.945537 0.000203 0.000217 0.000104 0.000004 0.046597 0.007340 1.742668 2857.019876
0.945573 0.000205 0.000213 0.000103 0.000004 0.046562 0.007340 1.742690 2857.019876
0.945625 0.000208 0.000211 0.000098 0.000004 0.046515 0.007340 1.742707 2857.110395
0.945671 0.000214 0.000208 0.000097 0.000004 0.046467 0.007340 1.742726 2857.138841
0.945723 0.000214 0.000205 0.000098 0.000004 0.046416 0.007340 1.742746 2857.138841
0.945777 0.000210 0.000205 0.000097 0.000004 0.046367 0.007340 1.742765 2857.138841
0.945826 0.000211 0.000202 0.000095 0.000005 0.046323 0.007340 1.742783 2857.138841
0.945872 0.000212 0.000204 0.000092 0.000004 0.046276 0.007340 1.742802 2857.144320
0.945915 0.000210 0.000200 0.000093 0.000004 0.046239 0.007340 1.742821 2857.144320
0.945955 0.000211 0.000197 0.000093 0.000004 0.046201 0.007340 1.742841 2857.256346
0.946007 0.000216 0.000190 0.000092 0.000003 0.046152 0.007340 1.742857 2857.286591
0.946059 0.000217 0.000190 0.000091 0.000003 0.046100 0.007340 1.742875 2857.306862
0.946108 0.000214 0.000195 0.000092 0.000003 0.046049 0.007340 1.742897 2857.306862
0.946149 0.000219 0.000195 0.000094 0.000003 0.046001 0.007340 1.742917 2857.411010
0.946185 0.000218 0.000195 0.000094 0.000003 0.045965 0.007340 1.742937 2857.473780
0.946222 0.000214 0.000197 0.000095 0.000003 0.045929 0.007340 1.742960 2857.473780
0.946260 0.000210 0.000200 0.000097 0.000003 0.045892 0.007340 1.742983 2857.473780
0.946288 0.000212 0.000198 0.000099 0.000003 0.045861 0.007340 1.743003 2857.473780
0.946325 0.000209 0.000199 0.000097 0.000003 0.045827 0.007340 1.743026 2857.477811
0.946356 0.000213 0.000197 0.000097 0.000003 0.045794 0.007340 1.743044 2857.477811
0.946388 0.000210 0.000199 0.000097 0.000003 0.045764 0.007340 1.743067 2857.513699
0.946425 0.000207 0.000202 0.000095 0.000003 0.045729 0.007340 1.743091 2857.513699
0.946461 0.000210 0.000200 0.000095 0.000003 0.045690 0.007340 1.743109 2857.513699
0.946498 0.000216 0.000197 0.000092 0.000003 0.045653 0.007340 1.743125 2857.513699
0.946531 0.000218 0.000201 0.000092 0.000003 0.045616 0.007340 1.743146 2857.513699
0.946563 0.000216 0.000200 0.000091 0.000003 0.045586 0.007340 1.743167 2857.513699
0.946596 0.000215 0.000204 0.000090 0.000004 0.045551 0.007340 1.743189 2857.513699
0.946629 0.000211 0.000207 0.000091 0.000003 0.045518 0.007340 1.743212 2857.565015
0.946656 0.000214 0.000206 0.000087 0.000003 0.045495 0.007340 1.743232 2857.647312
0.946685 0.000213 0.000206 0.000088 0.000003 0.045464 0.007340 1.743251 2857.674937
0.946705 0.000219 0.000202 0.000085 0.000003 0.045446 0.007341 1.743268 2857.681043
0.946727 0.000219 0.000202 0.000088 0.000003 0.045422 0.007341 1.743292 2857.761689
0.946755 0.000219 0.000203 0.000087 0.000002 0.045393 0.007341 1.743312 2857.832770
0.946780 0.000221 0.000205 0.000087 0.000002 0.045365 0.007341 1.743334 2857.832770
0.946809 0.000220 0.000206 0.000088 0.000002 0.045334 0.007341 1.743355 2857.853428
0.946835 0.000213 0.000210 0.000092 0.000002 0.045307 0.007341 1.743381 2857.853428
0.946854 0.000215 0.000209 0.000093 0.000003 0.045285 0.007341 1.743403 2857.853428
0.946881 0.000210 0.000211 0.000092 0.000003 0.045262 0.007341 1.743424 2857.853428
0.946908 0.000212 0.000208 0.000091 0.000003 0.045237 0.007341 1.743441 2857.853428
0.946929 0.000215 0.000205 0.000092 0.000003 0.045215 0.007341 1.743463 2857.860083
0.946952 0.000213 0.000204 0.000092 0.000003 0.045195 0.007341 1.743483 2857.860083
0.946975 0.000212 0.000204 0.000092 0.000003 0.045173 0.007341 1.743502 2857.860083
0.947003 0.000204 0.000208 0.000093 0.000003 0.045150 0.007341 1.743528 2857.866358
0.947022 0.000204 0.000207 0.000092 0.000003 0.045132 0.007341 1.743547 2857.866358
0.947046 0.000202 0.000206 0.000092 0.000003 0.045110 0.007341 1.743568 2857.866358
0.947064 0.000203 0.000207 0.000092 0.000003 0.045089 0.007341 1.743588 2857.866358
0.947087 0.000202 0.000205 0.000093 0.000003 0.045069 0.007341 1.743608 2857.885666
0.947107 0.000205 0.000200 0.000091 0.000003 0.045054 0.007341 1.743626 2857.907010
0.947127 0.000207 0.000201 0.000087 0.000002 0.045034 0.007341 1.743644 2857.944297
0.947149 0.000207 0.000199 0.000086 0.000002 0.045015 0.007341 1.743662 2857.983284
0.947167 0.000207 0.000201 0.000087 0.000002 0.044995 0.007341 1.743683 2858.031548
0.947182 0.000210 0.000196 0.000086 0.000002 0.044982 0.007341 1.743699 2858.031548
0.947203 0.000207 0.000199 0.000087 0.000003 0.044962 0.007341 1.743720 2858.031548
0.947222 0.000201 0.000202 0.000086 0.000003 0.044945 0.007341 1.743742 2858.031548
0.947242 0.000202 0.000199 0.000087 0.000003 0.044926 0.007341 1.743760 2858.039682
0.947257 0.000205 0.000193 0.000086 0.000002 0.044916 0.007341 1.743776 2858.082521
0.947271 0.000204 0.000191 0.000086 0.000002 0.044905 0.007341 1.743797 2858.082521
0.947285 0.000202 0.000187 0.000088 0.000002 0.044895 0.007341 1.743818 2858.082521
0.947303 0.000202 0.000187 0.000087 0.000002 0.044877 0.007341 1.743837 2858.082521
0.947322 0.000198 0.000188 0.000085 0.000002 0.044864 0.007341 1.743856 2858.110967
0.947341 0.000196 0.000188 0.000083 0.000002 0.044848 0.007341 1.743875 2858.110967
0.947358 0.000191 0.000191 0.000084 0.000002 0.044833 0.007341 1.743897 2858.110967
0.947376 0.000192 0.000189 0.000082 0.000002 0.044818 0.007341 1.743916 2858.125955
0.947395 0.000191 0.000192 0.000084 0.000002 0.044795 0.007341 1.743936 2858.143991
0.947407 0.000192 0.000193 0.000083 0.000002 0.044782 0.007341 1.743954 2858.143991
0.947429 0.000190 0.000191 0.000083 0.000002 0.044764 0.007342 1.743971 2858.148310
0.947446 0.000192 0.000186 0.000080 0.000002 0.044753 0.007342 1.743985 2858.148310
0.947468 0.000188 0.000188 0.000082 0.000002 0.044731 0.007342 1.744007 2858.148310
0.947483 0.000188 0.000183 0.000080 0.000002 0.044721 0.007342 1.744023 2858.148310
0.947500 0.000190 0.000182 0.000080 0.000002 0.044706 0.007342 1.744039 2858.182031
0.947511 0.000190 0.000183 0.000081 0.000002 0.044693 0.007342 1.744058 2858.182031
0.947522 0.000186 0.000181 0.000083 0.000002 0.044685 0.007342 1.744079 2858.182031
0.947539 0.000185 0.000178 0.000083 0.000001 0.044672 0.007342 1.744095 2858.197890
0.947556 0.000185 0.000181 0.000083 0.000001 0.044652 0.007342 1.744113 2858.197890
0.947566 0.000187 0.000180 0.000085 0.000002 0.044639 0.007342 1.744131 2858.197890
0.947574 0.000190 0.000184 0.000083 0.000002 0.044625 0.007342 1.744147 2858.197890
0.947584 0.000188 0.000185 0.000083 0.000002 0.044617 0.007342 1.744169 2858.197890
0.947598 0.000184 0.000187 0.000083 0.000002 0.044604 0.007342 1.744190 2858.197890
0.947607 0.000185 0.000184 0.000082 0.000002 0.044598 0.007342 1.744207 2858.197890
0.947616 0.000180 0.000188 0.000082 0.000002 0.044591 0.007342 1.744232 2858.198314
0.947625 0.000180 0.000182 0.000085 0.000002 0.044584 0.007342 1.744249 2858.308554
0.947640 0.000180 0.000181 0.000084 0.000002 0.044571 0.007342 1.744266 2858.308554
0.947658 0.000175 0.000180 0.000084 0.000002 0.044560 0.007342 1.744284 2858.319099
0.947662 0.000181 0.000180 0.000085 0.000002 0.044548 0.007342 1.744301 2858.319099
0.947673 0.000180 0.000181 0.000086 0.000002 0.044536 0.007342 1.744320 2858.319099
0.947681 0.000179 0.000182 0.000086 0.000002 0.044528 0.007342 1.744339 2858.376909
0.947691 0.000181 0.000183 0.000083 0.000002 0.044518 0.007342 1.744356 2858.376909
0.947707 0.000179 0.000185 0.000081 0.000002 0.044505 0.007342 1.744375 2858.376909
0.947713 0.000176 0.000182 0.000081 0.000002 0.044505 0.007342 1.744396 2858.376909
0.947721 0.000175 0.000177 0.000082 0.000002 0.044499 0.007342 1.744415 2858.376909
0.947735 0.000175 0.000175 0.000084 0.000002 0.044486 0.007342 1.744433 2858.376909
0.947746 0.000170 0.000177 0.000085 0.000002 0.044478 0.007342 1.744452 2858.376909
0.947759 0.000172 0.000173 0.000084 0.000002 0.044468 0.007342 1.744464 2858.423167
0.947766 0.000176 0.000171 0.000082 0.000002 0.044461 0.007342 1.744479 2858.423167
0.947771 0.000177 0.000178 0.000076 0.000002 0.044454 0.007342 1.744496 2858.423167
0.947779 0.000176 0.000179 0.000076 0.000002 0.044446 0.007342 1.744513 2858.423167
0.947786 0.000178 0.000176 0.000077 0.000002 0.044439 0.007342 1.744528 2858.438545
0.947792 0.000180 0.000177 0.000077 0.000002 0.044431 0.007342 1.744545 2858.494691
0.947803 0.000177 0.000179 0.000076 0.000002 0.044421 0.007342 1.744562 2858.496720
0.947815 0.000179 0.000180 0.000075 0.000002 0.044406 0.007342 1.744579 2858.496720
0.947819 0.000181 0.000180 0.000077 0.000002 0.044398 0.007342 1.744596 2858.502107
0.947828 0.000178 0.000179 0.000081 0.000002 0.044389 0.007342 1.744615 2858.502107
0.947832 0.000173 0.000178 0.000081 0.000002 0.044392 0.007342 1.744636 2858.504079
0.947839 0.000172 0.000179 0.000079 0.000002 0.044387 0.007342 1.744653 2858.567603
0.947847 0.000168 0.000178 0.000081 0.000002 0.044382 0.007342 1.744673 2858.567603
0.947856 0.000170 0.000176 0.000081 0.000002 0.044374 0.007342 1.744688 2858.567603
0.947865 0.000170 0.000177 0.000079 0.000002 0.044366 0.007342 1.744706 2858.567603
0.947867 0.000168 0.000180 0.000078 0.000002 0.044364 0.007342 1.744725 2858.567603
0.947876 0.000167 0.000179 0.000078 0.000002 0.044357 0.007342 1.744741 2858.567603
0.947886 0.000162 0.000180 0.000075 0.000002 0.044353 0.007342 1.744757 2858.567998
0.947890 0.000163 0.000180 0.000076 0.000002 0.044347 0.007342 1.744777 2858.567998
0.947896 0.000165 0.000178 0.000074 0.000002 0.044342 0.007342 1.744791 2858.601082
0.947903 0.000165 0.000175 0.000073 0.000002 0.044340 0.007342 1.744805 2858.601082
0.947910 0.000164 0.000177 0.000072 0.000002 0.044333 0.007342 1.744822 2858.601082
0.947921 0.000162 0.000178 0.000073 0.000002 0.044323 0.007342 1.744841 2858.601082
0.947925 0.000164 0.000175 0.000071 0.000002 0.044321 0.007342 1.744855 2858.601082
0.947923 0.000168 0.000176 0.000071 0.000002 0.044317 0.007342 1.744873 2858.601082
0.947930 0.000167 0.000178 0.000072 0.000002 0.044310 0.007342 1.744891 2858.601082
0.947935 0.000168 0.000178 0.000073 0.000002 0.044303 0.007342 1.744907 2858.601082
0.947942 0.000170 0.000177 0.000073 0.000003 0.044294 0.007342 1.744922 2858.601082
0.947943 0.000172 0.000175 0.000074 0.000003 0.044291 0.007342 1.744940 2858.601082
0.947950 0.000176 0.000174 0.000072 0.000003 0.044283 0.007342 1.744955 2858.601082
0.947954 0.000175 0.000177 0.000072 0.000003 0.044278 0.007342 1.744975 2858.601082
0.947961 0.000174 0.000175 0.000074 0.000002 0.044271 0.007342 1.744991 2858.616142
0.947965 0.000170 0.000178 0.000075 0.000002 0.044267 0.007342 1.745012 2858.616142
0.947967 0.000173 0.000177 0.000075 0.000002 0.044265 0.007342 1.745027 2858.616142
0.947971 0.000174 0.000176 0.000073 0.000002 0.044261 0.007342 1.745042 2858.616142
0.947973 0.000171 0.000179 0.000075 0.000002 0.044258 0.007342 1.745064 2858.616142
0.947981 0.000169 0.000177 0.000075 0.000002 0.044253 0.007342 1.745081 2858.616142
0.947993 0.000167 0.000178 0.000072 0.000002 0.044245 0.007342 1.745097 2858.616142
0.947998 0.000167 0.000177 0.000071 0.000002 0.044242 0.007342 1.745112 2858.630027
0.948000 0.000171 0.000172 0.000069 0.000002 0.044244 0.007342 1.745124 2858.630027
0.948004 0.000171 0.000174 0.000068 0.000002 0.044239 0.007342 1.745141 2858.630027
0.948010 0.000172 0.000172 0.000067 0.000002 0.044235 0.007342 1.745158 2858.798240
0.948013 0.000174 0.000174 0.000065 0.000002 0.044230 0.007342 1.745174 2858.841727
0.948017 0.000174 0.000172 0.000065 0.000002 0.044228 0.007342 1.745191 2858.841727
0.948021 0.000174 0.000172 0.000066 0.000002 0.044224 0.007342 1.745210 2858.889572
0.948015 0.000175 0.000171 0.000069 0.000002 0.044226 0.007342 1.745229 2858.915878
0.948022 0.000176 0.000174 0.000068 0.000002 0.044216 0.007342 1.745246 2858.915878
0.948026 0.000179 0.000172 0.000068 0.000002 0.044211 0.007342 1.745262 2858.915878
0.948025 0.000179 0.000170 0.000068 0.000002 0.044215 0.007342 1.745280 2858.915878
0.948029 0.000175 0.000168 0.000070 0.000002 0.044215 0.007342 1.745298 2858.943456
0.948032 0.000175 0.000166 0.000068 0.000002 0.044215 0.007342 1.745314 2858.943456
0.948033 0.000179 0.000165 0.000068 0.000002 0.044212 0.007342 1.745328 2858.975423
0.948040 0.000178 0.000161 0.000068 0.000002 0.044209 0.007342 1.745343 2858.975423
0.948048 0.000176 0.000162 0.000068 0.000002 0.044203 0.007342 1.745358 2858.980338
0.948056 0.000175 0.000160 0.000067 0.000002 0.044200 0.007342 1.745375 2858.980338
0.948063 0.000174 0.000160 0.000066 0.000002 0.044193 0.007342 1.745390 2858.980338
0.948071 0.000172 0.000160 0.000067 0.000002 0.044186 0.007342 1.745406 2858.993652
0.948075 0.000168 0.000162 0.000070 0.000002 0.044183 0.007342 1.745425 2858.993652
0.948080 0.000164 0.000162 0.000067 0.000002 0.044183 0.007342 1.745442 2858.998944
0.948083 0.000157 0.000165 0.000069 0.000002 0.044183 0.007342 1.745462 2858.998944
0.948089 0.000155 0.000161 0.000070 0.000001 0.044182 0.007342 1.745476 2859.025806
0.948095 0.000157 0.000159 0.000068 0.000001 0.044178 0.007342 1.745490 2859.047614
0.948097 0.000156 0.000157 0.000067 0.000002 0.044180 0.007342 1.745503 2859.047614
0.948093 0.000160 0.000156 0.000065 0.000002 0.044181 0.007342 1.745516 2859.047614
0.948093 0.000162 0.000159 0.000064 0.000002 0.044178 0.007342 1.745534 2859.047614
0.948095 0.000166 0.000154 0.000063 0.000002 0.044179 0.007342 1.745546 2859.051027
0.948097 0.000165 0.000154 0.000065 0.000002 0.044176 0.007342 1.745562 2859.051027
0.948097 0.000164 0.000152 0.000069 0.000002 0.044174 0.007342 1.745580 2859.051027
0.948100 0.000160 0.000156 0.000071 0.000002 0.044170 0.007342 1.745598 2859.203070
0.948103 0.000159 0.000155 0.000069 0.000002 0.044170 0.007342 1.745613 2859.203070
0.948105 0.000160 0.000156 0.000068 0.000002 0.044168 0.007342 1.745628 2859.203070
0.948106 0.000157 0.000158 0.000067 0.000002 0.044168 0.007342 1.745642 2859.203070
0.948106 0.000160 0.000157 0.000066 0.000002 0.044166 0.007342 1.745657 2859.214528
0.948108 0.000163 0.000158 0.000066 0.000002 0.044161 0.007342 1.745671 2859.214528
0.948114 0.000160 0.000158 0.000066 0.000002 0.044158 0.007342 1.745689 2859.236523
0.948114 0.000160 0.000159 0.000068 0.000002 0.044155 0.007342 1.745706 2859.236523
0.948116 0.000160 0.000159 0.000068 0.000002 0.044153 0.007342 1.745721 2859.246425
0.948117 0.000159 0.000160 0.000068 0.000002 0.044153 0.007342 1.745738 2859.246425
0.948115 0.000162 0.000161 0.000064 0.000002 0.044153 0.007342 1.745750 2859.246425
0.948119 0.000159 0.000161 0.000065 0.000002 0.044151 0.007342 1.745766 2859.246425
0.948123 0.000156 0.000163 0.000063 0.000002 0.044151 0.007342 1.745783 2859.246425
0.948123 0.000158 0.000160 0.000065 0.000002 0.044151 0.007342 1.745800 2859.246425
0.948125 0.000159 0.000160 0.000068 0.000002 0.044144 0.007342 1.745816 2859.267521
0.948125 0.000162 0.000162 0.000069 0.000001 0.044139 0.007342 1.745830 2859.294695
0.948129 0.000159 0.000161 0.000072 0.000001 0.044136 0.007342 1.745847 2859.312752
0.948128 0.000154 0.000164 0.000071 0.000001 0.044139 0.007342 1.745865 2859.312752
0.948135 0.000153 0.000162 0.000070 0.000001 0.044137 0.007342 1.745881 2859.312752
0.948137 0.000152 0.000158 0.000067 0.000001 0.044143 0.007342 1.745897 2859.312752
0.948137 0.000156 0.000155 0.000066 0.000001 0.044143 0.007343 1.745909 2859.428108
0.948142 0.000152 0.000151 0.000066 0.000001 0.044146 0.007343 1.745924 2859.428108
0.948140 0.000152 0.000150 0.000065 0.000001 0.044149 0.007343 1.745940 2859.428108
0.948141 0.000154 0.000151 0.000068 0.000001 0.044144 0.007343 1.745956 2859.428108
0.948147 0.000154 0.000149 0.000066 0.000001 0.044141 0.007343 1.745970 2859.428108
0.948152 0.000149 0.000149 0.000066 0.000001 0.044141 0.007343 1.745985 2859.453796
0.948159 0.000149 0.000147 0.000067 0.000001 0.044135 0.007343 1.745999 2859.453796
0.948164 0.000146 0.000148 0.000067 0.000001 0.044132 0.007343 1.746013 2859.504738
0.948167 0.000146 0.000150 0.000068 0.000001 0.044125 0.007343 1.746028 2859.504738
0.948166 0.000147 0.000151 0.000069 0.000001 0.044123 0.007343 1.746043 2859.504738
0.948169 0.000150 0.000149 0.000071 0.000001 0.044117 0.007343 1.746055 2859.529725
0.948170 0.000147 0.000152 0.000071 0.000001 0.044117 0.007343 1.746072 2859.529725
0.948168 0.000151 0.000152 0.000069 0.000001 0.044116 0.007343 1.746084 2859.529725
0.948169 0.000152 0.000148 0.000069 0.000001 0.044119 0.007343 1.746099 2859.529725
0.948175 0.000152 0.000149 0.000065 0.000001 0.044115 0.007343 1.746112 2859.529725
0.948176 0.000148 0.000151 0.000064 0.000001 0.044118 0.007343 1.746129 2859.529725
0.948176 0.000152 0.000148 0.000064 0.000001 0.044116 0.007343 1.746143 2859.541492
0.948183 0.000152 0.000144 0.000064 0.000001 0.044113 0.007343 1.746156 2859.541492
0.948183 0.000154 0.000146 0.000064 0.000001 0.044108 0.007343 1.746171 2859.541492
0.948187 0.000151 0.000145 0.000066 0.000001 0.044107 0.007343 1.746186 2859.541492
0.948187 0.000154 0.000144 0.000066 0.000001 0.044106 0.007343 1.746199 2859.544085
0.948189 0.000149 0.000146 0.000068 0.000001 0.044105 0.007343 1.746216 2859.544085
0.948190 0.000150 0.000145 0.000069 0.000001 0.044103 0.007343 1.746230 2859.544085
0.948191 0.000147 0.000148 0.000070 0.000001 0.044101 0.007343 1.746247 2859.544085
0.948199 0.000148 0.000146 0.000066 0.000001 0.044097 0.007343 1.746258 2859.544085
0.948202 0.000146 0.000147 0.000067 0.000001 0.044095 0.007343 1.746273 2859.544085
0.948203 0.000147 0.000141 0.000067 0.000001 0.044098 0.007343 1.746286 2859.544085
0.948203 0.000145 0.000141 0.000068 0.000001 0.044098 0.007343 1.746302 2859.544085
0.948202 0.000147 0.000139 0.000069 0.000001 0.044098 0.007343 1.746315 2859.544085
0.948210 0.000149 0.000135 0.000066 0.000001 0.044097 0.007343 1.746325 2859.544085
0.948208 0.000150 0.000134 0.000066 0.000001 0.044097 0.007343 1.746340 2859.544085
0.948210 0.000149 0.000134 0.000066 0.000001 0.044097 0.007343 1.746353 2859.544085
0.948215 0.000144 0.000132 0.000065 0.000002 0.044100 0.007343 1.746369 2859.544085
0.948216 0.000144 0.000131 0.000063 0.000002 0.044101 0.007343 1.746382 2859.544085
0.948215 0.000149 0.000130 0.000061 0.000002 0.044102 0.007343 1.746394 2859.544085
0.948220 0.000142 0.000129 0.000062 0.000002 0.044103 0.007343 1.746408 2859.544085
0.948221 0.000145 0.000127 0.000061 0.000002 0.044102 0.007343 1.746420 2859.590961
0.948223 0.000143 0.000129 0.000060 0.000002 0.044101 0.007343 1.746436 2859.590961
0.948223 0.000147 0.000126 0.000058 0.000002 0.044102 0.007343 1.746447 2859.590961
0.948227 0.000147 0.000125 0.000057 0.000002 0.044099 0.007343 1.746460 2859.590961
0.948234 0.000141 0.000127 0.000060 0.000002 0.044093 0.007343 1.746477 2859.590961
0.948236 0.000141 0.000129 0.000060 0.000002 0.044089 0.007343 1.746490 2859.621339
0.948239 0.000142 0.000126 0.000058 0.000002 0.044090 0.007343 1.746503 2859.661126
0.948242 0.000140 0.000127 0.000058 0.000002 0.044089 0.007343 1.746516 2859.661126
0.948243 0.000139 0.000128 0.000058 0.000002 0.044086 0.007343 1.746531 2859.661126
0.948240 0.000144 0.000128 0.000060 0.000002 0.044082 0.007343 1.746544 2859.685825
0.948242 0.000144 0.000129 0.000060 0.000002 0.044081 0.007343 1.746559 2859.695973
0.948246 0.000144 0.000127 0.000060 0.000002 0.044079 0.007343 1.746570 2859.695973
0.948245 0.000141 0.000128 0.000062 0.000002 0.044079 0.007343 1.746585 2859.715233
0.948244 0.000140 0.000131 0.000063 0.000002 0.044077 0.007343 1.746602 2859.715233
0.948247 0.000137 0.000132 0.000062 0.000002 0.044077 0.007343 1.746617 2859.715233
0.948249 0.000140 0.000129 0.000063 0.000002 0.044074 0.007343 1.746626 2859.715233
0.948252 0.000139 0.000131 0.000061 0.000002 0.044072 0.007343 1.746640 2859.715233
0.948252 0.000139 0.000129 0.000061 0.000002 0.044074 0.007343 1.746652 2859.715233
0.948253 0.000137 0.000127 0.000062 0.000002 0.044076 0.007343 1.746666 2859.726906
0.948253 0.000142 0.000125 0.000059 0.000002 0.044076 0.007343 1.746677 2859.726906
0.948254 0.000142 0.000123 0.000057 0.000002 0.044078 0.007343 1.746689 2859.726906
0.948256 0.000135 0.000130 0.000059 0.000002 0.044074 0.007343 1.746707 2859.726906
0.948257 0.000138 0.000130 0.000059 0.000002 0.044072 0.007343 1.746719 2859.726906
0.948263 0.000136 0.000128 0.000058 0.000002 0.044070 0.007343 1.746731 2859.726906
0.948264 0.000139 0.000125 0.000058 0.000002 0.044069 0.007343 1.746742 2859.726906
0.948263 0.000138 0.000123 0.000059 0.000002 0.044072 0.007343 1.746756 2859.739549
0.948263 0.000136 0.000124 0.000057 0.000002 0.044075 0.007343 1.746770 2859.739549
0.948261 0.000137 0.000127 0.000058 0.000002 0.044072 0.007343 1.746784 2859.739549
0.948261 0.000136 0.000126 0.000059 0.000002 0.044073 0.007343 1.746798 2859.739549
0.948263 0.000136 0.000124 0.000058 0.000002 0.044074 0.007343 1.746810 2859.743937
0.948268 0.000133 0.000122 0.000057 0.000001 0.044076 0.007343 1.746824 2859.771637
0.948271 0.000131 0.000124 0.000056 0.000001 0.044073 0.007343 1.746837 2859.771637
0.948278 0.000127 0.000125 0.000054 0.000002 0.044072 0.007343 1.746851 2859.771637
0.948283 0.000129 0.000126 0.000054 0.000002 0.044064 0.007343 1.746862 2859.771637
0.948286 0.000128 0.000124 0.000053 0.000002 0.044065 0.007343 1.746873 2859.773474
0.948286 0.000126 0.000125 0.000053 0.000002 0.044065 0.007343 1.746889 2859.773474
0.948287 0.000124 0.000127 0.000053 0.000002 0.044064 0.007344 1.746902 2859.861905
0.948293 0.000126 0.000125 0.000053 0.000002 0.044059 0.007344 1.746913 2859.861905
0.948287 0.000130 0.000126 0.000051 0.000002 0.044061 0.007344 1.746927 2859.861905
0.948291 0.000128 0.000125 0.000053 0.000001 0.044059 0.007344 1.746941 2859.936261
0.948293 0.000125 0.000125 0.000052 0.000001 0.044062 0.007344 1.746957 2859.936261
0.948295 0.000123 0.000125 0.000052 0.000001 0.044061 0.007344 1.746970 2859.936261
0.948299 0.000122 0.000125 0.000056 0.000001 0.044054 0.007344 1.746982 2859.936261
0.948301 0.000124 0.000122 0.000054 0.000002 0.044054 0.007344 1.746993 2859.936261
0.948303 0.000123 0.000124 0.000055 0.000002 0.044049 0.007344 1.747007 2859.947195
0.948306 0.000121 0.000126 0.000055 0.000002 0.044047 0.007344 1.747021 2859.947195
0.948310 0.000116 0.000126 0.000056 0.000002 0.044047 0.007344 1.747036 2859.947195
0.948312 0.000116 0.000120 0.000054 0.000002 0.044052 0.007344 1.747046 2859.947195
0.948313 0.000119 0.000120 0.000052 0.000002 0.044050 0.007344 1.747057 2859.947195
0.948318 0.000120 0.000117 0.000052 0.000002 0.044047 0.007344 1.747067 2860.007934
0.948314 0.000124 0.000114 0.000051 0.000002 0.044051 0.007344 1.747077 2860.007934
0.948319 0.000121 0.000110 0.000052 0.000002 0.044053 0.007344 1.747088 2860.007934
0.948322 0.000120 0.000111 0.000050 0.000002 0.044053 0.007344 1.747101 2860.007934
0.948329 0.000120 0.000110 0.000050 0.000003 0.044045 0.007344 1.747112 2860.007934
0.948333 0.000116 0.000114 0.000049 0.000003 0.044042 0.007344 1.747125 2860.007934
0.948340 0.000116 0.000112 0.000048 0.000003 0.044038 0.007344 1.747135 2860.007934
0.948339 0.000121 0.000110 0.000048 0.000003 0.044037 0.007344 1.747144 2860.021433
0.948343 0.000118 0.000109 0.000050 0.000003 0.044033 0.007344 1.747157 2860.021433
0.948345 0.000120 0.000111 0.000048 0.000003 0.044029 0.007344 1.747168 2860.021433
0.948347 0.000117 0.000109 0.000049 0.000002 0.044032 0.007344 1.747179 2860.059898
0.948350 0.000118 0.000108 0.000049 0.000002 0.044029 0.007344 1.747189 2860.068738
0.948351 0.000115 0.000111 0.000050 0.000002 0.044027 0.007344 1.747202 2860.101259
0.948361 0.000110 0.000113 0.000050 0.000002 0.044022 0.007344 1.747212 2860.101259
0.948363 0.000110 0.000112 0.000049 0.000002 0.044021 0.007344 1.747221 2860.101259
0.948366 0.000111 0.000110 0.000050 0.000002 0.044018 0.007344 1.747231 2860.101259
0.948370 0.000114 0.000110 0.000048 0.000002 0.044012 0.007344 1.747239 2860.114139
0.948372 0.000114 0.000111 0.000046 0.000002 0.044011 0.007344 1.747249 2860.114139
0.948372 0.000112 0.000111 0.000047 0.000002 0.044013 0.007344 1.747262 2860.114139
0.948372 0.000111 0.000110 0.000048 0.000002 0.044014 0.007344 1.747275 2860.114139
0.948374 0.000111 0.000109 0.000049 0.000002 0.044011 0.007344 1.747284 2860.200498
0.948374 0.000112 0.000105 0.000052 0.000002 0.044012 0.007344 1.747295 2860.200498
0.948378 0.000111 0.000107 0.000051 0.000002 0.044008 0.007344 1.747307 2860.200498
0.948379 0.000109 0.000109 0.000051 0.000002 0.044007 0.007344 1.747320 2860.200498
0.948385 0.000107 0.000110 0.000051 0.000002 0.044003 0.007344 1.747330 2860.248499
0.948387 0.000110 0.000107 0.000052 0.000002 0.043998 0.007344 1.747338 2860.248499
0.948397 0.000104 0.000107 0.000055 0.000001 0.043992 0.007344 1.747352 2860.257928
0.948403 0.000104 0.000106 0.000054 0.000001 0.043988 0.007344 1.747360 2860.287226
0.948405 0.000107 0.000104 0.000054 0.000001 0.043987 0.007344 1.747368 2860.287226
0.948408 0.000108 0.000103 0.000053 0.000001 0.043984 0.007344 1.747379 2860.287226
0.948412 0.000107 0.000103 0.000052 0.000001 0.043982 0.007344 1.747391 2860.287226
0.948419 0.000105 0.000102 0.000052 0.000001 0.043978 0.007344 1.747401 2860.287226
0.948425 0.000103 0.000102 0.000050 0.000002 0.043975 0.007344 1.747413 2860.287226
0.948426 0.000104 0.000101 0.000046 0.000002 0.043978 0.007344 1.747422 2860.287226
0.948428 0.000106 0.000102 0.000047 0.000002 0.043972 0.007344 1.747433 2860.287226
0.948431 0.000106 0.000101 0.000045 0.000002 0.043972 0.007344 1.747442 2860.287226
0.948432 0.000105 0.000100 0.000046 0.000002 0.043973 0.007344 1.747454 2860.287226
0.948435 0.000104 0.000102 0.000048 0.000002 0.043966 0.007344 1.747465 2860.287226
0.948439 0.000103 0.000101 0.000046 0.000002 0.043965 0.007344 1.747474 2860.287226
0.948446 0.000100 0.000104 0.000046 0.000002 0.043958 0.007344 1.747486 2860.308170
0.948451 0.000101 0.000102 0.000046 0.000002 0.043955 0.007344 1.747496 2860.308170
0.948458 0.000100 0.000099 0.000047 0.000002 0.043949 0.007344 1.747505 2860.308170
0.948462 0.000099 0.000102 0.000047 0.000002 0.043944 0.007344 1.747517 2860.308170
0.948464 0.000103 0.000101 0.000049 0.000002 0.043938 0.007344 1.747526 2860.350765
0.948469 0.000101 0.000100 0.000048 0.000002 0.043935 0.007344 1.747536 2860.350765
0.948475 0.000102 0.000097 0.000047 0.000002 0.043932 0.007344 1.747543 2860.410683
0.948481 0.000102 0.000097 0.000044 0.000002 0.043931 0.007344 1.747550 2860.410683
0.948481 0.000104 0.000097 0.000043 0.000002 0.043929 0.007344 1.747558 2860.410683
0.948485 0.000101 0.000099 0.000042 0.000002 0.043927 0.007344 1.747571 2860.415647
0.948487 0.000104 0.000102 0.000041 0.000002 0.043920 0.007344 1.747581 2860.430543
0.948490 0.000102 0.000105 0.000043 0.000002 0.043915 0.007344 1.747593 2860.430543
0.948496 0.000100 0.000101 0.000042 0.000002 0.043916 0.007344 1.747602 2860.430543
0.948492 0.000104 0.000102 0.000039 0.000002 0.043916 0.007344 1.747610 2860.430543
0.948498 0.000107 0.000101 0.000038 0.000002 0.043911 0.007344 1.747617 2860.430543
0.948500 0.000104 0.000102 0.000040 0.000002 0.043908 0.007344 1.747629 2860.430543
0.948499 0.000104 0.000101 0.000039 0.000002 0.043912 0.007344 1.747639 2860.432196
0.948503 0.000100 0.000099 0.000041 0.000002 0.043911 0.007344 1.747652 2860.432196
0.948506 0.000104 0.000099 0.000040 0.000002 0.043906 0.007344 1.747660 2860.450980
0.948506 0.000103 0.000100 0.000041 0.000002 0.043906 0.007344 1.747671 2860.450980
0.948509 0.000101 0.000098 0.000041 0.000002 0.043906 0.007344 1.747683 2860.450980
0.948513 0.000097 0.000099 0.000041 0.000002 0.043905 0.007344 1.747694 2860.450980
0.948517 0.000097 0.000098 0.000044 0.000002 0.043900 0.007344 1.747705 2860.450980
0.948522 0.000096 0.000095 0.000043 0.000002 0.043899 0.007344 1.747713 2860.450980
0.948526 0.000098 0.000091 0.000042 0.000002 0.043898 0.007344 1.747721 2860.450980
0.948529 0.000100 0.000091 0.000042 0.000002 0.043893 0.007344 1.747728 2860.450980
0.948531 0.000103 0.000087 0.000041 0.000002 0.043892 0.007344 1.747735 2860.454951
0.948537 0.000106 0.000083 0.000042 0.000002 0.043887 0.007344 1.747742 2860.454951
0.948539 0.000102 0.000086 0.000042 0.000002 0.043884 0.007344 1.747752 2860.501791
0.948544 0.000100 0.000088 0.000043 0.000002 0.043879 0.007344 1.747763 2860.501791
0.948547 0.000096 0.000092 0.000044 0.000002 0.043875 0.007344 1.747777 2860.538512
0.948547 0.000101 0.000090 0.000044 0.000002 0.043874 0.007344 1.747785 2860.538512
0.948546 0.000104 0.000090 0.000044 0.000002 0.043871 0.007344 1.747795 2860.538512
0.948550 0.000101 0.000092 0.000043 0.000002 0.043869 0.007344 1.747807 2860.538512
0.948553 0.000102 0.000093 0.000043 0.000002 0.043863 0.007344 1.747816 2860.538512
0.948552 0.000105 0.000093 0.000044 0.000002 0.043861 0.007344 1.747826 2860.538512
0.948549 0.000105 0.000094 0.000046 0.000002 0.043861 0.007344 1.747837 2860.538512
0.948551 0.000103 0.000094 0.000044 0.000002 0.043862 0.007344 1.747848 2860.538512
0.948548 0.000106 0.000093 0.000045 0.000002 0.043862 0.007344 1.747857 2860.538512
0.948546 0.000107 0.000093 0.000045 0.000002 0.043864 0.007344 1.747868 2860.586255
0.948546 0.000103 0.000092 0.000045 0.000001 0.043868 0.007345 1.747882 2860.688679
0.948550 0.000101 0.000094 0.000045 0.000001 0.043865 0.007345 1.747892 2860.748951
0.948552 0.000100 0.000095 0.000043 0.000001 0.043864 0.007345 1.747903 2860.788572
0.948556 0.000095 0.000093 0.000046 0.000001 0.043863 0.007345 1.747914 2860.788572
0.948556 0.000097 0.000095 0.000044 0.000001 0.043862 0.007345 1.747924 2860.788572
0.948555 0.000100 0.000095 0.000042 0.000001 0.043863 0.007345 1.747932 2860.788572
0.948560 0.000098 0.000095 0.000042 0.000001 0.043860 0.007345 1.747943 2860.788572
0.948562 0.000097 0.000095 0.000039 0.000001 0.043861 0.007345 1.747951 2860.788572
0.948561 0.000098 0.000094 0.000039 0.000001 0.043862 0.007345 1.747961 2860.788572
0.948563 0.000096 0.000095 0.000040 0.000001 0.043861 0.007345 1.747972 2860.817745
0.948563 0.000099 0.000096 0.000040 0.000001 0.043857 0.007345 1.747979 2860.817745
0.948563 0.000098 0.000093 0.000043 0.000001 0.043858 0.007345 1.747990 2860.817745
0.948565 0.000096 0.000092 0.000044 0.000001 0.043857 0.007345 1.748000 2860.817745
0.948572 0.000095 0.000090 0.000044 0.000001 0.043854 0.007345 1.748008 2860.817745
0.948573 0.000095 0.000090 0.000044 0.000001 0.043852 0.007345 1.748017 2860.817745
0.948577 0.000093 0.000089 0.000044 0.000001 0.043851 0.007345 1.748026 2860.817745
0.946101 0.000095 0.000088 0.000043 0.000001 0.043846 0.007326 1.743656 2854.159660
0.946103 0.000097 0.000088 0.000040 0.000001 0.043846 0.007326 1.743664 2854.159660
0.946103 0.000095 0.000089 0.000042 0.000001 0.043844 0.007326 1.743675 2854.200163
0.946103 0.000096 0.000089 0.000042 0.000001 0.043843 0.007326 1.743684 2854.200163
0.946104 0.000096 0.000090 0.000041 0.000001 0.043842 0.007326 1.743693 2854.200163
0.946105 0.000097 0.000089 0.000041 0.000001 0.043841 0.007326 1.743702 2854.200163
0.946107 0.000093 0.000090 0.000044 0.000001 0.043839 0.007326 1.743716 2854.200163
0.946110 0.000092 0.000089 0.000043 0.000001 0.043839 0.007326 1.743725 2854.200163
0.946110 0.000090 0.000089 0.000042 0.000001 0.043841 0.007326 1.743735 2854.200163
0.946111 0.000092 0.000087 0.000042 0.000001 0.043840 0.007326 1.743743 2854.200163
0.946112 0.000095 0.000087 0.000041 0.000001 0.043838 0.007326 1.743751 2854.217076
0.946117 0.000092 0.000086 0.000043 0.000001 0.043835 0.007326 1.743761 2854.217076
0.946122 0.000091 0.000088 0.000042 0.000001 0.043830 0.007326 1.743770 2854.217076
0.946128 0.000089 0.000088 0.000043 0.000001 0.043825 0.007326 1.743779 2854.217076
0.946129 0.000092 0.000090 0.000043 0.000001 0.043820 0.007326 1.743787 2854.217076
0.943662 0.000092 0.000086 0.000042 0.000001 0.043812 0.007304 1.739350 2846.596358
0.943663 0.000092 0.000086 0.000042 0.000001 0.043812 0.007304 1.739359 2846.596358
0.943666 0.000091 0.000087 0.000044 0.000001 0.043807 0.007304 1.739369 2846.596358
0.941196 0.000091 0.000085 0.000044 0.000001 0.043798 0.007285 1.734909 2839.751539
0.941196 0.000094 0.000081 0.000043 0.000001 0.043800 0.007285 1.734916 2839.810208
0.941199 0.000093 0.000081 0.000045 0.000001 0.043796 0.007285 1.734926 2839.810208
0.941203 0.000094 0.000081 0.000042 0.000001 0.043794 0.007285 1.734935 2839.810208
0.941204 0.000094 0.000080 0.000042 0.000001 0.043794 0.007285 1.734943 2839.810208
0.941207 0.000093 0.000083 0.000041 0.000001 0.043790 0.007285 1.734953 2839.810208
0.941210 0.000090 0.000084 0.000042 0.000001 0.043789 0.007285 1.734963 2839.810208
0.941214 0.000089 0.000083 0.000043 0.000001 0.043786 0.007285 1.734973 2839.810208
0.941218 0.000089 0.000084 0.000043 0.000001 0.043781 0.007285 1.734981 2839.810208
0.941221 0.000086 0.000084 0.000041 0.000001 0.043782 0.007285 1.734990 2839.810208
0.941224 0.000085 0.000085 0.000042 0.000001 0.043779 0.007285 1.734999 2839.810208
0.941226 0.000087 0.000087 0.000041 0.000001 0.043773 0.007285 1.735007 2839.810208
0.941228 0.000086 0.000086 0.000042 0.000001 0.043773 0.007285 1.735015 2839.810208
0.941229 0.000088 0.000084 0.000041 0.000001 0.043772 0.007285 1.735021 2839.810208
0.941230 0.000093 0.000083 0.000039 0.000001 0.043771 0.007285 1.735027 2839.810208
0.941230 0.000091 0.000084 0.000039 0.000001 0.043770 0.007285 1.735035 2839.810208
0.938764 0.000092 0.000085 0.000039 0.000002 0.043753 0.007265 1.730564 2832.046504
0.938765 0.000091 0.000087 0.000039 0.000002 0.043752 0.007265 1.730573 2832.046504
0.938765 0.000092 0.000086 0.000037 0.000002 0.043753 0.007265 1.730580 2832.046504
0.938765 0.000093 0.000084 0.000037 0.000002 0.043754 0.007265 1.730588 2832.046504
0.938768 0.000093 0.000084 0.000038 0.000002 0.043750 0.007265 1.730597 2832.046504
0.938769 0.000094 0.000082 0.000037 0.000002 0.043751 0.007265 1.730605 2832.046504
0.933822 0.000095 0.000080 0.000037 0.000002 0.043733 0.007232 1.721653 2817.650670
0.933823 0.000092 0.000081 0.000036 0.000002 0.043735 0.007232 1.721662 2817.650670
