0.354115 0.063246 0.055543 0.032130 0.001974 0.487176 0.005815 1.587763 2005.715800
0.354744 0.062636 0.055862 0.031693 0.001983 0.487244 0.005838 1.593915 2015.169294
0.355944 0.061441 0.056068 0.031311 0.001994 0.487383 0.005860 1.600030 2024.131976
0.357550 0.060036 0.056177 0.030908 0.001992 0.487453 0.005884 1.605935 2034.584453
0.359526 0.058376 0.056205 0.030548 0.001980 0.487453 0.005911 1.611753 2045.562904
0.361559 0.056793 0.056034 0.030099 0.001982 0.487594 0.005938 1.617372 2054.821873
0.363872 0.055153 0.055846 0.029708 0.001968 0.487489 0.005964 1.622843 2064.235015
0.366197 0.053636 0.055485 0.029259 0.001964 0.487467 0.005992 1.628131 2074.179068
0.368650 0.052137 0.055096 0.028811 0.001950 0.487340 0.006018 1.633352 2084.636508
0.371073 0.050691 0.054626 0.028326 0.001941 0.487300 0.006043 1.638417 2094.173442
0.373698 0.049319 0.054017 0.027919 0.001924 0.487055 0.006068 1.643305 2103.565052
0.376230 0.048062 0.053492 0.027434 0.001917 0.486771 0.006093 1.648129 2113.658959
0.378809 0.046933 0.052843 0.026990 0.001914 0.486398 0.006114 1.652742 2122.453734
0.381347 0.045864 0.052251 0.026574 0.001897 0.485932 0.006135 1.657315 2132.547421
0.384084 0.044907 0.051464 0.026121 0.001884 0.485384 0.006158 1.661700 2142.582379
0.386713 0.043880 0.050821 0.025741 0.001872 0.484794 0.006179 1.666137 2151.471788
0.389456 0.042986 0.050047 0.025293 0.001859 0.484154 0.006204 1.670410 2161.268316
0.392178 0.042113 0.049291 0.024918 0.001842 0.483430 0.006228 1.674596 2171.030707
0.394854 0.041351 0.048525 0.024523 0.001823 0.482670 0.006254 1.678731 2180.968031
0.397516 0.040705 0.047738 0.024190 0.001793 0.481779 0.006279 1.682789 2192.248114
0.400176 0.040092 0.046995 0.023786 0.001772 0.480878 0.006300 1.686739 2202.108955
0.402883 0.039482 0.046246 0.023455 0.001753 0.479857 0.006322 1.690648 2210.800888
0.405555 0.038915 0.045439 0.023110 0.001732 0.478900 0.006349 1.694482 2220.965625
0.408316 0.038412 0.044732 0.022747 0.001711 0.477711 0.006371 1.698249 2231.261603
0.411002 0.037951 0.044022 0.022450 0.001696 0.476488 0.006391 1.702031 2240.222182
0.413662 0.037522 0.043317 0.022138 0.001667 0.475279 0.006415 1.705754 2250.702614
0.416399 0.037156 0.042609 0.021846 0.001638 0.473914 0.006439 1.709413 2260.998125
0.419168 0.036769 0.041933 0.021529 0.001607 0.472532 0.006462 1.713030 2270.922405
0.421744 0.036547 0.041243 0.021220 0.001583 0.471179 0.006485 1.716561 2280.608795
0.424357 0.036244 0.040595 0.020987 0.001560 0.469752 0.006505 1.720132 2290.445703
0.426951 0.035999 0.040008 0.020743 0.001543 0.468230 0.006526 1.723659 2298.798341
0.429508 0.035771 0.039441 0.020473 0.001522 0.466740 0.006547 1.727162 2308.747522
0.432109 0.035537 0.038935 0.020274 0.001501 0.465079 0.006565 1.730671 2317.346369
0.434572 0.035332 0.038446 0.020113 0.001470 0.463482 0.006586 1.734178 2327.085874
0.437124 0.035088 0.038025 0.019909 0.001456 0.461794 0.006605 1.737685 2335.108869
0.439622 0.034963 0.037569 0.019708 0.001437 0.460078 0.006623 1.741122 2343.740340
0.442165 0.034877 0.037093 0.019491 0.001416 0.458317 0.006642 1.744490 2351.956992
0.444522 0.034860 0.036677 0.019308 0.001395 0.456580 0.006659 1.747908 2360.543491
0.446875 0.034808 0.036278 0.019136 0.001368 0.454857 0.006679 1.751319 2369.520699
0.449259 0.034769 0.035902 0.018969 0.001356 0.453049 0.006696 1.754702 2377.410745
0.451465 0.034753 0.035554 0.018822 0.001323 0.451370 0.006713 1.758105 2386.781896
0.453758 0.034765 0.035181 0.018663 0.001299 0.449602 0.006731 1.761449 2397.819108
0.455979 0.034759 0.034902 0.018519 0.001286 0.447808 0.006747 1.764901 2406.678877
0.458154 0.034736 0.034654 0.018405 0.001266 0.446022 0.006764 1.768325 2415.425872
0.460296 0.034745 0.034385 0.018287 0.001245 0.444259 0.006782 1.771693 2424.234881
0.462439 0.034750 0.034151 0.018184 0.001235 0.442448 0.006793 1.775100 2431.274681
0.464507 0.034805 0.033879 0.018095 0.001215 0.440691 0.006809 1.778451 2439.127144
0.466493 0.034795 0.033705 0.018020 0.001195 0.438971 0.006821 1.781886 2447.418998
0.468554 0.034800 0.033552 0.017918 0.001179 0.437166 0.006831 1.785299 2454.685204
0.470522 0.034913 0.033301 0.017836 0.001161 0.435423 0.006844 1.788661 2462.442320
0.472365 0.034992 0.033125 0.017812 0.001149 0.433698 0.006858 1.792126 2469.757064
0.474352 0.035023 0.032994 0.017763 0.001132 0.431865 0.006871 1.795563 2476.727315
0.476216 0.035117 0.032868 0.017761 0.001117 0.430040 0.006882 1.799027 2484.098550
0.478014 0.035225 0.032694 0.017716 0.001103 0.428352 0.006895 1.802429 2492.584974
0.479858 0.035253 0.032603 0.017682 0.001089 0.426610 0.006906 1.805893 2500.035447
0.481575 0.035322 0.032487 0.017667 0.001080 0.424950 0.006920 1.809371 2507.316828
0.483319 0.035431 0.032371 0.017599 0.001067 0.423280 0.006932 1.812814 2515.213724
0.484977 0.035578 0.032285 0.017544 0.001053 0.421617 0.006945 1.816291 2522.303950
0.486681 0.035711 0.032209 0.017530 0.001044 0.419868 0.006957 1.819790 2528.884388
0.488347 0.035831 0.032202 0.017502 0.001027 0.418120 0.006971 1.823299 2537.457930
0.489938 0.035841 0.032235 0.017542 0.001005 0.416454 0.006984 1.826901 2544.651530
0.491474 0.035968 0.032187 0.017540 0.001000 0.414836 0.006994 1.830444 2551.651572
0.493048 0.036093 0.032140 0.017527 0.000993 0.413195 0.007004 1.833940 2557.319178
0.494547 0.036156 0.032197 0.017546 0.000991 0.411550 0.007013 1.837574 2563.405917
0.495938 0.036292 0.032182 0.017578 0.000982 0.410002 0.007025 1.841137 2569.839362
0.497378 0.036453 0.032151 0.017554 0.000969 0.408461 0.007034 1.844671 2575.792859
0.498800 0.036545 0.032202 0.017554 0.000959 0.406895 0.007045 1.848278 2581.680766
0.500048 0.036808 0.032186 0.017590 0.000950 0.405364 0.007054 1.851838 2587.537134
0.501260 0.037022 0.032210 0.017650 0.000935 0.403856 0.007068 1.855446 2594.303321
0.502457 0.037136 0.032314 0.017624 0.000922 0.402466 0.007081 1.859082 2601.267115
0.503704 0.037268 0.032351 0.017676 0.000916 0.400995 0.007090 1.862728 2606.570088
0.504929 0.037462 0.032398 0.017678 0.000906 0.399525 0.007102 1.866339 2612.564326
0.506064 0.037599 0.032442 0.017775 0.000896 0.398110 0.007113 1.870041 2619.040518
0.507178 0.037762 0.032548 0.017786 0.000891 0.396712 0.007123 1.873734 2625.129302
0.508283 0.037925 0.032582 0.017818 0.000887 0.395371 0.007133 1.877435 2630.511015
0.509213 0.038185 0.032649 0.017853 0.000879 0.394078 0.007142 1.881124 2636.422192
0.510230 0.038292 0.032771 0.017897 0.000872 0.392787 0.007150 1.884885 2642.939204
0.511176 0.038445 0.032854 0.017917 0.000866 0.391584 0.007159 1.888650 2648.482364
0.512166 0.038516 0.032952 0.018011 0.000857 0.390328 0.007169 1.892502 2655.260094
0.513067 0.038674 0.033050 0.018083 0.000848 0.389098 0.007180 1.896312 2661.297933
0.513970 0.038866 0.033118 0.018149 0.000841 0.387865 0.007192 1.900131 2667.201179
0.514834 0.039062 0.033213 0.018225 0.000838 0.386626 0.007203 1.903942 2672.158218
0.515734 0.039185 0.033287 0.018287 0.000836 0.385459 0.007213 1.907759 2677.625320
0.516593 0.039320 0.033368 0.018334 0.000829 0.384336 0.007221 1.911621 2683.330083
0.517405 0.039449 0.033424 0.018448 0.000824 0.383223 0.007227 1.915506 2687.981755
0.518106 0.039634 0.033509 0.018500 0.000821 0.382194 0.007235 1.919362 2693.657247
0.518788 0.039836 0.033577 0.018563 0.000825 0.381169 0.007243 1.923229 2698.030181
0.519481 0.040049 0.033714 0.018626 0.000818 0.380059 0.007252 1.927122 2702.979584
0.520199 0.040185 0.033817 0.018661 0.000812 0.379064 0.007262 1.931054 2709.425452
0.520804 0.040369 0.033956 0.018692 0.000811 0.378099 0.007269 1.935008 2714.738767
0.521367 0.040495 0.034092 0.018780 0.000813 0.377177 0.007276 1.939015 2718.960519
0.521879 0.040712 0.034240 0.018825 0.000807 0.376253 0.007283 1.943017 2723.813388
0.522369 0.040851 0.034356 0.018919 0.000802 0.375413 0.007290 1.947021 2729.324618
0.522950 0.040934 0.034476 0.018977 0.000797 0.374566 0.007301 1.951050 2735.209427
0.523533 0.041086 0.034524 0.019040 0.000791 0.373718 0.007309 1.955005 2740.135673
0.523993 0.041324 0.034615 0.019070 0.000790 0.372891 0.007318 1.958981 2744.820446
0.524396 0.041497 0.034760 0.019151 0.000793 0.372077 0.007326 1.963015 2749.189888
0.524803 0.041580 0.034877 0.019229 0.000786 0.371390 0.007335 1.967083 2754.147245
0.525311 0.041557 0.035081 0.019300 0.000786 0.370620 0.007344 1.971238 2758.844140
0.525737 0.041696 0.035242 0.019381 0.000786 0.369805 0.007352 1.975320 2763.880611
0.526103 0.041800 0.035348 0.019487 0.000793 0.369108 0.007359 1.979467 2768.647310
0.526578 0.041823 0.035556 0.019529 0.000793 0.368355 0.007366 1.983615 2772.668090
0.527047 0.041953 0.035613 0.019589 0.000788 0.367636 0.007375 1.987681 2778.641414
0.527488 0.042034 0.035681 0.019647 0.000789 0.366979 0.007382 1.991779 2783.061240
0.527843 0.042191 0.035756 0.019714 0.000784 0.366320 0.007392 1.995902 2789.122883
0.528251 0.042324 0.035837 0.019781 0.000781 0.365624 0.007402 2.000002 2793.069934
0.528536 0.042434 0.035936 0.019818 0.000790 0.365080 0.007406 2.004150 2796.775880
0.528870 0.042449 0.036092 0.019898 0.000785 0.364494 0.007413 2.008360 2802.624015
0.529217 0.042541 0.036182 0.019948 0.000788 0.363904 0.007419 2.012512 2806.701246
0.529488 0.042597 0.036302 0.019990 0.000798 0.363400 0.007426 2.016713 2810.451500
0.529822 0.042652 0.036380 0.020087 0.000799 0.362827 0.007434 2.020916 2814.478940
0.530089 0.042738 0.036512 0.020150 0.000805 0.362264 0.007441 2.025092 2817.934638
0.530294 0.042886 0.036621 0.020172 0.000803 0.361774 0.007449 2.029265 2822.206489
0.530548 0.042954 0.036703 0.020213 0.000808 0.361319 0.007457 2.033478 2826.499123
0.530798 0.043036 0.036870 0.020207 0.000805 0.360820 0.007465 2.037701 2831.013389
0.531041 0.043075 0.037013 0.020257 0.000798 0.360341 0.007476 2.041939 2836.985402
0.531196 0.043236 0.037095 0.020283 0.000797 0.359908 0.007484 2.046129 2841.840055
0.531470 0.043208 0.037217 0.020315 0.000798 0.359500 0.007492 2.050386 2846.418482
0.531665 0.043219 0.037312 0.020362 0.000798 0.359142 0.007501 2.054673 2850.551404
0.531839 0.043214 0.037379 0.020450 0.000798 0.358811 0.007509 2.058963 2855.193650
0.532014 0.043212 0.037444 0.020540 0.000802 0.358471 0.007518 2.063270 2859.446246
0.532166 0.043269 0.037459 0.020567 0.000807 0.358203 0.007529 2.067512 2863.734883
0.532369 0.043283 0.037522 0.020579 0.000806 0.357904 0.007538 2.071759 2867.786235
0.532552 0.043308 0.037613 0.020602 0.000809 0.357572 0.007543 2.076003 2872.058815
0.532728 0.043349 0.037628 0.020625 0.000811 0.357308 0.007551 2.080249 2875.704364
0.532903 0.043375 0.037679 0.020647 0.000806 0.357034 0.007557 2.084495 2880.413774
0.533042 0.043463 0.037728 0.020668 0.000808 0.356727 0.007564 2.088741 2883.894085
0.533177 0.043542 0.037775 0.020682 0.000809 0.356440 0.007574 2.092995 2887.859346
0.533367 0.043550 0.037903 0.020710 0.000810 0.356076 0.007583 2.097272 2892.119265
0.533603 0.043521 0.037889 0.020758 0.000812 0.355824 0.007593 2.101543 2896.321469
0.533725 0.043551 0.037980 0.020786 0.000815 0.355542 0.007601 2.105815 2900.249546
0.533968 0.043493 0.038040 0.020797 0.000808 0.355284 0.007611 2.110099 2905.182387
0.534128 0.043493 0.038093 0.020805 0.000809 0.355053 0.007620 2.114367 2910.057085
0.534240 0.043581 0.038107 0.020843 0.000803 0.354799 0.007628 2.118585 2915.131143
0.534458 0.043568 0.038071 0.020857 0.000798 0.354609 0.007638 2.122820 2919.517028
0.534677 0.043530 0.038044 0.020925 0.000801 0.354378 0.007645 2.127067 2923.099173
0.534870 0.043579 0.038087 0.020974 0.000802 0.354034 0.007654 2.131318 2927.831394
0.535040 0.043531 0.038114 0.020992 0.000800 0.353862 0.007661 2.135590 2931.793037
0.535176 0.043569 0.038128 0.020977 0.000804 0.353679 0.007668 2.139834 2935.961004
0.535463 0.043471 0.038188 0.020983 0.000801 0.353418 0.007675 2.144112 2940.717798
0.535689 0.043372 0.038241 0.020985 0.000800 0.353229 0.007683 2.148382 2944.925185
0.535886 0.043347 0.038287 0.020970 0.000802 0.353018 0.007689 2.152617 2948.954493
0.536076 0.043254 0.038377 0.021032 0.000802 0.352763 0.007697 2.156940 2953.046297
0.536317 0.043151 0.038361 0.021070 0.000804 0.352593 0.007705 2.161188 2957.040378
0.536487 0.043114 0.038430 0.021034 0.000803 0.352420 0.007712 2.165429 2961.407394
0.536691 0.043123 0.038386 0.021036 0.000808 0.352236 0.007720 2.169646 2965.292268
0.536846 0.043099 0.038420 0.021010 0.000817 0.352081 0.007727 2.173894 2968.648156
0.537059 0.043084 0.038445 0.020974 0.000814 0.351886 0.007738 2.178088 2973.211841
0.537284 0.042965 0.038459 0.020988 0.000816 0.351741 0.007746 2.182359 2977.728118
0.537456 0.042906 0.038462 0.020990 0.000817 0.351615 0.007754 2.186604 2981.888734
0.537708 0.042863 0.038443 0.020963 0.000815 0.351445 0.007763 2.190824 2986.730582
0.537967 0.042769 0.038426 0.020965 0.000811 0.351290 0.007772 2.195055 2990.144675
0.538223 0.042708 0.038400 0.020973 0.000811 0.351103 0.007782 2.199241 2994.650020
0.538563 0.042693 0.038335 0.020949 0.000807 0.350860 0.007792 2.203397 2999.081746
0.538753 0.042646 0.038310 0.020956 0.000811 0.350726 0.007798 2.207614 3003.424871
0.538988 0.042606 0.038331 0.020938 0.000811 0.350518 0.007807 2.211796 3007.581615
0.539169 0.042660 0.038305 0.020911 0.000807 0.350331 0.007816 2.215927 3011.436869
0.539297 0.042693 0.038257 0.020891 0.000801 0.350234 0.007827 2.220102 3015.641204
0.539520 0.042658 0.038216 0.020893 0.000803 0.350077 0.007833 2.224292 3019.879607
0.539668 0.042673 0.038174 0.020840 0.000816 0.349992 0.007837 2.228489 3023.152945
0.539943 0.042672 0.038162 0.020814 0.000817 0.349748 0.007845 2.232641 3026.752559
0.540187 0.042647 0.038154 0.020784 0.000813 0.349562 0.007853 2.236827 3030.541815
0.540457 0.042558 0.038110 0.020786 0.000812 0.349416 0.007861 2.241023 3034.828477
0.540694 0.042522 0.038050 0.020788 0.000812 0.349267 0.007869 2.245216 3038.905646
0.540942 0.042476 0.038069 0.020792 0.000812 0.349032 0.007877 2.249385 3043.106948
0.541296 0.042350 0.038077 0.020752 0.000818 0.348824 0.007883 2.253563 3046.410402
0.541463 0.042353 0.038023 0.020732 0.000821 0.348719 0.007890 2.257692 3050.263803
0.541741 0.042269 0.037984 0.020712 0.000825 0.348572 0.007897 2.261823 3053.960858
0.541929 0.042273 0.037942 0.020716 0.000827 0.348408 0.007905 2.265976 3057.865241
0.542200 0.042194 0.037908 0.020724 0.000823 0.348238 0.007913 2.270156 3061.836342
0.542398 0.042201 0.037886 0.020705 0.000822 0.348067 0.007921 2.274301 3065.576066
0.542573 0.042133 0.037904 0.020726 0.000820 0.347913 0.007931 2.278508 3069.502920
0.542813 0.042135 0.037884 0.020704 0.000824 0.347702 0.007938 2.282630 3073.898799
0.542964 0.042108 0.037836 0.020685 0.000823 0.347637 0.007946 2.286766 3077.889148
0.543208 0.042067 0.037765 0.020667 0.000826 0.347512 0.007954 2.290889 3081.671557
0.543390 0.042068 0.037779 0.020651 0.000829 0.347322 0.007962 2.295006 3085.727685
0.543559 0.042031 0.037653 0.020636 0.000835 0.347316 0.007970 2.299141 3089.578279
0.543830 0.042004 0.037681 0.020600 0.000836 0.347069 0.007980 2.303300 3093.467620
0.544102 0.041937 0.037658 0.020566 0.000834 0.346913 0.007989 2.307406 3098.042929
0.544402 0.041920 0.037612 0.020578 0.000835 0.346657 0.007995 2.311493 3102.351760
0.544636 0.041869 0.037586 0.020601 0.000835 0.346470 0.008004 2.315654 3106.100988
0.544796 0.041864 0.037622 0.020567 0.000826 0.346313 0.008013 2.319807 3110.400570
0.544985 0.041893 0.037592 0.020560 0.000831 0.346117 0.008022 2.323921 3115.009900
0.545203 0.041940 0.037512 0.020511 0.000831 0.345973 0.008030 2.328000 3118.841912
0.545387 0.041926 0.037535 0.020501 0.000827 0.345784 0.008039 2.332159 3123.744501
0.545622 0.041998 0.037476 0.020462 0.000822 0.345569 0.008051 2.336228 3127.999643
0.545766 0.041986 0.037441 0.020504 0.000818 0.345426 0.008059 2.340368 3132.211519
0.545941 0.041971 0.037451 0.020492 0.000823 0.345256 0.008067 2.344489 3135.771917
0.546156 0.041985 0.037429 0.020484 0.000829 0.345044 0.008075 2.348590 3139.224281
0.546377 0.042013 0.037400 0.020467 0.000823 0.344837 0.008085 2.352667 3144.354087
0.546522 0.042101 0.037436 0.020440 0.000823 0.344586 0.008093 2.356766 3148.252483
0.546591 0.042242 0.037409 0.020410 0.000822 0.344423 0.008103 2.360825 3152.201768
0.546805 0.042129 0.037397 0.020439 0.000827 0.344293 0.008109 2.365006 3155.925283
0.546979 0.042198 0.037357 0.020401 0.000825 0.344120 0.008119 2.369069 3160.068471
0.547195 0.042159 0.037338 0.020397 0.000832 0.343952 0.008127 2.373218 3163.792584
0.547335 0.042186 0.037310 0.020435 0.000824 0.343772 0.008138 2.377352 3168.592787
0.547511 0.042172 0.037352 0.020421 0.000818 0.343582 0.008145 2.381495 3173.403605
0.547738 0.042162 0.037293 0.020422 0.000820 0.343410 0.008156 2.385582 3177.465758
0.547838 0.042225 0.037288 0.020450 0.000818 0.343216 0.008165 2.389705 3181.406432
0.547977 0.042158 0.037367 0.020444 0.000816 0.343064 0.008174 2.393901 3185.508540
0.548108 0.042248 0.037429 0.020411 0.000816 0.342806 0.008183 2.398028 3189.778482
0.548219 0.042252 0.037416 0.020411 0.000814 0.342698 0.008190 2.402178 3194.228147
0.548389 0.042213 0.037397 0.020499 0.000816 0.342489 0.008198 2.406352 3198.176502
0.548481 0.042214 0.037440 0.020503 0.000822 0.342337 0.008204 2.410521 3201.401546
0.548660 0.042144 0.037389 0.020466 0.000824 0.342305 0.008212 2.414645 3204.776694
0.548928 0.042094 0.037414 0.020452 0.000829 0.342064 0.008220 2.418776 3208.271615
0.549052 0.042097 0.037425 0.020434 0.000831 0.341934 0.008228 2.422923 3211.804310
0.549127 0.042134 0.037466 0.020409 0.000828 0.341801 0.008237 2.427074 3216.042907
0.549233 0.042194 0.037466 0.020379 0.000827 0.341657 0.008245 2.431149 3220.092195
0.549358 0.042157 0.037510 0.020364 0.000832 0.341523 0.008255 2.435308 3223.740335
0.549509 0.042143 0.037485 0.020330 0.000827 0.341442 0.008265 2.439413 3228.755988
0.549593 0.042180 0.037481 0.020340 0.000818 0.341315 0.008274 2.443558 3234.173930
0.549689 0.042120 0.037482 0.020347 0.000818 0.341259 0.008283 2.447723 3238.958288
0.549813 0.042098 0.037488 0.020311 0.000818 0.341181 0.008291 2.451879 3242.683236
0.549895 0.042081 0.037453 0.020345 0.000815 0.341111 0.008300 2.456010 3247.961422
0.550041 0.042112 0.037426 0.020313 0.000816 0.340982 0.008309 2.460115 3252.584898
0.550192 0.042092 0.037421 0.020354 0.000818 0.340807 0.008317 2.464242 3256.710141
0.550325 0.042073 0.037418 0.020356 0.000825 0.340680 0.008322 2.468358 3259.506630
0.550412 0.042113 0.037345 0.020359 0.000829 0.340614 0.008328 2.472442 3263.263593
0.550557 0.042051 0.037377 0.020366 0.000824 0.340489 0.008336 2.476571 3267.680483
0.550732 0.042048 0.037329 0.020324 0.000822 0.340401 0.008345 2.480659 3271.947337
0.550886 0.042062 0.037306 0.020298 0.000824 0.340271 0.008353 2.484771 3275.586519
0.551018 0.042020 0.037323 0.020303 0.000816 0.340156 0.008363 2.488929 3279.758477
0.551179 0.041939 0.037324 0.020315 0.000813 0.340061 0.008369 2.493078 3284.043123
0.551347 0.041896 0.037291 0.020347 0.000809 0.339934 0.008377 2.497178 3288.053946
0.551533 0.041922 0.037291 0.020309 0.000813 0.339746 0.008385 2.501282 3292.600258
0.551668 0.041931 0.037295 0.020303 0.000806 0.339600 0.008396 2.505385 3297.941917
0.551779 0.041922 0.037289 0.020296 0.000806 0.339503 0.008405 2.509523 3302.176195
0.551987 0.041908 0.037289 0.020278 0.000812 0.339312 0.008413 2.513615 3306.494661
0.552111 0.041926 0.037291 0.020262 0.000811 0.339179 0.008422 2.517723 3310.739961
0.552200 0.041907 0.037270 0.020269 0.000808 0.339113 0.008433 2.521830 3315.051357
0.552444 0.041810 0.037283 0.020274 0.000806 0.338942 0.008441 2.525959 3320.235188
0.552540 0.041839 0.037268 0.020285 0.000807 0.338811 0.008449 2.530041 3323.850199
0.552667 0.041844 0.037255 0.020262 0.000805 0.338710 0.008456 2.534156 3327.230549
0.552763 0.041912 0.037243 0.020228 0.000804 0.338586 0.008464 2.538200 3331.803465
0.552926 0.041900 0.037219 0.020216 0.000798 0.338469 0.008471 2.542294 3336.581341
0.553016 0.041915 0.037186 0.020241 0.000793 0.338369 0.008480 2.546376 3340.740563
0.553100 0.041939 0.037204 0.020226 0.000795 0.338248 0.008488 2.550477 3344.625230
0.553231 0.041897 0.037184 0.020199 0.000796 0.338199 0.008494 2.554600 3348.592421
0.553341 0.041867 0.037205 0.020219 0.000793 0.338073 0.008503 2.558719 3352.915591
0.553539 0.041859 0.037194 0.020253 0.000792 0.337852 0.008510 2.562817 3357.254577
0.553664 0.041807 0.037215 0.020237 0.000793 0.337766 0.008519 2.566939 3361.680548
0.553779 0.041820 0.037181 0.020235 0.000804 0.337653 0.008527 2.571008 3365.877709
0.553955 0.041810 0.037117 0.020239 0.000808 0.337538 0.008534 2.575087 3369.427404
0.554060 0.041828 0.037110 0.020220 0.000808 0.337433 0.008542 2.579192 3373.144562
0.554262 0.041788 0.037117 0.020248 0.000806 0.337229 0.008550 2.583307 3377.658396
0.554421 0.041772 0.037095 0.020242 0.000802 0.337108 0.008560 2.587411 3381.590894
0.554544 0.041795 0.037117 0.020235 0.000799 0.336941 0.008568 2.591522 3386.310759
0.554685 0.041784 0.037083 0.020296 0.000798 0.336779 0.008576 2.595636 3390.540470
0.554747 0.041858 0.037068 0.020272 0.000802 0.336669 0.008584 2.599738 3394.676954
0.554813 0.041912 0.037097 0.020227 0.000801 0.336559 0.008592 2.603805 3398.034547
0.554872 0.041969 0.037055 0.020261 0.000797 0.336444 0.008602 2.607870 3402.672580
0.554918 0.041919 0.037127 0.020269 0.000800 0.336358 0.008610 2.612049 3406.216624
0.554906 0.041974 0.037121 0.020278 0.000804 0.336299 0.008618 2.616149 3410.002078
0.554978 0.041971 0.037171 0.020285 0.000813 0.336156 0.008626 2.620293 3412.875351
0.555045 0.041998 0.037207 0.020267 0.000810 0.336039 0.008635 2.624412 3417.168644
0.555097 0.041993 0.037185 0.020211 0.000811 0.336061 0.008643 2.628529 3421.710854
0.555108 0.042033 0.037214 0.020237 0.000811 0.335946 0.008652 2.632646 3425.532734
0.555201 0.042104 0.037200 0.020218 0.000808 0.335807 0.008661 2.636736 3429.029240
0.555257 0.042160 0.037222 0.020186 0.000809 0.335697 0.008669 2.640817 3433.175658
0.555259 0.042244 0.037279 0.020175 0.000810 0.335556 0.008677 2.644953 3437.009199
0.555327 0.042271 0.037332 0.020166 0.000818 0.335402 0.008685 2.649071 3440.397490
0.555484 0.042311 0.037309 0.020158 0.000819 0.335228 0.008691 2.653174 3444.619274
0.555476 0.042370 0.037351 0.020144 0.000823 0.335138 0.008699 2.657309 3448.236337
0.555522 0.042353 0.037424 0.020180 0.000821 0.334994 0.008707 2.661497 3451.608126
0.555473 0.042451 0.037466 0.020183 0.000828 0.334886 0.008714 2.665629 3455.438085
0.555451 0.042445 0.037492 0.020243 0.000822 0.334824 0.008723 2.669814 3460.026769
0.555440 0.042481 0.037495 0.020289 0.000824 0.334741 0.008730 2.673982 3463.867811
0.555477 0.042496 0.037561 0.020318 0.000829 0.334581 0.008737 2.678161 3467.253908
0.555394 0.042529 0.037565 0.020322 0.000834 0.334611 0.008746 2.682365 3471.316447
0.555324 0.042558 0.037624 0.020288 0.000837 0.334615 0.008754 2.686578 3476.186372
0.555274 0.042612 0.037640 0.020299 0.000835 0.334578 0.008762 2.690748 3479.724358
0.555316 0.042667 0.037633 0.020303 0.000836 0.334474 0.008771 2.694884 3483.928438
0.555299 0.042720 0.037640 0.020303 0.000831 0.334427 0.008780 2.699046 3488.211417
0.555250 0.042772 0.037646 0.020318 0.000832 0.334396 0.008786 2.703204 3491.604552
0.555248 0.042740 0.037687 0.020357 0.000830 0.334345 0.008794 2.707436 3496.455146
0.555223 0.042738 0.037741 0.020356 0.000831 0.334309 0.008802 2.711610 3500.936460
0.555161 0.042721 0.037825 0.020352 0.000833 0.334297 0.008811 2.715860 3505.430362
0.555116 0.042689 0.037850 0.020357 0.000835 0.334331 0.008820 2.720059 3509.045987
0.555110 0.042597 0.037873 0.020411 0.000834 0.334350 0.008825 2.724317 3512.689220
0.555111 0.042653 0.037809 0.020424 0.000829 0.334340 0.008833 2.728460 3517.006408
0.555162 0.042642 0.037790 0.020445 0.000834 0.334286 0.008839 2.732610 3520.059187
0.555136 0.042556 0.037821 0.020465 0.000836 0.334340 0.008846 2.736844 3523.608222
0.555032 0.042555 0.037792 0.020494 0.000840 0.334432 0.008856 2.741028 3528.447937
0.555048 0.042573 0.037832 0.020479 0.000839 0.334366 0.008864 2.745195 3533.611189
0.555103 0.042545 0.037871 0.020486 0.000842 0.334281 0.008871 2.749374 3537.122215
0.555134 0.042651 0.037803 0.020467 0.000840 0.334228 0.008877 2.753468 3541.281582
0.555097 0.042731 0.037763 0.020496 0.000841 0.334185 0.008886 2.757635 3545.728721
0.555101 0.042751 0.037786 0.020513 0.000846 0.334110 0.008894 2.761804 3549.448366
0.554985 0.042770 0.037860 0.020549 0.000849 0.334083 0.008904 2.766020 3553.492453
0.554973 0.042689 0.037983 0.020549 0.000849 0.334046 0.008911 2.770250 3557.578863
0.554964 0.042670 0.038015 0.020511 0.000850 0.334071 0.008919 2.774467 3561.297427
0.555041 0.042678 0.038049 0.020492 0.000844 0.333966 0.008929 2.778651 3566.060297
0.555055 0.042674 0.038022 0.020487 0.000852 0.333975 0.008935 2.782843 3569.887138
0.555018 0.042620 0.038005 0.020524 0.000854 0.334035 0.008944 2.787071 3574.078512
0.555014 0.042603 0.037996 0.020514 0.000852 0.334068 0.008954 2.791248 3578.342528
0.555053 0.042592 0.038027 0.020523 0.000843 0.333999 0.008962 2.795438 3583.924211
0.555058 0.042603 0.038013 0.020510 0.000845 0.334000 0.008971 2.799613 3587.648599
0.555132 0.042566 0.038030 0.020484 0.000847 0.333961 0.008980 2.803756 3591.797978
0.555096 0.042620 0.037983 0.020490 0.000856 0.333967 0.008989 2.807911 3595.301037
0.555073 0.042663 0.037999 0.020473 0.000864 0.333932 0.008997 2.812030 3598.991622
0.555081 0.042581 0.038056 0.020447 0.000867 0.333964 0.009004 2.816252 3602.502231
0.555037 0.042570 0.038057 0.020455 0.000868 0.334003 0.009011 2.820435 3606.056381
0.555141 0.042515 0.038040 0.020458 0.000875 0.333953 0.009019 2.824628 3609.732601
0.555209 0.042464 0.038011 0.020460 0.000877 0.333953 0.009026 2.828801 3613.501932
0.555143 0.042480 0.037940 0.020501 0.000874 0.334027 0.009034 2.832930 3617.773639
0.555139 0.042542 0.037856 0.020553 0.000873 0.333994 0.009044 2.837069 3621.944861
0.555094 0.042562 0.037869 0.020528 0.000872 0.334023 0.009052 2.841243 3626.100030
0.555097 0.042574 0.037813 0.020562 0.000882 0.334015 0.009056 2.845389 3629.564847
0.555139 0.042603 0.037764 0.020568 0.000879 0.333985 0.009062 2.849500 3633.857300
0.555130 0.042593 0.037769 0.020541 0.000878 0.334021 0.009068 2.853638 3637.917885
0.555237 0.042518 0.037727 0.020517 0.000873 0.334051 0.009077 2.857778 3643.098531
0.555285 0.042495 0.037721 0.020546 0.000876 0.333993 0.009084 2.861941 3646.870902
0.555299 0.042509 0.037711 0.020557 0.000872 0.333957 0.009094 2.866058 3651.223468
0.555274 0.042545 0.037743 0.020527 0.000867 0.333942 0.009102 2.870204 3655.340617
0.555308 0.042534 0.037710 0.020535 0.000867 0.333937 0.009110 2.874372 3659.654064
0.555348 0.042510 0.037771 0.020556 0.000870 0.333829 0.009116 2.878543 3663.848601
0.555358 0.042460 0.037767 0.020579 0.000871 0.333840 0.009124 2.882748 3667.150127
0.555335 0.042526 0.037765 0.020540 0.000867 0.333835 0.009133 2.886863 3672.064161
0.555352 0.042515 0.037756 0.020517 0.000864 0.333854 0.009142 2.891034 3676.552780
0.555360 0.042486 0.037777 0.020505 0.000859 0.333863 0.009151 2.895205 3680.476662
0.555423 0.042499 0.037808 0.020486 0.000861 0.333764 0.009159 2.899350 3684.711109
0.555463 0.042474 0.037758 0.020441 0.000868 0.333829 0.009167 2.903515 3687.881990
0.555437 0.042481 0.037691 0.020467 0.000867 0.333880 0.009177 2.907702 3692.215878
0.555548 0.042391 0.037715 0.020484 0.000868 0.333809 0.009185 2.911888 3696.058548
0.555652 0.042350 0.037715 0.020470 0.000862 0.333755 0.009195 2.916012 3700.676465
0.555738 0.042332 0.037692 0.020437 0.000857 0.333740 0.009203 2.920119 3705.275699
0.555741 0.042335 0.037709 0.020424 0.000861 0.333717 0.009212 2.924283 3709.437664
0.555739 0.042324 0.037666 0.020416 0.000857 0.333779 0.009218 2.928435 3713.760534
0.555827 0.042279 0.037685 0.020408 0.000859 0.333714 0.009227 2.932591 3718.080279
0.555844 0.042270 0.037650 0.020405 0.000853 0.333743 0.009237 2.936722 3723.359714
0.555900 0.042199 0.037648 0.020410 0.000854 0.333745 0.009245 2.940871 3727.148058
0.556000 0.042124 0.037674 0.020416 0.000849 0.333684 0.009253 2.945018 3731.988371
0.556017 0.042177 0.037643 0.020412 0.000843 0.333647 0.009261 2.949150 3736.036750
0.556020 0.042193 0.037600 0.020371 0.000847 0.333698 0.009271 2.953284 3739.895940
0.556037 0.042194 0.037608 0.020348 0.000848 0.333689 0.009277 2.957440 3744.393250
0.556140 0.042138 0.037620 0.020335 0.000847 0.333635 0.009285 2.961573 3748.283120
0.556157 0.042176 0.037606 0.020327 0.000841 0.333598 0.009294 2.965702 3752.882222
0.556165 0.042228 0.037592 0.020315 0.000843 0.333556 0.009301 2.969812 3757.301761
0.556171 0.042251 0.037610 0.020344 0.000845 0.333469 0.009310 2.973967 3761.561965
0.556214 0.042277 0.037605 0.020363 0.000841 0.333384 0.009318 2.978145 3766.316173
0.556209 0.042300 0.037636 0.020350 0.000838 0.333344 0.009324 2.982290 3770.865200
0.556282 0.042259 0.037606 0.020325 0.000842 0.333355 0.009332 2.986452 3774.329917
0.556255 0.042303 0.037563 0.020354 0.000839 0.333345 0.009339 2.990582 3778.269555
0.556307 0.042300 0.037538 0.020362 0.000840 0.333305 0.009349 2.994672 3782.739187
0.556359 0.042266 0.037523 0.020398 0.000843 0.333254 0.009357 2.998836 3786.658883
0.556413 0.042205 0.037596 0.020401 0.000842 0.333176 0.009366 3.003043 3791.957236
0.556494 0.042183 0.037601 0.020424 0.000844 0.333080 0.009374 3.007227 3795.912203
0.556531 0.042151 0.037605 0.020445 0.000841 0.333044 0.009383 3.011395 3800.232097
0.556470 0.042152 0.037633 0.020473 0.000842 0.333039 0.009392 3.015542 3804.483358
0.556428 0.042192 0.037718 0.020394 0.000844 0.333023 0.009401 3.019667 3808.331975
0.556525 0.042210 0.037704 0.020355 0.000840 0.332957 0.009410 3.023778 3812.720894
0.556619 0.042114 0.037691 0.020375 0.000838 0.332945 0.009418 3.027956 3817.421870
0.556695 0.042051 0.037674 0.020372 0.000839 0.332943 0.009426 3.032099 3821.290654
0.556776 0.041983 0.037653 0.020375 0.000846 0.332931 0.009435 3.036248 3825.196104
0.556782 0.042025 0.037572 0.020376 0.000846 0.332955 0.009444 3.040334 3829.852993
0.556867 0.041986 0.037555 0.020384 0.000850 0.332904 0.009454 3.044471 3834.452571
0.556925 0.041925 0.037545 0.020377 0.000851 0.332916 0.009462 3.048615 3838.172897
0.557027 0.041964 0.037495 0.020325 0.000848 0.332869 0.009471 3.052692 3842.895579
0.557152 0.041954 0.037522 0.020312 0.000848 0.332732 0.009479 3.056828 3847.358542
0.557139 0.041997 0.037546 0.020313 0.000845 0.332674 0.009487 3.060954 3851.025938
0.557179 0.041945 0.037560 0.020312 0.000846 0.332664 0.009494 3.065096 3855.059838
0.557190 0.042009 0.037555 0.020293 0.000849 0.332604 0.009500 3.069208 3857.960496
0.557163 0.042043 0.037528 0.020311 0.000847 0.332597 0.009510 3.073339 3863.197995
0.557214 0.042034 0.037513 0.020309 0.000846 0.332565 0.009519 3.077453 3867.219131
0.557238 0.042001 0.037527 0.020319 0.000842 0.332542 0.009530 3.081571 3871.079177
0.557226 0.042046 0.037545 0.020273 0.000841 0.332531 0.009539 3.085673 3875.652752
0.557296 0.042033 0.037540 0.020319 0.000837 0.332427 0.009549 3.089824 3879.267198
0.557334 0.041961 0.037518 0.020358 0.000836 0.332435 0.009558 3.093993 3883.412055
0.557412 0.041949 0.037515 0.020332 0.000836 0.332390 0.009566 3.098130 3887.730351
0.557466 0.041938 0.037531 0.020332 0.000834 0.332326 0.009574 3.102270 3891.841530
0.557462 0.041979 0.037532 0.020309 0.000829 0.332307 0.009583 3.106351 3896.692856
0.557428 0.041962 0.037506 0.020328 0.000830 0.332354 0.009592 3.110491 3901.777647
0.557448 0.041968 0.037497 0.020346 0.000828 0.332311 0.009600 3.114635 3907.435594
0.557483 0.041959 0.037450 0.020359 0.000834 0.332307 0.009608 3.118768 3911.412639
0.557562 0.041955 0.037469 0.020367 0.000838 0.332195 0.009615 3.122891 3915.079760
0.557537 0.041957 0.037505 0.020374 0.000837 0.332167 0.009622 3.127039 3918.969492
0.557533 0.041979 0.037487 0.020346 0.000838 0.332186 0.009631 3.131175 3923.418319
0.557590 0.042038 0.037532 0.020326 0.000837 0.332037 0.009639 3.135274 3927.336311
0.557682 0.042053 0.037490 0.020308 0.000839 0.331983 0.009647 3.139362 3931.786297
0.557667 0.042127 0.037470 0.020325 0.000837 0.331920 0.009653 3.143484 3935.869336
0.557556 0.042171 0.037507 0.020342 0.000836 0.331926 0.009663 3.147648 3940.113182
0.557598 0.042147 0.037511 0.020341 0.000836 0.331896 0.009670 3.151782 3944.009854
0.557538 0.042169 0.037514 0.020352 0.000835 0.331913 0.009680 3.155931 3947.785718
0.557553 0.042225 0.037518 0.020351 0.000836 0.331829 0.009688 3.160049 3952.367337
0.557520 0.042219 0.037508 0.020318 0.000835 0.331904 0.009695 3.164225 3957.017975
0.557553 0.042220 0.037488 0.020342 0.000845 0.331851 0.009701 3.168344 3960.969224
0.557541 0.042238 0.037479 0.020317 0.000846 0.331871 0.009708 3.172487 3965.369935
0.557555 0.042205 0.037494 0.020335 0.000852 0.331842 0.009718 3.176623 3969.539794
0.557599 0.042156 0.037523 0.020375 0.000850 0.331769 0.009727 3.180754 3974.461327
0.557606 0.042175 0.037495 0.020357 0.000854 0.331776 0.009736 3.184874 3978.302471
0.557621 0.042249 0.037513 0.020345 0.000864 0.331664 0.009743 3.188970 3982.449182
0.557558 0.042296 0.037536 0.020330 0.000864 0.331667 0.009749 3.193124 3986.670606
0.557609 0.042231 0.037526 0.020323 0.000865 0.331689 0.009758 3.197283 3990.222872
0.557537 0.042225 0.037551 0.020344 0.000866 0.331712 0.009765 3.201463 3994.593973
0.557538 0.042249 0.037524 0.020390 0.000867 0.331658 0.009775 3.205602 3999.242700
0.557548 0.042219 0.037555 0.020407 0.000869 0.331618 0.009784 3.209761 4002.836154
0.557569 0.042232 0.037516 0.020431 0.000871 0.331589 0.009792 3.213871 4007.223099
0.557564 0.042180 0.037545 0.020463 0.000871 0.331577 0.009800 3.218066 4010.615748
0.557553 0.042155 0.037514 0.020517 0.000870 0.331581 0.009811 3.222216 4015.958795
0.557557 0.042123 0.037606 0.020494 0.000869 0.331533 0.009817 3.226388 4020.418807
0.557537 0.042128 0.037581 0.020483 0.000864 0.331581 0.009826 3.230526 4024.601173
0.557558 0.042112 0.037505 0.020469 0.000864 0.331658 0.009834 3.234654 4028.895991
0.557622 0.042141 0.037424 0.020479 0.000861 0.331634 0.009840 3.238762 4033.055796
0.557607 0.042151 0.037413 0.020448 0.000865 0.331669 0.009849 3.242872 4037.897268
0.557614 0.042095 0.037519 0.020418 0.000862 0.331635 0.009855 3.247015 4042.723484
0.557649 0.042172 0.037467 0.020378 0.000855 0.331614 0.009864 3.251061 4047.804311
0.557712 0.042166 0.037513 0.020338 0.000859 0.331539 0.009873 3.255171 4051.942958
0.557702 0.042123 0.037522 0.020369 0.000857 0.331544 0.009882 3.259347 4056.249763
0.557752 0.042097 0.037517 0.020394 0.000855 0.331496 0.009890 3.263488 4059.874161
0.557790 0.042107 0.037510 0.020351 0.000852 0.331490 0.009899 3.267566 4063.667031
0.557834 0.042064 0.037496 0.020354 0.000851 0.331494 0.009907 3.271727 4067.528282
0.557926 0.041994 0.037504 0.020372 0.000847 0.331439 0.009917 3.275880 4072.462247
0.557950 0.042025 0.037493 0.020396 0.000850 0.331361 0.009924 3.280010 4075.852974
0.557991 0.042050 0.037449 0.020392 0.000849 0.331335 0.009933 3.284128 4079.984008
0.557961 0.042036 0.037481 0.020396 0.000845 0.331340 0.009940 3.288279 4084.475221
0.557961 0.042077 0.037449 0.020367 0.000845 0.331352 0.009948 3.292368 4088.499336
0.557978 0.042006 0.037443 0.020325 0.000846 0.331449 0.009953 3.296527 4092.750474
0.557944 0.042058 0.037394 0.020310 0.000850 0.331482 0.009962 3.300599 4097.091814
0.557931 0.042085 0.037416 0.020273 0.000848 0.331474 0.009973 3.304711 4101.290904
0.557915 0.042163 0.037400 0.020266 0.000849 0.331426 0.009981 3.308822 4106.353315
0.557962 0.042171 0.037419 0.020266 0.000845 0.331346 0.009990 3.312943 4110.945980
0.557932 0.042248 0.037441 0.020254 0.000841 0.331285 0.009999 3.317057 4115.114234
0.557915 0.042227 0.037519 0.020277 0.000844 0.331211 0.010006 3.321222 4119.417866
0.557933 0.042197 0.037493 0.020288 0.000849 0.331224 0.010016 3.325354 4123.603337
0.557904 0.042283 0.037441 0.020277 0.000846 0.331226 0.010024 3.329442 4127.761392
0.557936 0.042279 0.037392 0.020241 0.000845 0.331275 0.010033 3.333537 4131.891397
0.557986 0.042238 0.037409 0.020240 0.000842 0.331246 0.010039 3.337681 4136.744095
0.558037 0.042112 0.037496 0.020280 0.000850 0.331179 0.010046 3.341898 4140.103835
0.558032 0.042156 0.037482 0.020268 0.000852 0.331156 0.010054 3.346007 4143.782344
0.557993 0.042205 0.037471 0.020263 0.000855 0.331149 0.010063 3.350125 4147.688391
0.557946 0.042333 0.037433 0.020274 0.000849 0.331091 0.010073 3.354213 4152.251404
0.557917 0.042279 0.037478 0.020325 0.000848 0.331075 0.010078 3.358422 4156.669398
0.557869 0.042308 0.037486 0.020315 0.000851 0.331083 0.010086 3.362578 4160.628505
0.557824 0.042300 0.037485 0.020342 0.000853 0.331101 0.010096 3.366728 4165.184100
0.557877 0.042336 0.037471 0.020340 0.000855 0.331019 0.010103 3.370855 4168.931240
0.557860 0.042337 0.037498 0.020328 0.000856 0.331011 0.010111 3.375039 4172.889340
0.557798 0.042347 0.037558 0.020311 0.000856 0.331010 0.010120 3.379183 4177.106550
0.557748 0.042323 0.037618 0.020331 0.000855 0.330996 0.010129 3.383378 4181.999990
0.557799 0.042331 0.037613 0.020348 0.000853 0.330918 0.010138 3.387483 4186.277411
0.557714 0.042305 0.037653 0.020381 0.000851 0.330950 0.010146 3.391679 4191.105066
0.557728 0.042256 0.037671 0.020384 0.000858 0.330949 0.010154 3.395819 4195.451502
0.557732 0.042196 0.037665 0.020413 0.000858 0.330974 0.010163 3.399996 4200.111873
0.557759 0.042189 0.037652 0.020473 0.000850 0.330902 0.010176 3.404132 4205.073580
0.557796 0.042186 0.037644 0.020459 0.000849 0.330883 0.010183 3.408278 4209.308220
0.557790 0.042230 0.037634 0.020443 0.000844 0.330868 0.010192 3.412369 4213.860401
0.557743 0.042330 0.037567 0.020421 0.000839 0.330900 0.010200 3.416458 4218.164940
0.557772 0.042283 0.037562 0.020477 0.000837 0.330859 0.010211 3.420631 4222.545722
0.557756 0.042289 0.037520 0.020450 0.000836 0.330933 0.010217 3.424792 4227.460683
0.557722 0.042350 0.037542 0.020402 0.000839 0.330923 0.010222 3.428881 4231.280302
0.557836 0.042301 0.037520 0.020436 0.000846 0.330830 0.010229 3.433034 4234.546206
0.557901 0.042305 0.037513 0.020410 0.000842 0.330791 0.010238 3.437159 4239.155293
0.557928 0.042285 0.037521 0.020411 0.000842 0.330768 0.010246 3.441292 4243.515304
0.557911 0.042316 0.037520 0.020403 0.000843 0.330754 0.010253 3.445419 4247.657278
0.557899 0.042298 0.037550 0.020390 0.000844 0.330760 0.010260 3.449598 4251.359294
0.557837 0.042295 0.037578 0.020383 0.000844 0.330796 0.010268 3.453781 4256.563968
0.557814 0.042294 0.037575 0.020383 0.000849 0.330810 0.010276 3.457937 4260.187119
0.557848 0.042285 0.037594 0.020384 0.000842 0.330761 0.010288 3.462059 4264.520447
0.557777 0.042245 0.037627 0.020407 0.000845 0.330804 0.010294 3.466250 4268.110152
0.557766 0.042304 0.037602 0.020360 0.000839 0.330826 0.010303 3.470354 4273.196462
0.557703 0.042304 0.037569 0.020380 0.000838 0.330898 0.010310 3.474520 4277.012571
0.557689 0.042241 0.037672 0.020340 0.000832 0.330909 0.010318 3.478683 4281.373616
0.557652 0.042245 0.037602 0.020401 0.000831 0.330944 0.010325 3.482834 4285.342300
0.557684 0.042182 0.037594 0.020370 0.000829 0.331007 0.010334 3.487021 4290.034370
0.557686 0.042187 0.037590 0.020369 0.000827 0.331000 0.010343 3.491132 4294.316410
0.557700 0.042200 0.037552 0.020351 0.000833 0.331013 0.010353 3.495238 4297.480311
0.557668 0.042207 0.037524 0.020378 0.000823 0.331040 0.010360 3.499379 4302.918113
0.557619 0.042242 0.037570 0.020355 0.000822 0.331021 0.010370 3.503526 4307.587205
0.557641 0.042223 0.037525 0.020384 0.000826 0.331025 0.010377 3.507670 4311.463839
0.557698 0.042187 0.037552 0.020412 0.000833 0.330936 0.010382 3.511840 4315.258839
0.557735 0.042110 0.037546 0.020429 0.000836 0.330955 0.010390 3.515986 4318.962289
0.557729 0.042111 0.037558 0.020435 0.000834 0.330933 0.010400 3.520131 4324.143265
0.557705 0.042121 0.037566 0.020462 0.000833 0.330906 0.010407 3.524273 4329.250282
0.557696 0.042139 0.037562 0.020474 0.000831 0.330883 0.010414 3.528379 4333.053265
0.557793 0.042011 0.037597 0.020500 0.000837 0.330836 0.010425 3.532578 4336.865636
0.557774 0.042064 0.037567 0.020507 0.000844 0.330813 0.010431 3.536723 4340.542143
0.557754 0.042151 0.037498 0.020469 0.000849 0.330839 0.010440 3.540778 4344.529659
0.557738 0.042129 0.037546 0.020459 0.000854 0.330823 0.010450 3.544933 4348.783798
0.557686 0.042049 0.037597 0.020498 0.000849 0.330861 0.010460 3.549128 4353.275741
0.557707 0.042058 0.037612 0.020532 0.000844 0.330779 0.010468 3.553249 4357.322862
0.557673 0.042141 0.037589 0.020517 0.000847 0.330757 0.010476 3.557359 4361.138727
0.557694 0.042093 0.037537 0.020504 0.000845 0.330845 0.010483 3.561485 4365.643304
0.557696 0.042065 0.037533 0.020491 0.000846 0.330878 0.010492 3.565608 4369.925974
0.557684 0.042056 0.037537 0.020460 0.000852 0.330914 0.010497 3.569732 4373.764532
0.557828 0.041987 0.037577 0.020426 0.000855 0.330823 0.010505 3.573863 4377.733090
0.557826 0.042078 0.037531 0.020426 0.000855 0.330771 0.010512 3.577943 4382.003169
0.557862 0.042056 0.037527 0.020472 0.000853 0.330710 0.010520 3.582105 4387.696382
0.557750 0.042115 0.037536 0.020508 0.000850 0.330712 0.010528 3.586235 4391.941044
0.557823 0.042028 0.037585 0.020491 0.000849 0.330690 0.010535 3.590422 4396.462533
0.557817 0.042045 0.037540 0.020442 0.000848 0.330765 0.010543 3.594533 4400.549636
0.557808 0.042074 0.037563 0.020371 0.000848 0.330784 0.010553 3.598635 4404.282661
0.557685 0.042145 0.037595 0.020365 0.000846 0.330802 0.010560 3.602782 4408.343586
0.557662 0.042204 0.037633 0.020333 0.000856 0.330747 0.010567 3.606890 4411.588571
0.557715 0.042164 0.037639 0.020337 0.000851 0.330719 0.010575 3.611035 4416.055467
0.557703 0.042102 0.037698 0.020325 0.000851 0.330739 0.010582 3.615242 4420.510860
0.557649 0.042170 0.037672 0.020313 0.000848 0.330754 0.010593 3.619312 4424.832300
0.557646 0.042186 0.037678 0.020290 0.000846 0.330752 0.010602 3.623446 4429.254392
0.557619 0.042174 0.037653 0.020318 0.000851 0.330775 0.010609 3.627588 4432.208711
0.557562 0.042112 0.037665 0.020334 0.000849 0.330860 0.010619 3.631798 4436.633149
0.557577 0.042142 0.037637 0.020347 0.000850 0.330820 0.010627 3.635918 4440.976649
0.557579 0.042174 0.037636 0.020343 0.000847 0.330786 0.010635 3.640028 4444.955968
0.557593 0.042193 0.037633 0.020319 0.000848 0.330769 0.010645 3.644160 4449.257273
0.557581 0.042158 0.037711 0.020315 0.000851 0.330733 0.010652 3.648340 4453.541685
0.557520 0.042178 0.037732 0.020322 0.000851 0.330737 0.010662 3.652507 4457.791295
0.557417 0.042252 0.037692 0.020340 0.000851 0.330776 0.010672 3.656625 4462.247282
0.557392 0.042327 0.037685 0.020304 0.000850 0.330765 0.010677 3.660744 4466.462834
0.557411 0.042334 0.037673 0.020338 0.000846 0.330711 0.010686 3.664886 4470.511298
0.557431 0.042325 0.037683 0.020330 0.000850 0.330685 0.010696 3.669042 4475.136813
0.557406 0.042347 0.037680 0.020323 0.000846 0.330695 0.010704 3.673176 4480.488523
0.557437 0.042333 0.037659 0.020306 0.000842 0.330711 0.010713 3.677317 4485.947937
0.557334 0.042317 0.037612 0.020334 0.000844 0.330836 0.010722 3.681489 4489.951585
0.557248 0.042355 0.037574 0.020334 0.000836 0.330920 0.010732 3.685623 4494.538292
0.557269 0.042394 0.037561 0.020311 0.000831 0.330894 0.010740 3.689731 4498.681001
0.557301 0.042356 0.037517 0.020357 0.000828 0.330891 0.010749 3.693886 4502.285273
0.557374 0.042354 0.037510 0.020320 0.000831 0.330852 0.010758 3.698004 4505.826745
0.557358 0.042337 0.037565 0.020345 0.000825 0.330802 0.010767 3.702187 4510.896733
0.557327 0.042331 0.037620 0.020355 0.000822 0.330769 0.010776 3.706336 4515.913849
0.557302 0.042351 0.037642 0.020368 0.000831 0.330722 0.010785 3.710457 4520.002630
0.557326 0.042257 0.037686 0.020359 0.000833 0.330746 0.010792 3.714659 4524.310514
0.557324 0.042293 0.037588 0.020391 0.000829 0.330775 0.010800 3.718759 4528.435681
0.557358 0.042260 0.037577 0.020366 0.000824 0.330807 0.010809 3.722909 4532.718588
0.557311 0.042238 0.037617 0.020345 0.000821 0.330853 0.010816 3.727081 4536.603490
0.557367 0.042232 0.037619 0.020305 0.000821 0.330832 0.010823 3.731185 4540.532857
0.557389 0.042243 0.037620 0.020270 0.000820 0.330826 0.010831 3.735294 4545.081215
0.557347 0.042297 0.037618 0.020242 0.000821 0.330836 0.010840 3.739417 4549.781244
0.557323 0.042323 0.037676 0.020223 0.000819 0.330788 0.010848 3.743576 4554.019209
0.557321 0.042338 0.037724 0.020238 0.000820 0.330707 0.010853 3.747727 4557.646528
0.557303 0.042367 0.037660 0.020226 0.000813 0.330771 0.010861 3.751839 4561.714552
0.557310 0.042346 0.037697 0.020237 0.000815 0.330725 0.010870 3.756017 4565.423526
0.557296 0.042376 0.037721 0.020253 0.000811 0.330663 0.010880 3.760167 4569.966864
0.557250 0.042380 0.037766 0.020233 0.000808 0.330675 0.010889 3.764311 4574.111223
0.557225 0.042295 0.037813 0.020280 0.000808 0.330683 0.010896 3.768553 4577.961741
0.557265 0.042222 0.037834 0.020295 0.000805 0.330674 0.010905 3.772747 4582.981705
0.557244 0.042265 0.037813 0.020329 0.000802 0.330633 0.010914 3.776885 4586.788635
0.557263 0.042229 0.037820 0.020366 0.000806 0.330595 0.010921 3.781061 4590.762948
0.557268 0.042217 0.037777 0.020355 0.000805 0.330650 0.010928 3.785200 4595.363134
0.557278 0.042165 0.037820 0.020362 0.000809 0.330629 0.010936 3.789378 4598.693376
0.557251 0.042130 0.037807 0.020352 0.000812 0.330706 0.010942 3.793560 4603.330951
0.557240 0.042215 0.037705 0.020334 0.000817 0.330742 0.010947 3.797652 4606.816280
0.557212 0.042191 0.037747 0.020317 0.000820 0.330759 0.010954 3.801810 4610.453822
0.557282 0.042151 0.037736 0.020308 0.000824 0.330740 0.010960 3.805946 4613.838926
0.557291 0.042151 0.037707 0.020289 0.000815 0.330777 0.010970 3.810058 4618.666096
0.557264 0.042154 0.037741 0.020256 0.000818 0.330790 0.010976 3.814199 4622.563100
0.557249 0.042152 0.037777 0.020283 0.000817 0.330737 0.010985 3.818348 4626.104647
0.557261 0.042187 0.037708 0.020274 0.000818 0.330758 0.010994 3.822450 4630.347432
0.557362 0.042137 0.037670 0.020278 0.000817 0.330735 0.011001 3.826582 4633.891141
0.557348 0.042150 0.037611 0.020286 0.000818 0.330780 0.011008 3.830676 4637.947201
0.557389 0.042125 0.037617 0.020261 0.000823 0.330768 0.011016 3.834814 4642.347878
0.557412 0.042118 0.037615 0.020245 0.000830 0.330757 0.011022 3.838947 4646.545032
0.557410 0.042132 0.037570 0.020241 0.000827 0.330789 0.011032 3.843100 4651.171057
0.557421 0.042097 0.037623 0.020247 0.000827 0.330744 0.011041 3.847253 4656.001722
0.557383 0.042151 0.037583 0.020259 0.000829 0.330749 0.011047 3.851373 4659.579223
0.557280 0.042233 0.037544 0.020287 0.000821 0.330777 0.011058 3.855505 4664.781186
0.557297 0.042148 0.037563 0.020309 0.000819 0.330801 0.011064 3.859721 4669.029363
0.557322 0.042079 0.037518 0.020334 0.000816 0.330862 0.011069 3.863861 4672.961301
0.557336 0.042048 0.037528 0.020296 0.000816 0.330899 0.011077 3.868032 4676.840133
0.557407 0.042032 0.037497 0.020295 0.000813 0.330871 0.011086 3.872142 4680.779612
0.557431 0.041989 0.037472 0.020301 0.000817 0.330897 0.011093 3.876271 4685.343585
0.557510 0.041955 0.037471 0.020302 0.000814 0.330848 0.011101 3.880366 4690.040071
0.557494 0.042044 0.037381 0.020232 0.000825 0.330916 0.011107 3.884393 4693.333498
0.557475 0.042043 0.037377 0.020239 0.000830 0.330922 0.011115 3.888504 4696.600720
0.557441 0.042037 0.037407 0.020250 0.000825 0.330915 0.011124 3.892654 4700.435164
0.557437 0.041992 0.037455 0.020239 0.000824 0.330921 0.011131 3.896824 4704.017248
0.557494 0.041941 0.037475 0.020253 0.000821 0.330873 0.011142 3.900966 4708.187292
0.557642 0.041959 0.037442 0.020238 0.000824 0.330746 0.011150 3.905018 4712.510147
0.557656 0.041975 0.037422 0.020228 0.000822 0.330739 0.011159 3.909105 4716.334613
0.557609 0.042023 0.037398 0.020267 0.000819 0.330719 0.011165 3.913216 4720.244087
0.557618 0.041985 0.037441 0.020258 0.000817 0.330705 0.011176 3.917349 4724.344844
0.557498 0.042050 0.037420 0.020271 0.000815 0.330761 0.011185 3.921487 4728.548782
0.557551 0.042002 0.037477 0.020274 0.000815 0.330687 0.011194 3.925635 4732.864382
0.557484 0.042020 0.037497 0.020291 0.000818 0.330688 0.011202 3.929795 4736.557722
0.557539 0.042021 0.037464 0.020238 0.000816 0.330714 0.011209 3.933871 4740.442556
0.557563 0.042059 0.037428 0.020221 0.000817 0.330693 0.011218 3.937952 4743.932245
0.557601 0.042026 0.037480 0.020199 0.000822 0.330646 0.011226 3.942095 4747.297823
0.557558 0.042118 0.037493 0.020209 0.000828 0.330562 0.011232 3.946170 4751.388069
0.557674 0.042076 0.037454 0.020170 0.000827 0.330560 0.011239 3.950272 4756.026289
0.557632 0.042128 0.037444 0.020203 0.000827 0.330519 0.011247 3.954401 4760.129818
0.557543 0.042148 0.037425 0.020200 0.000820 0.330606 0.011257 3.958530 4764.686442
0.557629 0.042127 0.037435 0.020218 0.000820 0.330504 0.011267 3.962617 4769.094117
0.557709 0.042018 0.037456 0.020267 0.000820 0.330456 0.011274 3.966800 4772.717340
0.557696 0.042100 0.037407 0.020256 0.000823 0.330435 0.011283 3.970871 4776.407033
0.557706 0.042166 0.037413 0.020252 0.000824 0.330348 0.011290 3.974971 4779.629067
0.557706 0.042149 0.037413 0.020260 0.000823 0.330349 0.011300 3.979125 4783.558355
0.557735 0.042164 0.037389 0.020263 0.000828 0.330314 0.011307 3.983246 4786.984620
0.557704 0.042215 0.037418 0.020235 0.000827 0.330285 0.011316 3.987374 4792.332462
0.557644 0.042248 0.037473 0.020237 0.000827 0.330248 0.011324 3.991514 4796.589922
0.557599 0.042300 0.037495 0.020204 0.000823 0.330247 0.011331 3.995646 4801.168457
0.557551 0.042259 0.037533 0.020219 0.000830 0.330269 0.011338 3.999845 4804.735608
0.557491 0.042237 0.037505 0.020267 0.000829 0.330326 0.011346 4.004017 4809.639095
0.557499 0.042191 0.037489 0.020272 0.000833 0.330366 0.011351 4.008164 4813.702136
0.557570 0.042166 0.037515 0.020243 0.000840 0.330305 0.011360 4.012285 4817.491390
0.557591 0.042175 0.037528 0.020243 0.000835 0.330261 0.011368 4.016387 4821.475613
0.557589 0.042189 0.037528 0.020279 0.000836 0.330202 0.011377 4.020504 4825.541343
0.557542 0.042217 0.037488 0.020299 0.000842 0.330226 0.011386 4.024641 4829.604804
0.557529 0.042222 0.037535 0.020311 0.000839 0.330170 0.011393 4.028819 4833.434596
0.557578 0.042205 0.037524 0.020304 0.000840 0.330147 0.011403 4.032944 4837.974298
0.557518 0.042261 0.037484 0.020341 0.000835 0.330149 0.011412 4.037095 4842.779024
0.557449 0.042312 0.037538 0.020330 0.000839 0.330113 0.011419 4.041214 4846.825087
0.557455 0.042331 0.037578 0.020364 0.000847 0.330002 0.011424 4.045342 4850.674394
0.557436 0.042384 0.037551 0.020360 0.000850 0.329983 0.011435 4.049448 4854.128108
0.557389 0.042418 0.037583 0.020308 0.000848 0.330013 0.011442 4.053547 4858.361295
0.557396 0.042409 0.037529 0.020295 0.000849 0.330073 0.011450 4.057673 4862.908577
0.557350 0.042461 0.037506 0.020276 0.000853 0.330099 0.011456 4.061770 4866.542364
0.557343 0.042429 0.037514 0.020323 0.000857 0.330068 0.011465 4.065955 4870.727094
0.557316 0.042365 0.037544 0.020332 0.000848 0.330120 0.011474 4.070116 4875.450974
0.557314 0.042396 0.037562 0.020327 0.000848 0.330071 0.011482 4.074236 4879.431318
0.557252 0.042388 0.037577 0.020312 0.000855 0.330124 0.011492 4.078409 4883.172423
0.557247 0.042365 0.037653 0.020351 0.000859 0.330022 0.011503 4.082588 4887.049035
0.557327 0.042307 0.037674 0.020355 0.000865 0.329963 0.011510 4.086743 4890.522249
0.557352 0.042280 0.037688 0.020312 0.000866 0.329985 0.011517 4.090903 4895.121168
0.557334 0.042217 0.037770 0.020297 0.000865 0.329991 0.011526 4.095092 4899.236527
0.557323 0.042272 0.037731 0.020284 0.000863 0.329995 0.011532 4.099208 4903.859329
0.557284 0.042313 0.037757 0.020270 0.000859 0.329977 0.011541 4.103326 4907.931612
0.557287 0.042271 0.037770 0.020293 0.000856 0.329972 0.011549 4.107512 4912.570042
0.557233 0.042281 0.037748 0.020268 0.000853 0.330058 0.011560 4.111661 4916.569789
0.557244 0.042209 0.037743 0.020246 0.000856 0.330135 0.011566 4.115852 4920.657406
0.557284 0.042159 0.037747 0.020259 0.000854 0.330122 0.011575 4.119997 4924.882781
0.557290 0.042115 0.037743 0.020246 0.000847 0.330175 0.011585 4.124170 4929.052350
0.557349 0.041991 0.037833 0.020276 0.000844 0.330112 0.011596 4.128397 4933.687152
0.557322 0.042010 0.037822 0.020322 0.000838 0.330082 0.011604 4.132548 4937.921384
0.557346 0.041963 0.037795 0.020310 0.000840 0.330135 0.011612 4.136698 4942.625713
0.557383 0.041965 0.037780 0.020270 0.000841 0.330141 0.011619 4.140790 4946.268639
0.557345 0.041984 0.037754 0.020270 0.000845 0.330174 0.011627 4.144885 4950.257103
0.557378 0.042025 0.037739 0.020230 0.000842 0.330154 0.011633 4.148981 4954.822731
0.557435 0.041911 0.037717 0.020251 0.000843 0.330204 0.011639 4.153150 4959.037375
0.557467 0.041940 0.037686 0.020216 0.000845 0.330198 0.011648 4.157227 4963.324957
0.557457 0.041976 0.037638 0.020267 0.000847 0.330161 0.011655 4.161340 4967.984368
0.557463 0.042020 0.037618 0.020229 0.000842 0.330164 0.011664 4.165437 4972.821868
0.557456 0.042078 0.037617 0.020201 0.000838 0.330137 0.011673 4.169527 4977.003634
0.557433 0.042098 0.037666 0.020138 0.000837 0.330147 0.011681 4.173616 4982.124458
0.557418 0.042139 0.037703 0.020128 0.000832 0.330091 0.011690 4.177733 4986.312279
0.557512 0.042109 0.037690 0.020131 0.000831 0.330029 0.011699 4.181852 4991.006657
0.557528 0.042145 0.037670 0.020114 0.000829 0.330008 0.011706 4.185928 4995.720771
0.557526 0.042136 0.037668 0.020117 0.000828 0.330011 0.011715 4.190060 4999.383304
0.557525 0.042106 0.037671 0.020162 0.000819 0.329991 0.011724 4.194221 5004.316196
0.557568 0.042134 0.037653 0.020138 0.000820 0.329955 0.011731 4.198313 5008.499513
0.557600 0.042101 0.037659 0.020148 0.000822 0.329930 0.011739 4.202444 5012.952785
0.557646 0.042103 0.037599 0.020186 0.000825 0.329895 0.011746 4.206550 5016.755067
0.557620 0.042098 0.037551 0.020219 0.000822 0.329935 0.011755 4.210690 5021.627478
0.557591 0.042178 0.037514 0.020173 0.000818 0.329963 0.011763 4.214764 5026.299973
0.557591 0.042166 0.037498 0.020166 0.000827 0.329984 0.011768 4.218876 5029.105268
0.557651 0.042123 0.037508 0.020196 0.000827 0.329919 0.011777 4.223012 5033.061762
0.557628 0.042121 0.037499 0.020210 0.000825 0.329933 0.011784 4.227135 5037.652156
0.557663 0.042130 0.037486 0.020197 0.000820 0.329913 0.011791 4.231243 5042.849231
0.557674 0.042106 0.037476 0.020225 0.000824 0.329897 0.011798 4.235371 5045.936123
0.557647 0.042112 0.037464 0.020233 0.000824 0.329915 0.011805 4.239517 5050.191217
0.557598 0.042139 0.037494 0.020240 0.000821 0.329895 0.011813 4.243674 5055.139552
0.557690 0.042056 0.037509 0.020278 0.000817 0.329829 0.011822 4.247848 5059.651096
0.557736 0.042012 0.037537 0.020247 0.000820 0.329820 0.011829 4.251974 5063.254867
0.557736 0.042021 0.037524 0.020289 0.000820 0.329774 0.011836 4.256093 5067.543038
0.557760 0.041952 0.037523 0.020288 0.000824 0.329810 0.011843 4.260217 5071.150971
0.557732 0.041969 0.037494 0.020249 0.000828 0.329877 0.011852 4.264323 5074.778503
0.557669 0.041988 0.037494 0.020254 0.000831 0.329905 0.011859 4.268427 5079.104638
0.557627 0.041979 0.037516 0.020243 0.000832 0.329937 0.011866 4.272562 5082.778875
0.557686 0.041919 0.037468 0.020251 0.000838 0.329963 0.011875 4.276706 5086.768160
0.557538 0.041973 0.037400 0.020289 0.000842 0.330076 0.011882 4.280798 5090.277335
0.557518 0.041975 0.037447 0.020266 0.000836 0.330068 0.011890 4.284933 5094.396599
0.557490 0.041982 0.037429 0.020265 0.000834 0.330100 0.011901 4.289066 5098.552409
0.557527 0.041970 0.037388 0.020253 0.000833 0.330119 0.011910 4.293184 5103.729027
0.557615 0.041953 0.037351 0.020279 0.000832 0.330051 0.011919 4.297271 5108.040768
0.557594 0.041946 0.037322 0.020309 0.000830 0.330071 0.011927 4.301450 5112.017399
0.557559 0.041938 0.037336 0.020277 0.000833 0.330124 0.011934 4.305564 5115.970278
0.557548 0.042020 0.037317 0.020241 0.000829 0.330102 0.011942 4.309595 5120.010369
0.557565 0.041996 0.037334 0.020273 0.000819 0.330063 0.011951 4.313702 5125.238735
0.557569 0.041967 0.037369 0.020288 0.000824 0.330025 0.011960 4.317863 5128.795969
0.557630 0.041914 0.037422 0.020269 0.000823 0.329975 0.011967 4.321985 5132.373137
0.557516 0.041906 0.037463 0.020270 0.000825 0.330045 0.011975 4.326115 5136.704847
0.557515 0.041930 0.037380 0.020242 0.000813 0.330134 0.011986 4.330188 5142.109228
0.557496 0.041983 0.037354 0.020242 0.000814 0.330115 0.011994 4.334282 5146.192248
0.557610 0.041975 0.037361 0.020240 0.000809 0.330003 0.012002 4.338361 5151.551163
0.557662 0.041969 0.037370 0.020256 0.000810 0.329923 0.012009 4.342485 5155.938328
0.557688 0.041979 0.037388 0.020233 0.000817 0.329876 0.012019 4.346605 5160.207531
0.557720 0.041979 0.037383 0.020227 0.000819 0.329844 0.012028 4.350696 5164.489737
0.557754 0.041980 0.037357 0.020230 0.000822 0.329824 0.012033 4.354805 5168.507322
0.557773 0.041963 0.037351 0.020262 0.000819 0.329789 0.012042 4.358903 5172.926336
0.557790 0.041904 0.037414 0.020251 0.000816 0.329773 0.012051 4.363028 5177.141456
0.557770 0.041964 0.037361 0.020224 0.000814 0.329808 0.012058 4.367095 5181.242767
0.557821 0.041985 0.037364 0.020175 0.000815 0.329774 0.012066 4.371176 5184.997635
0.557773 0.041989 0.037430 0.020142 0.000811 0.329782 0.012072 4.375348 5189.080124
0.557771 0.041965 0.037449 0.020132 0.000817 0.329788 0.012078 4.379452 5192.611896
0.557760 0.041965 0.037444 0.020109 0.000817 0.329821 0.012085 4.383589 5196.154033
0.557732 0.041942 0.037440 0.020137 0.000817 0.329840 0.012092 4.387743 5199.950922
0.557824 0.041841 0.037500 0.020108 0.000812 0.329813 0.012102 4.391888 5204.661926
0.557930 0.041873 0.037430 0.020122 0.000806 0.329730 0.012109 4.395960 5209.500516
0.557908 0.041924 0.037426 0.020103 0.000804 0.329717 0.012117 4.400068 5213.562832
0.557841 0.041979 0.037385 0.020130 0.000803 0.329736 0.012125 4.404184 5217.927466
0.557790 0.042010 0.037376 0.020152 0.000809 0.329730 0.012133 4.408267 5221.479277
0.557741 0.042003 0.037328 0.020245 0.000802 0.329739 0.012141 4.412409 5225.677544
0.557794 0.041945 0.037390 0.020211 0.000802 0.329708 0.012150 4.416562 5228.837977
0.557873 0.041920 0.037396 0.020164 0.000799 0.329691 0.012157 4.420649 5233.019669
0.557924 0.041885 0.037382 0.020192 0.000799 0.329653 0.012166 4.424786 5236.871455
0.557918 0.041939 0.037343 0.020200 0.000805 0.329622 0.012173 4.428877 5240.345064
0.557965 0.041958 0.037318 0.020159 0.000812 0.329608 0.012179 4.432980 5244.296877
0.557985 0.041970 0.037292 0.020193 0.000802 0.329571 0.012188 4.437118 5248.832646
0.557961 0.042013 0.037269 0.020148 0.000803 0.329609 0.012197 4.441186 5252.888109
0.558004 0.042022 0.037233 0.020171 0.000795 0.329569 0.012206 4.445282 5257.158810
0.557999 0.042072 0.037240 0.020149 0.000795 0.329531 0.012216 4.449364 5261.280269
0.557998 0.042075 0.037244 0.020124 0.000795 0.329541 0.012223 4.453485 5265.410790
0.557983 0.042057 0.037200 0.020130 0.000796 0.329604 0.012230 4.457593 5269.610394
0.557977 0.042010 0.037258 0.020158 0.000798 0.329561 0.012239 4.461740 5274.015405
0.558024 0.041937 0.037295 0.020211 0.000799 0.329488 0.012246 4.465888 5278.788438
0.557970 0.041969 0.037339 0.020202 0.000794 0.329473 0.012253 4.470022 5282.847349
0.558020 0.041911 0.037376 0.020221 0.000793 0.329419 0.012260 4.474158 5286.618542
0.558130 0.041827 0.037357 0.020288 0.000801 0.329329 0.012268 4.478311 5290.173360
0.558195 0.041811 0.037361 0.020251 0.000812 0.329295 0.012274 4.482393 5293.722633
0.558226 0.041786 0.037365 0.020257 0.000806 0.329277 0.012283 4.486526 5298.004121
0.558281 0.041726 0.037353 0.020237 0.000811 0.329300 0.012291 4.490657 5301.987554
0.558341 0.041687 0.037342 0.020248 0.000813 0.329270 0.012298 4.494769 5305.391735
0.558395 0.041659 0.037302 0.020264 0.000819 0.329255 0.012306 4.498855 5308.348955
0.558429 0.041664 0.037315 0.020284 0.000816 0.329176 0.012315 4.502970 5312.752142
0.558395 0.041708 0.037297 0.020254 0.000814 0.329207 0.012325 4.507039 5317.361853
0.558384 0.041736 0.037271 0.020231 0.000813 0.329231 0.012334 4.511101 5320.964663
0.558456 0.041700 0.037265 0.020238 0.000812 0.329188 0.012340 4.515163 5324.542585
0.558514 0.041759 0.037241 0.020235 0.000812 0.329092 0.012347 4.519221 5328.796109
0.558623 0.041677 0.037209 0.020226 0.000807 0.329104 0.012354 4.523329 5333.169908
0.558622 0.041698 0.037218 0.020234 0.000803 0.329063 0.012362 4.527414 5337.541020
0.558617 0.041740 0.037214 0.020234 0.000795 0.329029 0.012370 4.531508 5342.788456
0.558588 0.041794 0.037231 0.020214 0.000792 0.329002 0.012379 4.535634 5347.010047
0.558522 0.041844 0.037282 0.020219 0.000801 0.328945 0.012386 4.539753 5350.431200
0.558508 0.041836 0.037265 0.020202 0.000799 0.328998 0.012393 4.543879 5354.562697
0.558612 0.041773 0.037232 0.020239 0.000800 0.328944 0.012399 4.547976 5358.151467
0.558649 0.041744 0.037191 0.020232 0.000796 0.328982 0.012406 4.552045 5362.001551
0.558744 0.041719 0.037218 0.020249 0.000801 0.328854 0.012415 4.556142 5366.116128
0.558793 0.041744 0.037216 0.020211 0.000803 0.328809 0.012423 4.560210 5370.805690
0.558768 0.041837 0.037216 0.020211 0.000806 0.328733 0.012429 4.564259 5375.030317
0.558852 0.041788 0.037234 0.020237 0.000803 0.328649 0.012437 4.568376 5379.589039
0.558855 0.041849 0.037180 0.020240 0.000800 0.328630 0.012446 4.572419 5383.538979
0.558964 0.041812 0.037161 0.020246 0.000797 0.328567 0.012454 4.576509 5387.517947
0.558922 0.041865 0.037153 0.020263 0.000801 0.328533 0.012462 4.580609 5391.085196
0.558955 0.041910 0.037156 0.020269 0.000811 0.328430 0.012470 4.584666 5394.663046
