0.351165 0.063328 0.055770 0.031911 0.002012 0.490038 0.005777 1.598355 2017.893010
0.352376 0.062016 0.056882 0.030770 0.002007 0.490149 0.005801 1.604541 2027.802611
0.355100 0.059434 0.057645 0.029689 0.002011 0.490297 0.005824 1.610501 2036.923406
0.358743 0.056203 0.058113 0.028633 0.002006 0.490455 0.005848 1.616184 2046.985637
0.362970 0.052747 0.058333 0.027596 0.001991 0.490486 0.005875 1.621560 2057.261472
0.367497 0.049265 0.058310 0.026589 0.001977 0.490466 0.005897 1.626596 2067.162771
0.372324 0.045962 0.057877 0.025560 0.001959 0.490396 0.005922 1.631183 2077.735054
0.377331 0.042706 0.057303 0.024559 0.001940 0.490212 0.005948 1.635525 2088.171013
0.382451 0.039618 0.056511 0.023621 0.001927 0.489902 0.005970 1.639558 2096.493048
0.387759 0.036715 0.055543 0.022673 0.001919 0.489397 0.005994 1.643314 2104.995705
0.393188 0.034003 0.054383 0.021752 0.001899 0.488755 0.006019 1.646777 2113.628383
0.398633 0.031462 0.053177 0.020829 0.001863 0.487989 0.006047 1.650011 2126.132815
0.404101 0.029151 0.051851 0.019889 0.001846 0.487091 0.006071 1.652946 2135.567923
0.409630 0.026997 0.050426 0.019023 0.001829 0.486001 0.006094 1.655673 2144.491609
0.415163 0.025032 0.048842 0.018210 0.001815 0.484821 0.006117 1.658157 2153.641172
0.420766 0.023160 0.047282 0.017414 0.001785 0.483454 0.006139 1.660513 2165.468628
0.426354 0.021468 0.045718 0.016621 0.001759 0.481913 0.006165 1.662679 2174.511894
0.431999 0.019890 0.044089 0.015854 0.001727 0.480251 0.006189 1.664682 2184.921403
0.437576 0.018439 0.042514 0.015118 0.001706 0.478433 0.006213 1.666558 2194.352462
0.443172 0.017101 0.040867 0.014407 0.001687 0.476534 0.006230 1.668291 2204.449157
0.448746 0.015869 0.039305 0.013738 0.001648 0.474441 0.006253 1.669906 2215.654077
0.454264 0.014697 0.037720 0.013088 0.001614 0.472343 0.006273 1.671437 2224.635173
0.459826 0.013664 0.036146 0.012463 0.001583 0.470020 0.006297 1.672803 2234.794880
0.465324 0.012760 0.034601 0.011879 0.001551 0.467568 0.006317 1.674051 2244.033554
0.470832 0.011864 0.033178 0.011305 0.001523 0.464962 0.006335 1.675261 2252.515142
0.476268 0.011057 0.031745 0.010760 0.001497 0.462317 0.006355 1.676383 2262.128311
0.481716 0.010278 0.030382 0.010234 0.001464 0.459549 0.006377 1.677446 2271.201803
0.487176 0.009623 0.028999 0.009711 0.001427 0.456669 0.006394 1.678401 2281.434256
0.492628 0.008969 0.027723 0.009230 0.001399 0.453638 0.006414 1.679323 2289.554435
0.498002 0.008379 0.026448 0.008786 0.001359 0.450591 0.006435 1.680182 2299.114742
0.503316 0.007844 0.025196 0.008340 0.001329 0.447520 0.006455 1.680966 2309.120987
0.508698 0.007345 0.024004 0.007920 0.001300 0.444258 0.006476 1.681712 2318.564893
0.514031 0.006914 0.022842 0.007507 0.001262 0.440949 0.006495 1.682391 2328.283324
0.519301 0.006495 0.021732 0.007128 0.001228 0.437601 0.006516 1.683039 2338.143000
0.524523 0.006108 0.020665 0.006788 0.001195 0.434190 0.006531 1.683655 2345.983182
0.529670 0.005759 0.019651 0.006452 0.001162 0.430758 0.006548 1.684229 2355.870529
0.534852 0.005413 0.018708 0.006127 0.001128 0.427206 0.006565 1.684784 2364.862948
0.540000 0.005090 0.017790 0.005850 0.001101 0.423589 0.006581 1.685307 2372.397146
0.545021 0.004813 0.016929 0.005556 0.001071 0.420013 0.006597 1.685792 2381.243121
0.550091 0.004549 0.016066 0.005284 0.001047 0.416353 0.006611 1.686249 2388.268361
0.555073 0.004302 0.015311 0.005027 0.001019 0.412646 0.006623 1.686684 2395.836140
0.560057 0.004097 0.014580 0.004769 0.000997 0.408863 0.006635 1.687086 2403.425633
0.564979 0.003888 0.013876 0.004523 0.000972 0.405115 0.006648 1.687485 2410.452315
0.569863 0.003681 0.013186 0.004304 0.000948 0.401357 0.006662 1.687860 2417.853235
0.574630 0.003497 0.012557 0.004081 0.000924 0.397637 0.006673 1.688214 2425.646799
0.579417 0.003339 0.011941 0.003904 0.000901 0.393814 0.006684 1.688544 2432.769310
0.584110 0.003187 0.011335 0.003724 0.000876 0.390076 0.006694 1.688875 2439.983786
0.588717 0.003038 0.010771 0.003546 0.000855 0.386371 0.006703 1.689181 2446.103828
0.593320 0.002914 0.010221 0.003389 0.000828 0.382613 0.006715 1.689465 2453.172872
0.597839 0.002792 0.009713 0.003235 0.000808 0.378887 0.006726 1.689743 2459.797647
0.602426 0.002678 0.009244 0.003090 0.000779 0.375045 0.006738 1.690013 2468.120100
0.606965 0.002589 0.008795 0.002940 0.000755 0.371206 0.006749 1.690267 2475.218678
0.611381 0.002506 0.008339 0.002801 0.000737 0.367478 0.006758 1.690507 2480.522467
0.615751 0.002408 0.007941 0.002684 0.000709 0.363737 0.006770 1.690754 2488.537993
0.620168 0.002321 0.007573 0.002562 0.000687 0.359911 0.006779 1.690986 2495.448754
0.624550 0.002252 0.007221 0.002431 0.000665 0.356095 0.006787 1.691206 2501.465534
0.628883 0.002168 0.006878 0.002326 0.000642 0.352307 0.006796 1.691433 2507.357646
0.633172 0.002089 0.006560 0.002225 0.000623 0.348525 0.006807 1.691645 2513.151150
0.637342 0.001995 0.006278 0.002135 0.000603 0.344833 0.006814 1.691858 2518.829072
0.641519 0.001923 0.005990 0.002026 0.000584 0.341135 0.006822 1.692054 2524.070532
0.645672 0.001877 0.005696 0.001935 0.000571 0.337419 0.006829 1.692232 2528.329769
0.649762 0.001812 0.005417 0.001854 0.000551 0.333764 0.006839 1.692410 2534.609502
0.653859 0.001750 0.005179 0.001781 0.000533 0.330053 0.006846 1.692591 2540.152541
0.657872 0.001695 0.004928 0.001708 0.000516 0.326427 0.006854 1.692766 2545.072659
0.661828 0.001653 0.004724 0.001627 0.000499 0.322808 0.006861 1.692924 2550.360409
0.665738 0.001625 0.004493 0.001554 0.000486 0.319237 0.006868 1.693074 2555.364032
0.669547 0.001583 0.004312 0.001480 0.000471 0.315735 0.006873 1.693232 2559.461820
0.673329 0.001524 0.004137 0.001426 0.000455 0.312251 0.006878 1.693396 2565.181549
0.677163 0.001483 0.003955 0.001381 0.000443 0.308690 0.006885 1.693540 2569.913898
0.680816 0.001448 0.003793 0.001328 0.000428 0.305297 0.006890 1.693691 2574.685484
0.684492 0.001421 0.003632 0.001269 0.000414 0.301877 0.006894 1.693832 2578.730026
0.688147 0.001396 0.003448 0.001225 0.000400 0.298486 0.006899 1.693959 2582.816770
0.691733 0.001374 0.003300 0.001183 0.000387 0.295119 0.006906 1.694093 2586.970885
0.695266 0.001330 0.003182 0.001142 0.000375 0.291796 0.006910 1.694230 2591.052730
0.698815 0.001308 0.003029 0.001095 0.000362 0.288475 0.006915 1.694347 2595.281714
0.702318 0.001269 0.002914 0.001060 0.000348 0.285171 0.006921 1.694482 2599.287512
0.705794 0.001227 0.002793 0.001031 0.000336 0.281892 0.006926 1.694607 2603.193063
0.709184 0.001206 0.002667 0.000990 0.000331 0.278694 0.006928 1.694725 2605.860129
0.712569 0.001180 0.002562 0.000953 0.000318 0.275486 0.006933 1.694841 2609.737051
0.715861 0.001170 0.002464 0.000925 0.000307 0.272336 0.006937 1.694948 2613.053664
0.719187 0.001164 0.002357 0.000900 0.000298 0.269153 0.006942 1.695049 2616.591623
0.722431 0.001149 0.002284 0.000868 0.000292 0.266031 0.006945 1.695160 2619.992390
0.725644 0.001124 0.002196 0.000844 0.000282 0.262961 0.006951 1.695270 2623.280789
0.728824 0.001092 0.002117 0.000827 0.000274 0.259912 0.006954 1.695381 2625.816402
0.731961 0.001064 0.002048 0.000795 0.000267 0.256908 0.006957 1.695487 2628.794213
0.735069 0.001053 0.001971 0.000769 0.000257 0.253922 0.006960 1.695586 2632.927052
0.738116 0.001029 0.001904 0.000739 0.000250 0.250998 0.006964 1.695687 2635.461705
0.741169 0.000999 0.001846 0.000723 0.000242 0.248052 0.006968 1.695794 2638.427552
0.744159 0.000980 0.001784 0.000702 0.000238 0.245167 0.006971 1.695894 2640.357097
0.747118 0.000972 0.001718 0.000680 0.000228 0.242309 0.006975 1.695982 2644.122295
0.750123 0.000954 0.001670 0.000662 0.000218 0.239394 0.006980 1.696079 2648.056543
0.753039 0.000940 0.001622 0.000649 0.000214 0.236554 0.006982 1.696179 2650.507936
0.755867 0.000929 0.001571 0.000627 0.000208 0.233814 0.006985 1.696266 2652.563579
0.758690 0.000914 0.001526 0.000613 0.000204 0.231066 0.006987 1.696357 2654.177051
0.761434 0.000900 0.001478 0.000599 0.000199 0.228402 0.006989 1.696448 2657.114205
0.764191 0.000880 0.001432 0.000579 0.000194 0.225733 0.006991 1.696533 2659.631025
0.766895 0.000864 0.001393 0.000569 0.000187 0.223098 0.006994 1.696622 2662.021458
0.769625 0.000845 0.001356 0.000559 0.000180 0.220437 0.006998 1.696709 2664.573012
0.772249 0.000838 0.001308 0.000546 0.000177 0.217884 0.006999 1.696789 2666.095082
0.774865 0.000817 0.001278 0.000532 0.000170 0.215337 0.007001 1.696877 2669.745964
0.777478 0.000798 0.001235 0.000522 0.000163 0.212801 0.007004 1.696956 2672.566217
0.780076 0.000781 0.001204 0.000506 0.000160 0.210268 0.007006 1.697035 2673.991955
0.782645 0.000768 0.001169 0.000495 0.000157 0.207757 0.007008 1.697117 2675.325664
0.785204 0.000756 0.001138 0.000484 0.000153 0.205255 0.007010 1.697194 2677.076369
0.787668 0.000742 0.001111 0.000472 0.000147 0.202848 0.007013 1.697272 2679.146496
0.790120 0.000736 0.001085 0.000456 0.000141 0.200446 0.007017 1.697346 2681.527886
0.792546 0.000722 0.001054 0.000444 0.000136 0.198080 0.007019 1.697419 2684.207741
0.794931 0.000718 0.001028 0.000440 0.000130 0.195732 0.007021 1.697491 2686.707995
0.797297 0.000712 0.001008 0.000427 0.000125 0.193409 0.007023 1.697559 2689.445944
0.799646 0.000705 0.000986 0.000421 0.000120 0.191097 0.007025 1.697630 2691.137066
0.801984 0.000698 0.000962 0.000411 0.000117 0.188802 0.007027 1.697697 2692.773706
0.804280 0.000697 0.000935 0.000396 0.000115 0.186550 0.007028 1.697761 2694.812113
0.806513 0.000691 0.000911 0.000391 0.000112 0.184354 0.007029 1.697828 2696.454460
0.808771 0.000691 0.000885 0.000381 0.000108 0.182134 0.007031 1.697894 2698.251694
0.810979 0.000680 0.000875 0.000376 0.000106 0.179954 0.007031 1.697963 2699.502733
0.813172 0.000663 0.000858 0.000373 0.000102 0.177799 0.007033 1.698036 2701.335717
0.815321 0.000666 0.000843 0.000362 0.000097 0.175676 0.007036 1.698096 2703.864734
0.817431 0.000660 0.000832 0.000360 0.000093 0.173588 0.007036 1.698161 2705.300788
0.819545 0.000644 0.000822 0.000358 0.000090 0.171504 0.007038 1.698230 2706.639871
0.821619 0.000623 0.000814 0.000353 0.000087 0.169464 0.007041 1.698300 2708.320400
0.823685 0.000621 0.000796 0.000349 0.000082 0.167424 0.007042 1.698362 2709.971991
0.825711 0.000612 0.000778 0.000343 0.000081 0.165433 0.007043 1.698424 2710.681053
0.827710 0.000611 0.000763 0.000337 0.000079 0.163456 0.007045 1.698485 2711.461863
0.829646 0.000608 0.000754 0.000337 0.000075 0.161534 0.007046 1.698547 2712.643991
0.831602 0.000598 0.000752 0.000334 0.000074 0.159594 0.007047 1.698610 2713.422929
0.833520 0.000595 0.000738 0.000335 0.000071 0.157693 0.007048 1.698671 2714.301539
0.835420 0.000591 0.000725 0.000329 0.000069 0.155817 0.007049 1.698729 2715.816496
0.837310 0.000584 0.000718 0.000324 0.000066 0.153949 0.007049 1.698790 2716.824364
0.839171 0.000573 0.000707 0.000321 0.000065 0.152113 0.007050 1.698855 2717.825544
0.840996 0.000568 0.000696 0.000317 0.000062 0.150310 0.007050 1.698910 2718.918679
0.842788 0.000570 0.000684 0.000310 0.000061 0.148538 0.007051 1.698964 2719.889388
0.844597 0.000567 0.000675 0.000304 0.000058 0.146748 0.007052 1.699022 2721.305074
0.846328 0.000558 0.000660 0.000301 0.000057 0.145044 0.007052 1.699075 2721.840246
0.848050 0.000548 0.000658 0.000299 0.000056 0.143337 0.007052 1.699136 2722.450641
0.849761 0.000543 0.000643 0.000291 0.000054 0.141655 0.007053 1.699184 2723.197014
0.851434 0.000542 0.000639 0.000284 0.000052 0.139994 0.007054 1.699236 2723.732168
0.853119 0.000533 0.000637 0.000282 0.000050 0.138324 0.007055 1.699293 2724.834269
0.854723 0.000531 0.000625 0.000280 0.000050 0.136736 0.007055 1.699343 2725.141507
0.856333 0.000523 0.000625 0.000274 0.000050 0.135140 0.007055 1.699400 2725.789579
0.857910 0.000513 0.000625 0.000270 0.000049 0.133578 0.007056 1.699458 2726.634891
0.859517 0.000508 0.000612 0.000264 0.000048 0.131994 0.007057 1.699505 2727.746298
0.861080 0.000502 0.000610 0.000262 0.000047 0.130442 0.007057 1.699557 2728.344869
0.862601 0.000499 0.000607 0.000258 0.000045 0.128933 0.007058 1.699609 2729.133116
0.864111 0.000495 0.000597 0.000253 0.000044 0.127442 0.007059 1.699658 2729.764079
0.865606 0.000486 0.000588 0.000249 0.000044 0.125970 0.007059 1.699708 2730.188307
0.867053 0.000482 0.000579 0.000246 0.000044 0.124537 0.007060 1.699757 2730.293873
0.868471 0.000481 0.000570 0.000248 0.000043 0.123127 0.007060 1.699804 2731.098402
0.869888 0.000483 0.000566 0.000246 0.000041 0.121714 0.007061 1.699848 2732.048995
0.871317 0.000485 0.000552 0.000243 0.000040 0.120302 0.007062 1.699893 2733.041421
0.872681 0.000484 0.000547 0.000236 0.000039 0.118950 0.007063 1.699934 2733.906335
0.874009 0.000486 0.000533 0.000235 0.000039 0.117634 0.007063 1.699980 2734.212600
0.875343 0.000490 0.000528 0.000234 0.000038 0.116305 0.007063 1.700021 2734.780414
0.876637 0.000489 0.000519 0.000229 0.000037 0.115025 0.007064 1.700069 2735.275240
0.877895 0.000478 0.000513 0.000227 0.000035 0.113787 0.007065 1.700119 2736.198424
0.879163 0.000478 0.000500 0.000229 0.000034 0.112531 0.007065 1.700163 2737.004713
0.880385 0.000478 0.000494 0.000229 0.000033 0.111315 0.007066 1.700210 2737.418640
0.881601 0.000479 0.000492 0.000230 0.000033 0.110100 0.007066 1.700256 2737.762413
0.882799 0.000463 0.000495 0.000230 0.000032 0.108915 0.007066 1.700311 2738.233425
0.883974 0.000457 0.000494 0.000229 0.000032 0.107748 0.007066 1.700363 2738.568006
0.885141 0.000450 0.000495 0.000229 0.000031 0.106587 0.007066 1.700410 2738.649844
0.886298 0.000449 0.000491 0.000224 0.000030 0.105442 0.007066 1.700450 2738.796824
0.887403 0.000440 0.000488 0.000224 0.000030 0.104348 0.007067 1.700497 2739.117856
0.888492 0.000444 0.000482 0.000219 0.000028 0.103267 0.007068 1.700538 2739.637842
0.889517 0.000445 0.000480 0.000217 0.000028 0.102247 0.007068 1.700583 2740.008843
0.890596 0.000442 0.000483 0.000213 0.000026 0.101172 0.007069 1.700631 2740.998126
0.891670 0.000435 0.000474 0.000212 0.000025 0.100116 0.007069 1.700676 2741.668266
0.892718 0.000438 0.000468 0.000207 0.000025 0.099075 0.007069 1.700716 2741.801552
0.893727 0.000438 0.000460 0.000203 0.000025 0.098078 0.007069 1.700755 2741.949186
0.894686 0.000439 0.000454 0.000203 0.000025 0.097125 0.007070 1.700798 2742.122224
0.895649 0.000433 0.000451 0.000204 0.000025 0.096168 0.007070 1.700842 2742.325194
0.896619 0.000435 0.000449 0.000203 0.000024 0.095199 0.007070 1.700881 2742.601122
0.897577 0.000435 0.000446 0.000201 0.000024 0.094248 0.007070 1.700923 2743.123718
0.898496 0.000431 0.000445 0.000199 0.000023 0.093336 0.007070 1.700967 2743.514929
0.899419 0.000417 0.000450 0.000199 0.000023 0.092422 0.007071 1.701016 2743.919608
0.900313 0.000414 0.000448 0.000199 0.000022 0.091533 0.007071 1.701058 2744.141838
0.901152 0.000417 0.000440 0.000196 0.000021 0.090703 0.007072 1.701096 2744.413040
0.901998 0.000417 0.000438 0.000198 0.000021 0.089857 0.007072 1.701136 2744.623624
0.902840 0.000411 0.000436 0.000198 0.000020 0.089024 0.007072 1.701182 2745.165083
0.903654 0.000408 0.000434 0.000199 0.000019 0.088215 0.007073 1.701225 2745.736026
0.904461 0.000403 0.000436 0.000198 0.000020 0.087409 0.007073 1.701265 2745.736026
0.905247 0.000400 0.000431 0.000199 0.000019 0.086632 0.007073 1.701308 2745.811970
0.906027 0.000404 0.000430 0.000196 0.000019 0.085851 0.007073 1.701343 2746.077820
0.906800 0.000404 0.000423 0.000196 0.000019 0.085085 0.007073 1.701380 2746.546670
0.907531 0.000401 0.000415 0.000199 0.000019 0.084362 0.007074 1.701421 2746.739994
0.908269 0.000396 0.000407 0.000197 0.000018 0.083639 0.007074 1.701459 2746.839029
0.909000 0.000398 0.000405 0.000199 0.000018 0.082905 0.007074 1.701499 2746.916284
0.909697 0.000396 0.000405 0.000200 0.000018 0.082210 0.007074 1.701545 2747.239682
0.910403 0.000396 0.000399 0.000198 0.000018 0.081511 0.007075 1.701583 2747.539968
0.911072 0.000393 0.000396 0.000196 0.000018 0.080851 0.007075 1.701621 2747.583414
0.911729 0.000394 0.000387 0.000195 0.000017 0.080204 0.007075 1.701658 2747.752983
0.912389 0.000396 0.000379 0.000191 0.000017 0.079554 0.007075 1.701691 2748.017374
0.913011 0.000397 0.000380 0.000187 0.000016 0.078934 0.007076 1.701729 2748.280503
0.913634 0.000401 0.000375 0.000184 0.000016 0.078314 0.007076 1.701764 2748.482204
0.914237 0.000393 0.000378 0.000185 0.000016 0.077715 0.007076 1.701810 2748.538071
0.914845 0.000390 0.000379 0.000183 0.000016 0.077112 0.007076 1.701849 2748.733635
0.915438 0.000392 0.000383 0.000181 0.000015 0.076516 0.007076 1.701888 2748.927073
0.916007 0.000394 0.000383 0.000180 0.000015 0.075945 0.007076 1.701929 2749.008072
0.916575 0.000390 0.000375 0.000183 0.000015 0.075387 0.007076 1.701966 2749.242066
0.917132 0.000387 0.000373 0.000187 0.000014 0.074831 0.007077 1.702007 2749.593768
0.917664 0.000385 0.000375 0.000186 0.000014 0.074300 0.007077 1.702046 2749.763255
0.918192 0.000388 0.000369 0.000184 0.000014 0.073775 0.007077 1.702085 2750.145800
0.918714 0.000388 0.000371 0.000186 0.000014 0.073250 0.007078 1.702128 2750.213977
0.919228 0.000386 0.000373 0.000179 0.000014 0.072743 0.007078 1.702162 2750.222055
0.919738 0.000382 0.000374 0.000176 0.000014 0.072238 0.007078 1.702200 2750.536470
0.920242 0.000381 0.000376 0.000177 0.000014 0.071734 0.007078 1.702238 2750.617444
0.920728 0.000386 0.000370 0.000177 0.000013 0.071248 0.007078 1.702274 2750.811549
0.921206 0.000393 0.000369 0.000174 0.000013 0.070767 0.007078 1.702310 2750.841565
0.921657 0.000387 0.000380 0.000176 0.000014 0.070309 0.007078 1.702355 2750.841565
0.922129 0.000385 0.000383 0.000174 0.000014 0.069838 0.007078 1.702393 2750.950240
0.922578 0.000383 0.000377 0.000173 0.000014 0.069397 0.007078 1.702429 2751.006295
0.923023 0.000380 0.000376 0.000171 0.000013 0.068959 0.007079 1.702468 2751.213930
0.923449 0.000380 0.000372 0.000167 0.000013 0.068541 0.007079 1.702503 2751.327267
0.923864 0.000384 0.000363 0.000165 0.000013 0.068132 0.007079 1.702534 2751.327267
0.924276 0.000385 0.000364 0.000166 0.000012 0.067719 0.007079 1.702571 2751.364226
0.924685 0.000388 0.000363 0.000166 0.000013 0.067307 0.007079 1.702609 2751.364226
0.925087 0.000389 0.000363 0.000168 0.000013 0.066902 0.007079 1.702647 2751.364226
0.925477 0.000388 0.000366 0.000169 0.000013 0.066508 0.007079 1.702688 2751.594329
0.925847 0.000380 0.000374 0.000166 0.000012 0.066142 0.007079 1.702728 2751.752647
0.926222 0.000386 0.000367 0.000169 0.000011 0.065766 0.007079 1.702760 2752.264020
0.926577 0.000392 0.000365 0.000168 0.000012 0.065407 0.007079 1.702794 2752.304327
0.926940 0.000390 0.000364 0.000168 0.000012 0.065047 0.007079 1.702831 2752.421883
0.927276 0.000393 0.000366 0.000166 0.000012 0.064708 0.007079 1.702866 2752.514069
0.927623 0.000395 0.000366 0.000167 0.000012 0.064357 0.007080 1.702901 2752.601960
0.927937 0.000400 0.000365 0.000167 0.000012 0.064039 0.007080 1.702934 2752.759411
0.928231 0.000404 0.000360 0.000167 0.000012 0.063746 0.007080 1.702968 2752.794545
0.928555 0.000404 0.000361 0.000166 0.000012 0.063422 0.007080 1.703005 2752.829685
0.928873 0.000401 0.000365 0.000166 0.000012 0.063104 0.007080 1.703044 2752.888839
0.929169 0.000404 0.000362 0.000163 0.000012 0.062810 0.007080 1.703077 2752.895110
0.929462 0.000410 0.000362 0.000161 0.000011 0.062514 0.007080 1.703112 2753.038982
0.929750 0.000408 0.000364 0.000160 0.000011 0.062226 0.007080 1.703153 2753.089099
0.930034 0.000407 0.000364 0.000162 0.000011 0.061942 0.007081 1.703195 2753.113902
0.930308 0.000400 0.000367 0.000162 0.000011 0.061671 0.007081 1.703237 2753.476451
0.930579 0.000402 0.000362 0.000165 0.000010 0.061401 0.007081 1.703271 2753.581931
0.930842 0.000397 0.000360 0.000171 0.000010 0.061139 0.007082 1.703313 2753.589052
0.931101 0.000398 0.000368 0.000168 0.000010 0.060873 0.007082 1.703351 2753.621917
0.931377 0.000393 0.000375 0.000168 0.000010 0.060596 0.007082 1.703395 2753.658438
0.931639 0.000391 0.000373 0.000171 0.000010 0.060335 0.007082 1.703434 2753.730630
0.931882 0.000388 0.000374 0.000172 0.000010 0.060093 0.007082 1.703477 2753.743931
0.932134 0.000397 0.000365 0.000170 0.000011 0.059841 0.007082 1.703510 2753.743931
0.932378 0.000402 0.000361 0.000169 0.000011 0.059598 0.007082 1.703542 2753.826279
0.932609 0.000408 0.000361 0.000173 0.000011 0.059357 0.007082 1.703581 2753.826279
0.932831 0.000406 0.000370 0.000172 0.000011 0.059128 0.007082 1.703626 2753.870052
0.933055 0.000404 0.000367 0.000175 0.000011 0.058906 0.007082 1.703668 2753.870052
0.933270 0.000409 0.000368 0.000174 0.000011 0.058686 0.007082 1.703705 2753.928351
0.933467 0.000412 0.000373 0.000175 0.000012 0.058480 0.007082 1.703747 2753.928351
0.933679 0.000414 0.000375 0.000175 0.000011 0.058265 0.007082 1.703783 2753.983119
0.933891 0.000415 0.000374 0.000176 0.000011 0.058050 0.007082 1.703823 2754.269016
0.934087 0.000413 0.000377 0.000179 0.000011 0.057851 0.007082 1.703866 2754.288028
0.934287 0.000412 0.000377 0.000180 0.000011 0.057650 0.007082 1.703905 2754.310352
0.934474 0.000414 0.000383 0.000178 0.000011 0.057458 0.007083 1.703945 2754.391384
0.934658 0.000417 0.000379 0.000172 0.000011 0.057279 0.007083 1.703981 2754.447390
0.934838 0.000418 0.000382 0.000168 0.000012 0.057099 0.007083 1.704021 2754.450846
0.935019 0.000421 0.000387 0.000168 0.000012 0.056911 0.007083 1.704059 2754.499855
0.935205 0.000417 0.000389 0.000168 0.000011 0.056726 0.007083 1.704103 2754.544490
0.935387 0.000421 0.000381 0.000169 0.000010 0.056549 0.007083 1.704141 2754.673307
0.935548 0.000414 0.000386 0.000170 0.000010 0.056388 0.007083 1.704186 2754.760996
0.935722 0.000412 0.000385 0.000172 0.000010 0.056216 0.007083 1.704226 2754.760996
0.935893 0.000408 0.000383 0.000173 0.000012 0.056048 0.007083 1.704270 2754.760996
0.936077 0.000408 0.000389 0.000171 0.000011 0.055861 0.007084 1.704312 2754.927646
0.936249 0.000410 0.000391 0.000172 0.000011 0.055684 0.007084 1.704351 2754.930170
0.936402 0.000418 0.000389 0.000173 0.000011 0.055524 0.007084 1.704390 2755.012310
0.936557 0.000423 0.000393 0.000174 0.000010 0.055359 0.007085 1.704428 2755.180681
0.936704 0.000425 0.000393 0.000176 0.000010 0.055208 0.007085 1.704472 2755.194864
0.936845 0.000431 0.000395 0.000173 0.000009 0.055063 0.007085 1.704510 2755.231863
0.936989 0.000426 0.000393 0.000171 0.000010 0.054926 0.007085 1.704553 2755.231863
0.937117 0.000431 0.000396 0.000173 0.000010 0.054789 0.007085 1.704597 2755.231863
0.937262 0.000417 0.000404 0.000172 0.000010 0.054651 0.007085 1.704646 2755.243059
0.937404 0.000421 0.000403 0.000172 0.000010 0.054504 0.007085 1.704684 2755.247639
0.937545 0.000418 0.000403 0.000173 0.000010 0.054366 0.007085 1.704728 2755.263365
0.937688 0.000420 0.000403 0.000172 0.000010 0.054222 0.007085 1.704770 2755.279991
0.937809 0.000417 0.000403 0.000173 0.000009 0.054103 0.007085 1.704811 2755.325754
0.937946 0.000417 0.000406 0.000174 0.000010 0.053962 0.007085 1.704853 2755.325754
0.938070 0.000423 0.000404 0.000172 0.000010 0.053836 0.007086 1.704893 2755.394059
0.938202 0.000420 0.000401 0.000174 0.000010 0.053707 0.007086 1.704934 2755.414533
0.938323 0.000421 0.000403 0.000176 0.000010 0.053581 0.007086 1.704977 2755.414533
0.938442 0.000423 0.000398 0.000181 0.000010 0.053459 0.007086 1.705018 2755.452356
0.938557 0.000431 0.000399 0.000178 0.000010 0.053339 0.007086 1.705055 2755.581723
0.938673 0.000434 0.000397 0.000173 0.000010 0.053226 0.007087 1.705097 2755.611383
0.938790 0.000432 0.000397 0.000173 0.000010 0.053111 0.007087 1.705140 2755.695383
0.938907 0.000426 0.000401 0.000174 0.000011 0.052994 0.007087 1.705185 2755.733103
0.939005 0.000435 0.000394 0.000175 0.000011 0.052892 0.007087 1.705224 2755.733103
0.939095 0.000444 0.000395 0.000176 0.000012 0.052791 0.007087 1.705265 2755.733103
0.939209 0.000438 0.000394 0.000178 0.000011 0.052683 0.007087 1.705313 2755.773061
0.939318 0.000430 0.000396 0.000179 0.000012 0.052578 0.007087 1.705358 2755.796415
0.939431 0.000431 0.000397 0.000179 0.000012 0.052464 0.007087 1.705399 2755.796415
0.939524 0.000424 0.000402 0.000180 0.000012 0.052371 0.007087 1.705445 2755.796415
0.939609 0.000424 0.000403 0.000181 0.000012 0.052283 0.007087 1.705487 2755.922097
0.939702 0.000432 0.000400 0.000184 0.000013 0.052183 0.007087 1.705528 2755.927111
0.939793 0.000439 0.000401 0.000187 0.000013 0.052080 0.007088 1.705572 2756.089465
0.939887 0.000436 0.000399 0.000188 0.000012 0.051991 0.007088 1.705617 2756.237654
0.939984 0.000432 0.000400 0.000184 0.000012 0.051900 0.007089 1.705655 2756.270249
0.940070 0.000435 0.000403 0.000184 0.000012 0.051808 0.007089 1.705697 2756.375695
0.940149 0.000435 0.000397 0.000184 0.000012 0.051736 0.007089 1.705737 2756.460125
0.940227 0.000430 0.000405 0.000183 0.000011 0.051655 0.007089 1.705786 2756.490981
0.940319 0.000431 0.000404 0.000181 0.000012 0.051565 0.007089 1.705828 2756.549439
0.940397 0.000428 0.000410 0.000184 0.000012 0.051480 0.007089 1.705874 2756.811670
0.940472 0.000432 0.000411 0.000184 0.000012 0.051401 0.007089 1.705917 2756.829044
0.940555 0.000429 0.000416 0.000180 0.000011 0.051320 0.007089 1.705961 2756.907836
0.940623 0.000436 0.000408 0.000180 0.000011 0.051253 0.007089 1.706003 2756.969314
0.940692 0.000442 0.000405 0.000183 0.000011 0.051178 0.007089 1.706044 2756.982397
0.940770 0.000437 0.000405 0.000187 0.000011 0.051100 0.007089 1.706086 2756.982397
0.940846 0.000434 0.000405 0.000186 0.000011 0.051028 0.007089 1.706131 2756.995790
0.940933 0.000430 0.000407 0.000190 0.000011 0.050940 0.007089 1.706177 2757.041896
0.941007 0.000428 0.000410 0.000187 0.000012 0.050868 0.007089 1.706223 2757.041896
0.941072 0.000427 0.000414 0.000187 0.000012 0.050798 0.007090 1.706268 2757.057112
0.941138 0.000420 0.000413 0.000187 0.000012 0.050740 0.007090 1.706315 2757.160941
0.941208 0.000423 0.000412 0.000186 0.000012 0.050670 0.007090 1.706356 2757.314293
0.941269 0.000430 0.000414 0.000183 0.000012 0.050603 0.007090 1.706396 2757.433931
0.941333 0.000430 0.000415 0.000182 0.000012 0.050537 0.007090 1.706439 2757.433931
0.941393 0.000434 0.000413 0.000182 0.000012 0.050477 0.007090 1.706476 2757.449457
0.941448 0.000434 0.000417 0.000184 0.000012 0.050416 0.007090 1.706525 2757.469698
0.941509 0.000429 0.000416 0.000186 0.000012 0.050359 0.007091 1.706570 2757.491295
0.941569 0.000428 0.000408 0.000184 0.000011 0.050310 0.007091 1.706610 2757.558755
0.941636 0.000427 0.000407 0.000184 0.000012 0.050244 0.007091 1.706651 2757.608324
0.941698 0.000420 0.000406 0.000183 0.000012 0.050190 0.007091 1.706696 2757.642624
0.941757 0.000422 0.000404 0.000185 0.000012 0.050128 0.007092 1.706734 2757.725292
0.941816 0.000419 0.000398 0.000188 0.000012 0.050075 0.007092 1.706776 2757.760965
0.941867 0.000416 0.000402 0.000187 0.000012 0.050023 0.007092 1.706821 2757.823251
0.941913 0.000416 0.000406 0.000188 0.000011 0.049974 0.007093 1.706867 2758.003594
0.941972 0.000407 0.000409 0.000187 0.000010 0.049923 0.007093 1.706914 2758.300589
0.942026 0.000408 0.000409 0.000190 0.000011 0.049863 0.007093 1.706956 2758.300589
0.942079 0.000407 0.000410 0.000195 0.000011 0.049806 0.007093 1.707000 2758.309613
0.942133 0.000407 0.000408 0.000201 0.000010 0.049747 0.007093 1.707041 2758.336616
0.942185 0.000400 0.000405 0.000200 0.000011 0.049706 0.007093 1.707085 2758.434856
0.942245 0.000396 0.000405 0.000198 0.000010 0.049652 0.007094 1.707127 2758.651922
0.942288 0.000402 0.000404 0.000197 0.000010 0.049606 0.007094 1.707168 2758.681246
0.942331 0.000404 0.000398 0.000193 0.000010 0.049569 0.007094 1.707208 2758.756177
0.942370 0.000412 0.000393 0.000190 0.000010 0.049531 0.007094 1.707245 2758.797947
0.942415 0.000417 0.000389 0.000186 0.000010 0.049488 0.007094 1.707282 2758.841666
0.942462 0.000412 0.000390 0.000185 0.000010 0.049447 0.007094 1.707322 2758.960927
0.942511 0.000413 0.000391 0.000181 0.000010 0.049400 0.007094 1.707361 2759.019800
0.942561 0.000411 0.000391 0.000184 0.000009 0.049350 0.007094 1.707407 2759.239488
0.942614 0.000405 0.000390 0.000182 0.000009 0.049305 0.007094 1.707446 2759.262355
0.942658 0.000411 0.000386 0.000181 0.000009 0.049260 0.007094 1.707481 2759.343875
0.942696 0.000407 0.000393 0.000183 0.000009 0.049218 0.007094 1.707526 2759.343875
0.942732 0.000407 0.000392 0.000186 0.000008 0.049180 0.007094 1.707565 2759.460033
0.942773 0.000399 0.000383 0.000187 0.000009 0.049154 0.007094 1.707606 2759.460033
0.942810 0.000411 0.000378 0.000185 0.000008 0.049114 0.007094 1.707642 2759.505171
0.942849 0.000417 0.000374 0.000183 0.000008 0.049075 0.007094 1.707677 2759.585209
0.942892 0.000411 0.000372 0.000182 0.000008 0.049040 0.007094 1.707716 2759.621513
0.942929 0.000408 0.000374 0.000180 0.000008 0.049008 0.007094 1.707759 2759.732721
0.942966 0.000412 0.000374 0.000177 0.000008 0.048969 0.007095 1.707798 2759.860911
0.943002 0.000412 0.000375 0.000180 0.000008 0.048929 0.007095 1.707837 2759.916684
0.943028 0.000419 0.000372 0.000179 0.000008 0.048900 0.007095 1.707873 2759.941490
0.943085 0.000408 0.000377 0.000179 0.000008 0.048849 0.007095 1.707917 2760.021690
0.943109 0.000412 0.000376 0.000180 0.000008 0.048819 0.007095 1.707954 2760.061161
0.943142 0.000406 0.000377 0.000180 0.000009 0.048791 0.007095 1.707999 2760.148919
0.943175 0.000404 0.000379 0.000179 0.000009 0.048758 0.007095 1.708039 2760.148919
0.943208 0.000396 0.000381 0.000183 0.000009 0.048727 0.007095 1.708079 2760.318181
0.943235 0.000394 0.000389 0.000183 0.000009 0.048695 0.007095 1.708122 2760.426767
0.943271 0.000391 0.000392 0.000183 0.000009 0.048658 0.007096 1.708164 2760.437772
0.943304 0.000386 0.000398 0.000183 0.000010 0.048623 0.007096 1.708208 2760.437772
0.943336 0.000389 0.000394 0.000181 0.000010 0.048595 0.007096 1.708243 2760.478735
0.943367 0.000395 0.000392 0.000179 0.000010 0.048560 0.007096 1.708282 2760.577677
0.943393 0.000396 0.000389 0.000178 0.000010 0.048539 0.007096 1.708321 2760.577677
0.943425 0.000394 0.000384 0.000179 0.000010 0.048512 0.007096 1.708362 2760.659829
0.943462 0.000387 0.000389 0.000176 0.000010 0.048479 0.007096 1.708405 2760.667856
0.943491 0.000384 0.000392 0.000176 0.000010 0.048451 0.007096 1.708446 2760.689183
0.943518 0.000390 0.000389 0.000173 0.000010 0.048424 0.007096 1.708481 2760.707901
0.943551 0.000385 0.000386 0.000174 0.000010 0.048399 0.007096 1.708519 2760.714224
0.943583 0.000381 0.000385 0.000178 0.000008 0.048368 0.007097 1.708561 2760.822485
0.943604 0.000381 0.000375 0.000179 0.000009 0.048357 0.007097 1.708594 2760.885167
0.943627 0.000379 0.000373 0.000178 0.000008 0.048338 0.007097 1.708633 2760.921794
0.943654 0.000373 0.000375 0.000178 0.000009 0.048314 0.007097 1.708675 2760.971612
0.943683 0.000374 0.000375 0.000177 0.000009 0.048286 0.007097 1.708714 2760.971612
0.943713 0.000371 0.000376 0.000176 0.000010 0.048258 0.007097 1.708753 2760.971612
0.943736 0.000372 0.000381 0.000176 0.000010 0.048228 0.007097 1.708794 2760.972055
0.943767 0.000373 0.000380 0.000175 0.000011 0.048198 0.007097 1.708828 2760.992265
0.943791 0.000372 0.000380 0.000175 0.000010 0.048174 0.007097 1.708870 2761.028933
0.943814 0.000366 0.000377 0.000175 0.000010 0.048161 0.007097 1.708908 2761.241543
0.943834 0.000361 0.000375 0.000173 0.000011 0.048149 0.007097 1.708948 2761.241543
0.943862 0.000353 0.000378 0.000170 0.000010 0.048130 0.007098 1.708990 2761.432390
0.943885 0.000349 0.000373 0.000173 0.000010 0.048112 0.007098 1.709027 2761.477218
0.943910 0.000352 0.000374 0.000170 0.000009 0.048086 0.007098 1.709062 2761.521728
0.943932 0.000356 0.000365 0.000171 0.000010 0.048067 0.007098 1.709094 2761.521728
0.943959 0.000347 0.000366 0.000172 0.000010 0.048048 0.007099 1.709137 2761.611802
0.943979 0.000348 0.000363 0.000175 0.000010 0.048027 0.007099 1.709175 2761.614311
0.944001 0.000351 0.000363 0.000169 0.000010 0.048007 0.007099 1.709206 2761.614368
0.944021 0.000356 0.000362 0.000166 0.000010 0.047986 0.007099 1.709240 2761.719510
0.944043 0.000363 0.000357 0.000167 0.000010 0.047962 0.007099 1.709271 2761.719821
0.944056 0.000366 0.000354 0.000165 0.000010 0.047950 0.007099 1.709308 2761.833810
0.944085 0.000359 0.000359 0.000164 0.000010 0.047924 0.007100 1.709346 2761.836726
0.944106 0.000359 0.000354 0.000166 0.000010 0.047906 0.007100 1.709381 2761.862716
0.944126 0.000352 0.000352 0.000166 0.000010 0.047896 0.007100 1.709419 2761.926744
0.944146 0.000351 0.000352 0.000166 0.000009 0.047875 0.007100 1.709454 2761.949711
0.944162 0.000354 0.000347 0.000164 0.000010 0.047863 0.007100 1.709489 2761.949711
0.944180 0.000357 0.000341 0.000163 0.000010 0.047848 0.007100 1.709523 2762.090593
0.944196 0.000361 0.000341 0.000160 0.000009 0.047834 0.007100 1.709556 2762.151326
0.944218 0.000364 0.000340 0.000159 0.000009 0.047810 0.007100 1.709587 2762.151326
0.944237 0.000366 0.000338 0.000157 0.000009 0.047793 0.007100 1.709622 2762.151326
0.944257 0.000366 0.000342 0.000157 0.000010 0.047769 0.007100 1.709657 2762.151326
0.944273 0.000363 0.000343 0.000160 0.000009 0.047752 0.007101 1.709694 2762.234077
0.944288 0.000369 0.000342 0.000155 0.000010 0.047735 0.007101 1.709728 2762.265785
0.944306 0.000368 0.000351 0.000154 0.000010 0.047710 0.007101 1.709769 2762.265785
0.944325 0.000371 0.000350 0.000152 0.000010 0.047691 0.007101 1.709802 2762.296196
0.944355 0.000361 0.000350 0.000157 0.000010 0.047665 0.007101 1.709840 2762.296196
0.944374 0.000358 0.000351 0.000159 0.000011 0.047647 0.007101 1.709877 2762.296196
0.944398 0.000350 0.000354 0.000156 0.000011 0.047631 0.007101 1.709915 2762.312443
0.944418 0.000348 0.000352 0.000154 0.000011 0.047617 0.007101 1.709950 2762.386722
0.944434 0.000354 0.000344 0.000154 0.000011 0.047604 0.007101 1.709982 2762.448235
0.944454 0.000347 0.000346 0.000151 0.000010 0.047591 0.007101 1.710020 2762.545137
0.944470 0.000360 0.000337 0.000147 0.000010 0.047574 0.007101 1.710045 2762.653967
0.944490 0.000359 0.000339 0.000148 0.000010 0.047554 0.007101 1.710080 2762.671668
0.944507 0.000354 0.000343 0.000145 0.000010 0.047540 0.007101 1.710118 2762.677954
0.944526 0.000352 0.000344 0.000143 0.000010 0.047523 0.007101 1.710153 2762.791994
0.944542 0.000351 0.000347 0.000145 0.000010 0.047504 0.007102 1.710190 2762.850366
0.944562 0.000345 0.000349 0.000144 0.000010 0.047489 0.007102 1.710228 2762.869155
0.944581 0.000347 0.000346 0.000147 0.000010 0.047468 0.007102 1.710260 2762.880327
0.944601 0.000344 0.000346 0.000144 0.000010 0.047453 0.007102 1.710292 2762.926077
0.944614 0.000345 0.000347 0.000148 0.000010 0.047434 0.007102 1.710327 2762.987227
0.944633 0.000340 0.000347 0.000151 0.000009 0.047417 0.007102 1.710365 2763.058426
0.944646 0.000347 0.000342 0.000149 0.000009 0.047404 0.007102 1.710395 2763.091705
0.944658 0.000350 0.000340 0.000151 0.000009 0.047390 0.007103 1.710428 2763.152423
0.944672 0.000346 0.000340 0.000151 0.000009 0.047379 0.007103 1.710468 2763.264908
0.944681 0.000347 0.000346 0.000146 0.000009 0.047368 0.007103 1.710507 2763.264908
0.944699 0.000345 0.000345 0.000145 0.000010 0.047352 0.007103 1.710542 2763.264908
0.944713 0.000347 0.000347 0.000141 0.000009 0.047339 0.007103 1.710576 2763.341825
0.944735 0.000342 0.000348 0.000143 0.000009 0.047319 0.007103 1.710611 2763.365594
0.944749 0.000353 0.000334 0.000142 0.000009 0.047310 0.007103 1.710633 2763.460325
0.944760 0.000356 0.000333 0.000139 0.000009 0.047301 0.007103 1.710663 2763.460325
0.944773 0.000351 0.000335 0.000144 0.000009 0.047285 0.007103 1.710702 2763.460325
0.944776 0.000358 0.000335 0.000139 0.000010 0.047279 0.007103 1.710734 2763.460325
0.944784 0.000353 0.000339 0.000142 0.000009 0.047269 0.007103 1.710773 2763.561179
0.944803 0.000345 0.000339 0.000145 0.000009 0.047255 0.007103 1.710809 2763.645662
0.944806 0.000354 0.000338 0.000147 0.000009 0.047242 0.007103 1.710843 2763.736155
0.944816 0.000357 0.000337 0.000147 0.000009 0.047230 0.007104 1.710875 2763.780134
0.944821 0.000361 0.000336 0.000148 0.000009 0.047222 0.007104 1.710910 2763.944267
0.944823 0.000363 0.000336 0.000149 0.000010 0.047216 0.007104 1.710945 2763.944267
0.944837 0.000358 0.000341 0.000151 0.000009 0.047200 0.007104 1.710985 2764.058440
0.944846 0.000357 0.000343 0.000153 0.000010 0.047187 0.007104 1.711020 2764.058440
0.944856 0.000360 0.000338 0.000154 0.000009 0.047179 0.007104 1.711053 2764.141339
0.944864 0.000363 0.000337 0.000154 0.000009 0.047169 0.007104 1.711084 2764.141339
0.944870 0.000368 0.000335 0.000154 0.000009 0.047160 0.007104 1.711118 2764.141339
0.944885 0.000361 0.000334 0.000154 0.000010 0.047152 0.007104 1.711158 2764.141339
0.944887 0.000364 0.000342 0.000150 0.000010 0.047143 0.007104 1.711195 2764.141339
0.944899 0.000362 0.000344 0.000150 0.000009 0.047132 0.007104 1.711233 2764.235386
0.944907 0.000360 0.000342 0.000148 0.000009 0.047129 0.007104 1.711269 2764.266414
0.944914 0.000362 0.000344 0.000150 0.000010 0.047118 0.007105 1.711308 2764.283349
0.944920 0.000367 0.000344 0.000148 0.000009 0.047107 0.007105 1.711341 2764.327361
0.944927 0.000369 0.000348 0.000146 0.000010 0.047094 0.007105 1.711376 2764.337883
0.944932 0.000372 0.000343 0.000148 0.000009 0.047090 0.007105 1.711411 2764.371743
0.944931 0.000377 0.000342 0.000151 0.000009 0.047086 0.007105 1.711447 2764.371743
0.944931 0.000377 0.000344 0.000152 0.000010 0.047082 0.007105 1.711483 2764.371743
0.944934 0.000375 0.000348 0.000153 0.000010 0.047076 0.007105 1.711523 2764.371743
0.944947 0.000372 0.000345 0.000152 0.000010 0.047068 0.007105 1.711558 2764.377753
0.944951 0.000370 0.000345 0.000152 0.000010 0.047068 0.007105 1.711596 2764.444384
0.944960 0.000367 0.000350 0.000152 0.000010 0.047057 0.007105 1.711633 2764.528335
0.944968 0.000367 0.000346 0.000154 0.000010 0.047050 0.007105 1.711666 2764.562059
0.944973 0.000362 0.000350 0.000158 0.000010 0.047042 0.007105 1.711706 2764.576304
0.944973 0.000362 0.000352 0.000160 0.000009 0.047040 0.007105 1.711742 2764.658120
0.944979 0.000359 0.000358 0.000157 0.000010 0.047032 0.007105 1.711784 2764.688020
0.944982 0.000364 0.000355 0.000156 0.000010 0.047029 0.007105 1.711816 2764.891131
0.944988 0.000366 0.000358 0.000156 0.000009 0.047017 0.007105 1.711852 2764.918543
0.944991 0.000360 0.000358 0.000156 0.000010 0.047019 0.007105 1.711890 2764.918543
0.944991 0.000367 0.000349 0.000157 0.000010 0.047023 0.007105 1.711925 2765.015034
0.945001 0.000369 0.000345 0.000157 0.000009 0.047013 0.007105 1.711959 2765.042687
0.945000 0.000374 0.000346 0.000159 0.000009 0.047006 0.007105 1.711996 2765.042687
0.945009 0.000371 0.000344 0.000157 0.000010 0.047004 0.007105 1.712031 2765.042687
0.945019 0.000372 0.000340 0.000159 0.000010 0.046994 0.007105 1.712063 2765.042687
0.945022 0.000373 0.000343 0.000159 0.000010 0.046987 0.007105 1.712102 2765.199565
0.945026 0.000372 0.000344 0.000159 0.000010 0.046984 0.007105 1.712139 2765.199565
0.945033 0.000373 0.000345 0.000159 0.000011 0.046974 0.007105 1.712175 2765.229021
0.945031 0.000375 0.000344 0.000161 0.000011 0.046973 0.007105 1.712211 2765.271913
0.945031 0.000379 0.000340 0.000164 0.000011 0.046971 0.007106 1.712247 2765.328959
0.945039 0.000368 0.000348 0.000164 0.000011 0.046964 0.007106 1.712292 2765.493102
0.945040 0.000377 0.000344 0.000162 0.000010 0.046961 0.007106 1.712325 2765.608056
0.945044 0.000375 0.000341 0.000163 0.000011 0.046960 0.007106 1.712361 2765.654025
0.945048 0.000372 0.000342 0.000165 0.000011 0.046955 0.007106 1.712401 2765.654930
0.945057 0.000365 0.000348 0.000164 0.000011 0.046949 0.007106 1.712442 2765.824201
0.945068 0.000366 0.000342 0.000158 0.000011 0.046948 0.007107 1.712473 2765.957482
0.945070 0.000372 0.000343 0.000156 0.000011 0.046941 0.007107 1.712507 2765.999182
0.945079 0.000373 0.000346 0.000157 0.000011 0.046927 0.007107 1.712543 2765.999182
0.945077 0.000378 0.000345 0.000154 0.000011 0.046927 0.007107 1.712578 2766.228250
0.945077 0.000380 0.000346 0.000153 0.000010 0.046927 0.007108 1.712614 2766.432351
0.945085 0.000373 0.000347 0.000156 0.000010 0.046922 0.007108 1.712655 2766.465650
0.945088 0.000369 0.000347 0.000158 0.000010 0.046919 0.007108 1.712697 2766.465650
0.945088 0.000368 0.000348 0.000162 0.000010 0.046917 0.007108 1.712735 2766.466214
0.945088 0.000368 0.000349 0.000165 0.000010 0.046913 0.007109 1.712772 2766.512650
0.945090 0.000362 0.000349 0.000164 0.000009 0.046917 0.007109 1.712811 2766.639784
0.945096 0.000358 0.000351 0.000164 0.000009 0.046914 0.007109 1.712847 2766.682028
0.945095 0.000356 0.000348 0.000165 0.000009 0.046918 0.007109 1.712886 2766.696705
0.945092 0.000359 0.000344 0.000168 0.000009 0.046919 0.007109 1.712921 2766.715755
0.945092 0.000363 0.000343 0.000168 0.000009 0.046916 0.007110 1.712955 2766.882124
0.945090 0.000366 0.000342 0.000169 0.000009 0.046916 0.007110 1.712990 2767.157039
0.945094 0.000365 0.000345 0.000165 0.000008 0.046913 0.007110 1.713023 2767.191927
0.945096 0.000363 0.000347 0.000166 0.000008 0.046911 0.007110 1.713062 2767.206361
0.945101 0.000362 0.000347 0.000164 0.000009 0.046908 0.007110 1.713097 2767.210689
0.945095 0.000362 0.000340 0.000164 0.000009 0.046920 0.007110 1.713133 2767.212340
0.945091 0.000361 0.000345 0.000160 0.000009 0.046923 0.007110 1.713169 2767.347981
0.945095 0.000358 0.000341 0.000162 0.000008 0.046926 0.007111 1.713203 2767.427258
0.945098 0.000362 0.000333 0.000159 0.000008 0.046930 0.007111 1.713232 2767.462335
0.945107 0.000359 0.000334 0.000158 0.000009 0.046922 0.007111 1.713265 2767.498592
0.945109 0.000362 0.000336 0.000156 0.000009 0.046917 0.007111 1.713297 2767.498592
0.945109 0.000359 0.000339 0.000153 0.000009 0.046920 0.007111 1.713335 2767.554058
0.945109 0.000361 0.000335 0.000154 0.000009 0.046920 0.007111 1.713364 2767.567272
0.945114 0.000356 0.000341 0.000150 0.000009 0.046919 0.007111 1.713402 2767.567272
0.945121 0.000357 0.000334 0.000153 0.000009 0.046914 0.007111 1.713433 2767.567416
0.945127 0.000354 0.000333 0.000152 0.000010 0.046914 0.007111 1.713467 2767.590384
0.945135 0.000348 0.000329 0.000150 0.000009 0.046918 0.007111 1.713503 2767.791110
0.945146 0.000345 0.000326 0.000147 0.000009 0.046915 0.007111 1.713534 2767.791110
0.945160 0.000335 0.000329 0.000146 0.000009 0.046910 0.007111 1.713569 2767.806943
0.945166 0.000330 0.000333 0.000146 0.000009 0.046904 0.007112 1.713604 2767.829406
0.945171 0.000326 0.000332 0.000147 0.000009 0.046905 0.007112 1.713635 2767.848377
0.945177 0.000322 0.000332 0.000144 0.000009 0.046904 0.007112 1.713671 2767.877729
0.945183 0.000321 0.000331 0.000139 0.000009 0.046905 0.007113 1.713701 2767.964960
0.945184 0.000322 0.000326 0.000138 0.000008 0.046909 0.007113 1.713732 2768.155402
0.945194 0.000318 0.000322 0.000140 0.000008 0.046906 0.007113 1.713766 2768.155402
0.945199 0.000319 0.000320 0.000139 0.000008 0.046902 0.007113 1.713796 2768.155402
0.945199 0.000323 0.000319 0.000141 0.000008 0.046897 0.007113 1.713824 2768.227885
0.945199 0.000330 0.000318 0.000139 0.000008 0.046894 0.007113 1.713853 2768.254917
0.945204 0.000325 0.000318 0.000138 0.000009 0.046893 0.007113 1.713887 2768.277793
0.945208 0.000328 0.000315 0.000139 0.000008 0.046887 0.007114 1.713918 2768.371246
0.945211 0.000331 0.000311 0.000140 0.000008 0.046886 0.007114 1.713946 2768.371246
0.945219 0.000323 0.000310 0.000144 0.000009 0.046882 0.007114 1.713980 2768.371246
0.945224 0.000329 0.000305 0.000142 0.000009 0.046877 0.007114 1.714008 2768.375735
0.945232 0.000326 0.000306 0.000143 0.000009 0.046870 0.007114 1.714039 2768.375735
0.945236 0.000321 0.000304 0.000145 0.000009 0.046871 0.007114 1.714074 2768.391637
0.945239 0.000319 0.000306 0.000147 0.000009 0.046866 0.007114 1.714109 2768.423737
0.945244 0.000312 0.000306 0.000143 0.000009 0.046872 0.007114 1.714141 2768.474750
0.945249 0.000311 0.000305 0.000143 0.000009 0.046869 0.007114 1.714174 2768.514394
0.945249 0.000316 0.000301 0.000141 0.000008 0.046870 0.007115 1.714201 2768.751935
0.945250 0.000317 0.000301 0.000144 0.000008 0.046865 0.007115 1.714231 2768.751935
0.945244 0.000316 0.000306 0.000141 0.000009 0.046869 0.007115 1.714262 2768.751935
0.945245 0.000314 0.000308 0.000141 0.000008 0.046870 0.007115 1.714295 2768.904999
0.945252 0.000311 0.000310 0.000140 0.000009 0.046864 0.007115 1.714328 2768.915048
0.945265 0.000310 0.000306 0.000141 0.000009 0.046855 0.007115 1.714356 2768.915048
0.945276 0.000307 0.000309 0.000141 0.000008 0.046845 0.007115 1.714385 2768.924444
0.945289 0.000303 0.000303 0.000142 0.000010 0.046839 0.007115 1.714413 2768.924444
0.945300 0.000301 0.000307 0.000141 0.000010 0.046826 0.007115 1.714442 2768.924444
0.945310 0.000304 0.000304 0.000143 0.000010 0.046814 0.007115 1.714468 2769.028910
0.945319 0.000301 0.000302 0.000144 0.000009 0.046810 0.007115 1.714499 2769.087780
0.945325 0.000309 0.000298 0.000140 0.000009 0.046805 0.007115 1.714524 2769.103901
0.945329 0.000308 0.000297 0.000137 0.000010 0.046804 0.007115 1.714555 2769.103901
0.945327 0.000318 0.000297 0.000134 0.000009 0.046800 0.007115 1.714580 2769.205061
0.945333 0.000305 0.000302 0.000133 0.000009 0.046804 0.007115 1.714614 2769.266306
0.945341 0.000297 0.000304 0.000133 0.000009 0.046801 0.007115 1.714647 2769.345505
0.945344 0.000293 0.000306 0.000132 0.000010 0.046801 0.007115 1.714681 2769.450208
0.945349 0.000291 0.000304 0.000130 0.000010 0.046801 0.007115 1.714709 2769.452688
0.945356 0.000289 0.000309 0.000128 0.000010 0.046794 0.007115 1.714741 2769.452688
0.945363 0.000288 0.000305 0.000126 0.000010 0.046793 0.007115 1.714767 2769.505469
0.945373 0.000280 0.000304 0.000128 0.000010 0.046789 0.007116 1.714800 2769.608549
0.945377 0.000280 0.000297 0.000127 0.000010 0.046793 0.007116 1.714828 2769.672326
0.945381 0.000279 0.000292 0.000127 0.000009 0.046795 0.007116 1.714856 2769.792204
0.945393 0.000280 0.000285 0.000128 0.000009 0.046790 0.007116 1.714880 2769.803151
0.945394 0.000284 0.000283 0.000126 0.000008 0.046789 0.007116 1.714907 2769.824323
0.945399 0.000291 0.000280 0.000124 0.000008 0.046783 0.007116 1.714929 2769.925126
0.945402 0.000290 0.000279 0.000124 0.000008 0.046780 0.007116 1.714954 2769.946018
0.945406 0.000294 0.000276 0.000122 0.000008 0.046777 0.007116 1.714980 2770.020704
0.945413 0.000293 0.000276 0.000121 0.000008 0.046773 0.007116 1.715009 2770.056267
0.945424 0.000290 0.000276 0.000119 0.000008 0.046766 0.007116 1.715037 2770.056267
0.945433 0.000286 0.000276 0.000119 0.000008 0.046763 0.007116 1.715064 2770.156883
0.945439 0.000284 0.000277 0.000118 0.000008 0.046760 0.007116 1.715091 2770.156883
0.945443 0.000282 0.000278 0.000119 0.000008 0.046754 0.007116 1.715120 2770.156883
0.945453 0.000278 0.000273 0.000122 0.000008 0.046749 0.007116 1.715150 2770.156883
0.945460 0.000275 0.000277 0.000124 0.000008 0.046740 0.007116 1.715178 2770.193732
0.945468 0.000271 0.000279 0.000126 0.000008 0.046732 0.007116 1.715209 2770.193732
0.945473 0.000268 0.000280 0.000125 0.000008 0.046730 0.007117 1.715236 2770.407047
0.945480 0.000265 0.000274 0.000129 0.000008 0.046728 0.007117 1.715262 2770.413365
0.945484 0.000268 0.000271 0.000127 0.000008 0.046726 0.007117 1.715285 2770.451973
0.945496 0.000262 0.000270 0.000127 0.000008 0.046721 0.007117 1.715314 2770.494276
0.945494 0.000271 0.000263 0.000126 0.000007 0.046721 0.007117 1.715335 2770.634783
0.945497 0.000272 0.000263 0.000125 0.000007 0.046720 0.007117 1.715362 2770.672780
0.945500 0.000271 0.000265 0.000122 0.000007 0.046718 0.007117 1.715388 2770.680176
0.945505 0.000272 0.000263 0.000122 0.000008 0.046714 0.007117 1.715412 2770.684012
0.945506 0.000271 0.000262 0.000126 0.000008 0.046710 0.007118 1.715442 2770.744521
0.945504 0.000275 0.000259 0.000126 0.000008 0.046712 0.007118 1.715469 2770.745567
0.945506 0.000279 0.000258 0.000125 0.000007 0.046707 0.007119 1.715494 2770.800431
0.945510 0.000279 0.000261 0.000127 0.000007 0.046699 0.007119 1.715522 2770.842183
0.945510 0.000280 0.000263 0.000128 0.000007 0.046695 0.007119 1.715551 2770.842183
0.945513 0.000271 0.000270 0.000129 0.000006 0.046692 0.007119 1.715584 2771.008980
0.945517 0.000277 0.000270 0.000126 0.000006 0.046685 0.007119 1.715609 2771.008980
0.945522 0.000269 0.000272 0.000130 0.000006 0.046682 0.007119 1.715639 2771.008980
0.945527 0.000266 0.000269 0.000124 0.000006 0.046689 0.007119 1.715668 2771.008980
0.945527 0.000268 0.000269 0.000122 0.000006 0.046689 0.007119 1.715694 2771.022680
0.945534 0.000271 0.000268 0.000122 0.000006 0.046680 0.007119 1.715719 2771.022680
0.945533 0.000275 0.000267 0.000122 0.000007 0.046677 0.007119 1.715744 2771.023838
0.945539 0.000272 0.000266 0.000120 0.000007 0.046677 0.007119 1.715771 2771.065520
0.945543 0.000269 0.000270 0.000117 0.000007 0.046674 0.007119 1.715799 2771.065520
0.945547 0.000267 0.000268 0.000114 0.000007 0.046678 0.007119 1.715824 2771.073723
0.945551 0.000264 0.000266 0.000115 0.000007 0.046679 0.007119 1.715852 2771.120842
0.945558 0.000259 0.000265 0.000116 0.000007 0.046676 0.007119 1.715879 2771.203376
0.945563 0.000259 0.000262 0.000115 0.000007 0.046676 0.007120 1.715905 2771.228316
0.945574 0.000256 0.000260 0.000116 0.000007 0.046668 0.007120 1.715933 2771.228697
0.945580 0.000259 0.000252 0.000113 0.000007 0.046669 0.007120 1.715955 2771.327733
0.945585 0.000259 0.000249 0.000115 0.000007 0.046664 0.007120 1.715980 2771.416929
0.945592 0.000260 0.000252 0.000114 0.000007 0.046655 0.007120 1.716007 2771.416929
0.945595 0.000261 0.000252 0.000115 0.000008 0.046649 0.007120 1.716033 2771.474709
0.945603 0.000262 0.000248 0.000115 0.000008 0.046643 0.007120 1.716055 2771.507162
0.945606 0.000262 0.000253 0.000110 0.000008 0.046642 0.007120 1.716081 2771.514488
0.945608 0.000259 0.000259 0.000111 0.000008 0.046635 0.007120 1.716109 2771.521261
0.945615 0.000262 0.000256 0.000107 0.000008 0.046633 0.007120 1.716131 2771.555647
0.945618 0.000264 0.000257 0.000109 0.000008 0.046624 0.007120 1.716156 2771.561278
0.945618 0.000270 0.000254 0.000110 0.000008 0.046621 0.007120 1.716181 2771.573983
0.945623 0.000270 0.000252 0.000109 0.000007 0.046619 0.007120 1.716206 2771.644151
0.945631 0.000269 0.000247 0.000108 0.000007 0.046617 0.007120 1.716229 2771.644151
0.945637 0.000274 0.000246 0.000111 0.000007 0.046605 0.007121 1.716253 2771.703894
0.945644 0.000276 0.000245 0.000113 0.000007 0.046594 0.007121 1.716279 2771.703894
0.945642 0.000276 0.000246 0.000115 0.000007 0.046593 0.007121 1.716307 2771.717266
0.945649 0.000272 0.000247 0.000116 0.000008 0.046588 0.007121 1.716335 2771.717266
0.945648 0.000273 0.000252 0.000115 0.000008 0.046584 0.007121 1.716363 2771.717266
0.945651 0.000275 0.000246 0.000118 0.000008 0.046583 0.007121 1.716389 2771.717266
0.945657 0.000274 0.000246 0.000117 0.000009 0.046577 0.007121 1.716415 2771.717266
0.945668 0.000266 0.000249 0.000117 0.000009 0.046571 0.007121 1.716444 2771.739506
0.945675 0.000262 0.000251 0.000115 0.000009 0.046568 0.007121 1.716473 2771.760425
0.945682 0.000257 0.000253 0.000114 0.000009 0.046565 0.007121 1.716500 2771.760425
0.945685 0.000254 0.000246 0.000112 0.000009 0.046575 0.007121 1.716527 2771.770611
0.945688 0.000253 0.000250 0.000111 0.000009 0.046568 0.007121 1.716554 2771.770611
0.945696 0.000252 0.000246 0.000110 0.000009 0.046566 0.007121 1.716577 2771.784529
0.945698 0.000254 0.000246 0.000112 0.000008 0.046561 0.007121 1.716602 2771.856387
0.945700 0.000257 0.000244 0.000111 0.000009 0.046558 0.007121 1.716627 2771.856387
0.945699 0.000255 0.000247 0.000109 0.000009 0.046561 0.007121 1.716654 2771.865696
0.945706 0.000258 0.000245 0.000106 0.000009 0.046556 0.007121 1.716677 2771.963167
0.945711 0.000254 0.000247 0.000106 0.000009 0.046553 0.007121 1.716704 2772.224038
0.945720 0.000254 0.000243 0.000101 0.000009 0.046551 0.007121 1.716726 2772.224038
0.945728 0.000249 0.000239 0.000104 0.000009 0.046551 0.007121 1.716753 2772.238805
0.945725 0.000250 0.000239 0.000107 0.000008 0.046549 0.007121 1.716780 2772.244516
0.945732 0.000247 0.000244 0.000110 0.000009 0.046538 0.007121 1.716809 2772.244516
0.945739 0.000243 0.000246 0.000111 0.000008 0.046532 0.007121 1.716835 2772.485376
0.945744 0.000240 0.000244 0.000113 0.000008 0.046530 0.007121 1.716862 2772.532300
0.945754 0.000236 0.000243 0.000113 0.000008 0.046525 0.007121 1.716887 2772.532300
0.945755 0.000239 0.000243 0.000110 0.000008 0.046524 0.007121 1.716909 2772.582302
0.945764 0.000238 0.000239 0.000109 0.000007 0.046521 0.007122 1.716929 2772.745978
0.945771 0.000239 0.000234 0.000106 0.000008 0.046521 0.007122 1.716952 2772.745978
0.945772 0.000238 0.000238 0.000106 0.000008 0.046517 0.007122 1.716977 2772.745978
0.945779 0.000236 0.000241 0.000107 0.000008 0.046507 0.007122 1.717003 2772.745978
0.945779 0.000239 0.000237 0.000110 0.000008 0.046505 0.007122 1.717028 2772.750432
0.945788 0.000234 0.000236 0.000111 0.000008 0.046501 0.007122 1.717053 2772.850215
0.945797 0.000231 0.000235 0.000113 0.000007 0.046496 0.007122 1.717077 2773.099496
0.945802 0.000232 0.000233 0.000111 0.000008 0.046493 0.007122 1.717102 2773.106524
0.945811 0.000230 0.000230 0.000111 0.000008 0.046488 0.007122 1.717125 2773.106562
0.945818 0.000229 0.000229 0.000105 0.000008 0.046489 0.007122 1.717146 2773.119064
0.945826 0.000223 0.000228 0.000104 0.000008 0.046488 0.007122 1.717171 2773.123233
0.945833 0.000221 0.000232 0.000105 0.000008 0.046479 0.007122 1.717194 2773.123233
0.945838 0.000218 0.000231 0.000103 0.000009 0.046479 0.007122 1.717218 2773.123233
0.945838 0.000220 0.000232 0.000101 0.000009 0.046480 0.007122 1.717243 2773.153822
0.945843 0.000217 0.000232 0.000102 0.000009 0.046474 0.007122 1.717268 2773.188788
0.945856 0.000211 0.000230 0.000103 0.000009 0.046469 0.007122 1.717293 2773.191460
0.945862 0.000211 0.000229 0.000103 0.000009 0.046464 0.007122 1.717312 2773.231804
0.945872 0.000211 0.000226 0.000104 0.000008 0.046457 0.007122 1.717332 2773.311576
0.945881 0.000208 0.000226 0.000103 0.000008 0.046451 0.007122 1.717355 2773.379694
0.945888 0.000208 0.000223 0.000102 0.000008 0.046449 0.007122 1.717374 2773.459897
0.945896 0.000207 0.000224 0.000102 0.000008 0.046442 0.007122 1.717395 2773.459897
0.945897 0.000209 0.000225 0.000100 0.000008 0.046440 0.007122 1.717415 2773.490709
0.945901 0.000208 0.000225 0.000103 0.000008 0.046433 0.007122 1.717437 2773.506246
0.945908 0.000205 0.000223 0.000103 0.000009 0.046429 0.007122 1.717460 2773.506246
0.945920 0.000206 0.000222 0.000103 0.000009 0.046418 0.007122 1.717479 2773.513540
0.945925 0.000208 0.000220 0.000101 0.000009 0.046415 0.007122 1.717498 2773.516582
0.945930 0.000208 0.000219 0.000100 0.000008 0.046413 0.007123 1.717519 2773.634751
0.945933 0.000208 0.000211 0.000099 0.000008 0.046418 0.007123 1.717536 2773.639943
0.945939 0.000208 0.000209 0.000097 0.000008 0.046416 0.007123 1.717554 2773.665725
0.945943 0.000208 0.000211 0.000092 0.000009 0.046414 0.007123 1.717576 2773.714351
0.945952 0.000211 0.000210 0.000086 0.000009 0.046409 0.007123 1.717593 2773.714351
0.945955 0.000213 0.000209 0.000087 0.000008 0.046405 0.007123 1.717612 2773.915718
0.945960 0.000208 0.000211 0.000084 0.000008 0.046405 0.007123 1.717635 2773.923876
0.945961 0.000214 0.000211 0.000085 0.000008 0.046398 0.007123 1.717655 2773.923876
0.945962 0.000214 0.000210 0.000087 0.000008 0.046397 0.007123 1.717678 2773.991485
0.945964 0.000211 0.000214 0.000085 0.000008 0.046394 0.007123 1.717701 2774.006775
0.945968 0.000213 0.000213 0.000085 0.000008 0.046389 0.007123 1.717721 2774.073134
0.945978 0.000210 0.000212 0.000086 0.000008 0.046383 0.007123 1.717742 2774.073134
0.945981 0.000214 0.000212 0.000081 0.000008 0.046380 0.007123 1.717760 2774.073134
0.945984 0.000210 0.000210 0.000084 0.000008 0.046382 0.007123 1.717782 2774.073134
0.945986 0.000209 0.000211 0.000082 0.000008 0.046380 0.007123 1.717805 2774.073134
0.945985 0.000214 0.000206 0.000085 0.000008 0.046379 0.007123 1.717825 2774.107538
0.945993 0.000215 0.000206 0.000082 0.000008 0.046372 0.007123 1.717843 2774.212469
0.945999 0.000210 0.000209 0.000084 0.000009 0.046365 0.007123 1.717866 2774.212469
0.946006 0.000212 0.000212 0.000083 0.000009 0.046355 0.007124 1.717886 2774.215032
0.946006 0.000215 0.000213 0.000085 0.000009 0.046349 0.007124 1.717905 2774.215032
0.946006 0.000217 0.000210 0.000085 0.000009 0.046350 0.007124 1.717927 2774.215032
0.946011 0.000216 0.000210 0.000085 0.000009 0.046345 0.007124 1.717948 2774.238056
0.946013 0.000217 0.000207 0.000082 0.000009 0.046347 0.007124 1.717964 2774.238056
0.946022 0.000213 0.000204 0.000086 0.000009 0.046343 0.007124 1.717986 2774.354061
0.946028 0.000215 0.000203 0.000088 0.000008 0.046335 0.007124 1.718003 2774.503540
0.946024 0.000214 0.000206 0.000090 0.000008 0.046334 0.007124 1.718027 2774.542250
0.946027 0.000211 0.000208 0.000094 0.000008 0.046328 0.007124 1.718051 2774.542250
0.946026 0.000207 0.000211 0.000093 0.000008 0.046331 0.007124 1.718076 2774.717835
0.946030 0.000211 0.000209 0.000091 0.000008 0.046328 0.007125 1.718093 2774.837635
0.946033 0.000209 0.000212 0.000090 0.000008 0.046323 0.007125 1.718115 2774.837635
0.946041 0.000208 0.000214 0.000089 0.000008 0.046316 0.007125 1.718136 2774.911790
0.946042 0.000206 0.000213 0.000090 0.000008 0.046316 0.007125 1.718158 2774.968800
0.946051 0.000209 0.000209 0.000088 0.000008 0.046310 0.007125 1.718175 2774.985564
0.946056 0.000210 0.000206 0.000085 0.000008 0.046310 0.007125 1.718195 2774.985564
0.946056 0.000208 0.000209 0.000083 0.000008 0.046311 0.007125 1.718216 2775.024938
0.946057 0.000210 0.000210 0.000083 0.000008 0.046307 0.007125 1.718238 2775.024938
0.946057 0.000214 0.000211 0.000081 0.000008 0.046304 0.007125 1.718257 2775.024938
0.946058 0.000217 0.000209 0.000081 0.000008 0.046302 0.007125 1.718276 2775.073870
0.946057 0.000216 0.000208 0.000084 0.000008 0.046301 0.007125 1.718299 2775.077743
0.946063 0.000213 0.000213 0.000082 0.000008 0.046296 0.007125 1.718321 2775.080450
0.946071 0.000214 0.000208 0.000078 0.000008 0.046294 0.007125 1.718340 2775.080450
0.946077 0.000215 0.000203 0.000079 0.000008 0.046293 0.007126 1.718358 2775.158741
0.946083 0.000208 0.000207 0.000079 0.000007 0.046289 0.007126 1.718383 2775.222506
0.946085 0.000207 0.000206 0.000078 0.000008 0.046290 0.007126 1.718404 2775.222506
0.946095 0.000203 0.000207 0.000078 0.000007 0.046283 0.007126 1.718426 2775.264943
0.946096 0.000208 0.000208 0.000078 0.000008 0.046276 0.007126 1.718445 2775.374815
0.946098 0.000207 0.000206 0.000079 0.000008 0.046277 0.007126 1.718467 2775.374815
0.946100 0.000208 0.000206 0.000077 0.000009 0.046274 0.007126 1.718487 2775.374815
0.946099 0.000211 0.000208 0.000079 0.000009 0.046269 0.007126 1.718508 2775.380938
0.946102 0.000211 0.000205 0.000081 0.000009 0.046266 0.007126 1.718529 2775.380938
0.946109 0.000210 0.000201 0.000082 0.000009 0.046263 0.007126 1.718548 2775.380938
0.946122 0.000204 0.000199 0.000084 0.000008 0.046256 0.007126 1.718567 2775.433086
0.946124 0.000206 0.000197 0.000085 0.000008 0.046253 0.007126 1.718589 2775.547009
0.946134 0.000205 0.000195 0.000087 0.000008 0.046245 0.007126 1.718609 2775.555774
0.946139 0.000205 0.000195 0.000085 0.000008 0.046243 0.007126 1.718628 2775.775545
0.946146 0.000202 0.000196 0.000083 0.000007 0.046239 0.007126 1.718649 2775.788381
0.946156 0.000194 0.000200 0.000082 0.000007 0.046235 0.007127 1.718672 2775.793687
0.946162 0.000193 0.000199 0.000083 0.000007 0.046230 0.007127 1.718690 2775.856631
0.946172 0.000191 0.000200 0.000082 0.000007 0.046222 0.007127 1.718707 2775.917320
0.946179 0.000188 0.000203 0.000084 0.000006 0.046212 0.007127 1.718731 2775.984788
0.946185 0.000192 0.000196 0.000085 0.000006 0.046209 0.007127 1.718744 2776.003212
0.946193 0.000193 0.000194 0.000082 0.000006 0.046204 0.007128 1.718761 2776.100725
0.946201 0.000191 0.000189 0.000081 0.000006 0.046205 0.007128 1.718778 2776.100725
0.946205 0.000190 0.000189 0.000080 0.000006 0.046202 0.007128 1.718798 2776.100725
0.946211 0.000188 0.000189 0.000078 0.000006 0.046200 0.007128 1.718817 2776.100725
0.946215 0.000187 0.000189 0.000079 0.000006 0.046196 0.007128 1.718838 2776.173738
0.946216 0.000187 0.000187 0.000077 0.000006 0.046199 0.007128 1.718854 2776.173738
0.943747 0.000187 0.000188 0.000078 0.000006 0.046185 0.007110 1.714491 2768.639106
0.943749 0.000185 0.000186 0.000083 0.000006 0.046180 0.007110 1.714511 2768.688306
0.943756 0.000185 0.000186 0.000082 0.000006 0.046174 0.007110 1.714529 2768.688306
0.943760 0.000190 0.000184 0.000082 0.000006 0.046168 0.007110 1.714545 2768.801376
0.943765 0.000188 0.000182 0.000081 0.000006 0.046168 0.007110 1.714563 2768.801376
0.943766 0.000189 0.000185 0.000078 0.000006 0.046166 0.007110 1.714582 2768.801376
0.941301 0.000180 0.000187 0.000080 0.000006 0.046156 0.007090 1.710107 2761.553262
0.941311 0.000178 0.000184 0.000080 0.000005 0.046151 0.007090 1.710125 2761.740371
0.941315 0.000179 0.000182 0.000079 0.000005 0.046150 0.007090 1.710141 2761.751522
0.941324 0.000176 0.000179 0.000080 0.000005 0.046147 0.007090 1.710158 2761.866556
0.941330 0.000178 0.000178 0.000077 0.000005 0.046143 0.007090 1.710176 2762.054506
0.941343 0.000177 0.000178 0.000078 0.000005 0.046129 0.007090 1.710192 2762.078395
0.941347 0.000178 0.000178 0.000076 0.000005 0.046126 0.007090 1.710209 2762.078395
0.941356 0.000171 0.000175 0.000076 0.000005 0.046127 0.007090 1.710227 2762.078395
0.938894 0.000172 0.000174 0.000075 0.000006 0.046108 0.007071 1.705755 2755.252481
0.936442 0.000171 0.000175 0.000077 0.000006 0.046077 0.007052 1.701324 2748.254697
