0.348329 0.064111 0.056132 0.032450 0.002122 0.490721 0.006134 1.592031 2086.278112
0.349566 0.062770 0.057542 0.030997 0.002120 0.490838 0.006166 1.598235 2097.989113
0.352469 0.059908 0.058628 0.029608 0.002116 0.491080 0.006192 1.604274 2109.042196
0.356414 0.056455 0.059325 0.028351 0.002105 0.491132 0.006217 1.609973 2120.897790
0.360899 0.052779 0.059739 0.027054 0.002102 0.491183 0.006243 1.615319 2129.309692
0.365743 0.049085 0.059838 0.025780 0.002094 0.491185 0.006275 1.620256 2140.296905
0.370896 0.045411 0.059671 0.024571 0.002071 0.491077 0.006304 1.624933 2150.329772
0.376331 0.041900 0.059200 0.023357 0.002049 0.490829 0.006334 1.629237 2161.914644
0.381823 0.038630 0.058417 0.022216 0.002021 0.490532 0.006362 1.633160 2172.641744
0.387470 0.035546 0.057430 0.021166 0.001999 0.490001 0.006388 1.636769 2183.828889
0.393166 0.032641 0.056261 0.020125 0.001978 0.489416 0.006412 1.640110 2193.945655
0.398953 0.029932 0.054939 0.019120 0.001954 0.488665 0.006437 1.643171 2204.274304
0.404739 0.027378 0.053548 0.018133 0.001935 0.487805 0.006461 1.646041 2213.825257
0.410579 0.025076 0.051979 0.017199 0.001899 0.486780 0.006488 1.648603 2224.732949
0.416335 0.022887 0.050447 0.016319 0.001868 0.485627 0.006517 1.651016 2234.825139
0.422217 0.020959 0.048732 0.015436 0.001833 0.484288 0.006535 1.653148 2244.844283
0.428087 0.019137 0.047016 0.014601 0.001801 0.482800 0.006558 1.655137 2255.538574
0.433975 0.017465 0.045305 0.013825 0.001754 0.481086 0.006588 1.656944 2267.444862
0.439914 0.015993 0.043528 0.013074 0.001715 0.479164 0.006611 1.658542 2277.777384
0.445791 0.014571 0.041838 0.012356 0.001677 0.477132 0.006635 1.660068 2287.838134
0.451583 0.013276 0.040167 0.011676 0.001642 0.475002 0.006654 1.661466 2297.356531
0.457444 0.012106 0.038400 0.010998 0.001601 0.472773 0.006679 1.662720 2309.433597
0.463299 0.011034 0.036719 0.010380 0.001563 0.470305 0.006702 1.663867 2319.122490
0.469098 0.010079 0.035028 0.009799 0.001527 0.467749 0.006721 1.664889 2328.553174
0.474876 0.009202 0.033417 0.009244 0.001499 0.465026 0.006737 1.665829 2337.427197
0.480593 0.008380 0.031818 0.008711 0.001462 0.462280 0.006756 1.666706 2347.777606
0.486355 0.007647 0.030230 0.008211 0.001420 0.459362 0.006777 1.667483 2357.776516
0.492067 0.006971 0.028697 0.007735 0.001387 0.456348 0.006795 1.668196 2367.070297
0.497739 0.006351 0.027256 0.007276 0.001350 0.453213 0.006815 1.668854 2376.414832
0.503381 0.005781 0.025866 0.006858 0.001319 0.449963 0.006832 1.669462 2384.679703
0.508995 0.005285 0.024517 0.006451 0.001282 0.446617 0.006853 1.669989 2395.070990
0.514488 0.004810 0.023226 0.006068 0.001251 0.443289 0.006869 1.670494 2403.412786
0.520061 0.004401 0.021977 0.005705 0.001219 0.439755 0.006883 1.670925 2411.060718
0.525491 0.004010 0.020837 0.005373 0.001186 0.436202 0.006900 1.671347 2420.126668
0.530931 0.003650 0.019706 0.005044 0.001153 0.432601 0.006916 1.671728 2428.293286
0.536283 0.003313 0.018673 0.004745 0.001121 0.428935 0.006930 1.672083 2436.594842
0.541628 0.003025 0.017638 0.004456 0.001091 0.425220 0.006942 1.672388 2442.941165
0.546887 0.002772 0.016670 0.004170 0.001057 0.421488 0.006955 1.672655 2451.234981
0.552184 0.002534 0.015736 0.003903 0.001028 0.417644 0.006971 1.672907 2459.276291
0.557361 0.002308 0.014822 0.003663 0.000999 0.413865 0.006983 1.673149 2467.512478
0.562559 0.002102 0.014002 0.003448 0.000970 0.409924 0.006995 1.673368 2475.654593
0.567664 0.001924 0.013183 0.003235 0.000938 0.406049 0.007007 1.673556 2484.348501
0.572701 0.001759 0.012418 0.003044 0.000906 0.402149 0.007022 1.673731 2493.327468
0.577680 0.001604 0.011712 0.002850 0.000882 0.398238 0.007033 1.673894 2499.947296
0.582625 0.001475 0.011002 0.002684 0.000854 0.394316 0.007044 1.674036 2508.527493
0.587618 0.001352 0.010353 0.002516 0.000830 0.390275 0.007056 1.674167 2515.271697
0.592451 0.001233 0.009753 0.002364 0.000804 0.386330 0.007066 1.674297 2523.028984
0.597245 0.001123 0.009190 0.002205 0.000778 0.382384 0.007077 1.674416 2529.620536
0.602015 0.001021 0.008644 0.002070 0.000750 0.378413 0.007088 1.674526 2538.524647
0.606753 0.000931 0.008119 0.001958 0.000727 0.374414 0.007100 1.674623 2545.227073
0.611417 0.000849 0.007633 0.001826 0.000702 0.370464 0.007110 1.674712 2552.152890
0.616038 0.000784 0.007177 0.001717 0.000678 0.366485 0.007122 1.674785 2558.282368
0.620586 0.000717 0.006757 0.001611 0.000657 0.362541 0.007130 1.674860 2564.777742
0.625050 0.000654 0.006352 0.001508 0.000629 0.358664 0.007142 1.674928 2571.758802
0.629492 0.000603 0.005956 0.001407 0.000611 0.354781 0.007151 1.674986 2577.260436
0.633876 0.000556 0.005596 0.001314 0.000589 0.350907 0.007162 1.675040 2583.911009
0.638169 0.000506 0.005239 0.001233 0.000569 0.347114 0.007171 1.675095 2589.960076
0.642458 0.000466 0.004904 0.001150 0.000545 0.343296 0.007181 1.675140 2596.988397
0.646748 0.000426 0.004597 0.001080 0.000530 0.339430 0.007188 1.675183 2601.676735
0.650964 0.000397 0.004306 0.001011 0.000514 0.335612 0.007197 1.675217 2606.433877
0.655103 0.000365 0.004045 0.000950 0.000496 0.331839 0.007203 1.675252 2611.164534
0.659261 0.000339 0.003799 0.000885 0.000478 0.328028 0.007210 1.675283 2616.318427
0.663342 0.000313 0.003563 0.000828 0.000467 0.324273 0.007215 1.675313 2620.914239
0.667357 0.000287 0.003353 0.000770 0.000451 0.320562 0.007220 1.675344 2625.704549
0.671382 0.000261 0.003140 0.000719 0.000433 0.316837 0.007228 1.675374 2631.930204
0.675290 0.000242 0.002935 0.000669 0.000419 0.313210 0.007234 1.675396 2636.769956
0.679172 0.000222 0.002752 0.000630 0.000405 0.309579 0.007240 1.675418 2641.216287
0.683027 0.000205 0.002582 0.000591 0.000388 0.305962 0.007245 1.675438 2646.172258
0.686818 0.000187 0.002423 0.000550 0.000374 0.302399 0.007249 1.675458 2651.323228
0.690559 0.000172 0.002271 0.000514 0.000359 0.298869 0.007255 1.675476 2655.874459
0.694269 0.000159 0.002130 0.000480 0.000346 0.295355 0.007261 1.675492 2659.475545
0.697991 0.000145 0.002004 0.000451 0.000330 0.291812 0.007268 1.675508 2664.748364
0.701610 0.000132 0.001875 0.000419 0.000314 0.288377 0.007273 1.675522 2670.007683
0.705223 0.000122 0.001753 0.000396 0.000305 0.284925 0.007276 1.675533 2673.661324
0.708735 0.000110 0.001646 0.000373 0.000293 0.281563 0.007281 1.675546 2678.011788
0.712214 0.000104 0.001538 0.000346 0.000281 0.278230 0.007286 1.675554 2682.139937
0.715674 0.000098 0.001435 0.000320 0.000271 0.274914 0.007289 1.675562 2686.038275
0.719136 0.000090 0.001353 0.000294 0.000263 0.271572 0.007293 1.675571 2689.788606
0.722531 0.000083 0.001267 0.000274 0.000253 0.268296 0.007296 1.675578 2693.661889
0.725878 0.000075 0.001185 0.000253 0.000243 0.265065 0.007301 1.675589 2697.070297
0.729165 0.000069 0.001103 0.000236 0.000232 0.261890 0.007304 1.675595 2700.474042
0.732433 0.000063 0.001039 0.000222 0.000224 0.258713 0.007307 1.675603 2703.732501
0.735671 0.000059 0.000968 0.000205 0.000215 0.255572 0.007311 1.675607 2706.494026
0.738845 0.000056 0.000909 0.000192 0.000208 0.252478 0.007313 1.675612 2709.149942
0.741964 0.000051 0.000848 0.000181 0.000199 0.249443 0.007316 1.675618 2712.709613
0.745057 0.000048 0.000788 0.000170 0.000195 0.246425 0.007318 1.675622 2714.338997
0.748183 0.000045 0.000733 0.000158 0.000188 0.243373 0.007320 1.675626 2717.206178
0.751215 0.000043 0.000681 0.000148 0.000180 0.240411 0.007323 1.675630 2720.550131
0.754247 0.000041 0.000636 0.000140 0.000176 0.237436 0.007324 1.675633 2722.266563
0.757208 0.000037 0.000599 0.000132 0.000168 0.234529 0.007328 1.675637 2725.731725
0.760080 0.000032 0.000563 0.000122 0.000159 0.231711 0.007332 1.675643 2729.472104
0.762954 0.000029 0.000527 0.000115 0.000153 0.228887 0.007335 1.675646 2731.973968
0.765814 0.000027 0.000491 0.000107 0.000147 0.226078 0.007337 1.675649 2734.532563
0.768636 0.000025 0.000461 0.000101 0.000141 0.223297 0.007339 1.675651 2736.656405
0.771345 0.000023 0.000430 0.000094 0.000135 0.220632 0.007341 1.675653 2739.381617
0.774053 0.000022 0.000405 0.000088 0.000130 0.217959 0.007343 1.675656 2741.424022
0.776741 0.000020 0.000378 0.000080 0.000125 0.215311 0.007345 1.675659 2743.545280
0.779392 0.000020 0.000354 0.000075 0.000116 0.212695 0.007348 1.675660 2746.947926
0.782087 0.000018 0.000334 0.000070 0.000110 0.210031 0.007350 1.675662 2749.415990
0.784647 0.000017 0.000313 0.000064 0.000105 0.207503 0.007352 1.675663 2751.626884
0.787220 0.000015 0.000292 0.000061 0.000103 0.204957 0.007353 1.675665 2752.871025
0.789751 0.000015 0.000267 0.000058 0.000097 0.202458 0.007354 1.675665 2755.069354
0.792265 0.000013 0.000251 0.000054 0.000093 0.199968 0.007356 1.675668 2756.519666
0.794792 0.000013 0.000235 0.000050 0.000090 0.197462 0.007357 1.675668 2758.260894
0.797209 0.000013 0.000219 0.000047 0.000086 0.195068 0.007358 1.675669 2760.015296
0.799617 0.000012 0.000203 0.000044 0.000084 0.192681 0.007359 1.675670 2761.667820
0.801982 0.000010 0.000191 0.000042 0.000081 0.190333 0.007360 1.675672 2763.118065
0.804247 0.000009 0.000180 0.000040 0.000077 0.188085 0.007363 1.675673 2764.615010
0.806455 0.000008 0.000167 0.000037 0.000075 0.185894 0.007364 1.675675 2765.851024
0.808616 0.000007 0.000155 0.000033 0.000072 0.183751 0.007365 1.675677 2767.130026
0.810712 0.000007 0.000145 0.000030 0.000069 0.181669 0.007367 1.675677 2768.676569
0.812718 0.000006 0.000136 0.000029 0.000066 0.179678 0.007368 1.675678 2770.246863
0.814717 0.000006 0.000128 0.000027 0.000064 0.177691 0.007369 1.675679 2771.391482
0.816661 0.000005 0.000121 0.000025 0.000062 0.175756 0.007370 1.675679 2772.075935
0.818528 0.000005 0.000112 0.000022 0.000060 0.173904 0.007370 1.675680 2773.041450
0.820349 0.000005 0.000105 0.000021 0.000057 0.172092 0.007372 1.675680 2774.248338
0.822125 0.000004 0.000099 0.000019 0.000053 0.170326 0.007373 1.675680 2775.975110
0.823789 0.000004 0.000095 0.000018 0.000051 0.168669 0.007375 1.675681 2777.099478
0.825447 0.000004 0.000087 0.000017 0.000048 0.167021 0.007376 1.675681 2778.333069
0.827036 0.000003 0.000080 0.000016 0.000047 0.165442 0.007376 1.675682 2778.901780
0.828579 0.000003 0.000076 0.000013 0.000045 0.163908 0.007377 1.675683 2780.585979
0.830044 0.000003 0.000071 0.000012 0.000043 0.162450 0.007377 1.675683 2781.371911
0.831431 0.000003 0.000068 0.000012 0.000042 0.161067 0.007377 1.675683 2781.790929
0.832795 0.000002 0.000062 0.000012 0.000040 0.159709 0.007378 1.675684 2782.630977
0.834091 0.000003 0.000058 0.000011 0.000040 0.158419 0.007379 1.675684 2782.987920
0.835323 0.000002 0.000053 0.000010 0.000038 0.157194 0.007379 1.675684 2783.825995
0.836491 0.000003 0.000050 0.000010 0.000036 0.156030 0.007380 1.675684 2784.645734
0.837619 0.000002 0.000047 0.000010 0.000035 0.154907 0.007381 1.675685 2785.347411
0.838685 0.000002 0.000044 0.000009 0.000033 0.153845 0.007381 1.675685 2786.352325
0.839660 0.000002 0.000041 0.000008 0.000032 0.152875 0.007381 1.675685 2786.757420
0.840599 0.000002 0.000039 0.000008 0.000030 0.151940 0.007382 1.675686 2787.653585
0.841500 0.000002 0.000036 0.000008 0.000030 0.151043 0.007382 1.675686 2788.120040
0.842366 0.000002 0.000033 0.000007 0.000028 0.150181 0.007383 1.675686 2789.299064
0.843185 0.000002 0.000031 0.000007 0.000027 0.149366 0.007383 1.675686 2789.703073
0.843993 0.000002 0.000029 0.000007 0.000026 0.148560 0.007383 1.675686 2790.274248
0.844753 0.000002 0.000026 0.000007 0.000026 0.147803 0.007384 1.675686 2790.765446
0.845453 0.000001 0.000025 0.000007 0.000025 0.147105 0.007384 1.675687 2791.266301
0.846116 0.000001 0.000023 0.000006 0.000024 0.146445 0.007384 1.675687 2791.455290
0.846775 0.000001 0.000021 0.000006 0.000023 0.145790 0.007385 1.675687 2792.003834
0.847384 0.000001 0.000019 0.000005 0.000022 0.145183 0.007385 1.675687 2792.900667
0.847949 0.000001 0.000019 0.000005 0.000022 0.144619 0.007385 1.675687 2793.185204
0.848483 0.000001 0.000017 0.000004 0.000020 0.144088 0.007386 1.675687 2794.085241
0.849002 0.000001 0.000017 0.000004 0.000020 0.143570 0.007387 1.675687 2794.520427
0.849476 0.000001 0.000016 0.000004 0.000018 0.143098 0.007387 1.675687 2795.177809
0.849961 0.000000 0.000015 0.000004 0.000017 0.142615 0.007387 1.675688 2795.854740
0.850371 0.000000 0.000015 0.000004 0.000016 0.142207 0.007388 1.675688 2796.656933
0.850762 0.000000 0.000013 0.000004 0.000015 0.141817 0.007389 1.675688 2797.101836
0.851137 0.000000 0.000012 0.000004 0.000015 0.141443 0.007389 1.675688 2797.320633
0.851492 0.000000 0.000011 0.000003 0.000015 0.141090 0.007389 1.675688 2797.320633
0.851834 0.000000 0.000010 0.000003 0.000015 0.140748 0.007389 1.675688 2797.410174
0.852154 0.000000 0.000010 0.000003 0.000014 0.140430 0.007389 1.675688 2797.731892
0.852479 0.000000 0.000009 0.000003 0.000014 0.140106 0.007389 1.675688 2797.731892
0.852768 0.000000 0.000009 0.000003 0.000014 0.139817 0.007389 1.675688 2797.927400
0.853053 0.000000 0.000009 0.000003 0.000013 0.139533 0.007389 1.675688 2798.377752
0.853338 0.000000 0.000008 0.000002 0.000013 0.139250 0.007390 1.675688 2798.523392
0.853583 0.000000 0.000007 0.000002 0.000012 0.139005 0.007390 1.675688 2798.915687
0.853825 0.000000 0.000007 0.000002 0.000012 0.138764 0.007390 1.675688 2799.131607
0.854051 0.000000 0.000006 0.000002 0.000011 0.138538 0.007391 1.675688 2799.721803
0.854257 0.000000 0.000005 0.000002 0.000011 0.138333 0.007391 1.675688 2799.721803
0.854481 0.000000 0.000005 0.000002 0.000011 0.138110 0.007391 1.675688 2799.721803
0.854658 0.000000 0.000005 0.000001 0.000010 0.137935 0.007391 1.675688 2800.282980
0.854832 0.000000 0.000005 0.000001 0.000010 0.137761 0.007391 1.675688 2800.478192
0.854997 0.000000 0.000004 0.000000 0.000010 0.137597 0.007391 1.675688 2800.674700
0.855154 0.000000 0.000004 0.000000 0.000010 0.137441 0.007391 1.675688 2800.674700
0.855295 0.000000 0.000003 0.000000 0.000009 0.137300 0.007391 1.675688 2801.196228
0.855430 0.000000 0.000003 0.000000 0.000009 0.137166 0.007391 1.675688 2801.313399
0.855559 0.000000 0.000003 0.000000 0.000009 0.137038 0.007391 1.675688 2801.313399
0.855678 0.000000 0.000003 0.000000 0.000008 0.136919 0.007391 1.675688 2801.504074
0.855792 0.000000 0.000003 0.000000 0.000008 0.136805 0.007392 1.675688 2801.936580
0.855905 0.000000 0.000002 0.000000 0.000007 0.136692 0.007392 1.675688 2802.373184
0.856008 0.000000 0.000002 0.000000 0.000007 0.136590 0.007392 1.675688 2802.373184
0.856108 0.000000 0.000002 0.000000 0.000007 0.136491 0.007392 1.675688 2802.864081
0.856187 0.000000 0.000002 0.000000 0.000006 0.136412 0.007393 1.675688 2803.586815
0.856259 0.000000 0.000002 0.000000 0.000006 0.136341 0.007393 1.675688 2803.788739
0.856330 0.000000 0.000002 0.000000 0.000006 0.136270 0.007393 1.675688 2803.788739
0.856398 0.000000 0.000002 0.000000 0.000005 0.136202 0.007393 1.675688 2804.238538
0.856468 0.000000 0.000001 0.000000 0.000005 0.136133 0.007393 1.675688 2804.238538
0.856534 0.000000 0.000001 0.000000 0.000005 0.136066 0.007393 1.675688 2804.238538
0.856596 0.000000 0.000001 0.000000 0.000005 0.136006 0.007393 1.675688 2804.346276
0.856652 0.000000 0.000001 0.000000 0.000005 0.135949 0.007393 1.675688 2804.508634
0.856709 0.000000 0.000000 0.000000 0.000004 0.135893 0.007393 1.675688 2804.679755
0.856754 0.000000 0.000000 0.000000 0.000004 0.135848 0.007393 1.675688 2804.892564
0.856802 0.000000 0.000000 0.000000 0.000004 0.135800 0.007393 1.675688 2805.089711
0.856840 0.000000 0.000000 0.000000 0.000004 0.135762 0.007393 1.675688 2805.110758
0.856880 0.000000 0.000000 0.000000 0.000004 0.135722 0.007393 1.675688 2805.110758
0.856917 0.000000 0.000000 0.000000 0.000004 0.135686 0.007393 1.675688 2805.110758
0.856955 0.000000 0.000000 0.000000 0.000004 0.135647 0.007393 1.675688 2805.110758
0.856993 0.000000 0.000000 0.000000 0.000004 0.135609 0.007393 1.675688 2805.110758
0.857028 0.000000 0.000000 0.000000 0.000003 0.135575 0.007393 1.675688 2805.285329
0.857065 0.000000 0.000000 0.000000 0.000003 0.135538 0.007393 1.675688 2805.285329
0.857098 0.000000 0.000000 0.000000 0.000003 0.135505 0.007393 1.675688 2805.285329
0.857131 0.000000 0.000000 0.000000 0.000003 0.135472 0.007393 1.675688 2805.285329
0.857158 0.000000 0.000000 0.000000 0.000003 0.135445 0.007393 1.675688 2805.285329
0.857186 0.000000 0.000000 0.000000 0.000003 0.135417 0.007393 1.675688 2805.285329
0.857214 0.000000 0.000000 0.000000 0.000003 0.135389 0.007393 1.675688 2805.285329
0.857246 0.000000 0.000000 0.000000 0.000003 0.135357 0.007393 1.675688 2805.285329
0.857270 0.000000 0.000000 0.000000 0.000003 0.135333 0.007393 1.675688 2805.285329
0.857296 0.000000 0.000000 0.000000 0.000003 0.135308 0.007393 1.675688 2805.438451
0.857319 0.000000 0.000000 0.000000 0.000003 0.135284 0.007393 1.675688 2805.438451
0.857350 0.000000 0.000000 0.000000 0.000003 0.135253 0.007393 1.675688 2805.438451
0.857375 0.000000 0.000000 0.000000 0.000003 0.135228 0.007393 1.675688 2805.438451
0.857396 0.000000 0.000000 0.000000 0.000003 0.135207 0.007393 1.675688 2805.438451
0.857419 0.000000 0.000000 0.000000 0.000003 0.135185 0.007393 1.675688 2805.438451
0.857446 0.000000 0.000000 0.000000 0.000003 0.135158 0.007393 1.675688 2805.648464
0.857468 0.000000 0.000000 0.000000 0.000003 0.135135 0.007394 1.675688 2805.872338
0.857488 0.000000 0.000000 0.000000 0.000003 0.135115 0.007394 1.675688 2805.872338
0.857508 0.000000 0.000000 0.000000 0.000003 0.135096 0.007394 1.675688 2805.872338
0.857530 0.000000 0.000000 0.000000 0.000002 0.135073 0.007394 1.675689 2805.881872
0.857550 0.000000 0.000000 0.000000 0.000002 0.135053 0.007394 1.675689 2805.881872
0.857564 0.000000 0.000000 0.000000 0.000002 0.135040 0.007394 1.675689 2805.898512
0.857582 0.000000 0.000000 0.000000 0.000002 0.135022 0.007394 1.675689 2805.898512
0.857599 0.000000 0.000000 0.000000 0.000002 0.135005 0.007394 1.675689 2805.898512
0.857613 0.000000 0.000000 0.000000 0.000002 0.134991 0.007394 1.675689 2805.898512
0.857629 0.000000 0.000000 0.000000 0.000002 0.134974 0.007394 1.675689 2805.898512
0.857644 0.000000 0.000000 0.000000 0.000002 0.134960 0.007394 1.675689 2805.898512
0.857659 0.000000 0.000000 0.000000 0.000002 0.134945 0.007394 1.675689 2805.921736
0.857672 0.000000 0.000000 0.000000 0.000002 0.134932 0.007394 1.675689 2805.967611
0.857685 0.000000 0.000000 0.000000 0.000002 0.134919 0.007394 1.675689 2805.967611
0.857697 0.000000 0.000000 0.000000 0.000002 0.134907 0.007394 1.675689 2805.967611
0.857707 0.000000 0.000000 0.000000 0.000002 0.134898 0.007394 1.675689 2805.967611
0.857718 0.000000 0.000000 0.000000 0.000002 0.134887 0.007394 1.675689 2805.967611
0.857727 0.000000 0.000000 0.000000 0.000002 0.134877 0.007394 1.675689 2805.967611
0.857742 0.000000 0.000000 0.000000 0.000002 0.134863 0.007394 1.675689 2805.967611
0.857750 0.000000 0.000000 0.000000 0.000002 0.134854 0.007394 1.675689 2805.967611
0.857759 0.000000 0.000000 0.000000 0.000002 0.134845 0.007394 1.675689 2805.967611
0.857770 0.000000 0.000000 0.000000 0.000002 0.134835 0.007394 1.675689 2805.967611
0.857779 0.000000 0.000000 0.000000 0.000001 0.134825 0.007394 1.675689 2806.018588
0.857785 0.000000 0.000000 0.000000 0.000001 0.134819 0.007394 1.675689 2806.240359
0.857791 0.000000 0.000000 0.000000 0.000001 0.134814 0.007394 1.675689 2806.240359
0.857797 0.000000 0.000000 0.000000 0.000001 0.134808 0.007394 1.675689 2806.240359
0.857805 0.000000 0.000000 0.000000 0.000001 0.134800 0.007394 1.675689 2806.240359
0.857811 0.000000 0.000000 0.000000 0.000001 0.134794 0.007394 1.675689 2806.240359
0.857817 0.000000 0.000000 0.000000 0.000001 0.134788 0.007394 1.675689 2806.240359
0.857823 0.000000 0.000000 0.000000 0.000001 0.134782 0.007394 1.675689 2806.240359
0.857828 0.000000 0.000000 0.000000 0.000001 0.134777 0.007394 1.675689 2806.240359
0.857833 0.000000 0.000000 0.000000 0.000001 0.134772 0.007394 1.675689 2806.240359
0.857839 0.000000 0.000000 0.000000 0.000001 0.134766 0.007394 1.675689 2806.240359
0.857845 0.000000 0.000000 0.000000 0.000001 0.134760 0.007394 1.675689 2806.240359
0.857850 0.000000 0.000000 0.000000 0.000001 0.134755 0.007394 1.675689 2806.240359
0.857855 0.000000 0.000000 0.000000 0.000001 0.134750 0.007394 1.675689 2806.240359
0.857861 0.000000 0.000000 0.000000 0.000001 0.134744 0.007394 1.675689 2806.240359
0.857864 0.000000 0.000000 0.000000 0.000001 0.134741 0.007394 1.675689 2806.341620
0.857869 0.000000 0.000000 0.000000 0.000001 0.134736 0.007394 1.675689 2806.341620
0.857872 0.000000 0.000000 0.000000 0.000001 0.134733 0.007394 1.675689 2806.341620
0.857877 0.000000 0.000000 0.000000 0.000001 0.134728 0.007394 1.675689 2806.341620
0.857881 0.000000 0.000000 0.000000 0.000001 0.134724 0.007394 1.675689 2806.341620
0.857887 0.000000 0.000000 0.000000 0.000001 0.134718 0.007394 1.675689 2806.341620
0.857890 0.000000 0.000000 0.000000 0.000000 0.134716 0.007394 1.675689 2806.432349
0.857892 0.000000 0.000000 0.000000 0.000000 0.134713 0.007394 1.675689 2806.432349
0.857895 0.000000 0.000000 0.000000 0.000000 0.134711 0.007394 1.675689 2806.432349
0.857897 0.000000 0.000000 0.000000 0.000000 0.134709 0.007394 1.675689 2806.432349
0.857898 0.000000 0.000000 0.000000 0.000000 0.134708 0.007394 1.675689 2806.432349
0.857900 0.000000 0.000000 0.000000 0.000000 0.134706 0.007394 1.675689 2806.432349
0.857902 0.000000 0.000000 0.000000 0.000000 0.134703 0.007394 1.675689 2806.432349
0.857903 0.000000 0.000000 0.000000 0.000000 0.134702 0.007394 1.675689 2806.432349
0.857906 0.000000 0.000000 0.000000 0.000000 0.134700 0.007394 1.675689 2806.432349
0.857909 0.000000 0.000000 0.000000 0.000000 0.134697 0.007394 1.675689 2806.714565
0.857911 0.000000 0.000000 0.000000 0.000000 0.134695 0.007394 1.675689 2806.714565
0.857912 0.000000 0.000000 0.000000 0.000000 0.134694 0.007394 1.675689 2806.714565
0.857913 0.000000 0.000000 0.000000 0.000000 0.134692 0.007394 1.675689 2806.714565
0.857914 0.000000 0.000000 0.000000 0.000000 0.134691 0.007394 1.675689 2806.714565
0.857916 0.000000 0.000000 0.000000 0.000000 0.134690 0.007394 1.675689 2806.714565
0.857917 0.000000 0.000000 0.000000 0.000000 0.134689 0.007394 1.675689 2806.714565
0.857917 0.000000 0.000000 0.000000 0.000000 0.134688 0.007394 1.675689 2806.714565
0.857918 0.000000 0.000000 0.000000 0.000000 0.134688 0.007394 1.675689 2806.714565
0.857918 0.000000 0.000000 0.000000 0.000000 0.134687 0.007394 1.675689 2806.714565
0.857919 0.000000 0.000000 0.000000 0.000000 0.134687 0.007394 1.675689 2806.714565
0.857920 0.000000 0.000000 0.000000 0.000000 0.134686 0.007394 1.675689 2806.714565
0.857921 0.000000 0.000000 0.000000 0.000000 0.134685 0.007394 1.675689 2806.714565
0.857921 0.000000 0.000000 0.000000 0.000000 0.134685 0.007394 1.675689 2806.714565
0.857921 0.000000 0.000000 0.000000 0.000000 0.134685 0.007394 1.675689 2806.824297
0.857921 0.000000 0.000000 0.000000 0.000000 0.134685 0.007394 1.675689 2806.824297
0.857921 0.000000 0.000000 0.000000 0.000000 0.134685 0.007394 1.675689 2806.824297
0.857921 0.000000 0.000000 0.000000 0.000000 0.134685 0.007394 1.675689 2806.824297
0.857921 0.000000 0.000000 0.000000 0.000000 0.134685 0.007394 1.675689 2806.824297
0.857921 0.000000 0.000000 0.000000 0.000000 0.134685 0.007394 1.675689 2806.824297
0.857921 0.000000 0.000000 0.000000 0.000000 0.134685 0.007394 1.675689 2806.824297
0.857921 0.000000 0.000000 0.000000 0.000000 0.134685 0.007394 1.675689 2806.824297
0.857921 0.000000 0.000000 0.000000 0.000000 0.134685 0.007394 1.675689 2806.824297
0.857921 0.000000 0.000000 0.000000 0.000000 0.134685 0.007394 1.675689 2806.824297
0.857921 0.000000 0.000000 0.000000 0.000000 0.134685 0.007394 1.675689 2806.824297
0.857921 0.000000 0.000000 0.000000 0.000000 0.134685 0.007394 1.675689 2806.824297
0.857921 0.000000 0.000000 0.000000 0.000000 0.134685 0.007394 1.675689 2806.824297
0.857921 0.000000 0.000000 0.000000 0.000000 0.134685 0.007394 1.675689 2806.824297
0.857921 0.000000 0.000000 0.000000 0.000000 0.134685 0.007394 1.675689 2806.824297
0.857921 0.000000 0.000000 0.000000 0.000000 0.134685 0.007394 1.675689 2806.824297
0.857921 0.000000 0.000000 0.000000 0.000000 0.134685 0.007394 1.675689 2806.824297
0.857921 0.000000 0.000000 0.000000 0.000000 0.134685 0.007394 1.675689 2806.824297
0.857921 0.000000 0.000000 0.000000 0.000000 0.134685 0.007394 1.675689 2806.824297
0.857921 0.000000 0.000000 0.000000 0.000000 0.134685 0.007394 1.675689 2806.824297
0.857921 0.000000 0.000000 0.000000 0.000000 0.134685 0.007394 1.675689 2806.824297
0.857921 0.000000 0.000000 0.000000 0.000000 0.134685 0.007394 1.675689 2806.824297
0.857921 0.000000 0.000000 0.000000 0.000000 0.134685 0.007394 1.675689 2806.824297
0.857921 0.000000 0.000000 0.000000 0.000000 0.134685 0.007394 1.675689 2806.824297
0.857921 0.000000 0.000000 0.000000 0.000000 0.134685 0.007394 1.675689 2806.824297
0.857921 0.000000 0.000000 0.000000 0.000000 0.134685 0.007394 1.675689 2806.824297
0.857921 0.000000 0.000000 0.000000 0.000000 0.134685 0.007394 1.675689 2806.824297
0.857921 0.000000 0.000000 0.000000 0.000000 0.134685 0.007394 1.675689 2806.824297
0.857921 0.000000 0.000000 0.000000 0.000000 0.134685 0.007394 1.675689 2806.824297
0.857921 0.000000 0.000000 0.000000 0.000000 0.134685 0.007394 1.675689 2806.824297
0.857921 0.000000 0.000000 0.000000 0.000000 0.134685 0.007394 1.675689 2806.824297
0.857921 0.000000 0.000000 0.000000 0.000000 0.134685 0.007394 1.675689 2806.824297
0.857921 0.000000 0.000000 0.000000 0.000000 0.134685 0.007394 1.675689 2806.824297
0.857921 0.000000 0.000000 0.000000 0.000000 0.134685 0.007394 1.675689 2806.824297
0.857921 0.000000 0.000000 0.000000 0.000000 0.134685 0.007394 1.675689 2806.824297
0.857921 0.000000 0.000000 0.000000 0.000000 0.134685 0.007394 1.675689 2806.824297
0.857921 0.000000 0.000000 0.000000 0.000000 0.134685 0.007394 1.675689 2806.824297
0.857921 0.000000 0.000000 0.000000 0.000000 0.134685 0.007394 1.675689 2806.824297
0.857921 0.000000 0.000000 0.000000 0.000000 0.134685 0.007394 1.675689 2806.824297
0.857921 0.000000 0.000000 0.000000 0.000000 0.134685 0.007394 1.675689 2806.824297
0.857921 0.000000 0.000000 0.000000 0.000000 0.134685 0.007394 1.675689 2806.824297
0.857921 0.000000 0.000000 0.000000 0.000000 0.134685 0.007394 1.675689 2806.824297
0.857921 0.000000 0.000000 0.000000 0.000000 0.134685 0.007394 1.675689 2806.824297
0.857921 0.000000 0.000000 0.000000 0.000000 0.134685 0.007394 1.675689 2806.824297
0.857921 0.000000 0.000000 0.000000 0.000000 0.134685 0.007394 1.675689 2806.824297
0.857921 0.000000 0.000000 0.000000 0.000000 0.134685 0.007394 1.675689 2806.824297
0.857921 0.000000 0.000000 0.000000 0.000000 0.134685 0.007394 1.675689 2806.824297
0.857921 0.000000 0.000000 0.000000 0.000000 0.134685 0.007394 1.675689 2806.824297
0.857921 0.000000 0.000000 0.000000 0.000000 0.134685 0.007394 1.675689 2806.824297
0.857921 0.000000 0.000000 0.000000 0.000000 0.134685 0.007394 1.675689 2806.824297
0.857921 0.000000 0.000000 0.000000 0.000000 0.134685 0.007394 1.675689 2806.824297
0.857921 0.000000 0.000000 0.000000 0.000000 0.134685 0.007394 1.675689 2806.824297
0.857921 0.000000 0.000000 0.000000 0.000000 0.134685 0.007394 1.675689 2806.824297
0.857921 0.000000 0.000000 0.000000 0.000000 0.134685 0.007394 1.675689 2806.824297
0.857921 0.000000 0.000000 0.000000 0.000000 0.134685 0.007394 1.675689 2806.824297
0.857921 0.000000 0.000000 0.000000 0.000000 0.134685 0.007394 1.675689 2806.824297
0.857921 0.000000 0.000000 0.000000 0.000000 0.134685 0.007394 1.675689 2806.824297
0.857921 0.000000 0.000000 0.000000 0.000000 0.134685 0.007394 1.675689 2806.824297
0.857921 0.000000 0.000000 0.000000 0.000000 0.134685 0.007394 1.675689 2806.824297
0.857921 0.000000 0.000000 0.000000 0.000000 0.134685 0.007394 1.675689 2806.824297
0.857921 0.000000 0.000000 0.000000 0.000000 0.134685 0.007394 1.675689 2806.824297
0.857921 0.000000 0.000000 0.000000 0.000000 0.134685 0.007394 1.675689 2806.824297
0.857921 0.000000 0.000000 0.000000 0.000000 0.134685 0.007394 1.675689 2806.824297
0.857921 0.000000 0.000000 0.000000 0.000000 0.134685 0.007394 1.675689 2806.824297
0.857921 0.000000 0.000000 0.000000 0.000000 0.134685 0.007394 1.675689 2806.824297
0.857921 0.000000 0.000000 0.000000 0.000000 0.134685 0.007394 1.675689 2806.824297
0.857921 0.000000 0.000000 0.000000 0.000000 0.134685 0.007394 1.675689 2806.824297
0.857921 0.000000 0.000000 0.000000 0.000000 0.134685 0.007394 1.675689 2806.824297
0.857921 0.000000 0.000000 0.000000 0.000000 0.134685 0.007394 1.675689 2806.824297
0.857921 0.000000 0.000000 0.000000 0.000000 0.134685 0.007394 1.675689 2806.824297
0.857921 0.000000 0.000000 0.000000 0.000000 0.134685 0.007394 1.675689 2806.824297
0.857921 0.000000 0.000000 0.000000 0.000000 0.134685 0.007394 1.675689 2806.824297
0.857921 0.000000 0.000000 0.000000 0.000000 0.134685 0.007394 1.675689 2806.824297
0.857921 0.000000 0.000000 0.000000 0.000000 0.134685 0.007394 1.675689 2806.824297
0.857921 0.000000 0.000000 0.000000 0.000000 0.134685 0.007394 1.675689 2806.824297
0.857921 0.000000 0.000000 0.000000 0.000000 0.134685 0.007394 1.675689 2806.824297
0.857921 0.000000 0.000000 0.000000 0.000000 0.134685 0.007394 1.675689 2806.824297
0.857921 0.000000 0.000000 0.000000 0.000000 0.134685 0.007394 1.675689 2806.824297
0.857921 0.000000 0.000000 0.000000 0.000000 0.134685 0.007394 1.675689 2806.824297
0.857921 0.000000 0.000000 0.000000 0.000000 0.134685 0.007394 1.675689 2806.824297
0.857921 0.000000 0.000000 0.000000 0.000000 0.134685 0.007394 1.675689 2806.824297
0.857921 0.000000 0.000000 0.000000 0.000000 0.134685 0.007394 1.675689 2806.824297
0.857921 0.000000 0.000000 0.000000 0.000000 0.134685 0.007394 1.675689 2806.824297
0.857921 0.000000 0.000000 0.000000 0.000000 0.134685 0.007394 1.675689 2806.824297
0.857921 0.000000 0.000000 0.000000 0.000000 0.134685 0.007394 1.675689 2806.824297
0.857921 0.000000 0.000000 0.000000 0.000000 0.134685 0.007394 1.675689 2806.824297
0.857921 0.000000 0.000000 0.000000 0.000000 0.134685 0.007394 1.675689 2806.824297
0.857921 0.000000 0.000000 0.000000 0.000000 0.134685 0.007394 1.675689 2806.824297
0.857921 0.000000 0.000000 0.000000 0.000000 0.134685 0.007394 1.675689 2806.824297
0.857921 0.000000 0.000000 0.000000 0.000000 0.134685 0.007394 1.675689 2806.824297
0.857921 0.000000 0.000000 0.000000 0.000000 0.134685 0.007394 1.675689 2806.824297
0.857921 0.000000 0.000000 0.000000 0.000000 0.134685 0.007394 1.675689 2806.824297
0.857921 0.000000 0.000000 0.000000 0.000000 0.134685 0.007394 1.675689 2806.824297
0.857921 0.000000 0.000000 0.000000 0.000000 0.134685 0.007394 1.675689 2806.824297
0.857921 0.000000 0.000000 0.000000 0.000000 0.134685 0.007394 1.675689 2806.824297
0.857921 0.000000 0.000000 0.000000 0.000000 0.134685 0.007394 1.675689 2806.824297
0.857921 0.000000 0.000000 0.000000 0.000000 0.134685 0.007394 1.675689 2806.824297
0.857921 0.000000 0.000000 0.000000 0.000000 0.134685 0.007394 1.675689 2806.824297
0.857921 0.000000 0.000000 0.000000 0.000000 0.134685 0.007394 1.675689 2806.824297
0.857921 0.000000 0.000000 0.000000 0.000000 0.134685 0.007394 1.675689 2806.824297
0.857921 0.000000 0.000000 0.000000 0.000000 0.134685 0.007394 1.675689 2806.824297
0.857921 0.000000 0.000000 0.000000 0.000000 0.134685 0.007394 1.675689 2806.824297
0.857921 0.000000 0.000000 0.000000 0.000000 0.134685 0.007394 1.675689 2806.824297
0.857921 0.000000 0.000000 0.000000 0.000000 0.134685 0.007394 1.675689 2806.824297
0.857921 0.000000 0.000000 0.000000 0.000000 0.134685 0.007394 1.675689 2806.824297
0.857921 0.000000 0.000000 0.000000 0.000000 0.134685 0.007394 1.675689 2806.824297
0.857921 0.000000 0.000000 0.000000 0.000000 0.134685 0.007394 1.675689 2806.824297
0.857921 0.000000 0.000000 0.000000 0.000000 0.134685 0.007394 1.675689 2806.824297
0.857921 0.000000 0.000000 0.000000 0.000000 0.134685 0.007394 1.675689 2806.824297
0.857921 0.000000 0.000000 0.000000 0.000000 0.134685 0.007394 1.675689 2806.824297
0.857921 0.000000 0.000000 0.000000 0.000000 0.134685 0.007394 1.675689 2806.824297
0.857921 0.000000 0.000000 0.000000 0.000000 0.134685 0.007394 1.675689 2806.824297
0.857921 0.000000 0.000000 0.000000 0.000000 0.134685 0.007394 1.675689 2806.824297
0.857921 0.000000 0.000000 0.000000 0.000000 0.134685 0.007394 1.675689 2806.824297
0.857921 0.000000 0.000000 0.000000 0.000000 0.134685 0.007394 1.675689 2806.824297
0.857921 0.000000 0.000000 0.000000 0.000000 0.134685 0.007394 1.675689 2806.824297
0.857921 0.000000 0.000000 0.000000 0.000000 0.134685 0.007394 1.675689 2806.824297
0.857921 0.000000 0.000000 0.000000 0.000000 0.134685 0.007394 1.675689 2806.824297
0.857921 0.000000 0.000000 0.000000 0.000000 0.134685 0.007394 1.675689 2806.824297
0.857921 0.000000 0.000000 0.000000 0.000000 0.134685 0.007394 1.675689 2806.824297
0.857921 0.000000 0.000000 0.000000 0.000000 0.134685 0.007394 1.675689 2806.824297
0.857921 0.000000 0.000000 0.000000 0.000000 0.134685 0.007394 1.675689 2806.824297
0.857921 0.000000 0.000000 0.000000 0.000000 0.134685 0.007394 1.675689 2806.824297
0.857921 0.000000 0.000000 0.000000 0.000000 0.134685 0.007394 1.675689 2806.824297
0.857921 0.000000 0.000000 0.000000 0.000000 0.134685 0.007394 1.675689 2806.824297
0.857921 0.000000 0.000000 0.000000 0.000000 0.134685 0.007394 1.675689 2806.824297
0.857921 0.000000 0.000000 0.000000 0.000000 0.134685 0.007394 1.675689 2806.824297
0.857921 0.000000 0.000000 0.000000 0.000000 0.134685 0.007394 1.675689 2806.824297
0.857921 0.000000 0.000000 0.000000 0.000000 0.134685 0.007394 1.675689 2806.824297
0.857921 0.000000 0.000000 0.000000 0.000000 0.134685 0.007394 1.675689 2806.824297
0.857921 0.000000 0.000000 0.000000 0.000000 0.134685 0.007394 1.675689 2806.824297
0.857921 0.000000 0.000000 0.000000 0.000000 0.134685 0.007394 1.675689 2806.824297
0.857921 0.000000 0.000000 0.000000 0.000000 0.134685 0.007394 1.675689 2806.824297
0.857921 0.000000 0.000000 0.000000 0.000000 0.134685 0.007394 1.675689 2806.824297
0.857921 0.000000 0.000000 0.000000 0.000000 0.134685 0.007394 1.675689 2806.824297
0.857921 0.000000 0.000000 0.000000 0.000000 0.134685 0.007394 1.675689 2806.824297
0.857921 0.000000 0.000000 0.000000 0.000000 0.134685 0.007394 1.675689 2806.824297
0.857921 0.000000 0.000000 0.000000 0.000000 0.134685 0.007394 1.675689 2806.824297
0.857921 0.000000 0.000000 0.000000 0.000000 0.134685 0.007394 1.675689 2806.824297
0.857921 0.000000 0.000000 0.000000 0.000000 0.134685 0.007394 1.675689 2806.824297
0.857921 0.000000 0.000000 0.000000 0.000000 0.134685 0.007394 1.675689 2806.824297
0.857921 0.000000 0.000000 0.000000 0.000000 0.134685 0.007394 1.675689 2806.824297
0.857921 0.000000 0.000000 0.000000 0.000000 0.134685 0.007394 1.675689 2806.824297
0.857921 0.000000 0.000000 0.000000 0.000000 0.134685 0.007394 1.675689 2806.824297
0.857921 0.000000 0.000000 0.000000 0.000000 0.134685 0.007394 1.675689 2806.824297
0.857921 0.000000 0.000000 0.000000 0.000000 0.134685 0.007394 1.675689 2806.824297
0.857921 0.000000 0.000000 0.000000 0.000000 0.134685 0.007394 1.675689 2806.824297
0.857921 0.000000 0.000000 0.000000 0.000000 0.134685 0.007394 1.675689 2806.824297
0.857921 0.000000 0.000000 0.000000 0.000000 0.134685 0.007394 1.675689 2806.824297
0.857921 0.000000 0.000000 0.000000 0.000000 0.134685 0.007394 1.675689 2806.824297
0.857921 0.000000 0.000000 0.000000 0.000000 0.134685 0.007394 1.675689 2806.824297
0.857921 0.000000 0.000000 0.000000 0.000000 0.134685 0.007394 1.675689 2806.824297
0.857921 0.000000 0.000000 0.000000 0.000000 0.134685 0.007394 1.675689 2806.824297
0.857921 0.000000 0.000000 0.000000 0.000000 0.134685 0.007394 1.675689 2806.824297
0.857921 0.000000 0.000000 0.000000 0.000000 0.134685 0.007394 1.675689 2806.824297
0.857921 0.000000 0.000000 0.000000 0.000000 0.134685 0.007394 1.675689 2806.824297
0.857921 0.000000 0.000000 0.000000 0.000000 0.134685 0.007394 1.675689 2806.824297
0.857921 0.000000 0.000000 0.000000 0.000000 0.134685 0.007394 1.675689 2806.824297
0.857921 0.000000 0.000000 0.000000 0.000000 0.134685 0.007394 1.675689 2806.824297
0.857921 0.000000 0.000000 0.000000 0.000000 0.134685 0.007394 1.675689 2806.824297
0.857921 0.000000 0.000000 0.000000 0.000000 0.134685 0.007394 1.675689 2806.824297
0.857921 0.000000 0.000000 0.000000 0.000000 0.134685 0.007394 1.675689 2806.824297
0.857921 0.000000 0.000000 0.000000 0.000000 0.134685 0.007394 1.675689 2806.824297
0.857921 0.000000 0.000000 0.000000 0.000000 0.134685 0.007394 1.675689 2806.824297
0.857921 0.000000 0.000000 0.000000 0.000000 0.134685 0.007394 1.675689 2806.824297
0.857921 0.000000 0.000000 0.000000 0.000000 0.134685 0.007394 1.675689 2806.824297
0.857921 0.000000 0.000000 0.000000 0.000000 0.134685 0.007394 1.675689 2806.824297
0.857921 0.000000 0.000000 0.000000 0.000000 0.134685 0.007394 1.675689 2806.824297
0.857921 0.000000 0.000000 0.000000 0.000000 0.134685 0.007394 1.675689 2806.824297
0.857921 0.000000 0.000000 0.000000 0.000000 0.134685 0.007394 1.675689 2806.824297
0.857921 0.000000 0.000000 0.000000 0.000000 0.134685 0.007394 1.675689 2806.824297
0.857921 0.000000 0.000000 0.000000 0.000000 0.134685 0.007394 1.675689 2806.824297
0.857921 0.000000 0.000000 0.000000 0.000000 0.134685 0.007394 1.675689 2806.824297
0.857921 0.000000 0.000000 0.000000 0.000000 0.134685 0.007394 1.675689 2806.824297
0.857921 0.000000 0.000000 0.000000 0.000000 0.134685 0.007394 1.675689 2806.824297
0.857921 0.000000 0.000000 0.000000 0.000000 0.134685 0.007394 1.675689 2806.824297
0.857921 0.000000 0.000000 0.000000 0.000000 0.134685 0.007394 1.675689 2806.824297
0.857921 0.000000 0.000000 0.000000 0.000000 0.134685 0.007394 1.675689 2806.824297
0.857921 0.000000 0.000000 0.000000 0.000000 0.134685 0.007394 1.675689 2806.824297
0.857921 0.000000 0.000000 0.000000 0.000000 0.134685 0.007394 1.675689 2806.824297
0.857921 0.000000 0.000000 0.000000 0.000000 0.134685 0.007394 1.675689 2806.824297
0.857921 0.000000 0.000000 0.000000 0.000000 0.134685 0.007394 1.675689 2806.824297
0.857921 0.000000 0.000000 0.000000 0.000000 0.134685 0.007394 1.675689 2806.824297
0.857921 0.000000 0.000000 0.000000 0.000000 0.134685 0.007394 1.675689 2806.824297
0.857921 0.000000 0.000000 0.000000 0.000000 0.134685 0.007394 1.675689 2806.824297
0.857921 0.000000 0.000000 0.000000 0.000000 0.134685 0.007394 1.675689 2806.824297
0.857921 0.000000 0.000000 0.000000 0.000000 0.134685 0.007394 1.675689 2806.824297
0.857921 0.000000 0.000000 0.000000 0.000000 0.134685 0.007394 1.675689 2806.824297
0.857921 0.000000 0.000000 0.000000 0.000000 0.134685 0.007394 1.675689 2806.824297
0.857921 0.000000 0.000000 0.000000 0.000000 0.134685 0.007394 1.675689 2806.824297
0.857921 0.000000 0.000000 0.000000 0.000000 0.134685 0.007394 1.675689 2806.824297
0.857921 0.000000 0.000000 0.000000 0.000000 0.134685 0.007394 1.675689 2806.824297
0.857921 0.000000 0.000000 0.000000 0.000000 0.134685 0.007394 1.675689 2806.824297
0.857921 0.000000 0.000000 0.000000 0.000000 0.134685 0.007394 1.675689 2806.824297
0.857921 0.000000 0.000000 0.000000 0.000000 0.134685 0.007394 1.675689 2806.824297
0.857921 0.000000 0.000000 0.000000 0.000000 0.134685 0.007394 1.675689 2806.824297
0.857921 0.000000 0.000000 0.000000 0.000000 0.134685 0.007394 1.675689 2806.824297
0.857921 0.000000 0.000000 0.000000 0.000000 0.134685 0.007394 1.675689 2806.824297
0.857921 0.000000 0.000000 0.000000 0.000000 0.134685 0.007394 1.675689 2806.824297
0.857921 0.000000 0.000000 0.000000 0.000000 0.134685 0.007394 1.675689 2806.824297
0.857921 0.000000 0.000000 0.000000 0.000000 0.134685 0.007394 1.675689 2806.824297
0.857921 0.000000 0.000000 0.000000 0.000000 0.134685 0.007394 1.675689 2806.824297
0.857921 0.000000 0.000000 0.000000 0.000000 0.134685 0.007394 1.675689 2806.824297
0.857921 0.000000 0.000000 0.000000 0.000000 0.134685 0.007394 1.675689 2806.824297
0.857921 0.000000 0.000000 0.000000 0.000000 0.134685 0.007394 1.675689 2806.824297
0.857921 0.000000 0.000000 0.000000 0.000000 0.134685 0.007394 1.675689 2806.824297
0.857921 0.000000 0.000000 0.000000 0.000000 0.134685 0.007394 1.675689 2806.824297
0.857921 0.000000 0.000000 0.000000 0.000000 0.134685 0.007394 1.675689 2806.824297
0.857921 0.000000 0.000000 0.000000 0.000000 0.134685 0.007394 1.675689 2806.824297
0.857921 0.000000 0.000000 0.000000 0.000000 0.134685 0.007394 1.675689 2806.824297
0.857921 0.000000 0.000000 0.000000 0.000000 0.134685 0.007394 1.675689 2806.824297
0.857921 0.000000 0.000000 0.000000 0.000000 0.134685 0.007394 1.675689 2806.824297
0.857921 0.000000 0.000000 0.000000 0.000000 0.134685 0.007394 1.675689 2806.824297
0.857921 0.000000 0.000000 0.000000 0.000000 0.134685 0.007394 1.675689 2806.824297
0.857921 0.000000 0.000000 0.000000 0.000000 0.134685 0.007394 1.675689 2806.824297
0.857921 0.000000 0.000000 0.000000 0.000000 0.134685 0.007394 1.675689 2806.824297
0.857921 0.000000 0.000000 0.000000 0.000000 0.134685 0.007394 1.675689 2806.824297
0.857921 0.000000 0.000000 0.000000 0.000000 0.134685 0.007394 1.675689 2806.824297
0.857921 0.000000 0.000000 0.000000 0.000000 0.134685 0.007394 1.675689 2806.824297
0.857921 0.000000 0.000000 0.000000 0.000000 0.134685 0.007394 1.675689 2806.824297
0.857921 0.000000 0.000000 0.000000 0.000000 0.134685 0.007394 1.675689 2806.824297
0.857921 0.000000 0.000000 0.000000 0.000000 0.134685 0.007394 1.675689 2806.824297
0.857921 0.000000 0.000000 0.000000 0.000000 0.134685 0.007394 1.675689 2806.824297
0.857921 0.000000 0.000000 0.000000 0.000000 0.134685 0.007394 1.675689 2806.824297
0.857921 0.000000 0.000000 0.000000 0.000000 0.134685 0.007394 1.675689 2806.824297
0.857921 0.000000 0.000000 0.000000 0.000000 0.134685 0.007394 1.675689 2806.824297
0.857921 0.000000 0.000000 0.000000 0.000000 0.134685 0.007394 1.675689 2806.824297
0.857921 0.000000 0.000000 0.000000 0.000000 0.134685 0.007394 1.675689 2806.824297
0.857921 0.000000 0.000000 0.000000 0.000000 0.134685 0.007394 1.675689 2806.824297
0.857921 0.000000 0.000000 0.000000 0.000000 0.134685 0.007394 1.675689 2806.824297
0.857921 0.000000 0.000000 0.000000 0.000000 0.134685 0.007394 1.675689 2806.824297
0.857921 0.000000 0.000000 0.000000 0.000000 0.134685 0.007394 1.675689 2806.824297
0.857921 0.000000 0.000000 0.000000 0.000000 0.134685 0.007394 1.675689 2806.824297
0.857921 0.000000 0.000000 0.000000 0.000000 0.134685 0.007394 1.675689 2806.824297
0.857921 0.000000 0.000000 0.000000 0.000000 0.134685 0.007394 1.675689 2806.824297
0.857921 0.000000 0.000000 0.000000 0.000000 0.134685 0.007394 1.675689 2806.824297
0.857921 0.000000 0.000000 0.000000 0.000000 0.134685 0.007394 1.675689 2806.824297
0.857921 0.000000 0.000000 0.000000 0.000000 0.134685 0.007394 1.675689 2806.824297
0.857921 0.000000 0.000000 0.000000 0.000000 0.134685 0.007394 1.675689 2806.824297
0.857921 0.000000 0.000000 0.000000 0.000000 0.134685 0.007394 1.675689 2806.824297
0.857921 0.000000 0.000000 0.000000 0.000000 0.134685 0.007394 1.675689 2806.824297
0.857921 0.000000 0.000000 0.000000 0.000000 0.134685 0.007394 1.675689 2806.824297
0.857921 0.000000 0.000000 0.000000 0.000000 0.134685 0.007394 1.675689 2806.824297
0.857921 0.000000 0.000000 0.000000 0.000000 0.134685 0.007394 1.675689 2806.824297
0.857921 0.000000 0.000000 0.000000 0.000000 0.134685 0.007394 1.675689 2806.824297
0.857921 0.000000 0.000000 0.000000 0.000000 0.134685 0.007394 1.675689 2806.824297
0.857921 0.000000 0.000000 0.000000 0.000000 0.134685 0.007394 1.675689 2806.824297
0.857921 0.000000 0.000000 0.000000 0.000000 0.134685 0.007394 1.675689 2806.824297
0.857921 0.000000 0.000000 0.000000 0.000000 0.134685 0.007394 1.675689 2806.824297
0.857921 0.000000 0.000000 0.000000 0.000000 0.134685 0.007394 1.675689 2806.824297
0.857921 0.000000 0.000000 0.000000 0.000000 0.134685 0.007394 1.675689 2806.824297
0.857921 0.000000 0.000000 0.000000 0.000000 0.134685 0.007394 1.675689 2806.824297
0.857921 0.000000 0.000000 0.000000 0.000000 0.134685 0.007394 1.675689 2806.824297
0.857921 0.000000 0.000000 0.000000 0.000000 0.134685 0.007394 1.675689 2806.824297
0.857921 0.000000 0.000000 0.000000 0.000000 0.134685 0.007394 1.675689 2806.824297
0.857921 0.000000 0.000000 0.000000 0.000000 0.134685 0.007394 1.675689 2806.824297
0.857921 0.000000 0.000000 0.000000 0.000000 0.134685 0.007394 1.675689 2806.824297
0.857921 0.000000 0.000000 0.000000 0.000000 0.134685 0.007394 1.675689 2806.824297
0.857921 0.000000 0.000000 0.000000 0.000000 0.134685 0.007394 1.675689 2806.824297
0.857921 0.000000 0.000000 0.000000 0.000000 0.134685 0.007394 1.675689 2806.824297
0.857921 0.000000 0.000000 0.000000 0.000000 0.134685 0.007394 1.675689 2806.824297
0.857921 0.000000 0.000000 0.000000 0.000000 0.134685 0.007394 1.675689 2806.824297
0.857921 0.000000 0.000000 0.000000 0.000000 0.134685 0.007394 1.675689 2806.824297
0.857921 0.000000 0.000000 0.000000 0.000000 0.134685 0.007394 1.675689 2806.824297
0.857921 0.000000 0.000000 0.000000 0.000000 0.134685 0.007394 1.675689 2806.824297
0.857921 0.000000 0.000000 0.000000 0.000000 0.134685 0.007394 1.675689 2806.824297
0.857921 0.000000 0.000000 0.000000 0.000000 0.134685 0.007394 1.675689 2806.824297
0.857921 0.000000 0.000000 0.000000 0.000000 0.134685 0.007394 1.675689 2806.824297
0.857921 0.000000 0.000000 0.000000 0.000000 0.134685 0.007394 1.675689 2806.824297
0.857921 0.000000 0.000000 0.000000 0.000000 0.134685 0.007394 1.675689 2806.824297
0.857921 0.000000 0.000000 0.000000 0.000000 0.134685 0.007394 1.675689 2806.824297
0.857921 0.000000 0.000000 0.000000 0.000000 0.134685 0.007394 1.675689 2806.824297
0.857921 0.000000 0.000000 0.000000 0.000000 0.134685 0.007394 1.675689 2806.824297
0.857921 0.000000 0.000000 0.000000 0.000000 0.134685 0.007394 1.675689 2806.824297
0.857921 0.000000 0.000000 0.000000 0.000000 0.134685 0.007394 1.675689 2806.824297
0.857921 0.000000 0.000000 0.000000 0.000000 0.134685 0.007394 1.675689 2806.824297
0.857921 0.000000 0.000000 0.000000 0.000000 0.134685 0.007394 1.675689 2806.824297
0.857921 0.000000 0.000000 0.000000 0.000000 0.134685 0.007394 1.675689 2806.824297
0.857921 0.000000 0.000000 0.000000 0.000000 0.134685 0.007394 1.675689 2806.824297
0.857921 0.000000 0.000000 0.000000 0.000000 0.134685 0.007394 1.675689 2806.824297
0.857921 0.000000 0.000000 0.000000 0.000000 0.134685 0.007394 1.675689 2806.824297
0.857921 0.000000 0.000000 0.000000 0.000000 0.134685 0.007394 1.675689 2806.824297
0.857921 0.000000 0.000000 0.000000 0.000000 0.134685 0.007394 1.675689 2806.824297
0.857921 0.000000 0.000000 0.000000 0.000000 0.134685 0.007394 1.675689 2806.824297
0.857921 0.000000 0.000000 0.000000 0.000000 0.134685 0.007394 1.675689 2806.824297
0.857921 0.000000 0.000000 0.000000 0.000000 0.134685 0.007394 1.675689 2806.824297
0.857921 0.000000 0.000000 0.000000 0.000000 0.134685 0.007394 1.675689 2806.824297
0.857921 0.000000 0.000000 0.000000 0.000000 0.134685 0.007394 1.675689 2806.824297
0.857921 0.000000 0.000000 0.000000 0.000000 0.134685 0.007394 1.675689 2806.824297
0.857921 0.000000 0.000000 0.000000 0.000000 0.134685 0.007394 1.675689 2806.824297
0.857921 0.000000 0.000000 0.000000 0.000000 0.134685 0.007394 1.675689 2806.824297
0.857921 0.000000 0.000000 0.000000 0.000000 0.134685 0.007394 1.675689 2806.824297
0.857921 0.000000 0.000000 0.000000 0.000000 0.134685 0.007394 1.675689 2806.824297
0.857921 0.000000 0.000000 0.000000 0.000000 0.134685 0.007394 1.675689 2806.824297
0.857921 0.000000 0.000000 0.000000 0.000000 0.134685 0.007394 1.675689 2806.824297
0.857921 0.000000 0.000000 0.000000 0.000000 0.134685 0.007394 1.675689 2806.824297
0.857921 0.000000 0.000000 0.000000 0.000000 0.134685 0.007394 1.675689 2806.824297
0.857921 0.000000 0.000000 0.000000 0.000000 0.134685 0.007394 1.675689 2806.824297
0.857921 0.000000 0.000000 0.000000 0.000000 0.134685 0.007394 1.675689 2806.824297
0.857921 0.000000 0.000000 0.000000 0.000000 0.134685 0.007394 1.675689 2806.824297
0.857921 0.000000 0.000000 0.000000 0.000000 0.134685 0.007394 1.675689 2806.824297
0.857921 0.000000 0.000000 0.000000 0.000000 0.134685 0.007394 1.675689 2806.824297
0.857921 0.000000 0.000000 0.000000 0.000000 0.134685 0.007394 1.675689 2806.824297
0.857921 0.000000 0.000000 0.000000 0.000000 0.134685 0.007394 1.675689 2806.824297
0.857921 0.000000 0.000000 0.000000 0.000000 0.134685 0.007394 1.675689 2806.824297
0.857921 0.000000 0.000000 0.000000 0.000000 0.134685 0.007394 1.675689 2806.824297
0.857921 0.000000 0.000000 0.000000 0.000000 0.134685 0.007394 1.675689 2806.824297
0.857921 0.000000 0.000000 0.000000 0.000000 0.134685 0.007394 1.675689 2806.824297
0.857921 0.000000 0.000000 0.000000 0.000000 0.134685 0.007394 1.675689 2806.824297
0.857921 0.000000 0.000000 0.000000 0.000000 0.134685 0.007394 1.675689 2806.824297
0.857921 0.000000 0.000000 0.000000 0.000000 0.134685 0.007394 1.675689 2806.824297
0.857921 0.000000 0.000000 0.000000 0.000000 0.134685 0.007394 1.675689 2806.824297
0.857921 0.000000 0.000000 0.000000 0.000000 0.134685 0.007394 1.675689 2806.824297
0.857921 0.000000 0.000000 0.000000 0.000000 0.134685 0.007394 1.675689 2806.824297
0.857921 0.000000 0.000000 0.000000 0.000000 0.134685 0.007394 1.675689 2806.824297
0.857921 0.000000 0.000000 0.000000 0.000000 0.134685 0.007394 1.675689 2806.824297
0.857921 0.000000 0.000000 0.000000 0.000000 0.134685 0.007394 1.675689 2806.824297
0.857921 0.000000 0.000000 0.000000 0.000000 0.134685 0.007394 1.675689 2806.824297
0.857921 0.000000 0.000000 0.000000 0.000000 0.134685 0.007394 1.675689 2806.824297
0.857921 0.000000 0.000000 0.000000 0.000000 0.134685 0.007394 1.675689 2806.824297
0.857921 0.000000 0.000000 0.000000 0.000000 0.134685 0.007394 1.675689 2806.824297
0.857921 0.000000 0.000000 0.000000 0.000000 0.134685 0.007394 1.675689 2806.824297
0.857921 0.000000 0.000000 0.000000 0.000000 0.134685 0.007394 1.675689 2806.824297
0.857921 0.000000 0.000000 0.000000 0.000000 0.134685 0.007394 1.675689 2806.824297
0.857921 0.000000 0.000000 0.000000 0.000000 0.134685 0.007394 1.675689 2806.824297
0.857921 0.000000 0.000000 0.000000 0.000000 0.134685 0.007394 1.675689 2806.824297
0.857921 0.000000 0.000000 0.000000 0.000000 0.134685 0.007394 1.675689 2806.824297
0.857921 0.000000 0.000000 0.000000 0.000000 0.134685 0.007394 1.675689 2806.824297
0.857921 0.000000 0.000000 0.000000 0.000000 0.134685 0.007394 1.675689 2806.824297
0.857921 0.000000 0.000000 0.000000 0.000000 0.134685 0.007394 1.675689 2806.824297
0.857921 0.000000 0.000000 0.000000 0.000000 0.134685 0.007394 1.675689 2806.824297
0.857921 0.000000 0.000000 0.000000 0.000000 0.134685 0.007394 1.675689 2806.824297
0.857921 0.000000 0.000000 0.000000 0.000000 0.134685 0.007394 1.675689 2806.824297
0.857921 0.000000 0.000000 0.000000 0.000000 0.134685 0.007394 1.675689 2806.824297
0.857921 0.000000 0.000000 0.000000 0.000000 0.134685 0.007394 1.675689 2806.824297
0.857921 0.000000 0.000000 0.000000 0.000000 0.134685 0.007394 1.675689 2806.824297
0.857921 0.000000 0.000000 0.000000 0.000000 0.134685 0.007394 1.675689 2806.824297
0.857921 0.000000 0.000000 0.000000 0.000000 0.134685 0.007394 1.675689 2806.824297
0.857921 0.000000 0.000000 0.000000 0.000000 0.134685 0.007394 1.675689 2806.824297
0.857921 0.000000 0.000000 0.000000 0.000000 0.134685 0.007394 1.675689 2806.824297
0.857921 0.000000 0.000000 0.000000 0.000000 0.134685 0.007394 1.675689 2806.824297
0.857921 0.000000 0.000000 0.000000 0.000000 0.134685 0.007394 1.675689 2806.824297
0.857921 0.000000 0.000000 0.000000 0.000000 0.134685 0.007394 1.675689 2806.824297
0.857921 0.000000 0.000000 0.000000 0.000000 0.134685 0.007394 1.675689 2806.824297
0.857921 0.000000 0.000000 0.000000 0.000000 0.134685 0.007394 1.675689 2806.824297
0.857921 0.000000 0.000000 0.000000 0.000000 0.134685 0.007394 1.675689 2806.824297
0.857921 0.000000 0.000000 0.000000 0.000000 0.134685 0.007394 1.675689 2806.824297
0.857921 0.000000 0.000000 0.000000 0.000000 0.134685 0.007394 1.675689 2806.824297
0.857921 0.000000 0.000000 0.000000 0.000000 0.134685 0.007394 1.675689 2806.824297
0.857921 0.000000 0.000000 0.000000 0.000000 0.134685 0.007394 1.675689 2806.824297
0.857921 0.000000 0.000000 0.000000 0.000000 0.134685 0.007394 1.675689 2806.824297
0.857921 0.000000 0.000000 0.000000 0.000000 0.134685 0.007394 1.675689 2806.824297
0.857921 0.000000 0.000000 0.000000 0.000000 0.134685 0.007394 1.675689 2806.824297
0.857921 0.000000 0.000000 0.000000 0.000000 0.134685 0.007394 1.675689 2806.824297
0.857921 0.000000 0.000000 0.000000 0.000000 0.134685 0.007394 1.675689 2806.824297
0.857921 0.000000 0.000000 0.000000 0.000000 0.134685 0.007394 1.675689 2806.824297
0.857921 0.000000 0.000000 0.000000 0.000000 0.134685 0.007394 1.675689 2806.824297
0.857921 0.000000 0.000000 0.000000 0.000000 0.134685 0.007394 1.675689 2806.824297
0.857921 0.000000 0.000000 0.000000 0.000000 0.134685 0.007394 1.675689 2806.824297
0.857921 0.000000 0.000000 0.000000 0.000000 0.134685 0.007394 1.675689 2806.824297
0.857921 0.000000 0.000000 0.000000 0.000000 0.134685 0.007394 1.675689 2806.824297
0.857921 0.000000 0.000000 0.000000 0.000000 0.134685 0.007394 1.675689 2806.824297
0.857921 0.000000 0.000000 0.000000 0.000000 0.134685 0.007394 1.675689 2806.824297
0.857921 0.000000 0.000000 0.000000 0.000000 0.134685 0.007394 1.675689 2806.824297
0.857921 0.000000 0.000000 0.000000 0.000000 0.134685 0.007394 1.675689 2806.824297
0.857921 0.000000 0.000000 0.000000 0.000000 0.134685 0.007394 1.675689 2806.824297
0.857921 0.000000 0.000000 0.000000 0.000000 0.134685 0.007394 1.675689 2806.824297
0.857921 0.000000 0.000000 0.000000 0.000000 0.134685 0.007394 1.675689 2806.824297
0.857921 0.000000 0.000000 0.000000 0.000000 0.134685 0.007394 1.675689 2806.824297
0.857921 0.000000 0.000000 0.000000 0.000000 0.134685 0.007394 1.675689 2806.824297
0.857921 0.000000 0.000000 0.000000 0.000000 0.134685 0.007394 1.675689 2806.824297
0.857921 0.000000 0.000000 0.000000 0.000000 0.134685 0.007394 1.675689 2806.824297
0.857921 0.000000 0.000000 0.000000 0.000000 0.134685 0.007394 1.675689 2806.824297
0.857921 0.000000 0.000000 0.000000 0.000000 0.134685 0.007394 1.675689 2806.824297
0.857921 0.000000 0.000000 0.000000 0.000000 0.134685 0.007394 1.675689 2806.824297
0.857921 0.000000 0.000000 0.000000 0.000000 0.134685 0.007394 1.675689 2806.824297
0.857921 0.000000 0.000000 0.000000 0.000000 0.134685 0.007394 1.675689 2806.824297
0.857921 0.000000 0.000000 0.000000 0.000000 0.134685 0.007394 1.675689 2806.824297
0.857921 0.000000 0.000000 0.000000 0.000000 0.134685 0.007394 1.675689 2806.824297
0.857921 0.000000 0.000000 0.000000 0.000000 0.134685 0.007394 1.675689 2806.824297
0.857921 0.000000 0.000000 0.000000 0.000000 0.134685 0.007394 1.675689 2806.824297
0.857921 0.000000 0.000000 0.000000 0.000000 0.134685 0.007394 1.675689 2806.824297
0.857921 0.000000 0.000000 0.000000 0.000000 0.134685 0.007394 1.675689 2806.824297
0.857921 0.000000 0.000000 0.000000 0.000000 0.134685 0.007394 1.675689 2806.824297
0.857921 0.000000 0.000000 0.000000 0.000000 0.134685 0.007394 1.675689 2806.824297
0.857921 0.000000 0.000000 0.000000 0.000000 0.134685 0.007394 1.675689 2806.824297
0.857921 0.000000 0.000000 0.000000 0.000000 0.134685 0.007394 1.675689 2806.824297
0.857921 0.000000 0.000000 0.000000 0.000000 0.134685 0.007394 1.675689 2806.824297
0.857921 0.000000 0.000000 0.000000 0.000000 0.134685 0.007394 1.675689 2806.824297
0.857921 0.000000 0.000000 0.000000 0.000000 0.134685 0.007394 1.675689 2806.824297
0.857921 0.000000 0.000000 0.000000 0.000000 0.134685 0.007394 1.675689 2806.824297
0.857921 0.000000 0.000000 0.000000 0.000000 0.134685 0.007394 1.675689 2806.824297
0.857921 0.000000 0.000000 0.000000 0.000000 0.134685 0.007394 1.675689 2806.824297
0.857921 0.000000 0.000000 0.000000 0.000000 0.134685 0.007394 1.675689 2806.824297
0.857921 0.000000 0.000000 0.000000 0.000000 0.134685 0.007394 1.675689 2806.824297
0.857921 0.000000 0.000000 0.000000 0.000000 0.134685 0.007394 1.675689 2806.824297
0.857921 0.000000 0.000000 0.000000 0.000000 0.134685 0.007394 1.675689 2806.824297
0.857921 0.000000 0.000000 0.000000 0.000000 0.134685 0.007394 1.675689 2806.824297
0.857921 0.000000 0.000000 0.000000 0.000000 0.134685 0.007394 1.675689 2806.824297
0.857921 0.000000 0.000000 0.000000 0.000000 0.134685 0.007394 1.675689 2806.824297
0.857921 0.000000 0.000000 0.000000 0.000000 0.134685 0.007394 1.675689 2806.824297
0.857921 0.000000 0.000000 0.000000 0.000000 0.134685 0.007394 1.675689 2806.824297
0.857921 0.000000 0.000000 0.000000 0.000000 0.134685 0.007394 1.675689 2806.824297
0.857921 0.000000 0.000000 0.000000 0.000000 0.134685 0.007394 1.675689 2806.824297
0.857921 0.000000 0.000000 0.000000 0.000000 0.134685 0.007394 1.675689 2806.824297
0.857921 0.000000 0.000000 0.000000 0.000000 0.134685 0.007394 1.675689 2806.824297
0.857921 0.000000 0.000000 0.000000 0.000000 0.134685 0.007394 1.675689 2806.824297
0.857921 0.000000 0.000000 0.000000 0.000000 0.134685 0.007394 1.675689 2806.824297
0.857921 0.000000 0.000000 0.000000 0.000000 0.134685 0.007394 1.675689 2806.824297
0.857921 0.000000 0.000000 0.000000 0.000000 0.134685 0.007394 1.675689 2806.824297
0.857921 0.000000 0.000000 0.000000 0.000000 0.134685 0.007394 1.675689 2806.824297
0.857921 0.000000 0.000000 0.000000 0.000000 0.134685 0.007394 1.675689 2806.824297
0.857921 0.000000 0.000000 0.000000 0.000000 0.134685 0.007394 1.675689 2806.824297
0.857921 0.000000 0.000000 0.000000 0.000000 0.134685 0.007394 1.675689 2806.824297
0.857921 0.000000 0.000000 0.000000 0.000000 0.134685 0.007394 1.675689 2806.824297
0.857921 0.000000 0.000000 0.000000 0.000000 0.134685 0.007394 1.675689 2806.824297
0.857921 0.000000 0.000000 0.000000 0.000000 0.134685 0.007394 1.675689 2806.824297
0.857921 0.000000 0.000000 0.000000 0.000000 0.134685 0.007394 1.675689 2806.824297
0.857921 0.000000 0.000000 0.000000 0.000000 0.134685 0.007394 1.675689 2806.824297
0.857921 0.000000 0.000000 0.000000 0.000000 0.134685 0.007394 1.675689 2806.824297
0.857921 0.000000 0.000000 0.000000 0.000000 0.134685 0.007394 1.675689 2806.824297
0.857921 0.000000 0.000000 0.000000 0.000000 0.134685 0.007394 1.675689 2806.824297
0.857921 0.000000 0.000000 0.000000 0.000000 0.134685 0.007394 1.675689 2806.824297
0.857921 0.000000 0.000000 0.000000 0.000000 0.134685 0.007394 1.675689 2806.824297
0.857921 0.000000 0.000000 0.000000 0.000000 0.134685 0.007394 1.675689 2806.824297
0.857921 0.000000 0.000000 0.000000 0.000000 0.134685 0.007394 1.675689 2806.824297
0.857921 0.000000 0.000000 0.000000 0.000000 0.134685 0.007394 1.675689 2806.824297
0.857921 0.000000 0.000000 0.000000 0.000000 0.134685 0.007394 1.675689 2806.824297
0.857921 0.000000 0.000000 0.000000 0.000000 0.134685 0.007394 1.675689 2806.824297
0.857921 0.000000 0.000000 0.000000 0.000000 0.134685 0.007394 1.675689 2806.824297
0.857921 0.000000 0.000000 0.000000 0.000000 0.134685 0.007394 1.675689 2806.824297
0.857921 0.000000 0.000000 0.000000 0.000000 0.134685 0.007394 1.675689 2806.824297
0.857921 0.000000 0.000000 0.000000 0.000000 0.134685 0.007394 1.675689 2806.824297
0.857921 0.000000 0.000000 0.000000 0.000000 0.134685 0.007394 1.675689 2806.824297
0.857921 0.000000 0.000000 0.000000 0.000000 0.134685 0.007394 1.675689 2806.824297
0.857921 0.000000 0.000000 0.000000 0.000000 0.134685 0.007394 1.675689 2806.824297
0.857921 0.000000 0.000000 0.000000 0.000000 0.134685 0.007394 1.675689 2806.824297
0.857921 0.000000 0.000000 0.000000 0.000000 0.134685 0.007394 1.675689 2806.824297
0.857921 0.000000 0.000000 0.000000 0.000000 0.134685 0.007394 1.675689 2806.824297
0.857921 0.000000 0.000000 0.000000 0.000000 0.134685 0.007394 1.675689 2806.824297
0.857921 0.000000 0.000000 0.000000 0.000000 0.134685 0.007394 1.675689 2806.824297
0.857921 0.000000 0.000000 0.000000 0.000000 0.134685 0.007394 1.675689 2806.824297
0.857921 0.000000 0.000000 0.000000 0.000000 0.134685 0.007394 1.675689 2806.824297
0.857921 0.000000 0.000000 0.000000 0.000000 0.134685 0.007394 1.675689 2806.824297
0.857921 0.000000 0.000000 0.000000 0.000000 0.134685 0.007394 1.675689 2806.824297
0.857921 0.000000 0.000000 0.000000 0.000000 0.134685 0.007394 1.675689 2806.824297
0.857921 0.000000 0.000000 0.000000 0.000000 0.134685 0.007394 1.675689 2806.824297
0.857921 0.000000 0.000000 0.000000 0.000000 0.134685 0.007394 1.675689 2806.824297
0.857921 0.000000 0.000000 0.000000 0.000000 0.134685 0.007394 1.675689 2806.824297
0.857921 0.000000 0.000000 0.000000 0.000000 0.134685 0.007394 1.675689 2806.824297
0.857921 0.000000 0.000000 0.000000 0.000000 0.134685 0.007394 1.675689 2806.824297
0.857921 0.000000 0.000000 0.000000 0.000000 0.134685 0.007394 1.675689 2806.824297
0.857921 0.000000 0.000000 0.000000 0.000000 0.134685 0.007394 1.675689 2806.824297
0.857921 0.000000 0.000000 0.000000 0.000000 0.134685 0.007394 1.675689 2806.824297
0.857921 0.000000 0.000000 0.000000 0.000000 0.134685 0.007394 1.675689 2806.824297
0.857921 0.000000 0.000000 0.000000 0.000000 0.134685 0.007394 1.675689 2806.824297
0.857921 0.000000 0.000000 0.000000 0.000000 0.134685 0.007394 1.675689 2806.824297
0.857921 0.000000 0.000000 0.000000 0.000000 0.134685 0.007394 1.675689 2806.824297
0.857921 0.000000 0.000000 0.000000 0.000000 0.134685 0.007394 1.675689 2806.824297
0.857921 0.000000 0.000000 0.000000 0.000000 0.134685 0.007394 1.675689 2806.824297
