0.000000 599.688000 70.638000 136.616700 17.526407
0.010000 588.230000 68.666000 139.688157 17.852463
0.020000 570.456000 66.794000 163.086394 20.422232
0.030000 573.336000 67.728000 146.857179 18.668423
0.040000 563.332000 66.156000 151.382462 19.128295
0.050000 552.194000 64.450000 146.173597 18.618902
0.060000 540.768000 63.486000 152.149460 19.051451
0.070000 534.542000 63.132000 150.492645 19.144153
0.080000 533.114000 62.448000 136.704707 17.520140
0.090000 520.954000 61.394000 140.309472 17.939754
0.100000 518.328000 61.242000 137.053830 17.606460
0.110000 503.756000 59.630000 147.983501 18.596373
0.120000 505.174000 59.996000 133.880558 17.229045
0.130000 488.352000 58.286000 153.441807 19.352214
0.140000 501.516000 59.182000 124.118821 16.210641
0.150000 501.522000 59.994000 116.986860 15.334209
0.160000 487.862000 58.622000 135.591235 17.571201
0.170000 472.330000 56.368000 144.786163 18.556308
0.180000 475.972000 56.784000 128.320751 16.608352
0.190000 461.654000 55.658000 136.029652 17.416688
0.200000 459.922000 55.002000 128.015218 16.677350
0.210000 456.484000 53.672000 117.295378 15.356315
0.220000 448.206000 53.632000 119.070565 15.566521
0.230000 451.474000 54.680000 99.415921 13.538597
0.240000 431.534000 51.538000 121.930213 15.726174
0.250000 429.820000 51.624000 114.175880 14.979807
0.260000 421.222000 50.570000 117.369301 15.355947
0.270000 408.018000 49.022000 120.569174 15.743364
0.280000 406.732000 49.070000 108.525003 14.541977
0.290000 400.346000 48.324000 108.604062 14.410379
0.300000 400.626000 47.874000 99.890651 13.231860
0.310000 387.300000 46.358000 106.430964 13.907330
0.320000 378.576000 45.832000 104.520181 14.048764
0.330000 370.296000 43.916000 103.628145 13.452618
0.340000 365.038000 44.044000 99.061135 13.342041
0.350000 361.468000 43.086000 96.897848 12.886218
0.360000 356.440000 42.552000 87.612752 11.852565
0.370000 345.596000 41.732000 94.436777 12.537630
0.380000 335.054000 40.390000 96.919529 12.823178
0.390000 329.778000 39.790000 92.847018 12.436635
0.400000 323.694000 38.880000 88.593478 11.753365
0.410000 316.764000 38.000000 87.924583 11.919732
0.420000 317.616000 37.808000 72.866018 9.968708
0.430000 296.618000 35.446000 92.215118 12.106159
0.440000 297.338000 35.672000 79.522574 10.850826
0.450000 290.862000 34.756000 81.168559 10.905983
0.460000 294.526000 34.720000 68.174228 9.514704
0.470000 271.468000 32.224000 91.734623 12.011570
0.480000 275.002000 32.822000 72.618303 10.014306
0.490000 260.568000 30.420000 79.543255 10.454262
0.500000 258.288000 30.484000 74.842856 10.048569
0.510000 251.966000 29.686000 70.168546 9.646938
0.520000 248.832000 29.004000 68.705369 9.245755
0.530000 244.104000 28.518000 68.109274 9.242168
0.540000 237.890000 27.750000 71.380459 9.460840
0.550000 235.584000 27.858000 64.403874 8.938783
0.560000 233.926000 27.448000 59.413538 8.281503
0.570000 230.080000 27.014000 59.715204 8.391055
0.580000 218.130000 25.336000 62.276521 8.665512
0.590000 217.122000 25.560000 57.459648 7.969090
0.600000 213.772000 25.022000 55.152697 7.797020
0.610000 205.026000 23.418000 63.916581 8.492542
0.620000 203.350000 23.582000 60.274369 8.368947
0.630000 204.782000 23.576000 51.526367 7.301796
0.640000 195.256000 22.504000 64.158230 8.475965
0.650000 201.560000 23.284000 50.848426 7.315965
0.660000 195.198000 22.268000 52.018793 7.359088
0.670000 192.062000 22.272000 50.906956 7.277501
0.680000 185.000000 21.406000 56.633100 7.719920
0.690000 183.192000 20.856000 51.032569 7.158440
0.700000 186.792000 21.358000 42.243777 6.292363
0.710000 179.692000 20.922000 46.650114 6.780259
0.720000 174.086000 19.730000 51.641791 7.015775
0.730000 174.654000 19.866000 49.730456 6.893188
0.740000 176.728000 20.016000 43.446312 6.305533
0.750000 173.200000 19.540000 43.682720 6.529043
0.760000 171.302000 19.902000 46.902823 6.939481
0.770000 166.676000 19.250000 49.630868 6.997678
0.780000 162.984000 19.002000 51.634134 7.200694
0.790000 160.528000 18.076000 49.465637 6.717606
0.800000 162.014000 18.496000 48.444213 6.819236
0.810000 159.042000 18.150000 46.971270 6.654585
0.820000 160.666000 18.174000 46.496779 6.412466
0.830000 159.438000 18.184000 46.147743 6.623152
0.840000 153.332000 17.678000 50.258151 6.803111
0.850000 157.912000 17.778000 45.477822 6.392552
0.860000 157.110000 18.346000 45.711639 6.753539
0.870000 154.500000 17.862000 47.490483 6.668055
0.880000 156.388000 18.158000 41.958997 6.269692
0.890000 152.032000 17.306000 46.905426 6.614859
0.900000 151.426000 17.400000 46.828928 6.693280
0.910000 152.080000 17.342000 46.588599 6.524189
0.920000 154.340000 17.678000 39.597379 6.031444
0.930000 149.764000 17.050000 46.729480 6.593292
0.940000 150.874000 17.350000 42.442739 6.220249
0.950000 151.058000 17.354000 44.728991 6.347022
0.960000 154.676000 17.736000 38.183072 5.873866
0.970000 153.944000 17.836000 38.484813 5.677773
0.980000 147.352000 17.288000 49.614152 7.006073
0.990000 151.738000 17.318000 42.343280 6.054823
1.000000 151.514000 17.878000 43.061280 6.290876
