0.023743 9183.371981 0.083779
0.023496 9058.229935 0.081994
0.023210 8957.012398 0.079345
0.023013 8881.596605 0.077419
0.022662 8739.625414 0.075279
0.022463 8615.054241 0.073275
0.022221 8525.010289 0.071594
0.021973 8447.838819 0.069615
0.021809 8374.335732 0.068171
0.021502 8265.787982 0.066754
0.021248 8153.199383 0.065968
0.020990 8122.878356 0.064493
0.020736 8032.185968 0.063273
0.020481 7941.541940 0.061862
0.020131 7811.299311 0.060585
0.019901 7699.983596 0.059661
0.019717 7623.838612 0.058069
0.019242 7500.528697 0.057244
0.018886 7414.251185 0.055403
0.018526 7250.890431 0.054529
0.018272 7200.806884 0.053310
0.017938 7060.848177 0.052097
0.017438 6912.720969 0.051116
0.017249 6813.212949 0.049652
0.016735 6670.265717 0.048316
0.016428 6551.370193 0.047196
0.015988 6392.283041 0.045776
0.015578 6266.704491 0.044333
0.015191 6127.641281 0.042506
0.014813 5975.025060 0.041145
0.014431 5781.690093 0.039896
0.014009 5668.155227 0.037745
0.013555 5490.086629 0.036290
0.013187 5322.101414 0.034142
0.012798 5179.534969 0.032165
0.012363 4995.895724 0.030255
0.011954 4827.996292 0.027940
0.011517 4672.200989 0.026078
0.011128 4497.613014 0.023983
0.010746 4309.441221 0.021830
0.010285 4158.012923 0.019710
0.009844 3958.995095 0.017300
0.009449 3795.298009 0.015306
0.009051 3616.864148 0.012796
0.008629 3449.377503 0.010251
0.008158 3238.354643 0.007470
0.007857 3099.475953 0.004659
0.007528 2968.644672 0.001967
0.007318 2866.904457 0.000805
0.007267 2845.323421 0.000202
0.007243 2832.633417 0.000078
0.007250 2838.548649 0.000019
0.007267 2840.333487 0.000004
0.007256 2838.877733 0.000001
0.007272 2831.925905 0.000000
0.007251 2829.816130 0.000000
0.007237 2827.322332 0.000000
0.007219 2821.696821 0.000000
0.007217 2819.396287 0.000000
0.007215 2817.066754 0.000000
0.007186 2802.824738 0.000000
0.007185 2812.989983 0.000000
0.007194 2798.922009 0.000000
0.007165 2801.930846 0.000000
0.007180 2803.195238 0.000000
0.007177 2787.879217 0.000000
0.007169 2796.212603 0.000000
0.007142 2792.184909 0.000000
0.007156 2794.352192 0.000000
0.007160 2791.514710 0.000000
0.007167 2786.041760 0.000000
0.007123 2789.607715 0.000000
0.007151 2784.680313 0.000000
0.007133 2784.756272 0.000000
0.007142 2775.761952 0.000000
0.007134 2782.322085 0.000000
0.007128 2771.309827 0.000000
0.007111 2770.484887 0.000000
0.007098 2778.963533 0.000000
0.007100 2777.839148 0.000000
0.007115 2782.111297 0.000000
0.007128 2765.457294 0.000000
0.007101 2768.491543 0.000000
0.007088 2768.766271 0.000000
0.007081 2769.491316 0.000000
0.007102 2770.498407 0.000000
0.007092 2765.449755 0.000000
0.007107 2759.812576 0.000000
0.007090 2762.816288 0.000000
0.007094 2758.693278 0.000000
0.007084 2765.197016 0.000000
0.007079 2768.310361 0.000000
0.007096 2756.382506 0.000000
0.007081 2757.812228 0.000000
0.007086 2761.921709 0.000000
0.007088 2759.461051 0.000000
0.007088 2754.496522 0.000000
0.007082 2752.263487 0.000000
0.007087 2755.044870 0.000000
0.007094 2755.274394 0.000000
0.007095 2754.911772 0.000000
