0.024904 9499.362532 0.084419
0.023076 9043.650728 0.083473
0.021582 8671.209173 0.082624
0.020566 8351.393047 0.081323
0.019675 8075.035301 0.079519
0.018917 7847.242357 0.078084
0.018299 7564.445108 0.077424
0.017689 7373.693259 0.076098
0.016961 7143.043197 0.074872
0.016550 6946.772336 0.073838
0.015713 6742.121826 0.072606
0.015315 6574.214295 0.072120
0.014726 6378.278612 0.071285
0.014142 6201.083573 0.070134
0.013703 6038.689421 0.069324
0.013213 5878.293483 0.068681
0.012752 5726.935873 0.068201
0.012252 5600.059535 0.067694
0.011879 5504.990200 0.066924
0.011517 5345.935414 0.065905
0.011256 5194.593932 0.064179
0.011000 5057.575466 0.061657
0.010766 4965.648136 0.059979
0.010632 4856.458044 0.057980
0.010447 4761.713041 0.055963
0.010304 4689.288473 0.054036
0.010083 4573.929920 0.052560
0.010048 4534.433378 0.051164
0.009892 4444.042739 0.049488
0.009795 4397.058335 0.048263
0.009651 4326.884741 0.047191
0.009578 4256.734878 0.045629
0.009514 4232.753152 0.044491
0.009419 4155.461655 0.043393
0.009322 4119.302634 0.042440
0.009262 4074.067463 0.041366
0.009177 4022.978613 0.040748
0.009082 3940.738122 0.038844
0.008921 3883.339565 0.036772
0.008818 3807.923351 0.034903
0.008720 3755.222892 0.033377
0.008635 3695.429043 0.031723
0.008543 3656.150005 0.030713
0.008510 3615.447149 0.029525
0.008492 3584.746662 0.028632
0.008446 3543.971155 0.027051
0.008354 3499.144758 0.026065
0.008296 3454.127155 0.024401
0.008231 3402.341369 0.022352
0.008117 3318.624097 0.018841
0.007934 3209.932780 0.015278
0.007805 3103.198460 0.011155
0.007644 2989.142165 0.006721
0.007482 2897.662205 0.002973
0.007389 2843.474827 0.000647
0.007335 2815.846764 0.000052
0.007427 2847.012037 0.000002
0.007415 2843.066008 0.000000
0.007406 2844.710810 0.000000
0.007419 2841.031778 0.000000
0.007424 2845.501354 0.000000
0.007414 2845.038369 0.000000
0.007420 2837.176776 0.000000
0.007417 2836.608721 0.000000
0.007405 2837.861361 0.000000
0.007397 2831.765001 0.000000
0.007406 2834.489536 0.000000
0.007413 2831.988234 0.000000
0.007400 2833.797936 0.000000
0.007398 2828.248812 0.000000
0.007408 2833.023824 0.000000
0.007417 2833.337089 0.000000
0.007416 2838.329670 0.000000
0.007398 2823.432134 0.000000
0.007411 2841.678252 0.000000
0.007409 2823.241998 0.000000
0.007398 2832.597849 0.000000
0.007396 2833.046805 0.000000
0.007396 2827.289001 0.000000
0.007400 2828.786213 0.000000
0.007380 2827.794108 0.000000
0.007420 2840.199185 0.000000
0.007403 2825.572339 0.000000
0.007398 2829.384187 0.000000
0.007417 2826.822198 0.000000
0.007396 2823.738811 0.000000
0.007391 2828.266171 0.000000
0.007406 2820.532944 0.000000
0.007414 2828.348375 0.000000
0.007402 2831.731165 0.000000
0.007404 2826.155641 0.000000
0.007414 2824.302220 0.000000
0.007410 2821.643105 0.000000
0.007393 2820.787472 0.000000
0.007410 2820.779603 0.000000
0.007404 2830.762230 0.000000
0.007397 2818.022141 0.000000
0.007408 2824.938449 0.000000
0.007392 2822.818985 0.000000
0.007413 2827.185979 0.000000
0.007406 2830.026048 0.000000
