0.025425 9682.954272 0.086358
0.023998 9293.142214 0.084281
0.022838 8964.379175 0.083044
0.021838 8643.809647 0.081372
0.020975 8373.661409 0.080162
0.020321 8142.975058 0.078570
0.019494 7836.457037 0.076784
0.018762 7561.116882 0.074616
0.018143 7358.457846 0.073072
0.017477 7148.282974 0.071240
0.016888 6943.174911 0.069627
0.016370 6740.309973 0.067713
0.015951 6580.595517 0.065520
0.015408 6373.630978 0.063708
0.014976 6213.623137 0.061773
0.014479 6044.365939 0.060285
0.014110 5874.462905 0.058301
0.013662 5724.036324 0.056535
0.013299 5537.244954 0.054015
0.012777 5367.902932 0.051746
0.012347 5189.354308 0.049322
0.011941 5016.504585 0.047178
0.011546 4867.054032 0.044945
0.011250 4720.549943 0.041991
0.010906 4581.573385 0.040231
0.010619 4455.482385 0.037749
0.010309 4308.076282 0.035652
0.010005 4194.243450 0.033274
0.009821 4078.831222 0.031246
0.009569 3994.949161 0.028909
0.009385 3878.379792 0.026814
0.009137 3772.215561 0.024129
0.008980 3690.742948 0.021838
0.008773 3574.532547 0.019882
0.008600 3481.560339 0.017494
0.008475 3399.893886 0.015400
0.008293 3323.386602 0.013470
0.008174 3243.461060 0.011101
0.008022 3167.705548 0.008594
0.007847 3071.232260 0.005472
0.007715 2997.858565 0.003341
0.007648 2961.326257 0.001388
0.007535 2910.918907 0.000449
0.007538 2894.969443 0.000194
0.007485 2893.641960 0.000034
0.007553 2902.995599 0.000010
0.007549 2911.909288 0.000000
0.007580 2917.510093 0.000000
0.007573 2914.541579 0.000000
0.007572 2916.988449 0.000000
0.007552 2911.136037 0.000000
0.007546 2911.147231 0.000000
0.007561 2904.156925 0.000000
0.007559 2906.488620 0.000000
0.007537 2905.903074 0.000000
0.007558 2902.108867 0.000000
0.007542 2906.552241 0.000000
0.007547 2901.860497 0.000000
0.007552 2902.434342 0.000000
0.007538 2893.750636 0.000000
0.007527 2899.533869 0.000000
0.007533 2892.443802 0.000000
0.007524 2900.341987 0.000000
0.007539 2893.783469 0.000000
0.007538 2891.983473 0.000000
0.007529 2896.242866 0.000000
0.007538 2899.948829 0.000000
0.007530 2888.762397 0.000000
0.007530 2896.887080 0.000000
0.007538 2896.982662 0.000000
0.007527 2889.956919 0.000000
0.007508 2890.553613 0.000000
0.007517 2891.100958 0.000000
0.007523 2890.755857 0.000000
0.007533 2891.882330 0.000000
0.007537 2898.919465 0.000000
0.007530 2884.890245 0.000000
0.007522 2887.170789 0.000000
0.007517 2891.507969 0.000000
0.007523 2882.650296 0.000000
0.007533 2893.118184 0.000000
0.007523 2881.523757 0.000000
0.007519 2882.624897 0.000000
0.007531 2884.285312 0.000000
0.007527 2891.294411 0.000000
0.007510 2884.026167 0.000000
0.007524 2888.603813 0.000000
0.007519 2880.875533 0.000000
0.007505 2877.236256 0.000000
0.007530 2885.221309 0.000000
0.007517 2884.283517 0.000000
0.007533 2881.839759 0.000000
0.007514 2881.511784 0.000000
0.007518 2881.256642 0.000000
0.007517 2878.288406 0.000000
0.007518 2886.873741 0.000000
0.007524 2882.375817 0.000000
0.007517 2885.804858 0.000000
0.007523 2882.563471 0.000000
0.007506 2883.836287 0.000000
0.007509 2888.045158 0.000000
