-1.000000
0.023283
0.056461
0.107683
0.165308
0.228172
0.296275
0.355064
0.416182
0.462165
0.512224
0.554133
0.590803
0.629802
0.657159
0.695576
0.715367
0.740978
0.757858
0.782887
0.798021
0.812573
0.831781
0.843423
0.856228
0.868452
0.878347
0.884168
0.892317
0.903958
0.919092
0.924331
0.930151
0.934226
0.942375
0.950524
0.956927
0.958673
0.962747
0.964494
0.966822
0.969150
-1.000000
0.971478
0.973225
0.990105
-1.000000
0.990687
0.991851
0.993015
0.993597
0.994179
-1.000000
0.995925
0.997090
0.998836
0.999418
-1.000000
-1.000000
1.000000
