0.999423 0.000165 0.000267 0.000139 0.000000 0.000006 0.000000
0.999416 0.000105 0.000047 0.000013 0.000001 0.000418 0.000000
0.999319 0.000145 0.000100 0.000037 0.000000 0.000398 0.000000
0.999292 0.000128 0.000099 0.000041 0.000001 0.000439 0.000000
0.999257 0.000115 0.000078 0.000035 0.000001 0.000514 0.000000
0.999256 0.000116 0.000082 0.000032 0.000001 0.000513 0.000000
0.999237 0.000103 0.000081 0.000039 0.000000 0.000540 0.000000
0.999202 0.000102 0.000077 0.000035 0.000000 0.000584 0.000000
0.999208 0.000098 0.000066 0.000030 0.000000 0.000599 0.000000
0.999199 0.000091 0.000072 0.000029 0.000000 0.000609 0.000000
0.999177 0.000089 0.000070 0.000030 0.000000 0.000633 0.000000
0.999170 0.000097 0.000062 0.000029 0.000000 0.000642 0.000000
0.999158 0.000103 0.000065 0.000027 0.000000 0.000646 0.000000
0.999139 0.000108 0.000069 0.000029 0.000000 0.000655 0.000000
0.999151 0.000099 0.000063 0.000025 0.000000 0.000661 0.000000
0.999129 0.000099 0.000070 0.000023 0.000000 0.000679 0.000000
0.999116 0.000104 0.000075 0.000021 0.000000 0.000683 0.000000
0.999111 0.000098 0.000071 0.000024 0.000000 0.000695 0.000000
0.999102 0.000096 0.000070 0.000026 0.000000 0.000706 0.000000
0.999086 0.000099 0.000067 0.000024 0.000001 0.000723 0.000000
0.999089 0.000091 0.000068 0.000022 0.000001 0.000730 0.000000
0.999085 0.000086 0.000065 0.000022 0.000001 0.000740 0.000000
0.999084 0.000086 0.000059 0.000020 0.000001 0.000750 0.000000
0.999098 0.000078 0.000052 0.000018 0.000001 0.000754 0.000000
0.999098 0.000079 0.000049 0.000019 0.000001 0.000754 0.000000
0.999031 0.000118 0.000058 0.000023 0.000001 0.000770 0.000000
0.999075 0.000077 0.000061 0.000023 0.000001 0.000763 0.000000
0.999027 0.000082 0.000075 0.000030 0.000001 0.000786 0.000000
0.999048 0.000070 0.000062 0.000034 0.000001 0.000785 0.000000
0.999062 0.000066 0.000058 0.000023 0.000001 0.000791 0.000000
0.999049 0.000073 0.000058 0.000022 0.000001 0.000797 0.000000
0.999064 0.000058 0.000059 0.000017 0.000001 0.000801 0.000000
0.999011 0.000084 0.000064 0.000021 0.000001 0.000820 0.000000
0.999021 0.000081 0.000057 0.000018 0.000000 0.000823 0.000000
0.998997 0.000087 0.000060 0.000020 0.000000 0.000836 0.000000
0.999056 0.000062 0.000056 0.000015 0.000000 0.000811 0.000000
0.998967 0.000087 0.000082 0.000024 0.000000 0.000841 0.000000
0.999033 0.000063 0.000062 0.000018 0.000000 0.000823 0.000000
0.999038 0.000060 0.000059 0.000015 0.000001 0.000827 0.000000
0.999008 0.000069 0.000067 0.000018 0.000001 0.000837 0.000000
0.998965 0.000080 0.000079 0.000023 0.000001 0.000852 0.000000
0.998923 0.000089 0.000078 0.000029 0.000001 0.000880 0.000000
0.998985 0.000072 0.000063 0.000023 0.000001 0.000857 0.000000
0.998951 0.000082 0.000067 0.000025 0.000001 0.000874 0.000000
0.998986 0.000071 0.000057 0.000023 0.000001 0.000862 0.000000
0.998958 0.000078 0.000066 0.000023 0.000001 0.000875 0.000000
0.998909 0.000090 0.000076 0.000024 0.000001 0.000900 0.000000
0.998952 0.000077 0.000071 0.000023 0.000001 0.000877 0.000000
0.998995 0.000066 0.000057 0.000022 0.000001 0.000859 0.000000
0.998941 0.000076 0.000073 0.000024 0.000001 0.000886 0.000000
0.998885 0.000093 0.000089 0.000026 0.000001 0.000906 0.000000
0.998912 0.000088 0.000085 0.000026 0.000001 0.000889 0.000000
0.998925 0.000076 0.000078 0.000028 0.000001 0.000892 0.000000
0.998943 0.000071 0.000073 0.000023 0.000000 0.000890 0.000000
0.998878 0.000080 0.000082 0.000029 0.000000 0.000932 0.000000
0.998919 0.000066 0.000080 0.000025 0.000000 0.000910 0.000000
0.998939 0.000059 0.000072 0.000025 0.000000 0.000905 0.000000
0.998928 0.000068 0.000065 0.000025 0.000001 0.000914 0.000000
0.998856 0.000082 0.000083 0.000032 0.000002 0.000944 0.000000
0.998907 0.000071 0.000071 0.000025 0.000001 0.000925 0.000000
0.998845 0.000085 0.000078 0.000029 0.000000 0.000962 0.000000
0.998871 0.000078 0.000065 0.000035 0.000000 0.000950 0.000000
0.998865 0.000073 0.000074 0.000029 0.000000 0.000959 0.000000
0.998831 0.000082 0.000078 0.000034 0.000000 0.000976 0.000000
0.998752 0.000081 0.000102 0.000046 0.000000 0.001019 0.000000
0.998961 0.000050 0.000055 0.000022 0.000000 0.000912 0.000000
0.998933 0.000051 0.000064 0.000025 0.000000 0.000928 0.000000
0.998925 0.000056 0.000060 0.000026 0.000000 0.000933 0.000000
0.998767 0.000088 0.000090 0.000047 0.000000 0.001007 0.000000
0.998833 0.000069 0.000083 0.000040 0.000000 0.000975 0.000000
0.998876 0.000067 0.000064 0.000039 0.000000 0.000954 0.000000
0.998914 0.000056 0.000056 0.000039 0.000000 0.000935 0.000000
0.998892 0.000055 0.000059 0.000031 0.000000 0.000964 0.000000
0.998854 0.000053 0.000066 0.000039 0.000000 0.000989 0.000000
0.998828 0.000062 0.000076 0.000043 0.000000 0.000990 0.000000
0.998881 0.000057 0.000060 0.000036 0.000000 0.000966 0.000000
0.998881 0.000053 0.000053 0.000033 0.000000 0.000979 0.000000
0.998869 0.000046 0.000059 0.000035 0.000000 0.000992 0.000000
0.998860 0.000050 0.000057 0.000040 0.000000 0.000993 0.000000
0.998806 0.000051 0.000072 0.000049 0.000000 0.001021 0.000000
0.998805 0.000056 0.000066 0.000053 0.000000 0.001020 0.000000
0.998901 0.000041 0.000052 0.000033 0.000000 0.000973 0.000000
0.998851 0.000045 0.000061 0.000039 0.000000 0.001005 0.000000
0.998863 0.000046 0.000058 0.000035 0.000000 0.000998 0.000000
0.998821 0.000055 0.000061 0.000051 0.000000 0.001012 0.000000
0.998887 0.000046 0.000046 0.000034 0.000000 0.000987 0.000000
0.998873 0.000043 0.000051 0.000031 0.000000 0.001002 0.000000
0.998910 0.000042 0.000042 0.000030 0.000000 0.000975 0.000000
0.998743 0.000061 0.000066 0.000054 0.000000 0.001076 0.000000
0.998947 0.000034 0.000037 0.000025 0.000000 0.000957 0.000000
0.998799 0.000046 0.000062 0.000039 0.000000 0.001055 0.000000
0.998756 0.000048 0.000071 0.000043 0.000000 0.001082 0.000000
0.998719 0.000051 0.000073 0.000048 0.000000 0.001109 0.000000
0.998841 0.000041 0.000056 0.000029 0.000000 0.001033 0.000000
0.998767 0.000044 0.000062 0.000029 0.000000 0.001099 0.000000
0.998875 0.000036 0.000047 0.000023 0.000000 0.001019 0.000000
0.998924 0.000033 0.000039 0.000016 0.000000 0.000989 0.000000
0.998944 0.000026 0.000036 0.000014 0.000000 0.000979 0.000000
0.998778 0.000042 0.000062 0.000028 0.000004 0.001087 0.000000
0.998793 0.000043 0.000054 0.000018 0.000002 0.001089 0.000000
0.998907 0.000031 0.000040 0.000017 0.000002 0.001003 0.000000
0.998845 0.000033 0.000047 0.000021 0.000002 0.001052 0.000000
0.998864 0.000033 0.000042 0.000017 0.000001 0.001043 0.000000
0.998892 0.000031 0.000040 0.000015 0.000001 0.001021 0.000000
0.998878 0.000026 0.000043 0.000020 0.000002 0.001030 0.000000
0.998977 0.000022 0.000034 0.000011 0.000001 0.000956 0.000000
0.998978 0.000023 0.000033 0.000010 0.000001 0.000955 0.000000
0.998948 0.000022 0.000035 0.000014 0.000001 0.000980 0.000000
0.998979 0.000023 0.000031 0.000010 0.000001 0.000955 0.000000
0.998979 0.000023 0.000031 0.000009 0.000001 0.000956 0.000000
0.998981 0.000023 0.000032 0.000009 0.000001 0.000954 0.000000
0.998953 0.000024 0.000038 0.000009 0.000001 0.000975 0.000000
0.998955 0.000030 0.000040 0.000010 0.000001 0.000964 0.000000
0.998954 0.000025 0.000034 0.000010 0.000001 0.000976 0.000000
0.998924 0.000038 0.000049 0.000011 0.000001 0.000978 0.000000
0.998953 0.000029 0.000039 0.000010 0.000001 0.000969 0.000000
0.998955 0.000028 0.000038 0.000010 0.000001 0.000969 0.000000
0.998984 0.000022 0.000029 0.000009 0.000001 0.000956 0.000000
0.998828 0.000050 0.000064 0.000013 0.000001 0.001044 0.000000
0.998834 0.000056 0.000072 0.000016 0.000001 0.001022 0.000000
0.998832 0.000053 0.000059 0.000017 0.000001 0.001039 0.000000
0.998910 0.000048 0.000044 0.000013 0.000001 0.000985 0.000000
0.998721 0.000074 0.000065 0.000027 0.000001 0.001113 0.000000
0.998930 0.000039 0.000033 0.000014 0.000001 0.000983 0.000000
0.998828 0.000064 0.000056 0.000023 0.000001 0.001028 0.000000
0.998817 0.000065 0.000063 0.000024 0.000001 0.001030 0.000000
0.998902 0.000045 0.000039 0.000020 0.000001 0.000993 0.000000
0.998925 0.000032 0.000037 0.000015 0.000001 0.000990 0.000000
0.998764 0.000074 0.000065 0.000026 0.000001 0.001070 0.000000
0.998865 0.000049 0.000049 0.000017 0.000001 0.001019 0.000000
0.998802 0.000052 0.000065 0.000030 0.000001 0.001050 0.000000
0.998874 0.000040 0.000048 0.000026 0.000001 0.001011 0.000000
0.998837 0.000039 0.000053 0.000024 0.000001 0.001047 0.000000
0.998778 0.000043 0.000063 0.000029 0.000001 0.001086 0.000000
0.998636 0.000066 0.000100 0.000041 0.000001 0.001156 0.000000
0.998907 0.000026 0.000037 0.000017 0.000001 0.001012 0.000000
0.998847 0.000029 0.000047 0.000018 0.000001 0.001059 0.000000
0.998999 0.000009 0.000017 0.000007 0.000001 0.000967 0.000000
0.999001 0.000009 0.000017 0.000007 0.000001 0.000965 0.000000
0.998904 0.000019 0.000027 0.000009 0.000000 0.001041 0.000000
0.998767 0.000032 0.000045 0.000015 0.000000 0.001141 0.000000
0.998916 0.000020 0.000028 0.000012 0.000000 0.001024 0.000000
0.998914 0.000020 0.000021 0.000009 0.000000 0.001035 0.000000
0.998946 0.000014 0.000016 0.000007 0.000000 0.001017 0.000000
0.999009 0.000007 0.000011 0.000006 0.000000 0.000967 0.000000
0.998982 0.000008 0.000020 0.000008 0.000000 0.000982 0.000000
0.998916 0.000013 0.000025 0.000009 0.000000 0.001037 0.000000
0.999013 0.000006 0.000013 0.000004 0.000000 0.000963 0.000000
0.999015 0.000006 0.000012 0.000004 0.000000 0.000963 0.000000
0.999016 0.000006 0.000010 0.000004 0.000000 0.000963 0.000000
0.998879 0.000015 0.000039 0.000013 0.000000 0.001054 0.000000
0.998976 0.000010 0.000014 0.000006 0.000000 0.000995 0.000000
0.998990 0.000010 0.000013 0.000006 0.000000 0.000982 0.000000
0.998963 0.000010 0.000020 0.000008 0.000000 0.001000 0.000000
0.999018 0.000006 0.000009 0.000004 0.000000 0.000963 0.000000
0.998992 0.000007 0.000014 0.000006 0.000000 0.000982 0.000000
0.998938 0.000011 0.000020 0.000009 0.000000 0.001022 0.000000
0.998993 0.000007 0.000011 0.000005 0.000000 0.000983 0.000000
0.998992 0.000008 0.000011 0.000003 0.000000 0.000986 0.000000
0.999021 0.000005 0.000006 0.000002 0.000000 0.000966 0.000000
0.999021 0.000005 0.000007 0.000002 0.000000 0.000965 0.000000
0.998966 0.000010 0.000010 0.000004 0.000000 0.001010 0.000000
0.998972 0.000007 0.000014 0.000006 0.000000 0.001002 0.000000
0.998968 0.000007 0.000013 0.000004 0.000000 0.001008 0.000000
0.999024 0.000004 0.000006 0.000002 0.000000 0.000964 0.000000
0.999025 0.000004 0.000006 0.000002 0.000000 0.000963 0.000000
0.999026 0.000004 0.000006 0.000002 0.000000 0.000963 0.000000
0.998998 0.000007 0.000006 0.000002 0.000000 0.000986 0.000000
0.999027 0.000004 0.000004 0.000002 0.000000 0.000963 0.000000
0.999027 0.000003 0.000004 0.000001 0.000000 0.000965 0.000000
0.999028 0.000003 0.000004 0.000001 0.000000 0.000964 0.000000
0.999029 0.000003 0.000004 0.000001 0.000000 0.000963 0.000000
0.999016 0.000002 0.000004 0.000001 0.000000 0.000977 0.000000
0.999030 0.000002 0.000003 0.000001 0.000000 0.000963 0.000000
0.999032 0.000002 0.000003 0.000001 0.000000 0.000962 0.000000
0.999006 0.000005 0.000004 0.000001 0.000000 0.000984 0.000000
0.999034 0.000002 0.000003 0.000001 0.000000 0.000961 0.000000
0.999035 0.000002 0.000003 0.000001 0.000000 0.000960 0.000000
0.999035 0.000002 0.000002 0.000001 0.000000 0.000960 0.000000
0.999036 0.000002 0.000002 0.000000 0.000000 0.000960 0.000000
0.999036 0.000002 0.000002 0.000000 0.000000 0.000959 0.000000
0.999037 0.000002 0.000002 0.000000 0.000000 0.000958 0.000000
0.999038 0.000002 0.000003 0.000000 0.000000 0.000957 0.000000
0.999038 0.000002 0.000002 0.000000 0.000000 0.000957 0.000000
0.999039 0.000001 0.000002 0.000001 0.000000 0.000957 0.000000
0.999040 0.000001 0.000003 0.000001 0.000000 0.000956 0.000000
0.999041 0.000001 0.000003 0.000001 0.000000 0.000955 0.000000
0.999042 0.000001 0.000002 0.000001 0.000000 0.000955 0.000000
0.999042 0.000000 0.000003 0.000001 0.000000 0.000954 0.000000
0.999043 0.000000 0.000003 0.000000 0.000000 0.000954 0.000000
0.999043 0.000000 0.000002 0.000000 0.000000 0.000955 0.000000
0.999044 0.000000 0.000002 0.000000 0.000000 0.000954 0.000000
0.999045 0.000000 0.000002 0.000000 0.000000 0.000953 0.000000
0.999024 0.000000 0.000001 0.000000 0.000000 0.000976 0.000000
0.999031 0.000000 0.000000 0.000000 0.000000 0.000969 0.000000
0.999045 0.000000 0.000000 0.000000 0.000000 0.000955 0.000000
0.999045 0.000000 0.000000 0.000000 0.000000 0.000955 0.000000
0.999045 0.000000 0.000000 0.000000 0.000000 0.000955 0.000000
0.999045 0.000000 0.000000 0.000000 0.000000 0.000955 0.000000
0.999045 0.000000 0.000000 0.000000 0.000000 0.000955 0.000000
0.999045 0.000000 0.000000 0.000000 0.000000 0.000955 0.000000
0.999045 0.000000 0.000000 0.000000 0.000000 0.000955 0.000000
0.999045 0.000000 0.000000 0.000000 0.000000 0.000955 0.000000
0.999045 0.000000 0.000000 0.000000 0.000000 0.000955 0.000000
0.999045 0.000000 0.000000 0.000000 0.000000 0.000955 0.000000
0.999045 0.000000 0.000000 0.000000 0.000000 0.000955 0.000000
0.999045 0.000000 0.000000 0.000000 0.000000 0.000955 0.000000
0.999045 0.000000 0.000000 0.000000 0.000000 0.000955 0.000000
0.999045 0.000000 0.000000 0.000000 0.000000 0.000955 0.000000
0.999045 0.000000 0.000000 0.000000 0.000000 0.000955 0.000000
0.999045 0.000000 0.000000 0.000000 0.000000 0.000955 0.000000
0.999045 0.000000 0.000000 0.000000 0.000000 0.000955 0.000000
0.999045 0.000000 0.000000 0.000000 0.000000 0.000955 0.000000
0.999045 0.000000 0.000000 0.000000 0.000000 0.000955 0.000000
0.999045 0.000000 0.000000 0.000000 0.000000 0.000955 0.000000
0.999045 0.000000 0.000000 0.000000 0.000000 0.000955 0.000000
0.999045 0.000000 0.000000 0.000000 0.000000 0.000955 0.000000
0.999045 0.000000 0.000000 0.000000 0.000000 0.000955 0.000000
0.999045 0.000000 0.000000 0.000000 0.000000 0.000955 0.000000
0.999045 0.000000 0.000000 0.000000 0.000000 0.000955 0.000000
0.999045 0.000000 0.000000 0.000000 0.000000 0.000955 0.000000
0.999045 0.000000 0.000000 0.000000 0.000000 0.000955 0.000000
0.999045 0.000000 0.000000 0.000000 0.000000 0.000955 0.000000
0.999045 0.000000 0.000000 0.000000 0.000000 0.000955 0.000000
0.999045 0.000000 0.000000 0.000000 0.000000 0.000955 0.000000
0.999045 0.000000 0.000000 0.000000 0.000000 0.000955 0.000000
0.999045 0.000000 0.000000 0.000000 0.000000 0.000955 0.000000
0.999045 0.000000 0.000000 0.000000 0.000000 0.000955 0.000000
0.999045 0.000000 0.000000 0.000000 0.000000 0.000955 0.000000
0.999045 0.000000 0.000000 0.000000 0.000000 0.000955 0.000000
0.999045 0.000000 0.000000 0.000000 0.000000 0.000955 0.000000
0.999045 0.000000 0.000000 0.000000 0.000000 0.000955 0.000000
0.999045 0.000000 0.000000 0.000000 0.000000 0.000955 0.000000
0.999045 0.000000 0.000000 0.000000 0.000000 0.000955 0.000000
0.999045 0.000000 0.000000 0.000000 0.000000 0.000955 0.000000
0.999045 0.000000 0.000000 0.000000 0.000000 0.000955 0.000000
0.999045 0.000000 0.000000 0.000000 0.000000 0.000955 0.000000
0.999045 0.000000 0.000000 0.000000 0.000000 0.000955 0.000000
0.999045 0.000000 0.000000 0.000000 0.000000 0.000955 0.000000
0.999045 0.000000 0.000000 0.000000 0.000000 0.000955 0.000000
0.999045 0.000000 0.000000 0.000000 0.000000 0.000955 0.000000
0.999045 0.000000 0.000000 0.000000 0.000000 0.000955 0.000000
0.999045 0.000000 0.000000 0.000000 0.000000 0.000955 0.000000
0.999045 0.000000 0.000000 0.000000 0.000000 0.000955 0.000000
0.999045 0.000000 0.000000 0.000000 0.000000 0.000955 0.000000
0.999045 0.000000 0.000000 0.000000 0.000000 0.000955 0.000000
0.999045 0.000000 0.000000 0.000000 0.000000 0.000955 0.000000
0.999045 0.000000 0.000000 0.000000 0.000000 0.000955 0.000000
0.999045 0.000000 0.000000 0.000000 0.000000 0.000955 0.000000
0.999045 0.000000 0.000000 0.000000 0.000000 0.000955 0.000000
0.999045 0.000000 0.000000 0.000000 0.000000 0.000955 0.000000
0.999045 0.000000 0.000000 0.000000 0.000000 0.000955 0.000000
0.999045 0.000000 0.000000 0.000000 0.000000 0.000955 0.000000
0.999045 0.000000 0.000000 0.000000 0.000000 0.000955 0.000000
0.999045 0.000000 0.000000 0.000000 0.000000 0.000955 0.000000
0.999045 0.000000 0.000000 0.000000 0.000000 0.000955 0.000000
0.999045 0.000000 0.000000 0.000000 0.000000 0.000955 0.000000
0.999045 0.000000 0.000000 0.000000 0.000000 0.000955 0.000000
0.999045 0.000000 0.000000 0.000000 0.000000 0.000955 0.000000
0.999045 0.000000 0.000000 0.000000 0.000000 0.000955 0.000000
0.999045 0.000000 0.000000 0.000000 0.000000 0.000955 0.000000
0.999045 0.000000 0.000000 0.000000 0.000000 0.000955 0.000000
0.999045 0.000000 0.000000 0.000000 0.000000 0.000955 0.000000
0.999045 0.000000 0.000000 0.000000 0.000000 0.000955 0.000000
0.999045 0.000000 0.000000 0.000000 0.000000 0.000955 0.000000
0.999045 0.000000 0.000000 0.000000 0.000000 0.000955 0.000000
0.999045 0.000000 0.000000 0.000000 0.000000 0.000955 0.000000
0.999045 0.000000 0.000000 0.000000 0.000000 0.000955 0.000000
0.999045 0.000000 0.000000 0.000000 0.000000 0.000955 0.000000
0.999045 0.000000 0.000000 0.000000 0.000000 0.000955 0.000000
0.999045 0.000000 0.000000 0.000000 0.000000 0.000955 0.000000
0.999045 0.000000 0.000000 0.000000 0.000000 0.000955 0.000000
0.999045 0.000000 0.000000 0.000000 0.000000 0.000955 0.000000
0.999045 0.000000 0.000000 0.000000 0.000000 0.000955 0.000000
0.999045 0.000000 0.000000 0.000000 0.000000 0.000955 0.000000
0.999045 0.000000 0.000000 0.000000 0.000000 0.000955 0.000000
0.999045 0.000000 0.000000 0.000000 0.000000 0.000955 0.000000
0.999045 0.000000 0.000000 0.000000 0.000000 0.000955 0.000000
0.999045 0.000000 0.000000 0.000000 0.000000 0.000955 0.000000
0.999045 0.000000 0.000000 0.000000 0.000000 0.000955 0.000000
0.999045 0.000000 0.000000 0.000000 0.000000 0.000955 0.000000
0.999045 0.000000 0.000000 0.000000 0.000000 0.000955 0.000000
0.999045 0.000000 0.000000 0.000000 0.000000 0.000955 0.000000
0.999045 0.000000 0.000000 0.000000 0.000000 0.000955 0.000000
0.999045 0.000000 0.000000 0.000000 0.000000 0.000955 0.000000
0.999045 0.000000 0.000000 0.000000 0.000000 0.000955 0.000000
0.999045 0.000000 0.000000 0.000000 0.000000 0.000955 0.000000
0.999045 0.000000 0.000000 0.000000 0.000000 0.000955 0.000000
0.999045 0.000000 0.000000 0.000000 0.000000 0.000955 0.000000
0.999045 0.000000 0.000000 0.000000 0.000000 0.000955 0.000000
0.999045 0.000000 0.000000 0.000000 0.000000 0.000955 0.000000
0.999045 0.000000 0.000000 0.000000 0.000000 0.000955 0.000000
0.999045 0.000000 0.000000 0.000000 0.000000 0.000955 0.000000
0.999045 0.000000 0.000000 0.000000 0.000000 0.000955 0.000000
0.999045 0.000000 0.000000 0.000000 0.000000 0.000955 0.000000
0.999045 0.000000 0.000000 0.000000 0.000000 0.000955 0.000000
0.999045 0.000000 0.000000 0.000000 0.000000 0.000955 0.000000
0.999045 0.000000 0.000000 0.000000 0.000000 0.000955 0.000000
0.999045 0.000000 0.000000 0.000000 0.000000 0.000955 0.000000
0.999045 0.000000 0.000000 0.000000 0.000000 0.000955 0.000000
