0.999423 0.000165 0.000266 0.000139 0.000000 0.000007 0.000000
0.999415 0.000105 0.000047 0.000013 0.000001 0.000418 0.000000
0.999319 0.000145 0.000101 0.000037 0.000000 0.000398 0.000000
0.999292 0.000129 0.000100 0.000040 0.000001 0.000439 0.000000
0.999257 0.000116 0.000078 0.000034 0.000001 0.000515 0.000000
0.999256 0.000116 0.000082 0.000032 0.000001 0.000513 0.000000
0.999237 0.000104 0.000080 0.000039 0.000000 0.000539 0.000000
0.999203 0.000102 0.000076 0.000035 0.000000 0.000584 0.000000
0.999209 0.000096 0.000066 0.000031 0.000000 0.000597 0.000000
0.999200 0.000090 0.000071 0.000029 0.000000 0.000609 0.000000
0.999180 0.000089 0.000069 0.000030 0.000000 0.000632 0.000000
0.999173 0.000096 0.000062 0.000029 0.000000 0.000640 0.000000
0.999162 0.000102 0.000064 0.000027 0.000000 0.000645 0.000000
0.999144 0.000107 0.000068 0.000028 0.000000 0.000654 0.000000
0.999156 0.000097 0.000063 0.000025 0.000000 0.000660 0.000000
0.999133 0.000098 0.000068 0.000022 0.000000 0.000678 0.000000
0.999121 0.000104 0.000074 0.000021 0.000000 0.000680 0.000000
0.999116 0.000098 0.000070 0.000024 0.000000 0.000693 0.000000
0.999106 0.000096 0.000070 0.000026 0.000000 0.000703 0.000000
0.999090 0.000098 0.000067 0.000024 0.000001 0.000719 0.000000
0.999093 0.000089 0.000068 0.000023 0.000001 0.000725 0.000000
0.999090 0.000086 0.000064 0.000023 0.000001 0.000736 0.000000
0.999088 0.000087 0.000057 0.000021 0.000001 0.000747 0.000000
0.999102 0.000079 0.000050 0.000018 0.000001 0.000749 0.000000
0.999102 0.000080 0.000048 0.000020 0.000001 0.000750 0.000000
0.999033 0.000119 0.000057 0.000024 0.000001 0.000765 0.000000
0.999077 0.000079 0.000061 0.000024 0.000001 0.000759 0.000000
0.999029 0.000083 0.000075 0.000030 0.000001 0.000782 0.000000
0.999050 0.000070 0.000062 0.000035 0.000001 0.000782 0.000000
0.999066 0.000065 0.000058 0.000025 0.000001 0.000785 0.000000
0.999052 0.000073 0.000057 0.000023 0.000001 0.000794 0.000000
0.999066 0.000058 0.000058 0.000019 0.000001 0.000798 0.000000
0.999013 0.000085 0.000062 0.000022 0.000001 0.000817 0.000000
0.999024 0.000081 0.000055 0.000020 0.000000 0.000821 0.000000
0.999001 0.000086 0.000059 0.000020 0.000000 0.000834 0.000000
0.999059 0.000060 0.000054 0.000017 0.000000 0.000809 0.000000
0.998970 0.000085 0.000081 0.000024 0.000000 0.000839 0.000000
0.999037 0.000062 0.000061 0.000018 0.000000 0.000822 0.000000
0.999042 0.000060 0.000057 0.000015 0.000001 0.000826 0.000000
0.999013 0.000068 0.000065 0.000018 0.000001 0.000837 0.000000
0.998970 0.000078 0.000076 0.000023 0.000001 0.000852 0.000000
0.998930 0.000087 0.000074 0.000029 0.000001 0.000879 0.000000
0.998992 0.000069 0.000060 0.000023 0.000001 0.000855 0.000000
0.998959 0.000080 0.000064 0.000025 0.000001 0.000872 0.000000
0.998994 0.000068 0.000055 0.000023 0.000001 0.000860 0.000000
0.998962 0.000075 0.000062 0.000022 0.000001 0.000878 0.000000
0.998918 0.000087 0.000073 0.000024 0.000001 0.000898 0.000000
0.998961 0.000074 0.000067 0.000022 0.000001 0.000875 0.000000
0.999004 0.000063 0.000054 0.000022 0.000001 0.000857 0.000000
0.998950 0.000073 0.000069 0.000024 0.000001 0.000883 0.000000
0.998895 0.000090 0.000086 0.000026 0.000001 0.000902 0.000000
0.998921 0.000085 0.000082 0.000026 0.000001 0.000886 0.000000
0.998933 0.000074 0.000075 0.000028 0.000001 0.000889 0.000000
0.998952 0.000068 0.000070 0.000023 0.000000 0.000887 0.000000
0.998887 0.000078 0.000078 0.000029 0.000000 0.000929 0.000000
0.998927 0.000063 0.000077 0.000025 0.000000 0.000907 0.000000
0.998947 0.000056 0.000069 0.000025 0.000000 0.000902 0.000000
0.998937 0.000064 0.000061 0.000025 0.000001 0.000911 0.000000
0.998864 0.000079 0.000080 0.000032 0.000002 0.000943 0.000000
0.998915 0.000067 0.000068 0.000024 0.000001 0.000924 0.000000
0.998853 0.000082 0.000076 0.000029 0.000000 0.000961 0.000000
0.998879 0.000076 0.000062 0.000034 0.000000 0.000948 0.000000
0.998872 0.000071 0.000071 0.000029 0.000000 0.000957 0.000000
0.998839 0.000079 0.000074 0.000033 0.000000 0.000975 0.000000
0.998761 0.000078 0.000098 0.000046 0.000000 0.001017 0.000000
0.998970 0.000047 0.000052 0.000021 0.000000 0.000909 0.000000
0.998943 0.000048 0.000060 0.000024 0.000000 0.000925 0.000000
0.998935 0.000053 0.000057 0.000025 0.000000 0.000930 0.000000
0.998777 0.000085 0.000087 0.000046 0.000000 0.001005 0.000000
0.998844 0.000065 0.000080 0.000039 0.000000 0.000972 0.000000
0.998886 0.000064 0.000061 0.000039 0.000000 0.000951 0.000000
0.998925 0.000052 0.000053 0.000038 0.000000 0.000932 0.000000
0.998904 0.000049 0.000056 0.000030 0.000000 0.000961 0.000000
0.998866 0.000048 0.000063 0.000038 0.000000 0.000986 0.000000
0.998841 0.000057 0.000073 0.000042 0.000000 0.000987 0.000000
0.998895 0.000052 0.000056 0.000035 0.000000 0.000962 0.000000
0.998896 0.000049 0.000048 0.000032 0.000000 0.000975 0.000000
0.998884 0.000043 0.000053 0.000033 0.000000 0.000988 0.000000
0.998876 0.000046 0.000051 0.000039 0.000000 0.000988 0.000000
0.998817 0.000048 0.000065 0.000048 0.000000 0.001022 0.000000
0.998821 0.000053 0.000059 0.000052 0.000000 0.001014 0.000000
0.998917 0.000039 0.000045 0.000031 0.000000 0.000968 0.000000
0.998865 0.000043 0.000054 0.000037 0.000000 0.001000 0.000000
0.998876 0.000045 0.000052 0.000034 0.000000 0.000993 0.000000
0.998834 0.000054 0.000055 0.000051 0.000000 0.001006 0.000000
0.998901 0.000045 0.000040 0.000034 0.000000 0.000980 0.000000
0.998886 0.000042 0.000046 0.000031 0.000000 0.000995 0.000000
0.998923 0.000042 0.000036 0.000030 0.000000 0.000969 0.000000
0.998755 0.000060 0.000061 0.000054 0.000000 0.001070 0.000000
0.998958 0.000033 0.000033 0.000024 0.000000 0.000952 0.000000
0.998816 0.000044 0.000058 0.000039 0.000000 0.001042 0.000000
0.998768 0.000046 0.000067 0.000043 0.000000 0.001075 0.000000
0.998731 0.000049 0.000069 0.000048 0.000000 0.001103 0.000000
0.998853 0.000039 0.000052 0.000029 0.000000 0.001026 0.000000
0.998779 0.000042 0.000057 0.000029 0.000000 0.001093 0.000000
0.998889 0.000034 0.000042 0.000023 0.000000 0.001013 0.000000
0.998938 0.000031 0.000033 0.000016 0.000000 0.000983 0.000000
0.998958 0.000024 0.000031 0.000014 0.000000 0.000973 0.000000
0.998792 0.000039 0.000056 0.000028 0.000004 0.001082 0.000000
0.998807 0.000041 0.000048 0.000018 0.000002 0.001084 0.000000
0.998922 0.000028 0.000034 0.000017 0.000002 0.000997 0.000000
0.998860 0.000028 0.000042 0.000021 0.000002 0.001047 0.000000
0.998881 0.000027 0.000036 0.000017 0.000001 0.001038 0.000000
0.998908 0.000026 0.000033 0.000015 0.000001 0.001018 0.000000
0.998895 0.000021 0.000035 0.000020 0.000002 0.001027 0.000000
0.998993 0.000017 0.000027 0.000010 0.000001 0.000952 0.000000
0.998995 0.000017 0.000025 0.000010 0.000001 0.000952 0.000000
0.998966 0.000017 0.000026 0.000014 0.000001 0.000977 0.000000
0.998997 0.000018 0.000023 0.000010 0.000001 0.000952 0.000000
0.998998 0.000017 0.000023 0.000009 0.000001 0.000952 0.000000
0.999000 0.000017 0.000024 0.000009 0.000001 0.000949 0.000000
0.998973 0.000018 0.000029 0.000009 0.000001 0.000970 0.000000
0.998974 0.000023 0.000031 0.000010 0.000001 0.000960 0.000000
0.998973 0.000018 0.000027 0.000010 0.000001 0.000971 0.000000
0.998944 0.000031 0.000041 0.000010 0.000001 0.000973 0.000000
0.998972 0.000022 0.000031 0.000009 0.000001 0.000965 0.000000
0.998974 0.000020 0.000031 0.000009 0.000001 0.000965 0.000000
0.999003 0.000015 0.000022 0.000008 0.000001 0.000951 0.000000
0.998892 0.000029 0.000045 0.000012 0.000001 0.001021 0.000000
0.998897 0.000035 0.000054 0.000013 0.000001 0.001000 0.000000
0.998896 0.000031 0.000043 0.000013 0.000001 0.001017 0.000000
0.998979 0.000022 0.000028 0.000009 0.000001 0.000962 0.000000
0.998793 0.000045 0.000050 0.000023 0.000001 0.001088 0.000000
0.998980 0.000020 0.000023 0.000010 0.000001 0.000966 0.000000
0.998933 0.000026 0.000033 0.000013 0.000001 0.000994 0.000000
0.998920 0.000029 0.000040 0.000015 0.000001 0.000995 0.000000
0.998983 0.000015 0.000025 0.000014 0.000001 0.000963 0.000000
0.998954 0.000020 0.000033 0.000014 0.000001 0.000980 0.000000
0.998881 0.000026 0.000043 0.000017 0.000001 0.001033 0.000000
0.998954 0.000016 0.000030 0.000012 0.000001 0.000988 0.000000
0.998948 0.000014 0.000028 0.000012 0.000001 0.000998 0.000000
0.999019 0.000007 0.000014 0.000007 0.000001 0.000953 0.000000
0.998989 0.000011 0.000020 0.000008 0.000001 0.000971 0.000000
0.998835 0.000027 0.000042 0.000020 0.000001 0.001076 0.000000
0.998933 0.000018 0.000022 0.000011 0.000001 0.001016 0.000000
0.998997 0.000009 0.000015 0.000006 0.000001 0.000973 0.000000
0.999030 0.000006 0.000010 0.000004 0.000001 0.000950 0.000000
0.999001 0.000007 0.000015 0.000005 0.000001 0.000971 0.000000
0.999032 0.000004 0.000011 0.000004 0.000001 0.000949 0.000000
0.999034 0.000003 0.000011 0.000004 0.000000 0.000948 0.000000
0.998908 0.000015 0.000025 0.000005 0.000000 0.001047 0.000000
0.998940 0.000017 0.000021 0.000003 0.000000 0.001019 0.000000
0.999034 0.000006 0.000009 0.000003 0.000000 0.000948 0.000000
0.999006 0.000008 0.000013 0.000003 0.000000 0.000970 0.000000
0.998978 0.000008 0.000018 0.000002 0.000000 0.000994 0.000000
0.999037 0.000002 0.000010 0.000002 0.000000 0.000948 0.000000
0.999038 0.000002 0.000009 0.000002 0.000000 0.000948 0.000000
0.998981 0.000007 0.000021 0.000002 0.000000 0.000989 0.000000
0.999039 0.000004 0.000010 0.000002 0.000000 0.000945 0.000000
0.999039 0.000004 0.000007 0.000002 0.000000 0.000947 0.000000
0.999041 0.000004 0.000008 0.000002 0.000000 0.000946 0.000000
0.999028 0.000004 0.000007 0.000001 0.000000 0.000960 0.000000
0.999042 0.000002 0.000008 0.000001 0.000000 0.000946 0.000000
0.999043 0.000002 0.000008 0.000001 0.000000 0.000946 0.000000
0.999043 0.000002 0.000008 0.000001 0.000000 0.000945 0.000000
0.999044 0.000002 0.000007 0.000001 0.000000 0.000946 0.000000
0.999035 0.000002 0.000007 0.000001 0.000000 0.000955 0.000000
0.999043 0.000002 0.000007 0.000001 0.000000 0.000947 0.000000
0.999044 0.000002 0.000007 0.000001 0.000000 0.000947 0.000000
0.999044 0.000002 0.000006 0.000001 0.000000 0.000948 0.000000
0.999016 0.000004 0.000010 0.000001 0.000000 0.000969 0.000000
0.999045 0.000002 0.000006 0.000001 0.000000 0.000947 0.000000
0.999046 0.000002 0.000006 0.000001 0.000000 0.000946 0.000000
0.999047 0.000002 0.000006 0.000001 0.000000 0.000945 0.000000
0.999048 0.000002 0.000006 0.000001 0.000000 0.000944 0.000000
0.999049 0.000002 0.000005 0.000001 0.000000 0.000944 0.000000
0.999024 0.000004 0.000007 0.000001 0.000000 0.000965 0.000000
0.999050 0.000002 0.000004 0.000001 0.000000 0.000944 0.000000
0.999050 0.000002 0.000003 0.000001 0.000000 0.000944 0.000000
0.999051 0.000002 0.000003 0.000000 0.000000 0.000944 0.000000
0.999027 0.000004 0.000005 0.000001 0.000000 0.000963 0.000000
0.999052 0.000002 0.000002 0.000001 0.000000 0.000944 0.000000
0.999038 0.000001 0.000002 0.000001 0.000000 0.000958 0.000000
0.999052 0.000001 0.000002 0.000001 0.000000 0.000944 0.000000
0.999052 0.000001 0.000002 0.000001 0.000000 0.000945 0.000000
0.999052 0.000000 0.000002 0.000001 0.000000 0.000945 0.000000
0.999053 0.000000 0.000002 0.000001 0.000000 0.000944 0.000000
0.999053 0.000000 0.000002 0.000001 0.000000 0.000944 0.000000
0.999054 0.000000 0.000002 0.000001 0.000000 0.000943 0.000000
0.999054 0.000000 0.000002 0.000001 0.000000 0.000942 0.000000
0.999055 0.000000 0.000002 0.000001 0.000000 0.000942 0.000000
0.999056 0.000000 0.000002 0.000001 0.000000 0.000941 0.000000
0.999056 0.000000 0.000002 0.000001 0.000000 0.000941 0.000000
0.999056 0.000000 0.000002 0.000000 0.000000 0.000941 0.000000
0.999057 0.000000 0.000002 0.000000 0.000000 0.000941 0.000000
0.999058 0.000000 0.000002 0.000000 0.000000 0.000940 0.000000
0.999058 0.000000 0.000002 0.000000 0.000000 0.000939 0.000000
0.999058 0.000000 0.000002 0.000000 0.000000 0.000940 0.000000
0.999058 0.000000 0.000001 0.000000 0.000000 0.000941 0.000000
0.999059 0.000000 0.000001 0.000000 0.000000 0.000940 0.000000
0.999059 0.000000 0.000001 0.000000 0.000000 0.000941 0.000000
0.999059 0.000000 0.000001 0.000000 0.000000 0.000940 0.000000
0.999060 0.000000 0.000001 0.000000 0.000000 0.000939 0.000000
0.999061 0.000000 0.000001 0.000000 0.000000 0.000939 0.000000
0.999061 0.000000 0.000001 0.000000 0.000000 0.000938 0.000000
0.999062 0.000000 0.000001 0.000000 0.000000 0.000937 0.000000
0.999063 0.000000 0.000001 0.000000 0.000000 0.000937 0.000000
0.999063 0.000000 0.000001 0.000000 0.000000 0.000936 0.000000
0.999064 0.000000 0.000001 0.000000 0.000000 0.000936 0.000000
0.999051 0.000000 0.000000 0.000000 0.000000 0.000949 0.000000
0.999064 0.000000 0.000000 0.000000 0.000000 0.000936 0.000000
0.999064 0.000000 0.000000 0.000000 0.000000 0.000936 0.000000
0.999064 0.000000 0.000000 0.000000 0.000000 0.000936 0.000000
0.999064 0.000000 0.000000 0.000000 0.000000 0.000936 0.000000
0.999064 0.000000 0.000000 0.000000 0.000000 0.000936 0.000000
0.999064 0.000000 0.000000 0.000000 0.000000 0.000936 0.000000
0.999064 0.000000 0.000000 0.000000 0.000000 0.000936 0.000000
0.999064 0.000000 0.000000 0.000000 0.000000 0.000936 0.000000
0.999064 0.000000 0.000000 0.000000 0.000000 0.000936 0.000000
0.999064 0.000000 0.000000 0.000000 0.000000 0.000936 0.000000
0.999064 0.000000 0.000000 0.000000 0.000000 0.000936 0.000000
0.999064 0.000000 0.000000 0.000000 0.000000 0.000936 0.000000
0.999064 0.000000 0.000000 0.000000 0.000000 0.000936 0.000000
0.999064 0.000000 0.000000 0.000000 0.000000 0.000936 0.000000
0.999064 0.000000 0.000000 0.000000 0.000000 0.000936 0.000000
0.999064 0.000000 0.000000 0.000000 0.000000 0.000936 0.000000
0.999064 0.000000 0.000000 0.000000 0.000000 0.000936 0.000000
0.999064 0.000000 0.000000 0.000000 0.000000 0.000936 0.000000
0.999064 0.000000 0.000000 0.000000 0.000000 0.000936 0.000000
0.999064 0.000000 0.000000 0.000000 0.000000 0.000936 0.000000
0.999064 0.000000 0.000000 0.000000 0.000000 0.000936 0.000000
0.999064 0.000000 0.000000 0.000000 0.000000 0.000936 0.000000
0.999064 0.000000 0.000000 0.000000 0.000000 0.000936 0.000000
0.999064 0.000000 0.000000 0.000000 0.000000 0.000936 0.000000
0.999064 0.000000 0.000000 0.000000 0.000000 0.000936 0.000000
0.999064 0.000000 0.000000 0.000000 0.000000 0.000936 0.000000
0.999064 0.000000 0.000000 0.000000 0.000000 0.000936 0.000000
0.999064 0.000000 0.000000 0.000000 0.000000 0.000936 0.000000
0.999064 0.000000 0.000000 0.000000 0.000000 0.000936 0.000000
0.999064 0.000000 0.000000 0.000000 0.000000 0.000936 0.000000
0.999064 0.000000 0.000000 0.000000 0.000000 0.000936 0.000000
0.999064 0.000000 0.000000 0.000000 0.000000 0.000936 0.000000
0.999064 0.000000 0.000000 0.000000 0.000000 0.000936 0.000000
0.999064 0.000000 0.000000 0.000000 0.000000 0.000936 0.000000
0.999064 0.000000 0.000000 0.000000 0.000000 0.000936 0.000000
0.999064 0.000000 0.000000 0.000000 0.000000 0.000936 0.000000
0.999064 0.000000 0.000000 0.000000 0.000000 0.000936 0.000000
0.999064 0.000000 0.000000 0.000000 0.000000 0.000936 0.000000
0.999064 0.000000 0.000000 0.000000 0.000000 0.000936 0.000000
0.999064 0.000000 0.000000 0.000000 0.000000 0.000936 0.000000
0.999064 0.000000 0.000000 0.000000 0.000000 0.000936 0.000000
0.999064 0.000000 0.000000 0.000000 0.000000 0.000936 0.000000
0.999064 0.000000 0.000000 0.000000 0.000000 0.000936 0.000000
0.999064 0.000000 0.000000 0.000000 0.000000 0.000936 0.000000
0.999064 0.000000 0.000000 0.000000 0.000000 0.000936 0.000000
0.999064 0.000000 0.000000 0.000000 0.000000 0.000936 0.000000
0.999064 0.000000 0.000000 0.000000 0.000000 0.000936 0.000000
0.999064 0.000000 0.000000 0.000000 0.000000 0.000936 0.000000
0.999064 0.000000 0.000000 0.000000 0.000000 0.000936 0.000000
0.999064 0.000000 0.000000 0.000000 0.000000 0.000936 0.000000
0.999064 0.000000 0.000000 0.000000 0.000000 0.000936 0.000000
0.999064 0.000000 0.000000 0.000000 0.000000 0.000936 0.000000
0.999064 0.000000 0.000000 0.000000 0.000000 0.000936 0.000000
0.999064 0.000000 0.000000 0.000000 0.000000 0.000936 0.000000
0.999064 0.000000 0.000000 0.000000 0.000000 0.000936 0.000000
0.999064 0.000000 0.000000 0.000000 0.000000 0.000936 0.000000
0.999064 0.000000 0.000000 0.000000 0.000000 0.000936 0.000000
0.999064 0.000000 0.000000 0.000000 0.000000 0.000936 0.000000
0.999064 0.000000 0.000000 0.000000 0.000000 0.000936 0.000000
0.999064 0.000000 0.000000 0.000000 0.000000 0.000936 0.000000
0.999064 0.000000 0.000000 0.000000 0.000000 0.000936 0.000000
0.999064 0.000000 0.000000 0.000000 0.000000 0.000936 0.000000
0.999064 0.000000 0.000000 0.000000 0.000000 0.000936 0.000000
0.999064 0.000000 0.000000 0.000000 0.000000 0.000936 0.000000
0.999064 0.000000 0.000000 0.000000 0.000000 0.000936 0.000000
0.999064 0.000000 0.000000 0.000000 0.000000 0.000936 0.000000
0.999064 0.000000 0.000000 0.000000 0.000000 0.000936 0.000000
0.999064 0.000000 0.000000 0.000000 0.000000 0.000936 0.000000
0.999064 0.000000 0.000000 0.000000 0.000000 0.000936 0.000000
0.999064 0.000000 0.000000 0.000000 0.000000 0.000936 0.000000
0.999064 0.000000 0.000000 0.000000 0.000000 0.000936 0.000000
0.999064 0.000000 0.000000 0.000000 0.000000 0.000936 0.000000
0.999064 0.000000 0.000000 0.000000 0.000000 0.000936 0.000000
0.999064 0.000000 0.000000 0.000000 0.000000 0.000936 0.000000
0.999064 0.000000 0.000000 0.000000 0.000000 0.000936 0.000000
0.999064 0.000000 0.000000 0.000000 0.000000 0.000936 0.000000
0.999064 0.000000 0.000000 0.000000 0.000000 0.000936 0.000000
0.999064 0.000000 0.000000 0.000000 0.000000 0.000936 0.000000
0.999064 0.000000 0.000000 0.000000 0.000000 0.000936 0.000000
0.999064 0.000000 0.000000 0.000000 0.000000 0.000936 0.000000
0.999064 0.000000 0.000000 0.000000 0.000000 0.000936 0.000000
0.999064 0.000000 0.000000 0.000000 0.000000 0.000936 0.000000
0.999064 0.000000 0.000000 0.000000 0.000000 0.000936 0.000000
0.999064 0.000000 0.000000 0.000000 0.000000 0.000936 0.000000
0.999064 0.000000 0.000000 0.000000 0.000000 0.000936 0.000000
0.999064 0.000000 0.000000 0.000000 0.000000 0.000936 0.000000
0.999064 0.000000 0.000000 0.000000 0.000000 0.000936 0.000000
0.999064 0.000000 0.000000 0.000000 0.000000 0.000936 0.000000
0.999064 0.000000 0.000000 0.000000 0.000000 0.000936 0.000000
0.999064 0.000000 0.000000 0.000000 0.000000 0.000936 0.000000
0.999064 0.000000 0.000000 0.000000 0.000000 0.000936 0.000000
0.999064 0.000000 0.000000 0.000000 0.000000 0.000936 0.000000
0.999064 0.000000 0.000000 0.000000 0.000000 0.000936 0.000000
0.999064 0.000000 0.000000 0.000000 0.000000 0.000936 0.000000
0.999064 0.000000 0.000000 0.000000 0.000000 0.000936 0.000000
0.999064 0.000000 0.000000 0.000000 0.000000 0.000936 0.000000
0.999064 0.000000 0.000000 0.000000 0.000000 0.000936 0.000000
0.999064 0.000000 0.000000 0.000000 0.000000 0.000936 0.000000
0.999064 0.000000 0.000000 0.000000 0.000000 0.000936 0.000000
0.999064 0.000000 0.000000 0.000000 0.000000 0.000936 0.000000
