0	1488
0	1394
0	1051
0	953
0	131
0	1235
0	364
0	843
0	1648
0	631
0	1011
0	1638
0	560
0	490
0	97
0	229
0	1207
0	1801
0	464
0	1009
0	317
0	1455
0	595
0	1446
0	1946
0	1953
0	2014
0	966
0	1505
0	1026
0	2000
0	49
0	145
0	1142
0	660
0	1372
0	1887
0	880
0	511
0	1921
1	558
1	800
1	1532
1	1018
1	1531
1	1372
1	402
1	298
1	331
1	1929
1	1289
1	553
1	1584
1	570
1	527
1	1770
1	752
1	1179
1	1454
1	1652
1	594
1	533
1	1707
1	1821
1	678
1	1602
1	303
1	628
1	1801
1	60
1	1922
1	803
1	1003
1	626
1	202
1	600
1	583
1	884
1	35
1	1693
2	1512
2	1468
2	897
2	852
2	1875
2	1339
2	1735
2	244
2	1327
2	1997
2	1242
2	1444
2	1733
2	65
2	730
2	1473
2	238
2	843
2	963
2	88
2	1996
2	136
2	565
2	1218
2	1878
2	642
2	1796
2	19
2	693
2	854
2	332
2	1263
2	311
2	1907
2	1908
2	1476
2	341
2	1132
2	853
2	1649
3	1244
3	195
3	840
3	207
3	887
3	1909
3	1496
3	1308
3	84
3	1274
3	859
3	1495
3	916
3	1198
3	1357
3	924
3	1607
3	1978
3	537
3	1116
3	443
3	1523
3	1359
3	2004
3	217
3	1639
3	1912
3	216
3	1164
3	1730
3	948
3	1763
3	979
3	1619
3	387
3	1884
3	1688
3	1865
3	426
3	1898
4	936
4	26
4	1216
4	393
4	736
4	1188
4	1129
4	1765
4	1902
4	454
4	1442
4	14
4	653
4	1012
4	1625
4	890
4	635
4	302
4	1038
4	884
4	1968
4	458
4	1934
4	1812
4	1376
4	556
4	65
4	749
4	905
4	1548
4	406
4	676
4	1516
4	644
4	1762
4	908
4	1828
4	1587
4	532
4	1911
5	878
5	1503
5	700
5	848
5	715
5	353
5	1208
5	189
5	1369
5	149
5	1259
5	1336
5	1330
5	526
5	470
5	811
5	1181
5	2027
5	348
5	643
5	34
5	291
5	1722
5	718
5	1980
5	277
5	991
5	599
5	213
5	51
5	66
5	962
5	1895
5	1499
5	398
5	946
5	2005
5	461
5	1115
5	116
6	298
6	1632
6	78
6	1920
6	1143
6	1646
6	1120
6	1696
6	749
6	1217
6	1473
6	273
6	1939
6	450
6	1745
6	1762
6	1637
6	198
6	1232
6	1333
6	1508
6	483
6	1898
6	622
6	1718
6	184
6	659
6	1305
6	2019
6	974
6	1645
6	924
6	1167
6	1089
6	1343
6	613
6	1013
6	1702
6	919
7	1312
7	103
7	212
7	1517
7	1439
7	1146
7	42
7	125
7	1072
7	1369
7	1651
7	467
7	1244
7	1351
7	434
7	1296
7	427
7	473
7	1707
7	1285
7	1891
7	1944
7	881
7	530
7	181
7	1473
7	502
7	668
7	571
7	1045
7	525
7	1896
7	1732
7	700
7	956
7	313
7	532
7	130
8	1871
8	302
8	1456
8	912
8	638
8	1339
8	1933
8	1068
8	1602
8	1567
8	813
8	951
8	1536
8	355
8	1529
8	1713
8	1778
8	781
8	387
8	262
8	1370
8	849
8	879
8	1338
8	943
8	1361
8	9
8	251
8	871
8	960
8	1886
8	1921
8	1305
8	827
8	584
8	1958
8	1136
8	1290
9	329
9	1188
9	1752
9	107
9	700
9	1069
9	1221
9	226
9	1850
9	87
9	973
9	1406
9	67
9	1780
9	652
9	1980
9	451
9	1663
9	1195
9	379
9	1591
9	673
9	185
9	810
9	1773
9	970
9	1863
9	1798
9	306
9	1627
9	186
9	300
9	1196
9	644
9	1642
9	1367
9	247
10	596
10	1766
10	699
10	1027
10	1981
10	607
10	303
10	1067
10	1109
10	1589
10	1707
10	1735
10	702
10	1405
10	1214
10	1127
10	938
10	169
10	1952
10	445
10	1653
10	1474
10	143
10	1861
10	1705
10	1218
10	265
10	856
10	388
10	215
10	1699
10	1956
10	1737
10	1108
10	559
10	1575
10	1403
10	842
11	1569
11	169
11	601
11	500
11	1577
11	1183
11	1725
11	1663
11	1551
11	1076
11	1608
11	1207
11	802
11	1751
11	1205
11	394
11	1499
11	1037
11	618
11	1612
11	1505
11	110
11	1396
11	593
11	233
11	1342
11	75
11	560
11	1930
11	487
11	655
11	1435
11	841
11	1695
11	1804
11	1547
12	1534
12	994
12	1597
12	1787
12	874
12	544
12	1584
12	1354
12	39
12	814
12	299
12	1425
12	511
12	93
12	721
12	1820
12	1827
12	1857
12	24
12	114
12	1541
12	564
12	1241
12	232
12	1740
12	752
12	1557
12	930
12	1669
12	343
12	349
12	550
12	1178
12	20
12	990
12	1809
13	998
13	356
13	943
13	1779
13	1514
13	59
13	1433
13	931
13	1864
13	1462
13	1009
13	375
13	1172
13	939
13	1417
13	831
13	1908
13	711
13	767
13	1463
13	620
13	1085
13	1503
13	526
13	276
13	608
13	1143
13	402
13	1409
13	84
13	822
13	1041
13	148
13	1525
13	1025
13	1812
14	110
14	1834
14	1497
14	1956
14	1658
14	19
14	1537
14	619
14	1016
14	665
14	202
14	1922
14	1912
14	751
14	893
14	343
14	1174
14	894
14	1478
14	1601
14	27
14	325
14	1045
14	294
14	1134
14	875
14	456
14	347
14	994
14	54
14	18
14	1382
14	1257
14	487
14	1593
15	302
15	603
15	1415
15	1528
15	939
15	928
15	827
15	1967
15	373
15	190
15	1849
15	404
15	311
15	1673
15	1245
15	283
15	873
15	1345
15	1936
15	1517
15	641
15	1309
15	1893
15	1013
15	1365
15	201
15	1948
15	666
15	1364
15	1547
15	1732
15	569
15	1459
15	139
16	633
16	562
16	297
16	402
16	729
16	1893
16	55
16	819
16	443
16	1917
16	1808
16	83
16	1940
16	247
16	1642
16	1433
16	1790
16	1363
16	744
16	1395
16	1798
16	663
16	1924
16	1139
16	1403
16	1115
16	1540
16	925
16	293
16	1922
16	1803
16	1797
16	374
16	1073
17	1955
17	566
17	1193
17	597
17	413
17	1810
17	1891
17	243
17	740
17	1790
17	583
17	1898
17	1219
17	793
17	1806
17	1733
17	753
17	886
17	1893
17	637
17	1218
17	1440
17	431
17	488
17	1813
17	1412
17	774
17	470
17	1971
17	1302
17	1256
17	299
17	991
17	1049
18	297
18	143
18	1278
18	1302
18	528
18	994
18	1786
18	612
18	880
18	973
18	256
18	79
18	1377
18	1274
18	1285
18	1576
18	1728
18	1277
18	39
18	825
18	959
18	336
18	1066
18	1885
18	1272
18	1476
18	2008
18	555
18	1419
18	396
18	617
18	1169
19	835
19	981
19	467
19	1675
19	1816
19	1010
19	758
19	71
19	433
19	1253
19	223
19	335
19	1249
19	681
19	582
19	753
19	1697
19	1092
19	595
19	863
19	557
19	778
19	1716
19	1039
19	1366
19	1618
19	1288
19	1700
19	453
19	2025
19	1825
20	1405
20	1340
20	1064
20	94
20	221
20	874
20	999
20	1896
20	1911
20	1345
20	1750
20	1100
20	1855
20	104
20	1668
20	881
20	1236
20	1252
20	788
20	780
20	1669
20	1264
20	93
20	88
20	1086
20	1711
20	246
20	1023
20	490
20	1454
20	110
20	472
21	1234
21	378
21	282
21	1752
21	797
21	257
21	357
21	1206
21	78
21	1073
21	1614
21	264
21	1403
21	1343
21	1402
21	519
21	790
21	406
21	1270
21	941
21	1446
21	809
21	1288
21	1884
21	1895
21	933
21	1567
21	696
21	1657
21	1063
21	1077
21	570
21	1817
22	109
22	135
22	491
22	1858
22	1263
22	994
22	1693
22	1308
22	767
22	1902
22	1273
22	1835
22	584
22	374
22	1436
22	866
22	558
22	1891
22	1429
22	487
22	154
22	208
22	250
22	1620
22	1982
22	489
22	445
22	169
22	1766
22	1031
22	1664
22	1530
23	262
23	1692
23	378
23	42
23	846
23	99
23	1247
23	1726
23	336
23	1591
23	353
23	1329
23	1682
23	1539
23	854
23	915
23	414
23	1740
23	1820
23	586
23	377
23	655
23	998
23	162
23	613
23	723
23	65
23	415
23	746
23	744
23	93
23	492
24	905
24	1687
24	1599
24	1339
24	662
24	1718
24	1552
24	679
24	950
24	387
24	180
24	432
24	1877
24	1598
24	508
24	1892
24	1556
24	1723
24	617
24	1584
24	818
24	458
24	507
24	1309
24	996
24	251
24	341
24	91
24	415
24	298
24	1008
25	1281
25	350
25	1818
25	1999
25	1845
25	622
25	86
25	392
25	1777
25	1148
25	1884
25	34
25	319
25	191
25	1063
25	1571
25	982
25	1433
25	761
25	73
25	861
25	2001
25	1271
25	1187
25	788
25	1151
25	759
25	790
25	776
25	562
25	532
26	839
26	2023
26	1195
26	1576
26	404
26	1230
26	1080
26	848
26	1472
26	710
26	1546
26	296
26	1830
26	650
26	260
26	1569
26	200
26	1242
26	1462
26	1152
26	565
26	215
26	1087
26	941
26	842
26	1191
26	1587
26	327
26	1803
26	1110
27	1374
27	1482
27	1003
27	1860
27	582
27	1075
27	1355
27	1274
27	272
27	1392
27	1419
27	1230
27	695
27	171
27	1397
27	986
27	1592
27	965
27	1276
27	1685
27	199
27	1007
27	1560
27	1734
27	1019
27	1596
27	978
27	97
27	1908
27	204
28	1770
28	260
28	1149
28	1827
28	521
28	1111
28	1444
28	907
28	224
28	1750
28	1596
28	1368
28	1940
28	400
28	959
28	319
28	1807
28	558
28	161
28	1768
28	1292
28	1167
28	377
28	1655
28	1110
28	1489
28	772
28	931
28	1366
28	263
29	417
29	1215
29	1989
29	1527
29	1056
29	32
29	1689
29	1550
29	1636
29	622
29	1571
29	769
29	1906
29	1385
29	608
29	1863
29	572
29	1241
29	1045
29	1793
29	146
29	249
29	740
29	1882
29	89
29	1083
29	338
29	1626
29	922
29	609
30	79
30	244
30	227
30	1062
30	889
30	800
30	768
30	1962
30	1209
30	1188
30	1162
30	581
30	549
30	280
30	1680
30	396
30	1896
30	1286
30	1395
30	643
30	1167
30	1605
30	141
30	1461
30	922
30	1840
30	1086
30	833
30	1684
30	769
31	415
31	1744
31	576
31	673
31	359
31	1461
31	1982
31	1194
31	582
31	481
31	267
31	647
31	1680
31	1358
31	1827
31	721
31	456
31	641
31	1463
31	700
31	1889
31	923
31	1199
31	319
31	728
31	1910
31	317
31	1694
31	389
31	542
32	967
32	887
32	1851
32	1968
32	1275
32	379
32	1935
32	251
32	858
32	1969
32	1820
32	1673
32	1887
32	1000
32	452
32	497
32	162
32	1325
32	745
32	1784
32	1904
32	1122
32	437
32	358
32	124
32	532
32	1197
32	1685
32	201
33	1194
33	1197
33	263
33	1007
33	256
33	258
33	1322
33	521
33	1525
33	157
33	1476
33	777
33	1138
33	243
33	588
33	952
33	271
33	1077
33	468
33	425
33	834
33	710
33	1040
33	133
33	1771
33	1113
33	293
33	1631
33	304
33	202
34	1152
34	1707
34	1404
34	211
34	1697
34	460
34	935
34	1969
34	1026
34	1552
34	127
34	62
34	1262
34	1219
34	1795
34	1259
34	1442
34	1580
34	1105
34	1396
34	944
34	688
34	1709
34	588
34	397
34	1839
34	1748
35	767
35	1541
35	1089
35	593
35	2003
35	1332
35	447
35	1411
35	1906
35	1058
35	1077
35	156
35	997
35	1548
35	903
35	608
35	429
35	771
35	1903
35	1387
35	1784
35	2028
35	196
35	1946
35	1259
35	1774
35	645
35	1457
36	1499
36	1930
36	1053
36	194
36	54
36	1609
36	1378
36	783
36	86
36	1503
36	1937
36	1778
36	273
36	1293
36	619
36	1184
36	517
36	621
36	1039
36	1166
36	1714
36	1860
36	752
36	930
36	207
36	1651
36	252
36	1953
36	1470
37	167
37	1300
37	1203
37	453
37	671
37	1110
37	341
37	1285
37	359
37	401
37	1433
37	1962
37	1176
37	1525
37	61
37	292
37	1876
37	1370
37	224
37	662
37	938
37	943
37	723
37	320
37	1037
37	1296
37	404
37	142
37	1975
38	567
38	1598
38	1572
38	494
38	1874
38	1500
38	379
38	860
38	1698
38	1866
38	472
38	1822
38	1255
38	758
38	568
38	1371
38	503
38	940
38	1036
38	58
38	165
38	951
38	1964
38	1430
38	1447
38	1466
38	682
38	833
38	938
39	119
39	1991
39	1473
39	1075
39	57
39	184
39	255
39	154
39	276
39	312
39	640
39	1403
39	678
39	151
39	847
39	258
39	791
39	1837
39	344
39	997
39	1131
39	253
39	585
39	322
39	790
39	1148
39	178
40	676
40	423
40	348
40	1878
40	1641
40	1907
40	1186
40	332
40	589
40	1672
40	1593
40	1021
40	1091
40	626
40	266
40	1256
40	926
40	709
40	1831
40	607
40	1923
40	1637
40	1071
40	689
40	1421
40	2013
40	1300
40	85
41	551
41	496
41	830
41	1006
41	1169
41	557
41	762
41	612
41	1376
41	615
41	1759
41	1638
41	111
41	1937
41	1001
41	919
41	359
41	1440
41	848
41	1231
41	230
41	267
41	1890
41	795
41	1334
41	172
41	1563
41	1329
42	1127
42	1742
42	1417
42	2009
42	1148
42	933
42	441
42	251
42	2021
42	1583
42	1088
42	344
42	786
42	221
42	433
42	80
42	1017
42	1385
42	109
42	1977
42	90
42	1740
42	1437
42	355
42	1658
42	1992
43	475
43	900
43	1854
43	192
43	1143
43	1514
43	1944
43	1406
43	1495
43	1049
43	921
43	1098
43	706
43	741
43	1711
43	676
43	1491
43	654
43	1679
43	167
43	584
43	315
43	465
43	95
43	765
43	199
43	495
43	1870
44	264
44	1241
44	690
44	1242
44	827
44	173
44	1835
44	768
44	523
44	1782
44	1205
44	1394
44	1346
44	196
44	1681
44	1928
44	1452
44	1416
44	1584
44	1915
44	1927
44	58
44	1254
44	1233
44	1842
44	753
44	63
44	1923
45	233
45	212
45	1740
45	1238
45	1363
45	1849
45	1673
45	858
45	830
45	1618
45	522
45	1349
45	859
45	250
45	748
45	267
45	1287
45	184
45	1075
45	1275
45	317
45	1219
45	1140
45	658
45	1708
45	1600
45	1311
45	1664
46	1332
46	238
46	439
46	831
46	1001
46	739
46	1566
46	1111
46	1760
46	300
46	172
46	136
46	1809
46	546
46	436
46	1119
46	629
46	1047
46	740
46	626
46	1694
46	1020
46	987
46	1112
46	272
46	1800
46	1795
46	283
47	995
47	1798
47	1606
47	1111
47	183
47	490
47	1592
47	1486
47	233
47	1840
47	567
47	181
47	1857
47	1383
47	574
47	387
47	1423
47	1713
47	1064
47	425
47	702
47	501
47	141
47	276
47	1541
47	664
47	1062
47	1439
48	2017
48	331
48	1030
48	1054
48	194
48	1503
48	381
48	1222
48	720
48	181
48	1708
48	1790
48	75
48	1566
48	990
48	1741
48	1509
48	1941
48	847
48	1371
48	1673
48	389
48	1691
48	206
48	1537
48	1430
48	850
48	1628
49	500
49	1646
49	333
49	1530
49	1873
49	1221
49	1118
49	530
49	1911
49	1794
49	1460
49	1284
49	794
49	1456
49	1028
49	1538
49	509
49	462
49	645
49	1781
49	744
49	367
49	1263
49	1586
49	524
49	220
49	1976
50	781
50	206
50	330
50	1563
50	108
50	1912
50	1722
50	1562
50	361
50	1585
50	85
50	1565
50	471
50	981
50	1976
50	482
50	270
50	176
50	873
50	438
50	464
50	236
50	1251
50	811
50	683
50	511
50	764
50	592
51	560
51	600
51	680
51	579
51	1831
51	288
51	1037
51	601
51	184
51	200
51	63
51	1428
51	797
51	838
51	733
51	171
51	956
51	209
51	1744
51	440
51	1622
51	1214
51	1697
51	1032
51	247
51	1751
52	1423
52	301
52	218
52	609
52	1582
52	1092
52	280
52	1420
52	901
52	1598
52	625
52	1597
52	296
52	1080
52	1525
52	1106
52	1622
52	219
52	1002
52	1402
52	245
52	238
52	888
52	862
52	1671
52	596
52	1669
53	1349
53	303
53	909
53	214
53	1578
53	1752
53	993
53	195
53	340
53	1071
53	68
53	1680
53	440
53	508
53	294
53	163
53	1986
53	578
53	1917
53	1253
53	1477
53	706
53	316
53	1548
53	497
53	913
53	969
54	285
54	1825
54	1152
54	779
54	937
54	414
54	878
54	631
54	1113
54	251
54	813
54	933
54	264
54	1751
54	1640
54	481
54	781
54	93
54	1526
54	1853
54	1311
54	1761
54	1834
54	1010
54	103
55	622
55	1241
55	422
55	1725
55	243
55	726
55	704
55	598
55	977
55	1026
55	249
55	1329
55	865
55	1087
55	1949
55	462
55	1046
55	384
55	1054
55	592
55	1375
55	1624
55	661
55	1219
55	719
55	125
56	1674
56	326
56	834
56	486
56	1457
56	1735
56	651
56	523
56	1325
56	371
56	1917
56	1886
56	1580
56	341
56	69
56	2018
56	1116
56	1571
56	198
56	229
56	399
56	269
56	242
56	662
56	1406
56	1511
56	1396
57	772
57	747
57	1870
57	1918
57	1172
57	1238
57	1071
57	1320
57	615
57	188
57	749
57	695
57	1765
57	1446
57	617
57	1026
57	425
57	231
57	531
57	1046
57	817
57	576
57	866
57	1597
57	1067
57	475
58	354
58	227
58	1133
58	76
58	422
58	698
58	811
58	1664
58	961
58	1316
58	1411
58	1395
58	1741
58	261
58	788
58	344
58	743
58	1131
58	1987
58	798
58	444
58	933
58	1279
58	691
58	954
59	2011
59	1862
59	931
59	1494
59	1365
59	1868
59	1159
59	964
59	303
59	1019
59	304
59	1172
59	1445
59	415
59	262
59	1710
59	906
59	666
59	1034
59	935
59	1887
59	388
59	603
59	586
59	1678
59	212
60	1270
60	400
60	380
60	258
60	215
60	931
60	95
60	1749
60	696
60	1558
60	1838
60	1184
60	472
60	741
60	1619
60	1494
60	252
60	1067
60	1175
60	1009
60	1519
60	1259
60	1697
60	1407
60	1231
61	112
61	1102
61	1260
61	619
61	1486
61	1446
61	957
61	1666
61	1620
61	825
61	1010
61	171
61	368
61	736
61	423
61	1425
61	902
61	1461
61	1043
61	923
61	1355
61	1934
61	1797
61	1411
61	1799
62	1986
62	1537
62	544
62	164
62	1635
62	739
62	686
62	722
62	1282
62	908
62	456
62	1569
62	1410
62	1757
62	926
62	426
62	783
62	281
62	1235
62	946
62	995
62	1232
62	858
62	1022
62	1303
63	1822
63	594
63	616
63	1340
63	1458
63	858
63	568
63	1743
63	1326
63	1977
63	1201
63	864
63	412
63	1079
63	879
63	1454
63	484
63	1931
63	1699
63	1070
63	944
63	1812
63	1274
63	441
64	1092
64	1954
64	1388
64	184
64	188
64	1690
64	1886
64	795
64	1783
64	656
64	1786
64	261
64	1746
64	1041
64	1312
64	1079
64	1852
64	970
64	929
64	575
64	109
64	900
64	2007
64	1639
64	1708
64	1229
65	584
65	410
65	342
65	684
65	1913
65	1148
65	1830
65	495
65	716
65	197
65	948
65	1693
65	1169
65	380
65	387
65	1514
65	763
65	1319
65	1534
65	1680
65	1726
65	327
65	1921
66	872
66	1063
66	1270
66	1728
66	1847
66	1159
66	1614
66	126
66	1108
66	471
66	149
66	1100
66	1880
66	670
66	930
66	624
66	776
66	1877
66	1842
66	1059
66	1083
66	1291
66	1771
66	615
66	1457
67	1828
67	1600
67	901
67	1490
67	160
67	1219
67	552
67	1295
67	357
67	946
67	1266
67	1038
67	188
67	1223
67	635
67	1932
67	451
67	458
67	1526
67	990
67	1831
67	183
67	1318
67	1681
67	762
68	1300
68	1863
68	632
68	70
68	1284
68	81
68	212
68	1202
68	1533
68	1835
68	765
68	1933
68	1124
68	1688
68	1785
68	1216
68	1355
68	156
68	995
68	1487
68	185
68	1347
68	1880
68	1816
68	308
69	1240
69	83
69	1475
69	1375
69	1806
69	278
69	1126
69	1756
69	242
69	902
69	1661
69	764
69	1954
69	1813
69	674
69	1082
69	2015
69	1334
69	1500
69	1834
69	925
69	1316
69	171
69	1536
69	449
70	1494
70	949
70	540
70	210
70	1291
70	1861
70	1350
70	152
70	1219
70	322
70	447
70	1077
70	890
70	708
70	986
70	632
70	1407
70	1637
70	457
70	488
70	1089
70	1169
70	165
70	1438
71	1906
71	1364
71	1207
71	1666
71	1581
71	590
71	464
71	1191
71	1872
71	819
71	380
71	1719
71	839
71	339
71	214
71	389
71	1654
71	651
71	1341
71	510
71	1844
71	641
71	649
71	773
72	1821
72	1133
72	294
72	1382
72	342
72	1294
72	1597
72	247
72	1799
72	970
72	1383
72	862
72	447
72	1387
72	1719
72	1170
72	1730
72	1020
72	1148
72	499
72	896
72	1288
72	922
72	316
72	545
73	574
73	195
73	452
73	821
73	1339
73	982
73	1240
73	980
73	1391
73	1650
73	712
73	1424
73	1564
73	793
73	1169
73	1945
73	1057
73	1562
73	577
73	1581
73	1205
73	1998
73	301
73	652
74	1205
74	497
74	1823
74	394
74	717
74	763
74	918
74	1880
74	604
74	1840
74	855
74	185
74	1020
74	1376
74	1274
74	1170
74	76
74	302
74	141
74	744
74	1032
74	858
74	928
74	1327
74	88
75	1218
75	206
75	1377
75	499
75	746
75	1511
75	101
75	1149
75	848
75	265
75	729
75	1448
75	950
75	1059
75	1547
75	96
75	1225
75	780
75	1861
75	1005
75	677
75	175
75	1254
76	1456
76	747
76	1784
76	346
76	124
76	995
76	1182
76	1847
76	826
76	1535
76	518
76	1385
76	1544
76	315
76	1291
76	644
76	1071
76	406
76	862
76	602
76	379
76	1547
76	677
77	1468
77	1776
77	297
77	591
77	1555
77	215
77	1549
77	85
77	1179
77	157
77	1488
77	833
77	178
77	943
77	1566
77	113
77	1910
77	134
77	841
77	89
77	1495
77	409
77	777
77	935
77	989
78	880
78	450
78	546
78	1361
78	190
78	1341
78	1143
78	1507
78	1297
78	1078
78	800
78	1226
78	368
78	1384
78	1353
78	1560
78	448
78	1657
78	1161
78	568
78	797
78	439
79	1531
79	1811
79	1037
79	1142
79	193
79	1257
79	1741
79	1301
79	244
79	453
79	872
79	476
79	1050
79	769
79	280
79	200
79	264
79	1755
79	944
79	90
79	456
79	1443
80	456
80	829
80	412
80	665
80	1675
80	1181
80	917
80	1739
80	1960
80	120
80	1331
80	816
80	511
80	1445
80	967
80	130
80	1137
80	411
80	326
80	1853
80	1800
80	1100
80	1351
81	1925
81	1195
81	1795
81	1924
81	311
81	1238
81	1185
81	1727
81	738
81	1794
81	606
81	1801
81	1124
81	184
81	1040
81	966
81	758
81	1286
81	1340
81	1164
81	104
81	106
81	653
82	1960
82	422
82	834
82	1625
82	180
82	1213
82	743
82	1192
82	1150
82	408
82	182
82	1169
82	1679
82	108
82	1455
82	425
82	1384
82	433
82	468
82	1565
82	1382
82	1011
82	942
82	560
83	519
83	1498
83	1666
83	431
83	345
83	1340
83	643
83	193
83	1356
83	1555
83	308
83	1421
83	1945
83	361
83	1258
83	786
83	1527
83	187
83	1669
83	1663
83	1041
83	1719
84	385
84	1160
84	733
84	328
84	1501
84	547
84	332
84	510
84	1109
84	364
84	1711
84	251
84	1752
84	1210
84	1361
84	1058
84	1675
84	1316
84	1766
84	1551
84	220
84	1628
85	332
85	159
85	1596
85	596
85	1456
85	337
85	809
85	408
85	700
85	1712
85	264
85	1300
85	1147
85	315
85	1855
85	1185
85	633
85	1035
85	725
85	150
85	855
86	143
86	1714
86	809
86	127
86	1397
86	1755
86	744
86	1083
86	608
86	477
86	836
86	1018
86	1805
86	258
86	334
86	1019
86	1177
86	1610
86	1514
86	386
86	371
86	1687
87	1938
87	1149
87	501
87	900
87	1683
87	1292
87	1338
87	982
87	1022
87	1805
87	194
87	1421
87	89
87	1423
87	315
87	647
87	1449
87	1810
87	229
87	228
87	948
87	1139
87	612
88	1274
88	488
88	1569
88	209
88	1913
88	1685
88	421
88	272
88	764
88	1903
88	142
88	1016
88	1865
88	1539
88	313
88	780
88	473
88	417
88	1352
88	1196
88	277
89	790
89	1059
89	1181
89	915
89	1771
89	298
89	1050
89	370
89	1721
89	747
89	1866
89	1386
89	1055
89	1355
89	1458
89	1522
89	1464
89	1747
89	804
89	931
89	1736
90	1790
90	984
90	1483
90	137
90	846
90	308
90	814
90	1671
90	263
90	1703
90	1391
90	283
90	161
90	185
90	759
90	1899
90	448
90	1737
90	545
90	1418
90	446
90	207
91	312
91	1163
91	892
91	113
91	1617
91	639
91	1678
91	1097
91	880
91	555
91	344
91	477
91	246
91	1176
91	966
91	1504
91	1418
91	1938
91	872
91	1711
91	1814
91	153
91	695
92	1811
92	1890
92	1802
92	718
92	1549
92	479
92	480
92	257
92	693
92	1454
92	572
92	1451
92	941
92	739
92	1455
92	1182
92	1256
92	178
92	1554
92	622
92	825
92	1528
92	315
92	1571
93	149
93	1451
93	1535
93	937
93	1207
93	175
93	557
93	1398
93	1519
93	435
93	1273
93	706
93	760
93	854
93	206
93	1963
93	1320
93	1278
93	1153
94	877
94	405
94	1382
94	291
94	506
94	1899
94	197
94	1263
94	639
94	1306
94	1796
94	306
94	1782
94	349
94	341
94	491
94	259
94	1279
94	1245
94	1604
94	1975
94	522
95	1117
95	1168
95	1038
95	1296
95	546
95	1229
95	1366
95	1444
95	1115
95	133
95	1824
95	217
95	245
95	1299
95	1212
95	689
95	285
95	986
95	1821
95	1732
95	736
96	311
96	986
96	1365
96	754
96	511
96	666
96	711
96	265
96	1072
96	876
96	1446
96	234
96	1553
96	974
96	897
96	1882
96	418
96	1304
96	563
96	1089
96	273
96	616
97	375
97	1923
97	1037
97	98
97	1261
97	1065
97	381
97	642
97	1429
97	576
97	881
97	102
97	959
97	388
97	908
97	349
97	724
97	1696
97	1183
97	1289
97	323
98	608
98	835
98	1510
98	1738
98	124
98	1619
98	1552
98	1384
98	1381
98	1369
98	144
98	1800
98	1468
98	441
98	1216
98	775
98	1706
98	1964
98	1905
98	1151
98	111
98	1484
99	1198
99	1434
99	231
99	1685
99	1762
99	1552
99	1281
99	723
99	700
99	553
99	1814
99	606
99	1689
99	1456
99	1684
99	1126
99	302
99	1979
99	136
99	576
99	1192
99	305
100	1097
100	636
100	532
100	307
100	1405
100	1875
100	964
100	1008
100	604
100	1307
100	289
100	1497
100	586
100	1858
100	1270
100	1364
100	1787
100	1501
100	978
100	790
100	331
100	220
100	1596
101	1636
101	807
101	994
101	1100
101	1304
101	1458
101	1758
101	379
101	1479
101	1130
101	1201
101	1770
101	1524
101	222
101	1427
101	1315
101	608
101	1688
101	326
101	446
101	1972
101	1573
102	1305
102	617
102	1973
102	378
102	647
102	325
102	1963
102	1493
102	772
102	1373
102	1948
102	356
102	1268
102	1283
102	1924
102	1607
102	336
102	1981
102	1043
102	729
102	1671
102	1862
103	1494
103	751
103	800
103	1686
103	1276
103	1606
103	1747
103	1630
103	1577
103	823
103	700
103	1094
103	197
103	1256
103	1445
103	1341
103	985
103	910
103	1452
103	206
103	1632
104	1406
104	1719
104	689
104	591
104	197
104	1769
104	144
104	438
104	294
104	1879
104	1474
104	778
104	845
104	113
104	970
104	829
104	797
104	620
104	1310
104	757
104	1214
105	1010
105	1020
105	339
105	1271
105	1003
105	355
105	1284
105	530
105	1141
105	1053
105	1888
105	1702
105	370
105	1741
105	848
105	1583
105	324
105	1671
105	799
105	1616
105	1213
105	180
105	1077
106	1567
106	1232
106	965
106	601
106	1656
106	572
106	654
106	827
106	302
106	433
106	1238
106	1915
106	999
106	176
106	1026
106	664
106	1528
106	1399
106	1345
106	635
106	449
106	1535
107	557
107	431
107	1779
107	1234
107	196
107	1042
107	501
107	1093
107	849
107	1617
107	300
107	1935
107	1251
107	209
107	1109
107	320
107	1352
107	1213
107	237
107	317
107	867
107	787
108	187
108	371
108	234
108	476
108	1266
108	624
108	999
108	1099
108	1642
108	1339
108	978
108	447
108	572
108	557
108	1378
108	1518
108	618
108	221
108	331
108	458
109	239
109	1339
109	1206
109	1324
109	1987
109	1278
109	1995
109	380
109	1903
109	1131
109	325
109	400
109	1441
109	1350
109	676
109	1180
109	1786
109	1410
109	1515
110	778
110	319
110	371
110	1799
110	765
110	1037
110	318
110	489
110	987
110	458
110	1734
110	520
110	985
110	1985
110	897
110	381
110	433
110	1541
110	203
111	819
111	617
111	930
111	480
111	1372
111	563
111	1485
111	1750
111	313
111	1069
111	300
111	1058
111	266
111	1651
111	1213
111	807
111	1901
111	1710
111	252
111	846
112	454
112	1106
112	1357
112	420
112	1641
112	511
112	1430
112	1204
112	835
112	625
112	436
112	820
112	1032
112	480
112	1162
112	1033
112	1686
112	1492
112	1844
112	1180
112	680
113	297
113	512
113	332
113	1182
113	476
113	654
113	697
113	346
113	1993
113	351
113	977
113	592
113	609
113	771
113	1213
113	1433
113	187
113	1345
113	1180
114	999
114	559
114	708
114	1292
114	1477
114	1432
114	268
114	760
114	1312
114	1026
114	805
114	1759
114	444
114	749
114	1818
114	397
114	873
114	544
114	453
114	1868
114	1568
115	1641
115	868
115	853
115	846
115	857
115	1300
115	1167
115	211
115	1186
115	1583
115	1062
115	1299
115	927
115	379
115	1217
115	666
115	1525
115	1399
115	1158
115	1971
115	967
115	1286
116	1226
116	246
116	1295
116	1012
116	327
116	1545
116	1518
116	514
116	1651
116	1065
116	1338
116	1676
116	1359
116	1587
116	581
116	1576
116	760
116	1828
116	1780
116	542
116	1383
117	1211
117	1018
117	433
117	358
117	1567
117	1396
117	485
117	1230
117	1037
117	1717
117	1622
117	990
117	463
117	635
117	1882
117	682
117	1734
117	1025
117	655
117	1148
117	1185
117	1865
118	1814
118	1907
118	1310
118	136
118	1897
118	1684
118	803
118	1335
118	1056
118	184
118	1012
118	155
118	403
118	1796
118	1543
118	1147
118	990
118	996
118	1094
118	516
118	624
118	1714
119	535
119	639
119	1552
119	1227
119	182
119	381
119	1904
119	333
119	1571
119	716
119	790
119	194
119	1289
119	615
119	302
119	1005
119	648
119	1133
119	449
119	931
119	824
120	626
120	1227
120	977
120	1839
120	1258
120	1859
120	194
120	167
120	1541
120	993
120	817
120	1915
120	791
120	1716
120	826
120	227
120	1119
120	189
120	847
120	571
120	1461
121	1568
121	1566
121	1965
121	1718
121	1667
121	747
121	264
121	894
121	551
121	945
121	947
121	681
121	1791
121	189
121	1309
121	940
121	1009
121	802
121	1488
121	1002
121	826
121	1364
122	683
122	700
122	1803
122	398
122	988
122	772
122	1839
122	344
122	1036
122	817
122	865
122	830
122	727
122	305
122	1403
122	1107
122	1134
122	971
122	520
122	388
122	303
122	1860
123	1883
123	512
123	2026
123	859
123	1219
123	1019
123	1103
123	1095
123	754
123	1665
123	879
123	1832
123	622
123	668
123	691
123	1348
123	1625
123	723
123	695
123	1029
123	1397
123	1077
124	1546
124	367
124	226
124	637
124	296
124	1849
124	1495
124	1622
124	1095
124	1889
124	222
124	777
124	840
124	610
124	616
124	1264
124	130
124	1659
124	1792
125	706
125	755
125	1902
125	656
125	357
125	355
125	929
125	728
125	160
125	795
125	772
125	414
125	1165
125	359
125	1523
125	236
125	860
125	1598
125	1428
125	337
126	797
126	683
126	194
126	1124
126	725
126	684
126	408
126	618
126	1811
126	376
126	1950
126	1028
126	1748
126	1053
126	1712
126	185
126	210
126	873
126	826
126	534
126	842
127	1554
127	1637
127	1067
127	760
127	1548
127	173
127	699
127	1419
127	1020
127	1215
127	860
127	716
127	1437
127	1027
127	826
127	1343
127	1529
127	1408
127	1736
127	1222
128	336
128	918
128	806
128	629
128	524
128	783
128	972
128	1180
128	389
128	1150
128	297
128	225
128	1785
128	1397
128	1646
128	447
128	521
128	1199
128	1068
128	598
128	1970
128	455
129	445
129	176
129	145
129	1646
129	243
129	1496
129	283
129	1859
129	1177
129	947
129	474
129	888
129	1885
129	494
129	552
129	1557
129	1081
129	976
129	1465
129	1432
129	511
129	562
130	799
130	885
130	462
130	1665
130	1035
130	1324
130	736
130	763
130	685
130	317
130	1456
130	1290
130	1129
130	656
130	1415
130	1910
130	1745
130	504
131	1372
131	755
131	654
131	1879
131	1029
131	407
131	1771
131	485
131	1581
131	1098
131	1715
131	1653
131	1868
131	166
131	298
131	1586
131	1478
131	1472
131	803
131	1123
132	402
132	655
132	1170
132	715
132	620
132	392
132	567
132	1142
132	1689
132	1040
132	202
132	252
132	1315
132	451
132	747
132	1854
132	224
132	1502
132	1572
132	1445
132	1085
133	877
133	886
133	1925
133	1188
133	1325
133	741
133	1570
133	1453
133	1318
133	838
133	237
133	1399
133	668
133	325
133	1670
133	836
133	680
133	595
133	1134
134	1627
134	1014
134	1230
134	1994
134	770
134	1111
134	141
134	559
134	1399
134	369
134	1057
134	949
134	548
134	403
134	1346
134	1654
134	1087
134	1242
134	896
134	1988
135	787
135	347
135	759
135	1473
135	175
135	1384
135	935
135	289
135	750
135	1591
135	742
135	170
135	1305
135	1321
135	753
135	1560
135	1008
135	597
135	824
135	648
136	835
136	210
136	1272
136	494
136	995
136	337
136	233
136	1920
136	1797
136	1083
136	209
136	1684
136	1367
136	1136
136	563
136	1444
136	1578
137	967
137	1644
137	371
137	1599
137	1683
137	1967
137	922
137	1617
137	1675
137	982
137	167
137	326
137	1313
137	1184
137	1645
137	358
137	548
137	1941
137	628
137	815
138	218
138	177
138	679
138	672
138	1117
138	582
138	1071
138	888
138	1460
138	2012
138	1610
138	1612
138	430
138	1151
138	1320
138	666
138	1871
138	1826
138	887
138	858
138	1096
139	1602
139	409
139	1717
139	882
139	604
139	600
139	878
139	593
139	269
139	1726
139	1168
139	1913
139	1689
139	1369
139	1488
139	743
139	1816
139	271
139	1292
139	1261
140	811
140	1067
140	828
140	725
140	1450
140	1147
140	1269
140	1470
140	1616
140	1959
140	1231
140	1756
140	1888
140	1275
140	528
140	1601
140	1041
140	1788
140	512
140	681
140	1709
141	1265
141	1730
141	1848
141	286
141	1322
141	644
141	660
141	159
141	1443
141	767
141	575
141	1544
141	1599
141	1677
141	422
141	754
141	1859
142	1565
142	321
142	1042
142	1130
142	831
142	363
142	1407
142	492
142	1361
142	1509
142	1172
142	212
142	409
142	441
142	224
142	1136
142	1106
142	999
142	1385
143	157
143	1795
143	751
143	1577
143	826
143	674
143	1058
143	1918
143	387
143	1105
143	671
143	1180
143	557
143	1410
143	1513
143	292
143	1507
143	609
144	1262
144	330
144	1280
144	1053
144	961
144	1208
144	1357
144	1739
144	1367
144	759
144	1765
144	607
144	1418
144	774
144	1947
144	685
144	235
144	287
144	317
145	983
145	1021
145	1869
145	1505
145	352
145	1111
145	572
145	1514
145	1709
145	232
145	241
145	922
145	1425
145	1416
145	1589
145	430
145	2016
145	303
146	681
146	564
146	648
146	725
146	629
146	1775
146	889
146	755
146	1467
146	825
146	794
146	1125
146	782
146	653
146	1028
146	1136
146	1634
146	1833
146	805
147	818
147	1926
147	249
147	568
147	1809
147	1408
147	1238
147	1696
147	466
147	382
147	1375
147	1173
147	601
147	746
147	272
147	192
147	1783
147	1642
147	1678
147	1054
148	1900
148	1462
148	149
148	876
148	1124
148	1193
148	434
148	927
148	725
148	1156
148	727
148	230
148	783
148	1179
148	177
148	601
148	793
148	371
148	1375
149	273
149	1724
149	976
149	779
149	998
149	595
149	1034
149	558
149	281
149	1837
149	1833
149	1333
149	1393
149	669
149	1250
149	1566
150	1918
150	625
150	1623
150	871
150	1143
150	1520
150	960
150	619
150	906
150	528
150	1240
150	1829
150	521
150	238
150	712
150	1686
150	1901
150	547
150	1469
151	1656
151	371
151	1110
151	386
151	181
151	830
151	1316
151	1562
151	1509
151	226
151	1264
151	1648
151	891
151	1143
151	801
151	829
151	1628
151	172
151	768
152	1952
152	670
152	1035
152	1768
152	1503
152	1854
152	1416
152	430
152	959
152	1628
152	600
152	526
152	516
152	1139
152	1335
152	1121
152	1417
152	543
152	1761
153	1694
153	1479
153	330
153	1430
153	359
153	704
153	709
153	1746
153	1415
153	1302
153	891
153	1351
153	506
153	286
153	743
153	1037
153	810
153	598
153	1978
154	1672
154	1759
154	1305
154	1668
154	725
154	365
154	1074
154	1307
154	294
154	1023
154	210
154	1119
154	783
154	1734
154	332
154	1717
154	637
154	254
155	1308
155	1234
155	985
155	816
155	1644
155	1847
155	1069
155	901
155	809
155	790
155	1020
155	1396
155	867
155	1217
155	448
155	580
155	290
155	1586
155	1080
156	257
156	1564
156	269
156	1939
156	1331
156	742
156	1252
156	365
156	1390
156	230
156	1033
156	788
156	1901
156	1749
156	1604
156	946
156	351
156	1772
157	1731
157	1615
157	554
157	552
157	1693
157	772
157	1136
157	1569
157	1804
157	861
157	397
157	895
157	852
157	1236
157	375
157	201
157	563
158	1376
158	555
158	1632
158	479
158	715
158	162
158	1645
158	720
158	1866
158	1625
158	1540
158	699
158	1263
158	602
158	1142
158	603
158	966
158	219
158	1249
158	1565
159	170
159	641
159	231
159	841
159	1547
159	1401
159	911
159	1721
159	1656
159	1862
159	787
159	1065
159	1616
159	433
159	1695
159	1234
159	1104
159	1207
160	849
160	519
160	1334
160	341
160	779
160	516
160	506
160	865
160	1199
160	489
160	201
160	1463
160	1574
160	1744
160	734
160	498
160	1359
160	1778
161	1236
161	1789
161	1594
161	1254
161	793
161	774
161	1041
161	406
161	1472
161	1259
161	675
161	908
161	1012
161	637
161	606
161	945
161	1494
161	422
162	1172
162	1640
162	346
162	1301
162	1182
162	1398
162	271
162	215
162	1388
162	726
162	497
162	1658
162	370
162	451
162	1223
162	298
162	1523
163	940
163	972
163	371
163	486
163	564
163	1060
163	233
163	1006
163	368
163	1394
163	845
163	774
163	1036
163	1008
163	1555
163	1407
163	1155
163	1855
163	1699
164	676
164	1256
164	1932
164	1410
164	801
164	1320
164	678
164	1143
164	520
164	269
164	1692
164	408
164	443
164	1728
164	251
164	1104
164	1749
164	681
164	679
165	1353
165	1815
165	1017
165	767
165	890
165	1022
165	1895
165	1650
165	249
165	980
165	1725
165	1461
165	969
165	1785
165	437
165	545
165	1440
165	576
166	285
166	954
166	831
166	1708
166	812
166	807
166	902
166	1825
166	1229
166	1562
166	1876
166	333
166	565
166	809
166	717
166	1544
166	1726
166	1626
166	720
167	1050
167	375
167	239
167	485
167	1356
167	1394
167	944
167	1532
167	1576
167	1344
167	545
167	1306
167	924
167	610
167	359
167	211
168	1495
168	926
168	255
168	672
168	627
168	1056
168	1107
168	569
168	813
168	1658
168	590
168	1649
168	1022
168	583
168	1926
168	499
168	285
168	1179
168	303
168	1579
169	1568
169	898
169	285
169	420
169	231
169	550
169	661
169	1467
169	210
169	304
169	1729
169	1516
169	537
169	1044
169	1092
169	1450
169	223
170	1004
170	1063
170	1482
170	630
170	1309
170	688
170	289
170	1899
170	1262
170	1288
170	1936
170	1873
170	1342
170	280
170	813
170	1972
170	1464
170	1280
171	865
171	1370
171	1376
171	175
171	907
171	1639
171	867
171	646
171	1317
171	1009
171	1321
171	1605
171	217
171	1589
171	1103
171	1147
172	630
172	1751
172	237
172	834
172	1876
172	1280
172	1415
172	1427
172	1206
172	857
172	632
172	808
172	859
172	1743
172	870
172	226
172	899
173	741
173	1488
173	1090
173	1919
173	758
173	791
173	184
173	374
173	424
173	719
173	668
173	1575
173	1762
173	260
173	715
173	1179
173	1848
173	350
174	719
174	637
174	868
174	1341
174	1280
174	1393
174	1957
174	1166
174	1334
174	1916
174	263
174	1038
174	1942
174	190
174	1418
174	1110
174	828
174	938
174	534
174	816
175	1332
175	1190
175	264
175	1678
175	986
175	885
175	526
175	1662
175	192
175	1538
175	987
175	1474
175	867
175	1692
175	1305
176	1844
176	184
176	1138
176	435
176	1539
176	1563
176	268
176	1226
176	1455
176	594
176	1469
176	1453
176	1116
176	1160
176	357
176	1575
177	1874
177	459
177	1224
177	1221
177	1848
177	698
177	689
177	1602
177	1612
177	888
177	630
177	1508
177	1349
177	1491
177	582
177	503
177	1532
178	1625
178	446
178	1537
178	1766
178	276
178	1011
178	1207
178	1004
178	430
178	1634
178	944
178	1216
178	665
178	941
178	1475
178	1592
179	978
179	1546
179	444
179	730
179	782
179	360
179	1084
179	1016
179	758
179	573
179	336
179	1539
179	1154
179	1284
179	871
179	1501
179	709
179	1415
179	1048
180	1096
180	1949
180	563
180	1361
180	1682
180	285
180	763
180	1073
180	610
180	686
180	1897
180	1679
180	340
180	1194
180	1428
180	1443
181	182
181	531
181	958
181	1288
181	1218
181	917
181	1283
181	1117
181	1228
181	1925
181	976
181	903
181	1475
181	465
181	888
182	1802
182	1065
182	1076
182	971
182	812
182	763
182	455
182	1471
182	690
182	1289
182	712
182	1128
182	323
182	1261
182	667
182	1362
183	928
183	320
183	373
183	1004
183	1613
183	745
183	863
183	1141
183	666
183	738
183	710
183	1266
183	636
183	669
183	1303
183	460
183	227
184	1470
184	1168
184	985
184	1317
184	1649
184	243
184	514
184	875
184	346
184	1391
185	407
185	653
185	601
185	1395
185	1266
185	570
185	732
185	1183
185	1375
185	760
185	1582
185	1376
185	1012
185	230
186	1139
186	1885
186	1474
186	1200
186	882
186	884
186	435
186	1232
186	711
186	1392
186	390
186	1655
186	1640
186	1314
186	787
186	603
186	626
186	539
187	1126
187	523
187	1761
187	1215
187	924
187	863
187	321
187	1788
187	1404
187	1308
187	1131
187	865
187	476
187	549
187	586
187	1249
188	1044
188	1502
188	1499
188	1950
188	1263
188	1224
188	1358
188	341
188	558
188	1738
188	595
188	1071
188	864
188	801
188	671
188	628
189	394
189	2022
189	750
189	371
189	397
189	1478
189	1819
189	309
189	717
189	256
189	452
189	649
189	336
189	720
189	1268
189	1519
190	344
190	957
190	1815
190	804
190	855
190	341
190	1430
190	535
190	912
190	331
190	734
190	1745
190	322
190	620
190	1416
190	346
191	473
191	556
191	557
191	1346
191	1337
191	1724
191	256
191	671
191	1160
191	672
191	743
191	1353
191	1131
191	1418
191	1246
191	692
191	597
191	1186
192	473
192	899
192	1419
192	1655
192	1739
192	1413
192	903
192	1278
192	1097
192	763
192	358
192	732
192	1663
192	373
192	509
192	244
193	283
193	1116
193	797
193	1016
193	1661
193	1246
193	969
193	1355
193	1592
193	1333
193	391
193	452
193	1718
193	1205
193	1267
193	1486
193	933
194	887
194	637
194	1733
194	430
194	476
194	198
194	1294
194	349
194	1440
194	1955
194	1136
194	2010
194	978
195	708
195	1916
195	1545
195	261
195	1477
195	1418
195	247
195	356
195	641
195	871
195	311
195	1869
195	1125
195	203
195	305
195	1083
196	1018
196	1072
196	760
196	1052
196	216
196	633
196	851
196	1396
196	1645
196	1065
196	1699
196	524
196	950
196	1006
196	1729
196	340
197	1702
197	348
197	1909
197	516
197	1095
197	840
197	1649
197	1737
197	470
197	303
197	1768
197	993
197	468
197	642
197	1010
198	471
198	647
198	1114
198	419
198	527
198	384
198	810
198	850
198	1341
198	1006
198	354
198	536
198	1690
198	291
198	1429
198	1185
199	425
199	1668
199	444
199	376
199	1167
199	1023
199	965
199	679
199	1440
199	1590
199	568
199	997
199	1397
199	1426
199	840
199	1277
199	1540
200	1723
200	332
200	680
200	623
200	1077
200	1026
200	705
200	1509
200	1181
200	1336
200	1065
200	421
200	1050
200	772
200	1009
200	354
201	1662
201	1613
201	562
201	1046
201	869
201	1033
201	370
201	703
201	889
201	420
201	1021
201	309
201	1683
201	1403
201	1192
202	779
202	414
202	1985
202	1833
202	720
202	1284
202	1567
202	1010
202	680
202	772
202	737
202	1156
202	667
202	1039
202	1822
203	638
203	956
203	1420
203	1283
203	1239
203	652
203	766
203	527
203	1248
203	1375
203	1521
203	1178
203	340
203	1202
203	1772
203	1416
203	911
204	1764
204	1450
204	871
204	812
204	306
204	1802
204	882
204	1533
204	1471
204	970
204	1808
204	232
204	525
204	292
204	1965
204	478
204	1200
204	528
205	590
205	411
205	485
205	1589
205	1485
205	1578
205	831
205	728
205	653
205	1769
205	739
205	362
205	894
205	604
205	585
205	1227
205	1328
205	1169
205	1540
206	634
206	1234
206	530
206	1256
206	639
206	935
206	899
206	1681
206	378
206	1050
206	1047
206	565
206	1120
206	1746
207	1383
207	857
207	1442
207	879
207	462
207	1008
207	1696
207	609
207	1437
207	1486
207	918
207	909
207	1565
207	1276
207	975
208	1485
208	1126
208	1737
208	1017
208	1653
208	263
208	1026
208	520
208	1713
208	966
208	763
208	586
208	605
208	1204
208	1443
208	927
208	1005
209	1596
209	1260
209	339
209	977
209	1698
209	311
209	536
209	527
209	1118
209	293
209	1223
209	296
209	1407
209	423
210	793
210	303
210	951
210	1336
210	1683
210	1647
210	1265
210	1113
210	1436
210	648
210	677
210	1221
210	1526
211	632
211	798
211	685
211	1235
211	440
211	1243
211	619
211	1103
211	1002
211	1532
211	1318
211	406
211	232
211	2002
211	1979
212	674
212	696
212	345
212	385
212	310
212	989
212	1604
212	1136
212	318
212	1081
212	887
212	1100
212	1404
213	1307
213	1422
213	1291
213	1206
213	513
213	509
213	1524
213	524
213	796
213	303
213	915
213	1213
213	983
213	362
213	605
213	1510
213	608
214	831
214	1659
214	531
214	2006
214	308
214	1274
214	958
214	1653
214	649
214	256
214	642
214	1457
214	1307
214	1217
214	810
214	350
215	591
215	837
215	751
215	1033
215	962
215	791
215	1551
215	1012
215	732
215	501
215	440
215	558
215	466
216	571
216	1729
216	872
216	1187
216	1533
216	1641
216	749
216	1584
216	1750
216	1080
216	813
216	926
216	534
216	566
216	804
216	822
217	1338
217	522
217	1377
217	899
217	1188
217	1687
217	1875
217	901
217	422
217	667
217	718
217	782
217	1080
217	1691
217	582
218	820
218	633
218	669
218	1089
218	1724
218	1877
218	877
218	897
218	1030
218	517
218	1303
218	828
218	671
218	1692
218	527
218	1033
219	1016
219	281
219	1845
219	1056
219	1429
219	1550
219	605
219	1050
219	688
219	1071
219	1786
219	1611
219	1694
219	257
219	1990
219	1873
220	809
220	1384
220	681
220	1056
220	297
220	236
220	707
220	1464
220	737
220	1229
220	1957
220	1533
220	1370
220	595
220	527
221	768
221	755
221	370
221	1147
221	1716
221	591
221	286
221	358
221	1259
221	1323
221	1879
221	473
221	559
221	819
221	1112
222	1255
222	1056
222	1497
222	1177
222	738
222	1082
222	523
222	447
222	382
222	1476
222	325
222	1055
222	1364
222	645
222	1155
222	1259
223	747
223	1521
223	434
223	1612
223	1251
223	689
223	1011
223	1515
223	867
223	1559
223	800
223	1044
223	1467
223	569
223	254
223	314
224	405
224	575
224	1482
224	1725
224	806
224	863
224	1397
224	892
224	1240
224	637
224	885
224	1706
224	573
224	1212
225	532
225	1501
225	505
225	1590
225	739
225	1530
225	432
225	245
225	1342
225	1411
225	1830
225	1837
225	1254
225	866
225	726
225	1872
225	1458
226	665
226	988
226	856
226	731
226	1668
226	330
226	260
226	1062
226	1852
226	876
226	1587
226	1632
226	364
226	837
227	1363
227	1973
227	915
227	1140
227	244
227	723
227	1320
227	431
227	1486
227	1416
227	546
227	1853
227	920
227	880
228	343
228	1681
228	380
228	1546
228	1128
228	488
228	1419
228	1174
228	1041
228	298
228	1157
228	681
228	448
228	1402
228	592
228	301
228	1665
229	1698
229	256
229	399
229	1630
229	1672
229	1655
229	966
229	876
229	908
229	1066
229	1123
229	1047
229	1780
229	1225
229	1053
230	1638
230	923
230	1717
230	906
230	1449
230	1961
230	986
230	1632
230	504
230	1070
230	927
230	989
230	620
230	358
231	260
231	1067
231	583
231	473
231	1484
231	1332
231	1805
231	715
231	283
231	857
231	1358
231	448
231	414
231	433
232	1720
232	1383
232	268
232	602
232	995
232	685
232	1791
232	753
232	924
232	1716
232	496
232	512
232	693
232	1162
233	1338
233	823
233	1263
233	855
233	755
233	777
233	402
233	1031
233	697
233	1056
233	375
233	1183
233	939
234	676
234	785
234	578
234	1265
234	1384
234	512
234	1158
234	629
234	825
234	1295
234	663
234	494
234	341
234	1754
234	686
234	340
235	1323
235	839
235	484
235	520
235	692
235	887
235	1509
235	590
235	763
235	987
235	840
235	1429
235	1722
235	382
235	404
235	238
235	1181
236	350
236	1216
236	1247
236	1763
236	1233
236	1883
236	329
236	1638
236	608
236	1739
236	1851
236	1502
236	1017
236	481
236	622
237	732
237	1325
237	707
237	1931
237	1247
237	1540
237	1206
237	1217
237	1577
237	1292
237	1287
237	1712
237	1753
237	884
237	554
238	784
238	1478
238	1124
238	1477
238	1928
238	1338
238	1562
238	1006
238	634
238	1326
238	1970
238	1282
238	484
239	661
239	667
239	392
239	1674
239	1687
239	1659
239	1250
239	721
239	1440
239	1029
239	1442
239	1242
239	1414
239	837
239	993
240	1212
240	579
240	872
240	754
240	1618
240	614
240	1598
240	1379
240	1878
240	1647
240	419
240	1367
240	1120
240	856
240	1348
240	1118
240	363
241	383
241	313
241	858
241	696
241	507
241	826
241	1151
241	1124
241	263
241	639
241	626
241	396
241	847
241	1583
241	1511
241	680
242	1253
242	1283
242	1532
242	1308
242	1019
242	779
242	906
242	1841
242	639
242	250
242	1175
242	696
242	605
242	332
242	1218
243	1583
243	958
243	1071
243	1272
243	670
243	884
243	1168
243	1764
243	1173
243	1176
243	855
243	797
244	945
244	532
244	965
244	1181
244	1308
244	1166
244	640
244	955
244	1004
244	1299
244	1618
244	1914
245	934
245	1242
245	410
245	745
245	562
245	1302
245	1236
245	1356
245	1732
245	1779
245	345
245	1012
245	1255
245	1871
246	1534
246	1570
246	1337
246	595
246	360
246	1066
246	726
246	1633
246	982
246	1568
246	323
246	1477
246	1527
246	724
247	581
247	1722
247	1712
247	1166
247	862
247	1701
247	621
247	255
247	1254
247	758
247	450
247	1044
248	1163
248	1588
248	942
248	1273
248	337
248	1858
248	1211
248	1392
248	359
248	1564
248	421
248	1239
248	1298
248	436
248	760
248	1087
248	1410
249	1530
249	1395
249	1813
249	1783
249	1633
249	1137
249	1027
249	1083
249	728
249	964
249	996
249	1333
249	453
250	835
250	1399
250	1408
250	1806
250	874
250	1383
250	1916
250	1723
250	613
250	279
250	1096
250	1810
250	602
250	1720
251	1749
251	320
251	1204
251	1354
251	1764
251	620
251	1465
251	640
251	305
251	1017
252	718
252	1337
252	1568
252	308
252	1588
252	725
252	620
252	948
252	1426
252	647
252	1303
252	1133
252	593
253	473
253	1691
253	557
253	1601
253	1609
253	288
253	1288
253	346
253	1295
253	585
253	299
253	493
253	648
253	1117
253	653
253	1215
254	1838
254	943
254	922
254	325
254	1446
254	483
254	1661
254	1485
254	795
254	322
254	1182
254	1064
254	710
254	981
254	953
255	975
255	1170
255	473
255	1411
255	944
255	959
255	1316
255	1083
255	904
255	420
255	669
255	1042
255	1745
255	1501
256	1731
256	988
256	929
256	1489
256	1314
256	1226
256	1365
256	1008
256	395
256	1650
256	862
257	1777
257	1856
257	580
257	1676
257	1059
257	929
257	1490
257	308
257	802
257	343
257	872
257	1788
257	596
258	1033
258	809
258	1128
258	740
258	1241
258	748
258	1146
258	1186
258	645
258	1748
258	1194
258	1817
258	867
259	1356
259	668
259	376
259	1174
259	1920
259	1727
259	519
259	1214
259	307
259	1579
259	1075
259	1093
259	555
259	617
259	394
259	409
260	1195
260	735
260	1672
260	1497
260	1056
260	887
260	426
260	717
260	1379
260	740
260	555
260	1466
261	441
261	864
261	1703
261	1736
261	1768
261	874
261	575
261	1060
261	1484
261	1055
261	616
261	1187
261	1240
261	639
262	897
262	1465
262	1286
262	845
262	1664
262	1592
262	764
262	1819
262	1720
262	872
262	1405
262	633
262	893
262	1758
263	676
263	1496
263	1311
263	1634
263	1437
263	518
263	1076
263	1001
263	1604
263	337
263	1348
264	1458
264	1289
264	315
264	806
264	1319
264	1575
264	1792
264	838
264	542
264	406
265	805
265	726
265	1322
265	1054
265	1608
265	1730
265	700
265	1217
265	542
265	1647
265	1714
265	915
265	1020
265	974
266	376
266	1464
266	1217
266	1425
266	928
266	1586
266	1025
266	1293
266	1211
266	1057
266	564
266	613
266	1505
266	1040
266	965
267	1650
267	447
267	1215
267	1723
267	609
267	1484
267	1442
267	458
267	1579
267	1139
267	1728
267	1430
267	1505
267	586
268	1239
268	1166
268	504
268	791
268	763
268	271
268	494
268	531
268	1050
268	1084
268	1713
268	1874
268	659
268	742
269	1052
269	1842
269	1025
269	1439
269	1621
269	882
269	1533
269	705
269	920
269	1211
269	1302
269	805
269	1888
270	459
270	1187
270	759
270	432
270	353
270	691
270	553
270	298
270	786
270	376
270	648
270	1150
270	1216
270	848
270	1224
270	1050
271	805
271	453
271	341
271	884
271	574
271	1025
271	871
271	311
271	1527
271	509
271	1455
271	1427
272	640
272	1226
272	1633
272	653
272	813
272	1160
272	1593
272	1601
272	1108
272	407
272	1619
272	1331
273	1164
273	424
273	959
273	1442
273	507
273	945
273	1332
273	967
273	791
273	1974
273	358
273	733
274	682
274	783
274	1409
274	407
274	449
274	1444
274	1607
274	1346
274	460
274	1900
274	322
274	1411
274	720
274	785
274	283
274	674
275	637
275	486
275	584
275	1238
275	1117
275	1581
275	1594
275	1084
275	1109
275	1255
275	1328
275	1041
275	774
275	1008
275	1476
275	778
276	1521
276	1007
276	1419
276	361
276	1759
276	1018
276	1186
276	727
276	1078
276	489
276	1485
276	752
277	816
277	1147
277	508
277	1469
277	1087
277	612
277	1499
277	596
277	1481
277	1528
277	755
277	739
277	814
277	370
278	335
278	677
278	664
278	406
278	1600
278	1519
278	802
278	582
278	1787
278	1770
278	687
278	833
278	731
278	1309
278	450
279	1221
279	1727
279	1677
279	1200
279	1080
279	1216
279	1193
279	1659
279	1150
279	1117
279	615
279	1331
279	1322
279	481
279	609
280	877
280	1114
280	740
280	924
280	411
280	1268
280	1333
280	702
280	1413
280	714
280	827
280	524
281	1890
281	1358
281	1080
281	1031
281	715
281	1785
281	292
281	1555
281	1856
281	1192
281	1757
281	799
281	1760
282	860
282	489
282	588
282	1458
282	1897
282	1289
282	877
282	474
282	1534
282	1057
282	338
282	349
282	744
282	1347
282	620
283	1393
283	947
283	903
283	760
283	1301
283	445
283	1575
283	703
283	806
284	584
284	299
284	372
284	1189
284	468
284	906
284	926
284	1215
284	1010
284	1246
284	717
284	423
284	732
284	412
284	1823
284	1241
285	478
285	698
285	1300
285	652
285	1162
285	690
285	1249
285	819
285	695
285	1676
286	1573
286	1577
286	1698
286	715
286	556
286	770
286	530
286	575
286	1079
286	512
286	927
286	738
286	655
287	390
287	1011
287	338
287	912
287	1286
287	859
287	858
287	518
287	1350
287	1654
287	397
287	378
287	1588
287	1881
287	962
288	1581
288	752
288	732
288	874
288	1190
288	1104
288	1457
288	1256
288	1012
288	659
288	684
288	1441
288	736
288	545
289	1053
289	1315
289	718
289	1621
289	968
289	1018
289	401
289	1958
289	892
289	335
289	378
289	1482
289	928
290	953
290	367
290	735
290	461
290	931
290	551
290	1867
290	911
290	558
290	456
290	556
290	868
290	711
290	1301
290	405
291	1257
291	966
291	853
291	316
291	981
291	654
291	1757
291	1095
291	1368
291	1088
291	689
291	504
291	663
292	1184
292	1180
292	1617
292	1324
292	393
292	401
292	617
292	1701
292	449
292	1563
292	1312
292	670
293	505
293	1604
293	808
293	809
293	1144
293	495
293	929
293	1293
293	1321
293	901
293	898
293	419
293	1244
294	1665
294	1497
294	1574
294	1292
294	1252
294	908
294	1677
294	1695
294	1676
294	418
294	755
295	1424
295	970
295	1380
295	1758
295	1214
295	503
295	975
295	1599
295	1372
295	1238
295	1591
295	1018
295	1474
295	1398
295	1052
295	1173
296	746
296	540
296	1312
296	1069
296	1093
296	1208
296	643
296	871
296	603
296	733
296	1744
296	395
297	352
297	319
297	363
297	522
297	1824
297	415
297	1277
297	1327
297	871
297	1607
298	836
298	505
298	1187
298	409
298	892
298	1290
298	1225
298	1297
299	1057
299	566
299	473
299	341
299	1123
299	1630
299	1782
299	889
299	604
299	909
299	1109
299	936
300	480
300	1435
300	1656
300	629
300	459
300	862
300	575
300	1398
300	1360
300	1417
300	735
300	899
301	673
301	833
301	1103
301	1447
301	1466
301	711
301	844
301	1818
301	459
301	1724
301	939
301	1323
301	1757
302	738
302	324
302	1464
302	483
302	873
302	464
302	687
302	1521
302	1036
303	412
303	789
303	533
303	681
303	2024
303	1047
304	1648
304	1743
304	1909
304	548
304	406
304	568
304	470
304	654
304	1184
304	1422
304	505
304	1045
304	1206
305	1527
305	1379
305	1753
305	667
305	484
305	969
305	519
305	1135
305	653
305	1323
305	937
305	608
306	1792
306	448
306	1778
306	1511
306	1040
306	1779
306	463
306	816
306	563
306	935
306	1516
306	1299
306	468
307	980
307	1904
307	354
307	1011
307	844
307	1195
307	1333
307	566
307	1550
307	1041
307	1085
307	456
307	1414
307	1526
308	1350
308	1079
308	934
308	334
308	1435
308	762
308	752
308	1213
308	1159
308	1194
309	672
309	380
309	1432
309	475
309	1510
309	1276
309	377
309	1365
309	1606
309	1107
309	975
309	670
309	522
309	643
310	1113
310	766
310	1271
310	1359
310	820
310	856
310	797
310	443
310	1278
310	1190
310	461
310	1179
310	333
310	1543
310	1332
311	1572
311	963
311	643
311	697
311	494
311	436
311	1815
311	1022
311	1232
312	1405
312	496
312	811
312	931
312	444
312	526
312	1190
312	1264
312	600
312	344
312	1090
312	473
312	1097
313	717
313	960
313	1624
313	603
313	673
313	1441
313	1267
313	433
313	397
313	556
313	1767
314	1258
314	1232
314	1617
314	1268
314	1341
314	1273
314	1889
314	906
314	794
314	386
314	1470
314	321
314	449
314	1793
315	1491
315	1507
315	862
315	1926
315	620
315	1175
315	1324
315	847
315	1715
316	777
316	1043
316	1222
316	578
316	1198
316	1611
316	567
316	1243
316	1187
316	795
316	1381
316	803
317	424
317	945
317	1172
317	1337
317	470
317	561
317	745
317	1845
317	1406
318	1226
318	989
318	1510
318	1021
318	1616
318	647
318	1551
318	1329
318	464
318	1002
318	465
318	384
318	585
319	1032
319	619
319	1961
319	353
319	362
319	1006
319	1479
319	478
319	479
319	722
320	1199
320	1262
320	734
320	833
320	530
320	1881
320	568
320	362
320	920
320	650
320	1358
321	702
321	1302
321	1070
321	1252
321	1761
321	1573
321	898
321	850
321	605
321	792
321	1077
321	834
322	527
322	427
322	1167
322	418
322	537
322	807
322	357
322	1323
322	340
322	1220
323	1489
323	1558
323	1709
323	1185
323	990
323	1688
323	549
323	862
323	1502
323	579
323	1551
323	1248
324	1025
324	1230
324	460
324	730
324	1519
324	1414
324	978
324	535
324	616
324	1662
324	975
324	1293
324	1947
325	471
325	1420
325	1210
325	840
325	1535
325	1053
325	710
325	585
325	408
326	1670
326	493
326	1647
326	1401
326	1070
326	1029
326	1784
326	1250
326	1201
326	1919
326	364
327	642
327	709
327	1335
327	1031
327	1166
327	842
327	908
327	1467
327	397
327	371
327	1564
327	1355
328	1149
328	1202
328	466
328	1304
328	927
328	535
328	1852
328	1227
328	588
328	1776
328	1022
328	1457
328	1034
328	867
329	445
329	377
329	802
329	1627
329	1054
329	1764
329	893
329	1236
329	665
329	416
329	697
329	811
329	1654
330	658
330	761
330	1379
330	795
330	1371
330	491
330	1195
330	631
330	1792
330	1807
330	574
331	680
331	1695
331	1480
331	648
331	1315
331	619
331	754
331	1199
331	984
331	484
332	1139
332	1239
332	997
332	614
332	868
332	1386
332	1534
333	1358
333	1686
333	1081
333	385
333	1042
333	844
333	1528
333	781
333	1138
333	751
333	1630
334	1362
334	771
334	714
334	1100
334	578
334	553
334	863
334	1115
334	1108
334	377
334	1014
334	1783
334	915
335	1291
335	1498
335	925
335	1287
335	670
335	1222
335	1236
335	1423
335	344
335	737
335	548
335	496
336	674
336	1262
336	1538
336	854
336	1392
336	962
336	1613
336	809
336	648
337	1610
337	1182
337	507
337	924
337	1431
337	692
337	379
337	1767
337	437
337	708
338	1561
338	1706
338	1024
338	1202
338	340
338	418
338	1593
338	422
338	1344
338	1225
338	351
338	1078
339	847
339	1242
339	1181
339	1539
339	437
339	1087
339	870
339	1107
339	1290
339	478
339	385
339	1721
340	610
340	1206
340	741
340	1104
340	1591
340	1046
340	1001
340	1282
341	1013
341	542
341	1088
341	712
342	546
342	371
342	526
342	1905
342	1366
342	1516
342	1116
342	512
342	689
342	1008
342	1032
342	617
342	1379
343	1107
343	1881
343	726
343	1307
343	1864
343	851
343	1554
343	769
343	709
343	1269
343	1220
344	1043
344	954
344	1864
344	936
344	511
344	1258
344	1543
345	787
345	1747
345	1721
345	1193
345	1390
345	855
345	1894
345	1087
345	1055
345	1582
345	1413
345	1011
346	984
346	905
346	806
346	953
346	1241
346	1470
346	867
346	1105
346	1609
347	1148
347	1942
347	1269
347	362
347	787
347	1677
347	1195
347	1151
347	1036
347	737
347	897
347	1553
347	1748
348	1498
348	1322
348	1049
348	505
348	1194
348	1628
348	1228
348	1211
348	1576
348	946
348	402
348	464
349	674
349	1773
349	1966
349	969
349	1354
349	965
349	1018
349	975
349	852
349	838
350	790
350	1063
350	1735
350	497
350	896
350	500
350	1393
350	1368
350	1929
350	1351
350	807
351	1553
351	953
351	1409
351	397
351	591
351	1387
351	662
351	985
351	1334
351	1769
351	922
351	1542
352	816
352	1391
352	969
352	1179
352	1138
352	1303
352	1439
352	770
352	1109
352	762
352	692
352	1128
352	1856
353	1546
353	952
353	723
353	461
353	582
353	387
353	1522
353	1344
353	553
353	1202
353	1603
354	599
354	1033
354	614
354	1706
354	808
354	875
354	904
354	770
354	784
354	463
354	1387
355	1267
355	1431
355	597
355	904
355	575
355	601
355	1125
355	472
355	1049
355	632
355	735
356	1869
356	1160
356	1082
356	521
356	1648
356	1535
356	829
356	1553
356	1001
356	1157
356	1100
356	1014
357	1028
357	1197
357	910
357	501
357	548
357	1493
357	1606
357	1374
357	1265
357	1703
358	504
358	744
358	1287
358	1317
358	1280
358	553
358	1093
358	860
359	1622
359	1083
359	1626
359	586
359	736
359	1295
359	524
359	1558
360	747
360	540
360	644
360	1775
360	954
360	1364
360	1270
360	1611
360	585
360	1564
360	443
360	1185
360	1101
361	1147
361	530
361	1051
361	1266
361	1704
361	477
361	675
361	577
361	1417
361	1627
361	1299
362	971
362	1425
362	968
362	1605
362	451
362	1974
362	1603
362	1733
362	624
363	721
363	838
363	1162
363	383
363	1354
363	1424
363	1755
363	811
363	1691
363	784
363	906
364	1347
364	809
364	1550
364	725
364	1085
364	1258
364	615
364	764
364	1141
364	1417
365	988
365	551
365	1636
365	496
365	1758
365	661
365	1007
365	1275
365	897
365	811
365	807
365	396
366	684
366	1905
366	768
366	774
366	370
366	1157
366	452
366	1767
366	669
366	1075
366	1793
366	1487
366	751
366	1807
367	941
367	1127
367	1507
367	1437
367	849
367	448
367	852
367	1657
367	835
367	932
367	497
368	1000
368	522
368	494
368	758
368	1105
368	527
368	732
368	1127
368	402
368	927
368	1400
369	1347
369	673
369	955
369	1927
369	986
369	1074
369	1103
369	1700
369	370
369	1303
369	1061
369	1314
369	1610
370	848
370	1191
370	427
370	1093
370	983
370	1543
371	1367
371	410
371	479
372	443
372	846
372	1428
372	890
372	563
372	466
372	1005
372	1401
372	1841
372	1250
372	1444
372	886
372	532
373	1103
373	1523
373	1832
373	1164
373	1072
373	966
373	1808
373	542
373	901
373	1218
373	506
374	487
374	552
374	1557
374	571
374	810
374	1299
374	1264
374	715
374	845
374	1331
374	1030
375	1348
375	849
375	1089
375	754
375	662
375	835
375	1182
375	1593
375	1198
376	1270
376	458
376	395
376	1542
376	1482
376	573
376	1052
376	665
376	1029
377	531
377	783
377	496
377	1484
377	1186
377	733
377	673
377	1543
377	1483
378	1589
378	1010
378	1335
378	991
378	385
378	1309
378	938
378	847
379	790
379	725
379	401
379	1156
379	1290
379	1819
379	854
380	563
380	1582
380	1639
380	1131
380	1781
380	458
380	385
380	665
381	716
381	1385
381	406
381	1788
381	701
381	814
381	390
381	1843
381	1316
381	1832
382	909
382	722
382	985
382	530
382	969
382	1434
382	1120
382	408
382	1321
382	548
382	568
383	1006
383	465
383	1362
383	1250
383	1076
383	1078
383	938
383	406
383	824
383	440
383	565
383	1843
384	929
384	1443
384	1756
384	825
384	841
384	566
384	806
384	600
384	1025
384	1337
384	812
385	1158
385	1590
385	1203
385	1524
385	1210
385	1674
385	1454
385	960
386	956
386	568
386	1111
386	881
386	495
386	1280
386	1149
386	970
386	412
386	1186
386	547
387	532
387	689
387	439
387	1432
387	1089
387	1841
387	491
388	1158
388	703
388	1224
388	1424
388	1354
388	1335
388	1621
388	1342
388	660
388	1161
389	773
389	1492
389	1253
389	724
389	1214
389	1609
389	486
389	1065
389	819
389	1044
390	1892
390	827
390	945
390	1754
390	1638
390	1362
390	1507
390	1105
390	1151
390	1204
390	985
391	998
391	923
391	1201
391	1426
391	1228
391	946
391	1239
391	616
391	1548
391	1293
391	1036
391	451
391	893
392	1157
392	485
392	1367
392	949
392	1129
392	1177
392	993
392	1703
392	870
392	983
392	1327
393	1959
393	1104
393	1121
393	1914
393	747
393	644
393	679
393	912
393	1285
393	1025
393	942
393	1755
394	675
394	1727
394	526
394	709
394	779
394	1823
394	1322
394	587
394	459
394	483
395	569
395	1613
395	915
395	1109
395	797
395	1001
395	770
395	1352
395	1582
395	994
395	1135
396	433
396	1123
396	540
396	1000
396	1639
396	522
396	1066
396	1601
396	1178
396	984
397	1609
397	989
397	1098
397	957
397	536
397	1159
398	1340
398	1824
398	405
398	797
398	990
398	1287
398	715
398	475
398	913
398	677
398	924
398	1395
399	1432
399	1258
399	790
399	685
399	1193
399	1387
399	1095
399	515
399	1207
399	907
399	646
399	1429
400	1335
400	403
400	654
400	669
400	465
400	580
400	908
400	1701
400	751
400	733
400	497
401	961
401	1661
401	991
401	1381
401	1277
401	1135
401	1045
401	726
401	1084
401	1326
402	782
402	1371
402	1851
402	1013
402	1130
402	1498
402	1754
403	643
403	1014
403	1324
403	1560
403	851
403	919
403	564
403	977
403	875
403	874
403	543
404	1627
404	1436
404	1278
404	549
404	453
404	581
404	1073
404	814
404	609
404	480
405	1506
405	679
405	1512
405	1468
405	659
405	1318
405	849
405	1522
405	485
405	1381
406	539
406	537
406	918
406	905
407	1173
407	919
407	427
407	1130
407	496
407	571
407	944
407	1015
407	1193
407	845
408	929
408	969
408	1158
408	717
408	1427
408	1201
408	1720
408	886
409	1556
409	942
409	1553
409	1035
409	917
409	1092
409	1152
409	1348
409	421
410	1643
410	929
410	535
410	499
410	1157
410	1526
410	997
410	1103
410	991
410	1531
410	1449
411	774
411	1116
411	1040
411	800
411	861
411	1222
411	739
411	1674
411	889
411	703
411	1257
412	1258
412	1315
412	1072
412	1362
412	931
412	1608
412	638
412	550
412	1782
413	1371
413	976
413	1391
413	698
413	1191
413	735
413	1780
413	830
413	1272
413	958
413	1342
413	1620
413	1311
414	921
414	1228
414	1431
414	1455
414	1615
414	1240
414	1036
414	1776
414	868
415	1038
415	1420
415	593
415	671
415	1483
415	1116
415	517
415	1326
415	1602
416	1523
416	562
416	712
416	1162
416	1154
416	1139
416	1204
416	732
416	1984
416	1023
416	1388
416	865
416	956
417	629
417	1738
417	1559
417	1009
417	1498
417	942
417	1129
417	490
417	1086
417	980
417	895
417	1023
418	742
418	1340
418	1019
418	484
418	1405
418	1270
418	1046
418	558
418	699
418	1132
419	1804
419	838
419	981
419	741
419	909
419	727
419	847
419	1850
419	1290
419	824
419	429
420	1140
420	471
420	1260
420	423
420	994
420	954
420	770
420	472
420	767
420	1603
421	806
421	898
421	1422
421	939
421	1453
421	431
421	433
421	1710
421	1208
421	853
422	703
422	520
422	1914
422	530
422	1702
422	1631
422	669
423	706
423	616
423	1150
423	538
423	576
423	502
423	1007
423	1285
423	796
424	733
424	902
424	774
424	1679
424	1214
424	544
424	1572
424	736
424	658
424	1031
424	740
425	1445
425	786
425	980
425	716
425	711
425	899
425	1573
425	1188
425	445
426	538
426	1315
426	1365
426	1248
426	1176
426	978
426	1427
426	1166
426	434
426	631
426	1306
427	1283
427	945
427	1054
427	872
427	906
427	1629
427	1149
427	1521
427	795
427	513
428	602
428	1319
428	870
428	1704
428	1439
428	1320
428	645
428	1237
428	1634
428	786
428	744
428	1640
428	588
429	753
429	512
429	1513
429	1249
429	895
429	1183
429	1304
429	1343
429	1260
429	821
429	1254
430	1465
430	1061
430	435
430	1039
430	1421
430	1099
430	1374
430	1386
431	910
431	571
431	849
431	1267
431	1265
431	1314
431	1846
431	918
432	1443
432	444
432	1578
432	1032
432	1087
432	927
432	1022
432	1005
432	1128
432	1538
433	623
433	747
434	599
434	530
434	1137
434	570
434	1578
434	739
434	1506
434	693
434	1385
435	1265
435	1731
435	1107
435	718
435	1098
435	1352
435	584
435	1197
435	1386
436	698
436	451
436	1983
436	468
436	620
436	927
436	1319
436	1106
436	1137
437	1500
437	1710
437	1490
437	1919
437	703
437	486
437	582
437	464
437	530
438	988
438	454
438	1142
438	1126
438	1165
438	583
438	1097
438	467
438	922
438	1051
438	842
439	909
439	1224
439	1033
439	1352
439	494
439	1058
439	638
439	1536
439	1030
439	1015
440	1228
440	1048
440	490
440	1231
440	1943
440	746
440	788
440	1363
441	614
441	995
441	1036
441	710
441	1372
441	595
441	747
441	451
442	709
442	1330
442	536
442	1015
442	1321
442	610
442	1513
442	1003
442	856
442	834
442	1900
442	1765
442	1600
443	1065
443	959
443	816
443	668
443	563
443	473
443	904
444	957
444	995
444	730
444	642
444	472
444	1318
444	1070
445	991
445	495
445	834
445	990
445	1255
445	1177
445	998
446	1255
446	637
446	1763
446	1894
446	1144
446	891
446	763
446	1729
446	1387
446	1406
447	1222
447	479
447	871
447	699
447	1115
447	1715
448	1200
448	1141
448	1121
448	808
448	746
448	957
449	1203
449	787
449	858
449	1155
449	585
449	479
449	528
450	853
450	1141
450	1682
450	986
450	638
450	590
450	803
450	804
450	568
451	1487
451	970
451	548
451	1492
451	461
452	1306
452	609
452	645
452	1420
452	1210
452	895
452	875
452	1057
453	502
453	1612
453	1467
453	761
453	572
453	952
454	1055
454	732
454	1377
454	1007
454	1323
454	857
454	682
454	947
454	1268
454	806
455	1193
455	1776
455	696
455	526
455	500
455	1516
455	1138
455	1475
455	1883
455	1585
455	1468
456	882
456	630
456	769
456	768
456	1246
456	1140
457	1463
457	1850
457	1141
457	1324
457	942
457	1454
457	810
457	1472
457	475
457	1183
457	1791
457	689
458	1249
458	933
458	1131
458	805
458	1210
459	1277
459	1088
459	1126
459	1043
459	1152
459	593
459	695
459	1394
460	567
460	1329
460	1000
460	1005
460	1829
460	1021
460	1493
460	857
460	1391
461	905
461	678
461	1701
461	558
461	791
461	616
461	592
461	565
462	469
462	925
462	499
462	921
462	601
462	948
462	1286
462	1224
462	1791
463	782
463	726
463	612
463	1005
463	1011
463	1666
463	1870
463	1425
463	831
463	561
464	841
464	712
464	1326
464	1053
464	802
464	1520
465	1793
465	513
465	1209
465	1515
465	635
465	668
465	1048
465	1463
466	1775
466	1538
466	1452
466	604
466	1097
466	845
466	1145
466	573
466	745
467	1070
467	953
467	1235
467	685
467	1262
467	1428
467	1479
467	1209
467	1450
467	1557
468	1096
468	796
468	1352
468	1637
468	469
468	879
468	679
469	972
469	684
469	968
469	1223
469	804
469	1606
469	748
469	733
469	1081
469	1787
469	1337
470	960
470	568
470	875
470	554
470	766
470	1563
470	839
470	723
471	540
471	1481
471	1031
471	1399
471	1370
471	1506
471	1374
471	742
472	1063
472	1342
472	1414
472	511
472	1775
472	760
472	592
473	1346
473	524
474	687
474	626
474	1151
474	972
474	1073
474	1118
474	827
474	1067
474	588
474	1537
474	1438
475	832
475	1378
475	1254
475	1281
475	627
475	1421
475	1234
475	526
476	811
476	1040
476	657
476	859
476	1616
476	1558
476	1275
476	1104
477	640
477	1035
477	715
477	697
477	1481
477	1478
477	1203
477	1192
477	1075
477	1176
478	663
478	778
478	1075
478	1345
478	1487
478	486
478	1353
478	887
478	922
479	1690
479	1093
479	1867
479	1432
479	800
479	693
479	669
480	793
480	1511
480	914
480	676
480	1421
480	587
480	1167
480	1630
481	586
481	633
481	1276
481	1356
481	1122
481	1836
481	988
481	1076
481	488
482	767
482	1574
482	950
482	1524
482	1867
482	1133
482	1493
482	742
482	817
482	647
482	1767
482	930
483	582
483	1326
483	746
483	875
483	591
483	610
483	834
483	1233
483	1510
484	1690
484	692
484	1531
484	1062
484	1436
484	777
484	764
485	1704
485	1301
485	910
485	1224
485	1060
485	1610
485	1513
486	1789
486	827
486	1738
486	520
486	910
486	1105
486	925
487	1002
487	705
487	784
487	749
487	799
487	1226
487	1380
487	1379
487	576
488	557
488	606
488	1112
488	1163
488	926
488	1667
488	845
488	1223
489	872
489	505
489	1003
489	1451
489	506
489	669
489	598
489	965
490	1013
490	637
490	1357
490	913
490	1091
490	769
490	533
490	545
491	801
491	734
491	754
491	901
491	1175
491	967
491	839
491	1236
491	679
492	1064
492	975
492	1772
492	760
492	729
492	1118
492	1159
492	662
492	799
492	1450
492	987
493	1966
493	780
493	508
493	1017
493	1829
493	703
493	911
493	725
493	565
493	839
493	1194
494	978
494	767
494	540
494	987
494	519
495	1682
495	1157
495	1599
495	1003
495	1089
495	973
495	867
495	1161
496	940
496	643
496	1629
496	1493
496	912
496	934
497	1165
497	1233
497	1560
497	523
497	937
497	963
498	591
498	1349
498	1293
498	1336
498	781
498	1120
498	1075
498	1164
498	851
498	977
498	782
498	1191
499	1643
499	617
499	1769
499	583
499	1402
499	980
499	1220
499	860
500	1390
500	1530
500	1220
500	992
500	684
500	559
500	1407
500	682
500	761
501	1515
501	707
501	662
501	1145
501	1838
501	873
501	764
501	504
502	967
502	649
502	948
502	732
502	1277
502	1772
502	785
502	1894
502	665
502	1250
503	988
503	880
503	556
503	1070
503	1129
503	859
503	642
503	918
503	1657
503	1635
504	801
504	1040
504	1789
504	1325
504	1826
504	1580
504	1140
505	936
505	1074
505	964
505	596
505	1016
505	771
505	526
506	886
506	727
506	1629
506	1453
506	1580
506	957
506	599
506	581
507	855
507	1055
507	597
507	508
507	673
507	1283
507	1171
507	542
507	974
508	555
508	1377
508	519
508	1574
508	1007
508	1479
508	513
508	1204
509	566
509	895
509	1626
509	720
509	785
509	1257
509	988
509	1370
509	1184
510	548
510	1045
510	681
510	997
510	537
510	714
510	1086
510	553
510	1248
510	1031
510	1294
511	859
511	632
511	784
512	1631
512	787
512	805
512	573
513	714
513	980
513	1264
513	996
513	930
513	1545
513	1062
513	886
514	1626
514	1276
514	1133
514	1579
514	1172
514	608
514	1209
514	1079
514	885
514	828
515	526
515	1231
515	806
515	1014
515	943
515	1129
515	1475
515	844
515	925
515	1298
515	1445
516	1123
516	1451
516	942
516	1076
516	928
516	1163
516	1117
516	1872
517	1555
517	895
517	577
517	580
517	520
517	781
517	1415
517	1318
517	622
518	552
518	663
518	1177
518	1267
518	709
518	1060
518	1943
518	1005
518	1623
519	1307
519	801
519	1462
519	1203
519	598
520	1002
520	579
520	539
520	980
521	1360
521	1359
521	645
521	1465
521	889
521	711
521	896
522	1450
522	552
522	1392
522	1508
522	1573
523	1112
523	1559
523	1434
523	1279
523	1231
523	1209
523	1102
524	1024
524	1128
524	709
524	740
524	1030
525	1572
525	676
525	883
525	1196
525	534
525	1073
525	1747
525	1084
525	622
525	754
526	730
527	1013
527	1343
527	767
527	551
528	1096
528	796
528	895
528	565
528	1068
528	1097
528	1210
529	1374
529	1359
529	815
529	2020
529	672
529	1002
529	1380
529	946
529	752
529	1221
529	1438
529	1112
530	1188
531	738
531	1047
531	905
531	1437
531	739
531	1024
531	979
532	1643
532	1557
532	820
533	923
533	958
533	889
533	1221
533	899
533	754
533	540
533	605
533	1074
534	1095
534	1014
534	1118
534	782
534	748
534	1398
534	1190
534	1662
535	917
535	1312
535	1502
535	944
535	667
535	1621
535	740
536	849
536	736
536	727
536	1743
536	861
536	1361
536	862
536	1386
537	1354
537	632
537	655
537	945
537	1636
537	1817
537	756
538	612
538	1436
538	1480
538	1095
538	890
538	992
538	1051
538	1107
538	894
538	638
539	1196
539	985
539	1079
539	1129
539	1343
539	1081
539	1189
539	1021
539	1462
540	834
540	925
540	577
540	689
540	828
541	1424
541	1392
541	1410
541	1756
541	1394
541	1072
541	728
541	924
541	1017
541	1086
541	1249
541	847
542	1150
542	839
542	897
542	891
542	805
543	1156
543	912
543	1168
543	1105
543	730
543	777
543	1517
543	676
543	671
543	1019
544	705
544	635
544	698
544	1062
544	570
544	865
544	1159
544	1028
545	778
545	903
545	777
545	1496
545	907
545	1092
546	575
546	1951
546	677
546	1611
546	1389
546	982
546	1245
547	884
547	698
547	662
547	1529
547	773
547	997
547	923
547	828
547	1360
548	1393
548	1561
548	1173
548	556
549	1621
549	1082
549	649
549	761
549	1291
549	750
549	909
549	709
550	794
550	905
550	1094
550	692
550	816
550	977
550	875
550	1093
550	1380
551	1215
551	928
551	1111
551	572
551	829
551	1211
551	676
552	566
552	1271
552	1044
552	910
552	1262
552	581
553	722
553	1190
553	1321
553	796
553	1096
554	876
554	1422
554	586
554	1245
554	631
554	734
554	1369
554	979
554	757
555	584
555	940
555	1348
555	674
555	1439
555	987
556	960
556	1402
556	1428
556	904
556	1002
557	1434
557	939
557	727
558	1269
558	1736
558	1112
559	1048
559	1079
559	1301
559	596
559	780
559	1496
559	814
560	841
560	1255
560	745
560	1603
560	1295
560	866
560	574
560	1183
561	1257
561	1644
561	891
561	707
561	1235
561	1190
561	697
561	874
561	678
561	789
562	637
562	569
562	564
562	976
562	1245
562	989
563	1531
563	1294
563	835
564	575
564	1556
564	892
564	1201
564	1636
564	1524
565	1095
565	1381
565	659
565	569
566	1435
566	662
566	1043
566	1471
566	1119
567	733
567	1517
567	1128
567	1386
567	993
567	898
567	1115
568	1586
569	630
569	791
569	1115
569	1423
569	821
569	1160
570	973
570	1414
570	1314
570	1605
570	723
570	625
570	1836
571	1074
571	758
571	736
571	1368
571	1595
571	1072
572	756
572	1275
572	743
572	959
572	578
573	1298
573	912
573	1080
573	841
573	711
573	1753
573	918
574	882
574	782
574	616
574	891
574	623
574	839
574	1600
575	1506
575	689
575	1558
576	853
576	812
576	757
576	911
576	1401
577	994
577	789
577	700
577	869
577	849
577	934
577	1264
577	1794
578	1294
578	1336
578	652
578	1045
578	804
578	890
578	1667
579	1545
579	1212
579	998
579	585
579	1313
579	1156
579	1471
579	1311
580	1436
580	695
580	670
580	1000
580	770
580	595
580	1104
580	914
581	1049
581	812
581	752
581	937
581	1171
581	1202
582	869
582	1034
583	1130
583	759
583	1570
583	854
583	1173
583	877
584	1438
584	1028
584	1580
584	1061
585	1620
585	1294
585	1146
585	1587
586	991
586	1447
586	1059
587	917
587	665
587	843
587	804
587	1613
587	1134
587	1597
587	673
587	1085
587	1336
588	1191
588	976
588	764
588	695
588	729
588	1380
589	784
589	1344
589	889
589	798
589	823
589	708
589	813
589	943
589	1408
589	649
589	661
590	960
590	845
590	1266
590	626
590	1377
590	979
590	1746
591	778
591	1079
591	710
591	641
591	701
592	958
592	1951
592	645
592	762
592	1330
592	1051
593	1390
593	1513
593	669
593	754
593	1081
593	785
594	1260
594	603
594	1368
594	622
594	1112
594	1126
594	710
594	686
594	1330
595	1704
595	833
595	1160
596	618
596	651
596	720
596	756
596	1196
597	618
597	999
597	1715
597	699
597	653
597	925
597	1281
598	1237
598	786
598	1032
598	948
598	877
598	1132
598	810
599	690
599	1590
599	1132
599	1144
599	691
599	1220
599	855
599	1448
600	656
600	829
600	1134
600	993
600	785
601	711
601	1272
601	696
602	906
602	743
602	704
602	823
602	825
602	1017
603	1198
603	1047
603	1287
603	881
604	905
604	1605
604	648
604	1393
604	610
605	996
605	1245
605	840
605	660
605	761
606	1154
606	806
606	1232
606	1520
606	681
606	792
606	1062
607	648
607	846
607	1196
607	1434
607	742
607	1266
607	772
607	1984
608	1158
609	1345
609	1481
610	706
610	1250
610	1201
610	1082
611	627
611	821
611	703
611	1001
611	1014
611	707
611	1328
611	1044
611	1145
611	855
611	748
612	896
612	764
612	650
612	902
612	973
613	720
613	956
613	1306
613	880
613	1023
613	913
613	1400
614	832
614	663
614	1667
614	1460
614	912
614	1325
614	651
615	1550
615	859
615	1310
615	921
615	793
616	1763
616	1453
617	1227
617	841
618	919
618	1082
618	667
618	1773
618	1660
618	1754
619	1028
619	942
619	701
619	1158
620	830
621	1022
621	1311
621	1260
621	665
621	627
621	736
621	642
621	777
621	1137
622	1134
623	737
623	781
623	811
623	1279
623	1247
623	1048
623	1122
623	778
624	704
624	989
624	625
624	996
624	696
624	1774
624	758
625	899
625	1068
625	939
625	740
625	822
625	657
626	1125
626	1220
626	899
627	1346
627	1029
627	1094
627	1529
627	778
627	1282
627	1374
628	762
628	896
628	764
628	1251
628	1331
628	1272
628	960
628	1237
629	928
629	695
629	795
629	711
629	1449
630	1522
630	1471
630	880
630	956
630	1073
630	1090
631	687
631	1279
631	738
631	1512
631	638
631	1153
632	1670
632	726
632	738
632	1700
633	901
633	1451
633	1248
633	657
633	1020
634	843
634	835
634	1285
634	923
634	785
634	1118
634	1615
634	934
634	650
635	1000
635	1310
635	1304
635	1389
635	1381
636	1085
636	958
636	1447
636	1113
636	1134
636	766
636	1164
636	1057
636	771
638	1133
638	1452
638	1228
638	659
639	1330
639	844
639	977
639	649
640	1085
640	1081
640	848
640	1029
640	802
640	1072
641	1350
641	678
641	846
641	750
641	947
642	696
642	987
642	818
643	1373
643	1189
643	1660
644	1078
644	780
644	724
644	1603
644	687
645	974
645	968
645	874
646	1389
646	1460
646	691
646	703
646	1350
646	718
646	726
646	766
646	882
647	819
647	846
647	1826
647	947
648	842
649	1413
649	954
649	1142
649	1296
650	1092
650	1515
650	1007
650	943
650	664
650	1031
650	829
651	1252
651	1245
651	1319
651	1198
651	657
651	886
651	1360
652	1200
652	759
652	910
652	979
652	735
652	1643
653	1233
653	851
654	1319
654	1447
654	1404
654	1414
655	662
655	993
655	1504
655	1500
655	1366
656	1191
656	1163
656	981
656	946
656	828
656	1043
656	1234
657	671
657	1480
657	666
657	870
657	1271
657	883
657	910
658	813
658	923
658	879
658	719
658	983
658	914
658	866
658	1843
659	1347
659	1094
659	894
659	713
659	661
660	807
660	1435
660	1121
660	1057
660	1327
660	1623
660	890
661	800
661	1034
661	928
661	915
661	808
662	1306
663	1061
663	710
663	875
663	1481
663	1327
664	1284
664	727
664	772
664	938
664	1146
664	976
664	856
665	1789
666	920
666	918
666	1035
666	673
667	1192
667	935
667	1329
667	1561
668	846
668	1480
668	1205
668	691
669	705
670	958
670	861
670	1426
670	1620
671	957
671	734
671	894
672	814
672	1512
672	1508
672	1492
672	722
672	688
673	1243
673	844
674	1044
674	1000
674	1229
674	1185
675	1518
675	839
675	1073
675	696
675	1198
675	964
675	788
675	1209
677	710
677	758
677	908
677	957
677	1500
678	1004
678	1424
678	733
678	898
678	1590
679	923
679	974
679	1068
680	1279
680	866
680	1633
680	820
681	810
682	940
682	697
682	982
682	1611
682	1251
682	1058
683	1204
683	887
683	909
683	1447
683	1130
683	781
683	865
683	827
684	1225
684	876
684	941
684	885
684	911
685	983
685	1122
685	825
685	1165
685	952
686	704
686	752
686	1518
686	1472
686	844
686	1173
686	854
687	782
687	741
687	844
687	737
687	821
687	840
688	766
688	1298
688	1373
688	783
688	1168
688	1261
688	1178
690	1039
690	1200
690	1155
690	974
690	1449
690	1174
690	1145
691	1150
691	1588
691	1559
691	779
691	984
692	1268
692	1157
692	1275
692	1490
692	1378
693	793
693	770
693	954
693	1043
693	1522
693	996
694	759
694	886
694	866
694	713
694	913
694	1492
694	729
694	1084
694	748
694	1106
694	1490
695	1420
695	1260
697	840
697	761
697	1402
698	1140
698	1121
698	1512
699	991
699	1068
699	1269
699	791
701	1267
701	1085
701	973
701	904
701	1078
701	718
701	1101
702	955
702	836
702	734
702	746
702	1092
702	1269
703	1347
704	788
704	941
704	1000
704	1144
704	876
705	807
705	1013
705	1857
705	1171
705	1585
706	921
706	1034
706	1426
706	1360
707	773
707	1281
707	973
707	1273
707	1623
708	1119
708	895
708	1357
708	903
708	1067
712	828
712	910
712	1269
712	1064
713	717
713	831
713	983
713	1110
713	1412
713	1059
713	1228
713	1015
714	1624
714	748
714	1422
714	1168
714	752
714	881
716	814
716	935
716	1253
716	1029
716	884
717	1373
717	775
718	774
718	1652
719	1408
719	1086
719	1078
719	941
719	1047
719	1296
720	1608
721	1034
721	1177
721	1353
721	962
721	1459
721	1273
722	1184
722	1390
722	1035
722	1624
722	848
723	785
723	1373
724	1487
724	745
724	938
724	1006
724	821
724	926
727	738
727	1304
728	1434
728	1983
728	1144
728	1180
728	888
729	881
729	1233
729	921
729	781
730	1520
730	1390
730	1330
730	1382
731	901
731	1091
731	845
731	836
731	776
731	1070
731	1545
731	1401
734	1130
734	1409
734	837
735	1189
735	1670
735	770
735	888
737	1099
737	1652
737	1614
737	1189
738	1110
739	1357
741	974
741	794
741	889
742	1431
742	877
742	979
743	793
743	1235
743	1014
744	1170
744	1351
745	1570
745	1048
745	1614
746	1063
746	773
748	1223
748	1413
748	1409
749	1171
749	808
749	1058
749	876
750	800
750	1389
750	1441
750	1362
750	1189
750	826
751	794
751	823
751	1152
753	1253
753	860
753	1023
753	1267
755	843
755	1508
755	890
756	1024
756	1142
756	1731
756	1144
756	860
756	911
756	1774
757	1120
757	801
757	1453
757	1013
757	956
757	876
757	853
759	1469
759	1261
761	853
761	821
761	1205
762	1366
762	1153
762	868
762	880
765	1253
765	1271
765	821
765	1624
765	1448
765	1251
765	1202
766	1836
766	1034
766	1003
766	779
767	784
768	1231
768	1208
768	1052
768	895
769	934
769	1090
769	792
769	1506
770	1423
771	996
771	933
771	1774
771	1146
771	1016
773	1069
773	1629
773	1144
773	1039
773	1448
774	1504
775	886
775	783
775	1064
775	1483
775	793
775	1088
775	1351
775	852
776	798
776	1777
776	1239
776	964
776	843
776	792
776	1032
777	800
778	805
779	794
779	930
780	1660
780	884
780	1229
780	982
781	1595
782	1369
783	1252
784	891
784	1422
784	979
785	912
785	1382
786	1517
786	1123
786	913
786	1068
787	1607
787	1035
788	1125
788	1371
788	1529
789	1618
789	1297
789	842
789	1652
789	1634
789	1268
789	1225
791	865
792	976
792	1082
792	1794
792	1023
792	1024
792	802
794	1466
794	853
794	1027
795	1049
795	1163
796	856
796	1171
796	937
796	1028
796	1225
798	921
798	881
798	1101
798	1086
798	925
798	852
799	893
799	1773
799	1518
799	815
799	1313
801	1123
801	823
801	1209
802	939
802	856
803	1272
803	810
803	1170
803	1066
803	919
804	1091
804	940
804	1187
805	1084
807	878
807	1124
808	1408
808	821
808	837
808	904
810	1176
812	1344
812	1084
812	998
812	1449
813	981
814	1353
815	1251
815	1120
815	1378
815	1019
815	870
815	1069
816	1360
817	864
817	860
817	949
817	1619
817	890
818	1846
818	1608
818	973
818	905
818	1441
818	873
819	1222
819	844
820	861
820	1549
820	1119
820	975
822	964
822	1265
822	1633
822	1082
822	1049
822	1175
823	1261
823	992
823	1009
824	929
824	1090
824	1098
824	879
824	1094
825	1441
826	1156
828	1451
829	1064
829	877
830	1585
830	1314
830	1614
831	1846
832	954
832	881
832	909
832	836
832	1281
832	1635
832	874
833	1556
833	1122
836	962
836	1121
836	843
837	1127
837	1629
837	1594
837	1252
838	1068
838	1149
838	1561
841	1631
842	1388
842	869
843	1135
843	1237
850	1155
850	1585
850	892
850	861
850	1086
850	1561
851	903
851	948
851	1164
851	1094
852	1197
852	989
852	1178
854	1165
854	1059
856	930
857	1211
857	1027
857	1058
861	893
861	1052
863	1542
863	1064
863	1257
863	1554
864	1069
864	1171
864	882
864	1165
864	953
866	1027
866	1233
868	1074
868	1096
868	1052
869	1542
869	951
869	904
869	1298
869	1153
870	1030
870	1229
870	1623
873	1378
873	1317
878	964
878	1145
878	1069
878	1099
878	1004
879	997
879	1061
882	1127
883	1230
883	1491
883	1170
883	1001
883	1544
883	1015
883	1404
885	1246
885	1196
885	1197
885	1705
888	1466
888	1054
891	962
891	1398
892	1159
892	898
892	947
893	1154
893	972
893	1243
894	1536
894	972
894	1047
896	1192
896	1240
896	949
897	1061
898	992
898	1635
900	971
900	1235
900	1212
900	984
900	1178
900	918
902	1504
902	1588
902	1373
902	962
903	1055
903	961
904	1246
907	983
907	919
907	1059
907	926
907	1389
911	965
911	1237
913	968
913	1615
913	961
914	1246
914	1579
914	1197
914	1054
914	1559
914	1570
915	1536
916	1074
916	1297
916	951
916	1099
916	926
916	1237
916	1127
916	1042
917	1753
917	1119
917	967
917	1298
919	1273
919	933
920	1140
920	1389
920	1542
920	1212
920	1199
921	1060
921	1700
930	1176
932	1153
932	951
932	1344
932	1132
932	1594
932	1356
932	1781
932	1261
933	953
934	1021
934	961
934	1313
935	1152
936	1174
936	1433
936	1615
936	951
937	1438
937	1153
940	1363
947	1427
949	961
949	1459
949	1574
950	1317
950	1099
950	1161
950	1138
951	1328
952	1055
952	1210
952	1760
952	999
955	1076
955	1660
955	1003
955	1108
955	1549
961	1039
963	1310
963	1091
963	1138
963	1412
963	1435
968	1174
968	1106
968	1090
971	1554
971	1595
971	981
971	1063
972	1317
972	1313
979	1483
984	1313
984	1448
992	1412
992	1051
992	1163
992	1015
998	1090
999	1271
1004	1388
1004	1208
1015	1024
1015	1122
1016	1146
1021	1135
1024	1049
1024	1081
1027	1243
1027	1239
1030	1247
1030	1448
1038	1045
1038	1491
1038	1114
1039	1489
1042	1153
1042	1175
1042	1051
1046	1742
1046	1090
1046	1556
1048	1223
1048	1504
1051	1162
1052	1644
1060	1174
1060	1282
1060	1760
1061	1093
1061	1208
1066	1114
1066	1400
1066	1412
1074	1114
1076	1091
1078	1137
1088	1742
1088	1412
1088	1368
1091	1247
1091	1742
1094	1098
1098	1388
1099	1413
1101	1146
1101	1595
1101	1635
1101	1297
1102	1438
1102	1380
1102	1155
1102	1328
1102	1113
1106	1199
1108	1156
1108	1237
1113	1328
1114	1404
1114	1154
1121	1145
1122	1401
1125	1189
1125	1297
1132	1141
1132	1520
1135	1544
1135	1460
1137	1549
1145	1334
1154	1459
1154	1595
1155	1349
1161	1480
1161	1349
1161	1248
1165	1212
1171	1248
1175	1310
1178	1781
1200	1777
1203	1247
1203	1459
1220	1400
1227	1594
1227	1244
1230	1426
1243	1282
1243	1296
1244	1363
1244	1431
1244	1459
1400	1489
1400	1469
1409	1431
1452	1892
1452	1631
