12.78 10.00 270.72 0.35 0.22 -0.39 4.36 9.00 31.93 0.03 
12.79 10.00 271.07 0.35 0.22 -0.40 4.33 9.00 26.62 0.03 
12.91 10.00 278.00 0.36 0.22 -0.39 4.33 10.00 31.23 0.03 
12.85 9.00 275.31 0.35 0.22 -0.38 4.32 9.00 32.46 0.03 
12.73 10.00 265.76 0.35 0.22 -0.41 4.35 9.00 3.86 0.03 
12.68 10.00 269.09 0.36 0.22 -0.39 4.34 10.00 24.11 0.04 
12.87 10.00 272.90 0.35 0.22 -0.39 4.32 9.00 32.15 0.03 
12.74 4.00 266.89 0.35 0.21 -0.40 4.32 10.00 31.32 0.03 
12.59 6.00 262.87 0.34 0.21 -0.38 4.34 10.00 30.97 0.03 
12.67 10.00 267.76 0.35 0.21 -0.39 4.33 11.00 31.75 0.03 
12.81 10.00 273.36 0.35 0.22 -0.38 4.33 9.00 32.46 0.03 
12.95 10.00 275.36 0.36 0.22 -0.43 4.33 9.00 30.61 0.03 
12.83 10.00 275.50 0.36 0.22 -0.38 4.32 10.00 3.38 0.03 
12.79 10.00 270.88 0.36 0.22 -0.40 4.35 8.00 4.00 0.03 
12.85 10.00 273.98 0.35 0.22 -0.38 4.33 9.00 8.44 0.03 
12.78 10.00 272.39 0.36 0.22 -0.41 4.32 8.00 4.88 0.03 
12.71 9.00 271.83 0.35 0.22 -0.38 4.32 9.00 7.61 0.03 
12.77 10.00 270.03 0.35 0.22 -0.40 4.34 9.00 3.91 0.03 
12.60 8.00 267.34 0.35 0.22 -0.38 4.32 10.00 7.42 0.04 
12.76 10.00 270.05 0.35 0.22 -0.37 4.35 9.00 8.76 0.03 
12.82 10.00 272.84 0.36 0.22 -0.39 4.32 10.00 9.85 0.03 
12.74 10.00 270.07 0.35 0.21 -0.40 4.31 9.00 6.68 0.03 
12.93 10.00 272.88 0.35 0.22 -0.40 4.32 10.00 10.11 0.03 
12.71 10.00 270.56 0.36 0.22 -0.38 4.35 11.00 3.99 0.04 
12.96 10.00 279.97 0.36 0.22 -0.40 4.32 10.00 3.95 0.04 
12.87 6.00 275.48 0.36 0.22 -0.39 4.32 10.00 3.08 0.04 
12.93 7.00 278.11 0.36 0.22 -0.42 4.32 9.00 2.86 0.03 
12.81 10.00 275.40 0.36 0.22 -0.40 4.33 9.00 3.07 0.03 
12.74 10.00 269.86 0.36 0.22 -0.40 4.34 9.00 3.03 0.04 
12.91 10.00 273.84 0.35 0.22 -0.41 4.33 10.00 4.00 0.03 
12.92 10.00 277.97 0.36 0.22 -0.40 4.32 9.00 8.75 0.03 
12.84 10.00 272.77 0.35 0.22 -0.39 4.32 9.00 9.37 0.03 
12.58 9.00 262.47 0.35 0.22 -0.38 4.37 9.00 3.92 0.03 
12.79 8.00 273.64 0.36 0.22 -0.39 4.35 10.00 8.46 0.03 
12.84 10.00 270.62 0.35 0.22 -0.39 4.33 9.00 10.62 0.03 
12.92 10.00 274.77 0.36 0.22 -0.40 4.32 9.00 10.19 0.03 
13.20 10.00 287.20 0.36 0.22 -0.42 4.30 9.00 9.01 0.02 
12.66 10.00 269.68 0.36 0.22 -0.38 4.34 9.00 4.13 0.04 
12.95 10.00 279.57 0.36 0.22 -0.40 4.31 9.00 3.91 0.03 
12.88 10.00 270.86 0.35 0.22 -0.39 4.33 9.00 2.99 0.02 
13.10 10.00 281.44 0.35 0.22 -0.40 4.32 10.00 4.03 0.02 
12.87 10.00 276.35 0.36 0.22 -0.42 4.31 9.00 2.95 0.04 
12.87 10.00 274.81 0.36 0.22 -0.41 4.32 9.00 3.86 0.03 
12.82 3.00 272.43 0.36 0.22 -0.40 4.33 9.00 4.22 0.03 
12.77 10.00 270.63 0.35 0.22 -0.40 4.31 9.00 4.30 0.03 
12.56 10.00 265.33 0.35 0.22 -0.38 4.36 9.00 4.22 0.04 
12.71 5.00 268.24 0.36 0.22 -0.41 4.33 9.00 4.09 0.03 
12.69 10.00 269.46 0.35 0.22 -0.39 4.32 9.00 4.25 0.04 
13.03 10.00 282.35 0.35 0.22 -0.40 4.31 9.00 3.83 0.03 
12.90 10.00 275.79 0.36 0.22 -0.40 4.31 9.00 4.13 0.03 
12.97 10.00 279.75 0.36 0.22 -0.41 4.31 10.00 4.13 0.03 
12.88 10.00 270.72 0.36 0.22 -0.41 4.34 9.00 4.00 0.03 
12.89 10.00 273.52 0.35 0.22 -0.40 4.31 10.00 4.22 0.03 
12.75 10.00 272.11 0.36 0.22 -0.39 4.33 9.00 4.17 0.04 
12.74 5.00 272.11 0.36 0.22 -0.40 4.33 9.00 4.31 0.04 
12.83 10.00 272.57 0.36 0.22 -0.40 4.33 9.00 4.71 0.03 
12.77 9.00 270.56 0.36 0.22 -0.41 4.35 9.00 2.90 0.03 
12.97 10.00 275.35 0.36 0.22 -0.42 4.34 10.00 3.95 0.03 
12.87 10.00 271.70 0.35 0.22 -0.40 4.35 9.00 5.98 0.03 
12.81 7.00 272.70 0.35 0.22 -0.38 4.32 10.00 3.25 0.03 
12.83 10.00 272.94 0.35 0.22 -0.40 4.35 9.00 4.00 0.03 
12.85 10.00 273.15 0.35 0.22 -0.38 4.35 10.00 6.63 0.03 
12.71 10.00 272.68 0.36 0.22 -0.39 4.36 10.00 4.09 0.04 
12.96 10.00 276.10 0.35 0.22 -0.40 4.33 9.00 4.14 0.03 
12.94 10.00 278.21 0.35 0.21 -0.41 4.29 9.00 4.16 0.03 
12.93 9.00 277.04 0.36 0.22 -0.40 4.35 10.00 6.44 0.03 
12.87 10.00 272.29 0.36 0.22 -0.41 4.35 9.00 3.78 0.03 
12.86 10.00 273.64 0.35 0.22 -0.39 4.35 10.00 2.72 0.03 
12.53 10.00 264.93 0.36 0.22 -0.38 4.35 10.00 2.99 0.04 
12.61 10.00 262.70 0.36 0.22 -0.39 4.35 10.00 4.14 0.03 
13.00 10.00 282.17 0.35 0.22 -0.40 4.29 10.00 2.76 0.03 
12.75 10.00 268.41 0.35 0.22 -0.39 4.34 9.00 5.51 0.03 
12.85 10.00 276.04 0.36 0.22 -0.39 4.33 10.00 5.96 0.04 
12.79 10.00 272.65 0.35 0.22 -0.39 4.34 9.00 5.12 0.04 
12.81 10.00 272.89 0.35 0.22 -0.39 4.32 10.00 3.68 0.03 
12.91 10.00 276.63 0.36 0.22 -0.40 4.32 9.00 3.76 0.03 
12.97 10.00 275.80 0.35 0.22 -0.41 4.33 10.00 8.56 0.02 
12.87 10.00 273.42 0.35 0.22 -0.41 4.32 10.00 7.80 0.03 
12.91 10.00 275.65 0.36 0.22 -0.42 4.33 9.00 3.76 0.03 
12.65 10.00 269.54 0.36 0.22 -0.40 4.34 9.00 2.84 0.04 
12.74 10.00 270.29 0.36 0.22 -0.41 4.34 10.00 2.64 0.03 
12.86 10.00 274.82 0.35 0.22 -0.38 4.32 9.00 2.96 0.04 
12.88 8.00 274.75 0.35 0.22 -0.39 4.32 10.00 9.83 0.03 
12.89 10.00 272.67 0.35 0.22 -0.39 4.34 9.00 9.96 0.03 
12.86 10.00 275.73 0.36 0.22 -0.40 4.31 9.00 3.88 0.03 
12.85 10.00 270.20 0.36 0.22 -0.41 4.35 9.00 9.03 0.02 
12.77 10.00 274.79 0.36 0.22 -0.40 4.33 10.00 3.88 0.04 
12.67 10.00 266.70 0.36 0.22 -0.39 4.35 9.00 2.60 0.03 
13.00 10.00 280.81 0.36 0.22 -0.40 4.31 9.00 3.84 0.03 
12.68 10.00 267.87 0.35 0.22 -0.37 4.34 9.00 4.16 0.04 
12.78 7.00 272.15 0.35 0.21 -0.39 4.31 10.00 4.12 0.04 
13.00 10.00 277.59 0.36 0.22 -0.39 4.35 9.00 2.85 0.02 
13.10 10.00 287.51 0.36 0.22 -0.39 4.31 11.00 1.71 0.03 
12.87 10.00 275.87 0.36 0.22 -0.40 4.32 9.00 1.85 0.03 
12.95 10.00 274.72 0.36 0.22 -0.41 4.33 10.00 1.71 0.02 
12.92 10.00 277.34 0.36 0.22 -0.41 4.31 9.00 2.63 0.04 
12.77 10.00 272.53 0.35 0.22 -0.38 4.32 9.00 2.63 0.04 
12.78 10.00 271.49 0.35 0.22 -0.39 4.34 9.00 1.18 0.03 
12.77 10.00 271.37 0.35 0.22 -0.39 4.33 11.00 0.75 0.03 
12.72 10.00 271.23 0.35 0.22 -0.38 4.33 10.00 0.75 0.03 
