12.63 10.00 269.00 0.26 0.14 -0.42 4.06 8.00 37.50 0.04 
12.74 10.00 271.86 0.26 0.14 -0.42 4.07 11.00 37.50 0.03 
12.66 3.00 268.56 0.26 0.14 -0.43 4.07 10.00 37.50 0.04 
12.54 10.00 262.43 0.26 0.14 -0.42 4.10 9.00 34.20 0.03 
12.63 10.00 265.76 0.26 0.14 -0.43 4.06 9.00 37.33 0.04 
12.98 10.00 280.87 0.26 0.14 -0.43 4.04 9.00 35.39 0.03 
12.61 10.00 265.99 0.26 0.14 -0.42 4.08 11.00 29.54 0.05 
12.75 10.00 271.63 0.26 0.14 -0.44 4.07 9.00 36.40 0.03 
12.60 9.00 266.25 0.26 0.14 -0.42 4.06 8.00 36.45 0.04 
12.91 10.00 278.57 0.26 0.14 -0.44 4.05 9.00 36.23 0.04 
12.73 10.00 271.84 0.26 0.14 -0.42 4.06 9.00 37.37 0.04 
12.76 10.00 272.43 0.26 0.14 -0.43 4.07 8.00 3.60 0.04 
12.76 10.00 274.40 0.27 0.14 -0.44 4.06 9.00 4.73 0.04 
12.57 5.00 268.06 0.26 0.14 -0.42 4.06 8.00 4.88 0.05 
12.71 10.00 270.25 0.26 0.14 -0.43 4.08 9.00 3.69 0.04 
12.75 10.00 270.12 0.26 0.14 -0.43 4.07 9.00 4.71 0.04 
12.79 10.00 274.02 0.27 0.14 -0.45 4.05 9.00 4.30 0.04 
12.72 10.00 275.22 0.27 0.14 -0.43 4.06 8.00 7.78 0.04 
12.83 10.00 275.22 0.26 0.14 -0.43 4.04 8.00 10.94 0.04 
12.80 10.00 271.37 0.26 0.14 -0.44 4.06 10.00 10.24 0.03 
12.93 10.00 278.67 0.26 0.14 -0.45 4.05 9.00 7.47 0.03 
12.62 10.00 265.84 0.26 0.14 -0.43 4.09 9.00 4.87 0.04 
12.73 4.00 272.09 0.26 0.14 -0.42 4.05 10.00 4.92 0.04 
12.84 10.00 277.25 0.26 0.14 -0.43 4.05 9.00 6.06 0.04 
12.81 2.00 273.95 0.26 0.14 -0.43 4.05 9.00 4.92 0.04 
12.61 10.00 270.92 0.27 0.14 -0.42 4.07 10.00 5.01 0.05 
12.74 10.00 271.07 0.26 0.14 -0.43 4.07 9.00 4.70 0.04 
12.61 10.00 266.16 0.26 0.14 -0.42 4.08 10.00 8.00 0.04 
12.72 10.00 271.20 0.26 0.14 -0.44 4.06 9.00 3.56 0.03 
12.68 10.00 267.76 0.26 0.14 -0.43 4.07 9.00 4.70 0.03 
12.73 7.00 270.46 0.26 0.14 -0.43 4.07 10.00 6.86 0.04 
12.60 10.00 265.19 0.26 0.14 -0.42 4.08 8.00 6.68 0.04 
12.92 5.00 278.78 0.26 0.14 -0.43 4.05 9.00 4.84 0.03 
12.73 10.00 272.08 0.26 0.14 -0.42 4.05 9.00 10.11 0.04 
12.92 6.00 275.97 0.26 0.14 -0.44 4.06 9.00 9.14 0.03 
12.80 10.00 273.76 0.26 0.14 -0.43 4.07 9.00 7.78 0.04 
12.56 10.00 265.52 0.27 0.14 -0.43 4.07 9.00 3.61 0.04 
12.53 10.00 263.98 0.26 0.14 -0.42 4.08 9.00 4.97 0.04 
12.69 10.00 268.67 0.26 0.14 -0.44 4.08 9.00 4.66 0.03 
12.74 9.00 273.22 0.26 0.14 -0.42 4.06 10.00 3.68 0.04 
12.82 10.00 271.80 0.26 0.14 -0.44 4.07 10.00 4.75 0.03 
12.81 10.00 276.86 0.26 0.14 -0.42 4.05 9.00 4.96 0.04 
12.54 10.00 264.21 0.27 0.14 -0.43 4.10 12.00 9.32 0.04 
12.74 10.00 269.00 0.26 0.14 -0.43 4.07 10.00 5.97 0.04 
13.03 10.00 283.56 0.26 0.14 -0.44 4.05 10.00 9.37 0.03 
12.93 10.00 280.00 0.26 0.14 -0.44 4.04 9.00 9.71 0.04 
12.71 6.00 270.25 0.26 0.14 -0.43 4.07 10.00 4.88 0.04 
12.76 10.00 271.32 0.26 0.14 -0.42 4.06 9.00 5.05 0.04 
12.62 8.00 265.37 0.26 0.14 -0.43 4.07 11.00 4.75 0.04 
12.69 10.00 269.16 0.26 0.14 -0.43 4.07 9.00 5.05 0.04 
12.71 10.00 269.14 0.26 0.14 -0.43 4.08 10.00 3.56 0.03 
12.68 10.00 271.54 0.26 0.14 -0.41 4.05 8.00 11.13 0.04 
12.79 10.00 271.83 0.26 0.14 -0.42 4.06 8.00 9.28 0.03 
12.53 10.00 262.29 0.26 0.14 -0.42 4.09 9.00 7.96 0.04 
12.70 10.00 268.68 0.26 0.14 -0.43 4.05 8.00 6.03 0.04 
12.71 10.00 270.49 0.26 0.14 -0.44 4.07 9.00 4.84 0.04 
12.87 10.00 275.33 0.26 0.14 -0.44 4.04 8.00 10.69 0.03 
12.80 6.00 275.16 0.27 0.14 -0.43 4.05 9.00 11.39 0.04 
12.75 10.00 269.15 0.26 0.14 -0.44 4.05 8.00 7.11 0.04 
12.87 7.00 277.63 0.26 0.14 -0.43 4.06 10.00 9.28 0.03 
12.77 10.00 272.87 0.26 0.14 -0.43 4.05 9.00 9.06 0.04 
12.69 7.00 270.91 0.26 0.14 -0.42 4.06 11.00 5.08 0.05 
12.65 10.00 272.00 0.27 0.14 -0.43 4.06 8.00 4.97 0.04 
12.71 10.00 265.88 0.26 0.14 -0.43 4.08 9.00 6.98 0.03 
12.77 10.00 272.98 0.26 0.14 -0.43 4.06 9.00 4.96 0.03 
12.85 10.00 275.89 0.26 0.14 -0.43 4.05 9.00 13.06 0.03 
12.99 10.00 277.00 0.26 0.14 -0.44 4.06 8.00 15.86 0.03 
12.70 10.00 271.41 0.26 0.14 -0.43 4.06 9.00 3.69 0.04 
12.72 6.00 269.90 0.26 0.14 -0.43 4.07 9.00 9.67 0.03 
12.76 9.00 274.68 0.26 0.14 -0.43 4.05 9.00 8.35 0.04 
12.73 10.00 269.76 0.26 0.14 -0.44 4.06 9.00 8.84 0.04 
12.71 10.00 269.33 0.26 0.14 -0.43 4.07 9.00 9.49 0.04 
12.81 10.00 271.23 0.26 0.14 -0.43 4.07 9.00 6.51 0.03 
12.51 10.00 264.73 0.26 0.14 -0.42 4.08 9.00 4.93 0.04 
12.82 7.00 273.38 0.26 0.14 -0.44 4.07 10.00 4.80 0.03 
12.84 10.00 276.51 0.26 0.14 -0.44 4.05 8.00 4.64 0.04 
12.67 10.00 271.56 0.26 0.14 -0.42 4.07 10.00 3.69 0.04 
12.65 10.00 269.27 0.26 0.14 -0.43 4.07 9.00 3.65 0.04 
12.82 10.00 275.25 0.26 0.14 -0.43 4.05 9.00 3.32 0.04 
12.79 10.00 272.33 0.26 0.14 -0.43 4.07 8.00 4.97 0.04 
12.81 10.00 273.68 0.26 0.14 -0.43 4.05 9.00 5.80 0.04 
12.81 10.00 272.55 0.26 0.14 -0.43 4.06 10.00 6.88 0.03 
12.62 10.00 270.23 0.27 0.14 -0.43 4.06 9.00 4.52 0.04 
12.79 10.00 270.63 0.26 0.14 -0.43 4.07 9.00 2.95 0.04 
12.88 10.00 275.54 0.26 0.14 -0.44 4.06 10.00 4.52 0.04 
12.74 10.00 271.45 0.26 0.14 -0.42 4.06 8.00 4.72 0.04 
13.00 10.00 281.14 0.26 0.14 -0.43 4.03 9.00 10.36 0.04 
12.78 10.00 272.39 0.26 0.14 -0.43 4.07 9.00 3.24 0.03 
12.84 10.00 276.99 0.27 0.14 -0.43 4.06 10.00 10.11 0.04 
12.54 10.00 263.69 0.26 0.14 -0.42 4.09 9.00 2.99 0.05 
12.62 3.00 265.18 0.26 0.14 -0.42 4.08 9.00 12.71 0.04 
12.71 10.00 266.95 0.25 0.14 -0.41 4.08 9.00 5.25 0.03 
12.76 10.00 274.78 0.26 0.14 -0.42 4.04 9.00 4.25 0.04 
12.54 10.00 265.13 0.26 0.14 -0.41 4.08 9.00 2.79 0.05 
12.71 10.00 267.92 0.26 0.14 -0.43 4.07 9.00 6.08 0.03 
12.61 10.00 270.60 0.26 0.14 -0.41 4.07 10.00 7.64 0.04 
12.68 10.00 269.51 0.26 0.14 -0.43 4.07 8.00 7.04 0.03 
12.85 9.00 278.75 0.27 0.14 -0.44 4.03 8.00 1.44 0.04 
12.81 10.00 274.43 0.26 0.14 -0.43 4.07 10.00 1.46 0.03 
12.73 10.00 271.87 0.27 0.14 -0.44 4.07 9.00 0.85 0.04 
