12.72 10.00 269.95 0.33 0.20 -0.41 4.27 9.00 32.09 0.03 
12.71 10.00 264.59 0.33 0.20 -0.42 4.27 11.00 29.05 0.03 
12.91 10.00 274.41 0.33 0.20 -0.42 4.26 9.00 31.56 0.03 
13.06 10.00 278.91 0.33 0.20 -0.42 4.23 8.00 29.67 0.03 
12.98 10.00 278.22 0.33 0.20 -0.41 4.25 10.00 32.08 0.03 
12.82 10.00 274.05 0.33 0.20 -0.39 4.27 9.00 32.13 0.03 
12.97 10.00 280.92 0.34 0.20 -0.41 4.26 9.00 23.64 0.03 
12.87 10.00 276.05 0.33 0.20 -0.41 4.25 9.00 30.28 0.03 
13.05 10.00 280.73 0.33 0.20 -0.43 4.24 9.00 31.73 0.03 
12.89 10.00 275.69 0.33 0.20 -0.41 4.28 10.00 30.33 0.03 
12.90 10.00 275.80 0.33 0.20 -0.40 4.26 9.00 32.04 0.03 
13.00 10.00 280.61 0.34 0.20 -0.42 4.26 9.00 3.17 0.03 
13.03 10.00 283.09 0.33 0.20 -0.40 4.26 10.00 4.09 0.03 
12.98 9.00 281.31 0.33 0.20 -0.40 4.26 9.00 6.68 0.03 
12.66 9.00 266.40 0.33 0.20 -0.40 4.30 10.00 4.26 0.03 
12.89 10.00 275.55 0.33 0.20 -0.40 4.26 9.00 7.95 0.03 
12.82 6.00 271.73 0.33 0.20 -0.41 4.27 10.00 5.55 0.03 
12.81 6.00 272.33 0.33 0.20 -0.42 4.27 9.00 4.22 0.03 
12.77 10.00 275.59 0.34 0.20 -0.40 4.27 10.00 13.05 0.05 
12.69 10.00 270.82 0.34 0.20 -0.41 4.29 9.00 3.12 0.04 
12.78 10.00 274.33 0.34 0.19 -0.43 4.24 10.00 13.01 0.04 
12.96 10.00 277.52 0.34 0.20 -0.42 4.26 10.00 4.00 0.03 
13.01 10.00 281.90 0.33 0.20 -0.42 4.25 9.00 8.65 0.02 
12.85 10.00 275.13 0.33 0.20 -0.40 4.25 9.00 4.31 0.04 
12.80 10.00 272.63 0.33 0.20 -0.40 4.29 9.00 3.86 0.04 
12.68 10.00 268.93 0.33 0.20 -0.42 4.26 9.00 4.35 0.05 
12.66 10.00 269.84 0.34 0.20 -0.41 4.28 9.00 3.08 0.04 
12.80 10.00 272.59 0.34 0.20 -0.43 4.26 9.00 3.87 0.03 
12.79 10.00 272.02 0.34 0.20 -0.43 4.26 9.00 4.05 0.03 
12.95 10.00 276.56 0.33 0.20 -0.42 4.26 9.00 5.15 0.02 
12.88 10.00 275.08 0.33 0.20 -0.42 4.25 9.00 4.22 0.03 
12.71 10.00 271.16 0.33 0.20 -0.40 4.27 10.00 7.21 0.04 
12.87 10.00 271.35 0.33 0.20 -0.43 4.27 10.00 8.21 0.03 
12.89 10.00 276.39 0.33 0.20 -0.42 4.27 9.00 7.65 0.03 
12.77 10.00 269.19 0.33 0.20 -0.40 4.26 9.00 4.44 0.04 
12.78 10.00 269.33 0.33 0.19 -0.43 4.25 9.00 3.04 0.03 
12.61 10.00 266.95 0.33 0.20 -0.39 4.28 12.00 4.45 0.04 
12.86 10.00 274.89 0.33 0.20 -0.41 4.26 9.00 5.76 0.03 
13.02 10.00 282.46 0.33 0.20 -0.41 4.24 9.00 4.31 0.03 
12.93 10.00 278.46 0.33 0.20 -0.42 4.27 10.00 5.32 0.03 
12.79 10.00 276.69 0.33 0.19 -0.41 4.22 9.00 4.38 0.04 
12.75 10.00 270.90 0.33 0.20 -0.41 4.28 10.00 3.95 0.03 
12.95 10.00 277.74 0.33 0.20 -0.41 4.27 10.00 4.01 0.03 
12.93 10.00 277.25 0.34 0.20 -0.43 4.27 9.00 4.91 0.03 
12.84 10.00 272.86 0.34 0.20 -0.41 4.29 9.00 8.39 0.03 
13.03 10.00 285.14 0.33 0.19 -0.43 4.23 9.00 9.45 0.03 
13.03 10.00 281.13 0.32 0.19 -0.40 4.23 10.00 9.67 0.03 
12.74 10.00 267.89 0.34 0.20 -0.42 4.28 8.00 4.05 0.03 
12.84 10.00 272.26 0.33 0.20 -0.40 4.27 9.00 4.18 0.03 
12.78 10.00 272.34 0.34 0.20 -0.42 4.27 9.00 3.55 0.04 
12.55 10.00 263.75 0.33 0.20 -0.40 4.28 10.00 3.30 0.04 
12.96 10.00 279.68 0.33 0.20 -0.42 4.24 9.00 6.71 0.03 
12.79 10.00 272.12 0.33 0.20 -0.41 4.26 9.00 4.18 0.04 
12.64 10.00 267.60 0.33 0.20 -0.39 4.29 9.00 3.16 0.04 
12.77 10.00 272.62 0.34 0.20 -0.42 4.28 11.00 3.99 0.03 
12.82 10.00 271.02 0.33 0.20 -0.42 4.28 10.00 4.22 0.04 
12.70 10.00 267.70 0.33 0.20 -0.40 4.29 9.00 4.18 0.03 
12.68 10.00 269.29 0.33 0.20 -0.40 4.26 9.00 7.73 0.04 
12.80 10.00 272.00 0.33 0.20 -0.41 4.28 9.00 5.01 0.03 
12.88 10.00 276.68 0.33 0.20 -0.41 4.24 9.00 7.42 0.03 
12.82 10.00 271.67 0.33 0.20 -0.40 4.25 9.00 4.35 0.04 
12.85 8.00 276.30 0.34 0.20 -0.41 4.26 9.00 4.40 0.04 
12.85 10.00 274.21 0.33 0.20 -0.41 4.27 9.00 4.26 0.03 
13.07 10.00 283.71 0.33 0.20 -0.41 4.26 9.00 4.26 0.03 
12.59 10.00 264.05 0.34 0.20 -0.41 4.30 8.00 3.12 0.04 
12.68 10.00 271.03 0.33 0.20 -0.40 4.26 9.00 5.11 0.04 
12.94 10.00 276.55 0.33 0.20 -0.42 4.25 9.00 6.20 0.03 
12.79 10.00 272.22 0.33 0.20 -0.41 4.28 10.00 4.44 0.04 
12.83 10.00 272.68 0.33 0.20 -0.41 4.27 9.00 4.18 0.03 
12.70 10.00 269.32 0.33 0.20 -0.40 4.27 9.00 4.35 0.04 
12.56 10.00 265.32 0.33 0.20 -0.39 4.28 9.00 4.26 0.04 
12.69 10.00 268.80 0.33 0.20 -0.41 4.26 9.00 4.23 0.04 
12.94 10.00 278.93 0.34 0.20 -0.43 4.24 10.00 4.26 0.03 
12.92 10.00 277.36 0.33 0.20 -0.42 4.26 9.00 4.30 0.03 
12.71 10.00 269.81 0.34 0.20 -0.41 4.26 9.00 2.92 0.04 
12.81 10.00 272.56 0.33 0.20 -0.41 4.28 10.00 2.84 0.03 
12.82 10.00 274.40 0.33 0.20 -0.40 4.25 9.00 3.96 0.04 
12.84 7.00 275.80 0.33 0.20 -0.39 4.25 9.00 4.36 0.03 
12.76 10.00 270.32 0.33 0.20 -0.40 4.28 9.00 4.00 0.03 
12.74 10.00 270.24 0.33 0.20 -0.41 4.26 9.00 4.11 0.04 
12.72 10.00 269.53 0.33 0.20 -0.41 4.27 9.00 3.76 0.03 
13.13 10.00 285.87 0.33 0.20 -0.43 4.25 9.00 2.56 0.02 
12.91 10.00 278.14 0.33 0.20 -0.42 4.26 9.00 3.76 0.03 
12.92 10.00 279.11 0.34 0.20 -0.41 4.26 10.00 2.45 0.04 
12.77 10.00 270.78 0.33 0.20 -0.40 4.28 10.00 4.21 0.03 
13.04 10.00 280.71 0.33 0.20 -0.41 4.25 9.00 3.72 0.02 
12.65 10.00 264.79 0.33 0.20 -0.39 4.30 10.00 3.96 0.04 
12.84 10.00 275.36 0.33 0.19 -0.42 4.24 9.00 5.47 0.03 
12.97 10.00 277.16 0.33 0.20 -0.40 4.26 10.00 2.73 0.03 
12.89 10.00 275.85 0.33 0.20 -0.41 4.27 9.00 3.64 0.03 
12.88 8.00 276.19 0.34 0.20 -0.42 4.26 10.00 2.21 0.03 
12.78 10.00 271.76 0.33 0.20 -0.41 4.28 9.00 6.27 0.03 
12.79 10.00 272.17 0.33 0.20 -0.40 4.27 9.00 5.31 0.03 
12.98 10.00 281.36 0.33 0.20 -0.41 4.27 9.00 2.71 0.03 
12.93 10.00 276.48 0.33 0.20 -0.41 4.24 8.00 3.23 0.03 
13.14 10.00 283.19 0.33 0.20 -0.42 4.23 9.00 1.96 0.03 
12.87 10.00 274.72 0.33 0.20 -0.41 4.26 10.00 1.85 0.03 
12.65 10.00 267.16 0.33 0.20 -0.40 4.28 8.00 1.55 0.04 
12.84 10.00 271.87 0.33 0.20 -0.41 4.26 9.00 2.18 0.03 
12.94 10.00 276.03 0.33 0.20 -0.41 4.25 9.00 2.26 0.02 
