12.82 10.00 272.20 0.36 0.22 -0.41 4.35 9.00 28.49 0.03 
12.74 10.00 267.84 0.36 0.22 -0.40 4.35 9.00 31.44 0.03 
12.72 10.00 266.36 0.36 0.23 -0.38 4.38 10.00 31.39 0.03 
12.65 10.00 264.77 0.36 0.22 -0.40 4.35 9.00 31.04 0.03 
12.79 10.00 272.63 0.36 0.22 -0.39 4.32 9.00 32.05 0.04 
12.79 10.00 273.04 0.37 0.23 -0.40 4.36 10.00 21.30 0.03 
12.94 10.00 275.57 0.36 0.22 -0.39 4.34 10.00 29.72 0.03 
12.73 10.00 269.67 0.36 0.22 -0.40 4.36 9.00 32.09 0.03 
12.87 7.00 276.33 0.37 0.22 -0.41 4.34 10.00 29.15 0.03 
13.00 6.00 278.95 0.36 0.22 -0.39 4.33 9.00 31.83 0.03 
13.03 10.00 282.07 0.36 0.22 -0.39 4.30 9.00 31.74 0.03 
12.90 10.00 275.50 0.36 0.22 -0.40 4.34 9.00 2.99 0.03 
12.78 10.00 271.14 0.36 0.23 -0.37 4.35 9.00 4.03 0.03 
12.51 10.00 259.71 0.36 0.23 -0.40 4.41 10.00 3.91 0.03 
12.90 10.00 274.76 0.36 0.22 -0.42 4.34 9.00 3.74 0.03 
12.89 8.00 271.01 0.36 0.23 -0.40 4.36 9.00 3.86 0.03 
13.01 10.00 279.30 0.36 0.22 -0.40 4.33 10.00 9.68 0.03 
12.80 10.00 272.52 0.36 0.22 -0.40 4.33 9.00 9.81 0.03 
12.76 10.00 270.42 0.37 0.23 -0.40 4.35 9.00 3.96 0.03 
12.82 6.00 272.54 0.37 0.23 -0.40 4.36 10.00 10.42 0.03 
12.95 10.00 280.91 0.36 0.22 -0.41 4.33 10.00 5.09 0.03 
12.90 10.00 273.63 0.36 0.23 -0.38 4.35 8.00 4.31 0.03 
12.79 10.00 272.78 0.36 0.23 -0.39 4.35 9.00 4.13 0.03 
12.74 10.00 272.58 0.36 0.22 -0.40 4.33 10.00 3.04 0.04 
12.87 10.00 274.98 0.36 0.23 -0.39 4.37 9.00 2.99 0.03 
12.75 10.00 271.52 0.36 0.23 -0.38 4.36 9.00 3.16 0.03 
12.89 10.00 271.25 0.36 0.23 -0.40 4.37 10.00 9.90 0.03 
12.70 10.00 273.48 0.36 0.22 -0.38 4.33 10.00 10.69 0.04 
12.79 10.00 272.64 0.37 0.23 -0.41 4.36 11.00 4.00 0.03 
12.85 4.00 273.38 0.36 0.22 -0.39 4.34 9.00 3.96 0.03 
12.71 10.00 269.76 0.37 0.23 -0.39 4.36 9.00 4.08 0.04 
12.94 10.00 275.08 0.36 0.23 -0.40 4.35 9.00 5.64 0.03 
12.44 10.00 259.68 0.36 0.22 -0.38 4.40 10.00 5.25 0.05 
12.83 10.00 274.44 0.36 0.23 -0.38 4.35 9.00 4.09 0.04 
12.85 10.00 273.93 0.36 0.22 -0.40 4.34 10.00 3.03 0.03 
12.68 10.00 268.28 0.36 0.23 -0.38 4.36 10.00 3.08 0.03 
12.78 10.00 270.10 0.36 0.22 -0.39 4.34 9.00 4.09 0.03 
12.88 10.00 274.73 0.36 0.22 -0.40 4.33 9.00 3.03 0.03 
12.68 10.00 268.50 0.36 0.23 -0.38 4.38 10.00 4.13 0.04 
12.84 10.00 273.85 0.37 0.23 -0.39 4.37 10.00 3.96 0.03 
12.87 10.00 276.48 0.37 0.23 -0.40 4.34 9.00 3.87 0.03 
13.01 10.00 277.64 0.36 0.22 -0.39 4.32 10.00 4.36 0.03 
12.78 10.00 272.96 0.36 0.23 -0.39 4.36 9.00 4.09 0.04 
12.91 10.00 279.31 0.36 0.23 -0.38 4.33 9.00 10.38 0.04 
12.97 10.00 278.20 0.36 0.22 -0.39 4.34 9.00 9.55 0.02 
12.71 10.00 270.04 0.36 0.22 -0.40 4.34 9.00 2.99 0.03 
13.03 10.00 278.54 0.36 0.22 -0.41 4.32 9.00 4.13 0.03 
12.84 10.00 274.54 0.36 0.22 -0.37 4.35 9.00 11.61 0.03 
12.78 10.00 269.60 0.36 0.22 -0.39 4.34 9.00 10.86 0.03 
13.02 10.00 280.50 0.36 0.22 -0.39 4.33 11.00 3.08 0.03 
12.91 10.00 275.49 0.36 0.23 -0.40 4.35 10.00 3.95 0.03 
12.90 10.00 274.81 0.37 0.23 -0.40 4.33 10.00 4.04 0.04 
12.80 10.00 274.65 0.37 0.23 -0.40 4.35 9.00 4.09 0.04 
12.94 10.00 274.27 0.36 0.23 -0.38 4.35 9.00 4.13 0.03 
12.72 9.00 269.33 0.36 0.22 -0.40 4.34 9.00 8.62 0.03 
12.77 10.00 269.43 0.36 0.23 -0.39 4.35 9.00 7.00 0.03 
12.91 10.00 278.25 0.36 0.22 -0.39 4.35 9.00 4.08 0.03 
12.78 0.00 270.86 0.35 0.22 -0.38 4.33 9.00 3.16 0.04 
12.97 10.00 279.39 0.36 0.22 -0.39 4.32 9.00 4.14 0.04 
12.91 10.00 274.23 0.36 0.22 -0.41 4.34 9.00 2.95 0.02 
12.74 10.00 268.42 0.36 0.23 -0.37 4.37 10.00 4.09 0.03 
12.70 10.00 266.92 0.37 0.23 -0.40 4.38 10.00 4.07 0.03 
12.92 10.00 276.36 0.36 0.22 -0.40 4.32 9.00 2.99 0.03 
12.86 8.00 277.58 0.37 0.23 -0.39 4.34 9.00 4.21 0.04 
12.64 10.00 267.15 0.36 0.22 -0.40 4.36 10.00 4.00 0.03 
12.89 10.00 275.58 0.36 0.22 -0.39 4.31 10.00 8.47 0.03 
12.77 10.00 271.07 0.36 0.23 -0.39 4.35 9.00 9.31 0.03 
12.61 10.00 264.94 0.36 0.22 -0.39 4.37 9.00 5.46 0.04 
12.76 10.00 269.87 0.36 0.23 -0.37 4.35 9.00 5.15 0.03 
12.84 9.00 272.36 0.36 0.23 -0.39 4.36 10.00 4.09 0.03 
12.86 9.00 275.64 0.37 0.23 -0.39 4.35 10.00 2.95 0.03 
12.70 10.00 271.07 0.36 0.22 -0.38 4.36 10.00 4.18 0.04 
12.88 10.00 276.09 0.36 0.22 -0.41 4.34 11.00 2.95 0.03 
12.84 10.00 272.94 0.36 0.22 -0.39 4.37 11.00 4.13 0.03 
12.99 10.00 277.88 0.36 0.23 -0.41 4.33 8.00 4.00 0.03 
12.64 10.00 266.96 0.37 0.22 -0.41 4.36 9.00 4.09 0.04 
12.78 10.00 272.25 0.37 0.23 -0.41 4.36 9.00 3.91 0.03 
12.80 10.00 270.15 0.36 0.22 -0.40 4.34 9.00 4.18 0.03 
12.85 10.00 272.70 0.36 0.22 -0.39 4.34 9.00 4.05 0.03 
12.64 10.00 267.43 0.36 0.23 -0.38 4.37 9.00 4.05 0.03 
12.99 10.00 281.13 0.36 0.22 -0.41 4.35 10.00 3.87 0.02 
12.83 10.00 276.88 0.37 0.23 -0.40 4.34 10.00 3.95 0.03 
12.84 10.00 272.22 0.36 0.23 -0.37 4.39 9.00 2.45 0.03 
12.69 10.00 269.63 0.36 0.22 -0.39 4.34 9.00 4.09 0.04 
12.98 10.00 279.32 0.36 0.23 -0.40 4.34 9.00 2.41 0.03 
12.91 10.00 274.95 0.37 0.23 -0.42 4.36 9.00 2.30 0.03 
12.81 10.00 271.10 0.36 0.23 -0.39 4.36 9.00 4.50 0.03 
12.96 10.00 274.68 0.36 0.23 -0.39 4.34 9.00 4.71 0.03 
12.67 8.00 266.35 0.36 0.22 -0.40 4.33 9.00 2.52 0.04 
12.77 10.00 270.88 0.36 0.23 -0.40 4.35 9.00 3.60 0.03 
12.88 9.00 277.52 0.36 0.22 -0.39 4.32 9.00 3.74 0.03 
12.91 10.00 275.51 0.36 0.23 -0.39 4.34 9.00 3.88 0.03 
12.67 10.00 264.69 0.36 0.23 -0.40 4.37 11.00 2.41 0.03 
12.86 10.00 273.67 0.36 0.23 -0.39 4.38 10.00 2.02 0.03 
12.74 10.00 269.46 0.36 0.23 -0.38 4.36 9.00 2.21 0.03 
12.70 10.00 268.61 0.36 0.22 -0.40 4.37 9.00 2.08 0.03 
12.65 10.00 266.28 0.36 0.23 -0.38 4.37 10.00 3.56 0.04 
12.75 10.00 269.32 0.36 0.22 -0.39 4.33 9.00 2.18 0.04 
12.72 10.00 270.52 0.36 0.23 -0.39 4.36 9.00 2.95 0.04 
13.05 10.00 282.09 0.37 0.22 -0.42 4.32 9.00 0.70 0.03 
