0.100000 0.001662 0.000147 0.002043 0.000323
0.070000 0.001787 0.000159 0.002139 0.000343
0.080000 0.001756 0.000147 0.002083 0.000308
0.060000 0.001921 0.000179 0.002215 0.000355
0.020000 0.002326 0.000184 0.002645 0.000393
0.090000 0.001757 0.000166 0.002018 0.000323
0.010000 0.002496 0.000209 0.002778 0.000383
0.050000 0.002088 0.000195 0.002308 0.000367
0.030000 0.002297 0.000206 0.002532 0.000372
0.040000 0.002197 0.000190 0.002449 0.000380
0.110000 0.001704 0.000146 0.002006 0.000313
0.130000 0.001646 0.000156 0.001934 0.000328
0.170000 0.001602 0.000160 0.001885 0.000324
0.120000 0.001681 0.000144 0.001995 0.000311
0.160000 0.001638 0.000144 0.001904 0.000314
0.140000 0.001652 0.000164 0.001929 0.000338
0.150000 0.001674 0.000139 0.001922 0.000301
0.190000 0.001558 0.000150 0.001851 0.000317
0.200000 0.001583 0.000136 0.001879 0.000293
0.180000 0.001529 0.000146 0.001862 0.000311
0.300000 0.001485 0.000136 0.001805 0.000304
0.210000 0.001543 0.000144 0.001897 0.000321
0.270000 0.001476 0.000139 0.001798 0.000326
0.230000 0.001543 0.000146 0.001844 0.000320
0.280000 0.001521 0.000147 0.001814 0.000323
0.250000 0.001540 0.000131 0.001835 0.000297
0.240000 0.001564 0.000145 0.001861 0.000330
0.260000 0.001625 0.000159 0.001844 0.000327
0.290000 0.001499 0.000145 0.001777 0.000305
0.220000 0.001601 0.000147 0.001872 0.000317
0.370000 0.001378 0.000111 0.001746 0.000274
0.400000 0.001415 0.000128 0.001739 0.000288
0.340000 0.001472 0.000142 0.001753 0.000315
0.360000 0.001485 0.000144 0.001777 0.000314
0.320000 0.001506 0.000134 0.001782 0.000295
0.350000 0.001477 0.000137 0.001764 0.000306
0.330000 0.001433 0.000135 0.001759 0.000300
0.380000 0.001518 0.000138 0.001790 0.000290
0.390000 0.001520 0.000131 0.001797 0.000300
0.310000 0.001549 0.000137 0.001798 0.000300
0.450000 0.001429 0.000133 0.001768 0.000297
0.490000 0.001473 0.000133 0.001748 0.000297
0.470000 0.001428 0.000133 0.001726 0.000298
0.460000 0.001486 0.000134 0.001784 0.000324
0.430000 0.001450 0.000142 0.001737 0.000314
0.420000 0.001523 0.000150 0.001761 0.000330
0.440000 0.001494 0.000145 0.001773 0.000303
0.410000 0.001577 0.000151 0.001847 0.000320
0.480000 0.001468 0.000147 0.001721 0.000318
0.500000 0.001473 0.000143 0.001757 0.000325
0.520000 0.001474 0.000138 0.001765 0.000302
0.530000 0.001403 0.000138 0.001707 0.000306
0.590000 0.001412 0.000132 0.001746 0.000295
0.560000 0.001488 0.000131 0.001798 0.000314
0.570000 0.001441 0.000137 0.001729 0.000299
0.550000 0.001412 0.000133 0.001733 0.000289
0.510000 0.001474 0.000137 0.001739 0.000316
0.600000 0.001481 0.000139 0.001732 0.000314
0.580000 0.001469 0.000149 0.001773 0.000328
0.540000 0.001444 0.000142 0.001721 0.000313
0.670000 0.001408 0.000133 0.001734 0.000294
0.700000 0.001375 0.000133 0.001691 0.000310
0.660000 0.001422 0.000126 0.001715 0.000297
0.620000 0.001476 0.000153 0.001764 0.000338
0.640000 0.001404 0.000121 0.001723 0.000285
0.650000 0.001370 0.000137 0.001677 0.000311
0.690000 0.001444 0.000134 0.001746 0.000313
0.680000 0.001455 0.000133 0.001737 0.000297
0.630000 0.001408 0.000125 0.001691 0.000292
0.610000 0.001471 0.000125 0.001715 0.000298
0.740000 0.001353 0.000122 0.001682 0.000288
0.800000 0.001368 0.000128 0.001704 0.000308
0.730000 0.001327 0.000130 0.001672 0.000308
0.790000 0.001426 0.000128 0.001707 0.000300
0.720000 0.001384 0.000125 0.001736 0.000288
0.760000 0.001423 0.000123 0.001706 0.000290
0.710000 0.001378 0.000126 0.001669 0.000297
0.780000 0.001372 0.000136 0.001694 0.000314
0.770000 0.001423 0.000142 0.001702 0.000321
0.750000 0.001394 0.000136 0.001681 0.000315
0.880000 0.001407 0.000128 0.001699 0.000295
0.810000 0.001373 0.000123 0.001709 0.000296
0.890000 0.001398 0.000121 0.001703 0.000283
0.840000 0.001352 0.000134 0.001697 0.000310
0.860000 0.001435 0.000123 0.001713 0.000292
0.870000 0.001398 0.000122 0.001663 0.000302
0.830000 0.001403 0.000129 0.001704 0.000296
0.820000 0.001423 0.000136 0.001726 0.000298
0.900000 0.001400 0.000116 0.001709 0.000281
0.850000 0.001446 0.000129 0.001723 0.000290
0.990000 0.001349 0.000112 0.001685 0.000267
0.980000 0.001402 0.000129 0.001693 0.000303
0.920000 0.001395 0.000131 0.001729 0.000308
0.970000 0.001419 0.000120 0.001710 0.000280
0.960000 0.001413 0.000144 0.001738 0.000323
0.930000 0.001375 0.000123 0.001708 0.000293
0.910000 0.001360 0.000121 0.001667 0.000289
1.000000 0.001403 0.000126 0.001723 0.000299
0.940000 0.001418 0.000139 0.001709 0.000317
0.950000 0.001407 0.000142 0.001709 0.000310
