0.080000 0.001983 0.000182 0.002285 0.000349
0.050000 0.002200 0.000187 0.002597 0.000366
0.060000 0.002067 0.000189 0.002446 0.000380
0.090000 0.001965 0.000147 0.002260 0.000315
0.020000 0.002573 0.000213 0.002856 0.000404
0.100000 0.001895 0.000153 0.002180 0.000320
0.010000 0.002616 0.000224 0.002912 0.000408
0.040000 0.002424 0.000189 0.002702 0.000369
0.070000 0.002004 0.000179 0.002352 0.000366
0.030000 0.002528 0.000187 0.002784 0.000373
0.140000 0.001790 0.000165 0.002063 0.000328
0.110000 0.001866 0.000171 0.002152 0.000343
0.170000 0.001715 0.000157 0.001997 0.000339
0.200000 0.001689 0.000151 0.001965 0.000326
0.150000 0.001716 0.000153 0.002048 0.000333
0.180000 0.001664 0.000151 0.001985 0.000322
0.190000 0.001609 0.000158 0.001914 0.000332
0.160000 0.001704 0.000161 0.002019 0.000327
0.120000 0.001821 0.000155 0.002160 0.000320
0.130000 0.001858 0.000165 0.002075 0.000328
0.240000 0.001582 0.000161 0.001912 0.000343
0.300000 0.001616 0.000163 0.001895 0.000337
0.290000 0.001577 0.000152 0.001879 0.000310
0.280000 0.001612 0.000146 0.001881 0.000325
0.230000 0.001618 0.000155 0.001891 0.000333
0.250000 0.001529 0.000142 0.001852 0.000319
0.210000 0.001659 0.000152 0.001982 0.000321
0.260000 0.001595 0.000148 0.001871 0.000318
0.270000 0.001582 0.000142 0.001927 0.000318
0.220000 0.001649 0.000160 0.001947 0.000321
0.390000 0.001532 0.000130 0.001797 0.000299
0.330000 0.001639 0.000138 0.001927 0.000297
0.340000 0.001532 0.000140 0.001832 0.000309
0.360000 0.001593 0.000155 0.001853 0.000325
0.350000 0.001580 0.000149 0.001855 0.000323
0.380000 0.001466 0.000142 0.001792 0.000325
0.310000 0.001589 0.000155 0.001870 0.000337
0.370000 0.001585 0.000149 0.001845 0.000318
0.400000 0.001497 0.000133 0.001813 0.000299
0.320000 0.001580 0.000149 0.001813 0.000307
0.480000 0.001470 0.000136 0.001768 0.000306
0.470000 0.001458 0.000145 0.001763 0.000310
0.500000 0.001527 0.000137 0.001796 0.000311
0.410000 0.001612 0.000157 0.001870 0.000332
0.490000 0.001477 0.000143 0.001776 0.000319
0.450000 0.001438 0.000134 0.001737 0.000302
0.440000 0.001542 0.000153 0.001855 0.000341
0.460000 0.001490 0.000129 0.001779 0.000291
0.420000 0.001534 0.000147 0.001845 0.000316
0.430000 0.001487 0.000134 0.001815 0.000301
0.540000 0.001440 0.000120 0.001754 0.000290
0.530000 0.001400 0.000125 0.001720 0.000289
0.510000 0.001508 0.000136 0.001763 0.000313
0.550000 0.001505 0.000147 0.001805 0.000310
0.570000 0.001362 0.000129 0.001690 0.000304
0.580000 0.001473 0.000138 0.001758 0.000321
0.600000 0.001518 0.000155 0.001791 0.000335
0.560000 0.001492 0.000131 0.001772 0.000299
0.590000 0.001436 0.000127 0.001743 0.000300
0.520000 0.001468 0.000124 0.001778 0.000279
0.700000 0.001401 0.000136 0.001740 0.000309
0.630000 0.001493 0.000139 0.001770 0.000305
0.670000 0.001439 0.000144 0.001746 0.000328
0.650000 0.001435 0.000145 0.001771 0.000318
0.640000 0.001501 0.000135 0.001781 0.000302
0.660000 0.001478 0.000145 0.001786 0.000340
0.620000 0.001532 0.000136 0.001826 0.000309
0.680000 0.001490 0.000144 0.001773 0.000329
0.690000 0.001484 0.000130 0.001766 0.000291
0.610000 0.001430 0.000129 0.001728 0.000301
0.790000 0.001450 0.000136 0.001737 0.000303
0.710000 0.001489 0.000132 0.001743 0.000297
0.720000 0.001436 0.000141 0.001746 0.000327
0.780000 0.001448 0.000142 0.001727 0.000305
0.750000 0.001458 0.000137 0.001728 0.000312
0.740000 0.001563 0.000161 0.001766 0.000328
0.800000 0.001384 0.000126 0.001674 0.000291
0.760000 0.001450 0.000142 0.001674 0.000310
0.770000 0.001456 0.000133 0.001738 0.000305
0.730000 0.001398 0.000141 0.001718 0.000326
0.870000 0.001415 0.000136 0.001696 0.000298
0.840000 0.001422 0.000140 0.001740 0.000307
0.830000 0.001449 0.000141 0.001748 0.000334
0.860000 0.001546 0.000149 0.001773 0.000331
0.850000 0.001432 0.000123 0.001777 0.000278
0.820000 0.001470 0.000141 0.001746 0.000323
0.900000 0.001452 0.000132 0.001749 0.000294
0.880000 0.001329 0.000133 0.001663 0.000312
0.810000 0.001423 0.000132 0.001754 0.000310
0.890000 0.001403 0.000139 0.001688 0.000308
0.960000 0.001421 0.000144 0.001733 0.000324
0.950000 0.001434 0.000150 0.001724 0.000329
0.930000 0.001434 0.000129 0.001714 0.000301
0.920000 0.001347 0.000133 0.001671 0.000309
1.000000 0.001403 0.000126 0.001723 0.000299
0.990000 0.001349 0.000112 0.001685 0.000267
0.910000 0.001440 0.000138 0.001740 0.000318
0.970000 0.001426 0.000121 0.001715 0.000280
0.940000 0.001376 0.000144 0.001697 0.000325
0.980000 0.001402 0.000129 0.001693 0.000303
