0.000000 641.138000 73.844000 94.855126 13.470548
0.010000 631.158000 72.554000 93.410583 12.938589
0.020000 611.242000 70.046000 130.059384 16.561035
0.030000 617.996000 70.864000 82.936530 12.193339
0.040000 605.790000 69.140000 86.230168 12.283501
0.050000 593.454000 67.558000 96.162882 12.795571
0.060000 587.500000 66.666000 74.236447 11.032246
0.070000 577.092000 64.692000 85.776731 12.175432
0.080000 566.384000 63.536000 79.980751 11.223756
0.090000 553.766000 62.076000 99.955626 13.191748
0.100000 550.984000 61.378000 82.253460 11.562141
0.110000 539.740000 59.900000 91.167606 12.187288
0.120000 540.718000 59.752000 58.672809 9.545391
0.130000 524.820000 57.480000 95.013576 12.336839
0.140000 520.836000 57.102000 70.601056 10.064770
0.150000 515.154000 56.136000 65.506322 9.467920
0.160000 504.868000 54.892000 72.335265 10.035354
0.170000 495.706000 54.182000 86.967118 11.653020
0.180000 493.524000 53.638000 62.784118 9.444732
0.190000 488.406000 52.928000 53.949728 8.745217
0.200000 474.886000 51.376000 71.486313 10.057764
0.210000 470.702000 50.864000 70.988712 9.925598
0.220000 465.424000 49.954000 66.254481 9.741041
0.230000 455.122000 48.128000 72.087385 9.877430
0.240000 450.840000 47.702000 57.975395 8.975812
0.250000 446.028000 47.586000 54.151853 8.562862
0.260000 443.566000 47.404000 57.184873 8.725410
0.270000 426.340000 45.158000 73.080205 9.769598
0.280000 427.482000 45.528000 51.812177 8.264213
0.290000 413.270000 43.170000 71.106182 9.456273
0.300000 407.124000 42.916000 67.525674 9.184604
0.310000 404.064000 42.552000 61.636320 8.736092
0.320000 398.480000 41.166000 55.204471 8.000403
0.330000 396.870000 41.152000 48.659111 7.502059
0.340000 388.134000 40.240000 59.166444 8.285071
0.350000 388.354000 40.490000 50.415838 8.084918
0.360000 379.592000 39.598000 57.777968 8.476107
0.370000 373.136000 37.956000 56.696821 7.895699
0.380000 369.320000 37.826000 45.195283 7.150086
0.390000 358.102000 36.752000 59.814242 7.902056
0.400000 359.312000 37.060000 50.118087 7.531826
0.410000 348.628000 35.596000 59.928704 8.262493
0.420000 346.664000 35.216000 64.764582 8.475455
0.430000 345.072000 34.860000 57.906881 8.043905
0.440000 342.434000 35.644000 47.708088 7.501551
0.450000 331.178000 33.806000 63.086213 8.249628
0.460000 331.726000 33.954000 47.118520 7.224395
0.470000 326.210000 32.882000 54.658082 7.573644
0.480000 319.736000 32.282000 51.511303 7.320825
0.490000 318.940000 32.278000 40.362611 6.615793
0.500000 311.700000 31.944000 43.608967 6.789467
0.510000 306.860000 31.290000 39.213523 6.547511
0.520000 300.458000 30.712000 48.853457 6.990354
0.530000 299.712000 30.600000 38.232095 6.146544
0.540000 286.814000 28.834000 55.388910 7.396921
0.550000 281.478000 28.320000 54.525347 7.253799
0.560000 281.016000 28.862000 46.337239 7.130425
0.570000 281.136000 28.970000 45.791675 6.784770
0.580000 273.500000 28.194000 51.999096 7.234388
0.590000 277.104000 28.506000 31.724394 6.022123
0.600000 268.832000 27.710000 44.542023 6.583760
0.610000 268.752000 27.402000 39.069918 6.231244
0.620000 265.948000 27.532000 36.280481 6.122824
0.630000 261.822000 26.804000 43.342062 6.644214
0.640000 253.194000 25.902000 47.844544 6.686733
0.650000 252.270000 26.196000 43.870093 6.604664
0.660000 246.392000 25.132000 45.657665 6.378917
0.670000 246.868000 25.650000 36.248567 6.153982
0.680000 243.820000 25.108000 36.650015 5.915770
0.690000 241.682000 24.886000 38.927739 6.095983
0.700000 237.630000 24.496000 44.263541 6.565210
0.710000 240.164000 25.056000 28.790017 5.467437
0.720000 237.220000 24.834000 32.109805 5.820863
0.730000 236.112000 24.886000 31.670293 5.698509
0.740000 227.792000 24.012000 43.896523 6.574181
0.750000 232.630000 24.792000 31.376123 5.504247
0.760000 231.078000 24.550000 29.854379 5.494315
0.770000 223.156000 24.056000 43.640528 6.304670
0.780000 222.816000 24.042000 37.942722 6.066649
0.790000 224.000000 24.098000 26.988516 5.373304
0.800000 218.900000 23.754000 34.569842 5.839648
0.810000 215.876000 23.104000 32.190319 5.400850
0.820000 214.896000 23.074000 35.522291 5.901570
0.830000 211.426000 22.908000 34.880546 5.824391
0.840000 210.434000 22.670000 30.539051 5.363683
0.850000 207.340000 22.730000 26.538131 5.153358
0.860000 208.604000 22.740000 23.684492 5.138132
0.870000 204.396000 22.350000 31.545320 5.547567
0.880000 199.584000 22.336000 38.072864 6.063588
0.890000 201.912000 22.230000 30.730771 5.577553
0.900000 194.334000 21.522000 43.313029 6.217517
0.910000 197.988000 22.120000 29.877347 5.381970
0.920000 192.992000 21.912000 34.804999 5.782409
0.930000 194.846000 21.844000 34.942442 5.661419
0.940000 194.040000 22.090000 26.827344 5.119561
0.950000 192.556000 21.892000 36.369862 5.923203
0.960000 190.088000 21.590000 33.119907 5.736366
0.970000 187.130000 21.258000 37.618468 5.961832
0.980000 185.992000 21.018000 35.568581 5.852322
0.990000 186.934000 21.088000 29.448627 5.124866
1.000000 186.616000 21.536000 29.628306 5.351327
