0.010000 0.028088 0.008378 0.002491 0.001086
0.080000 0.025385 0.007637 0.002600 0.001088
0.100000 0.024704 0.007521 0.002512 0.001071
0.040000 0.026975 0.008127 0.002584 0.001148
0.030000 0.027374 0.008278 0.002414 0.001178
0.090000 0.025024 0.007584 0.002393 0.001060
0.070000 0.026065 0.007729 0.002362 0.001138
0.060000 0.026222 0.007929 0.002718 0.001182
0.050000 0.026620 0.008067 0.002264 0.001143
0.020000 0.027753 0.008491 0.002300 0.001063
0.200000 0.020479 0.006339 0.002384 0.000995
0.190000 0.020973 0.006493 0.002247 0.001089
0.180000 0.021509 0.006679 0.002545 0.001136
0.170000 0.021855 0.006839 0.002304 0.001194
0.160000 0.022009 0.006824 0.002458 0.001115
0.150000 0.022380 0.006920 0.002420 0.001055
0.140000 0.022933 0.007033 0.002408 0.001123
0.120000 0.023673 0.007187 0.002608 0.001179
0.130000 0.023337 0.007086 0.002363 0.001071
0.110000 0.024100 0.007360 0.002353 0.001081
0.300000 0.017823 0.005649 0.002405 0.000961
0.290000 0.018072 0.005790 0.002386 0.000991
0.280000 0.018362 0.005761 0.002335 0.001026
0.260000 0.019056 0.006072 0.002386 0.001103
0.270000 0.018468 0.005773 0.002311 0.000987
0.250000 0.019030 0.006025 0.002509 0.001119
0.220000 0.019919 0.006180 0.002272 0.000997
0.210000 0.020270 0.006243 0.002273 0.001085
0.240000 0.019482 0.006005 0.002432 0.001013
0.230000 0.019609 0.006011 0.002262 0.001069
0.370000 0.016379 0.005255 0.003116 0.001231
0.360000 0.016508 0.005380 0.003163 0.001257
0.320000 0.017295 0.005551 0.002509 0.001066
0.340000 0.016984 0.005555 0.002834 0.001156
0.400000 0.015890 0.005245 0.003498 0.001306
0.380000 0.015803 0.005112 0.003389 0.001349
0.390000 0.015901 0.005172 0.003361 0.001286
0.330000 0.017097 0.005470 0.002706 0.001096
0.350000 0.016516 0.005388 0.002832 0.001154
0.310000 0.017349 0.005660 0.002432 0.001056
0.460000 0.015364 0.004985 0.004119 0.001539
0.490000 0.015269 0.004942 0.004224 0.001544
0.440000 0.015380 0.004884 0.003817 0.001346
0.430000 0.015656 0.005156 0.003757 0.001390
0.450000 0.015461 0.004976 0.003761 0.001363
0.420000 0.016003 0.005166 0.003464 0.001349
0.500000 0.015090 0.004950 0.004424 0.001587
0.480000 0.015310 0.005091 0.003848 0.001390
0.470000 0.015389 0.004941 0.003824 0.001450
0.410000 0.015893 0.005155 0.003475 0.001321
0.600000 0.015025 0.004815 0.004843 0.001678
0.570000 0.014782 0.004762 0.004682 0.001618
0.510000 0.015186 0.004987 0.004282 0.001576
0.580000 0.014706 0.004860 0.004484 0.001615
0.550000 0.014634 0.004763 0.004479 0.001624
0.590000 0.015033 0.004838 0.004375 0.001541
0.530000 0.015368 0.004977 0.004327 0.001534
0.520000 0.015140 0.004910 0.004333 0.001553
0.560000 0.014958 0.004910 0.004300 0.001554
0.540000 0.015226 0.004938 0.004155 0.001494
0.630000 0.015033 0.004953 0.004753 0.001718
0.660000 0.014536 0.004769 0.004949 0.001743
0.690000 0.014434 0.004657 0.005088 0.001755
0.610000 0.014699 0.004730 0.004547 0.001563
0.650000 0.014548 0.004763 0.004861 0.001675
0.620000 0.014755 0.004689 0.004505 0.001580
0.680000 0.014612 0.004792 0.004962 0.001750
0.640000 0.014884 0.004700 0.004693 0.001620
0.670000 0.014902 0.004806 0.004667 0.001645
0.700000 0.014403 0.004668 0.004646 0.001635
0.760000 0.014089 0.004569 0.005184 0.001819
0.790000 0.013890 0.004562 0.005308 0.001847
0.800000 0.014199 0.004511 0.005408 0.001819
0.770000 0.014303 0.004720 0.004789 0.001742
0.750000 0.014501 0.004791 0.005015 0.001767
0.730000 0.014418 0.004695 0.005144 0.001855
0.780000 0.014446 0.004688 0.004658 0.001652
0.720000 0.014187 0.004704 0.004854 0.001721
0.710000 0.014645 0.004798 0.004503 0.001674
0.740000 0.014707 0.004880 0.005097 0.001824
0.820000 0.014243 0.004730 0.005333 0.001857
0.860000 0.014154 0.004658 0.005136 0.001809
0.830000 0.014076 0.004536 0.005351 0.001826
0.840000 0.013939 0.004733 0.005323 0.001876
0.900000 0.013344 0.004254 0.005563 0.001844
0.870000 0.014255 0.004717 0.005031 0.001812
0.890000 0.014244 0.004673 0.005200 0.001847
0.880000 0.013952 0.004520 0.005368 0.001811
0.810000 0.014059 0.004469 0.005528 0.001847
0.850000 0.013671 0.004484 0.005589 0.001925
0.930000 0.013771 0.004440 0.005329 0.001805
0.990000 0.013149 0.004382 0.006175 0.002143
0.970000 0.013015 0.004212 0.005907 0.002040
1.000000 0.013388 0.004367 0.005970 0.002057
0.980000 0.013548 0.004460 0.005863 0.002020
0.940000 0.013163 0.004395 0.005770 0.002048
0.950000 0.013558 0.004401 0.005623 0.001940
0.960000 0.013719 0.004411 0.005397 0.001849
0.910000 0.013845 0.004546 0.005313 0.001889
0.920000 0.013833 0.004618 0.005245 0.001844
