0.999741 0.000211 0.000029 0.000018 0.000000 0.000001 0.000000 0.000000 0.000000 0.000000
0.999671 0.000248 0.000023 0.000010 0.000000 0.000048 0.000000 0.000000 0.000000 0.000000
0.999453 0.000439 0.000055 0.000022 0.000000 0.000031 0.000000 0.000000 0.000000 0.000000
0.999232 0.000613 0.000085 0.000033 0.000000 0.000036 0.000000 0.000000 0.000000 0.000000
0.998956 0.000846 0.000111 0.000041 0.000000 0.000047 0.000000 0.000000 0.000000 0.000000
0.998435 0.001273 0.000162 0.000084 0.000000 0.000047 0.000000 0.000000 0.000000 0.000000
0.997735 0.001818 0.000260 0.000121 0.000000 0.000067 0.000000 0.000000 0.000000 0.000000
0.996722 0.002600 0.000381 0.000201 0.000000 0.000096 0.000000 0.000000 0.000000 0.000000
0.995432 0.003519 0.000613 0.000293 0.000000 0.000144 0.000000 0.000000 0.000000 0.000000
0.993790 0.004759 0.000817 0.000417 0.000000 0.000218 0.000000 0.000000 0.000000 0.000000
0.991949 0.006153 0.001028 0.000569 0.000001 0.000300 0.000000 0.000001 0.000000 0.000000
0.989133 0.008259 0.001411 0.000778 0.000006 0.000413 0.000000 0.000006 0.000000 0.000000
0.985090 0.011171 0.002013 0.001099 0.000008 0.000619 0.000000 0.000008 0.000000 0.000000
0.980455 0.014594 0.002634 0.001449 0.000018 0.000849 0.000000 0.000018 0.000000 0.000000
0.974411 0.019054 0.003413 0.001942 0.000020 0.001161 0.000000 0.000020 0.000000 0.000000
0.966725 0.024704 0.004507 0.002465 0.000025 0.001574 0.000000 0.000025 0.000000 0.000000
0.957954 0.031007 0.005825 0.003130 0.000035 0.002046 0.000002 0.000037 0.000000 0.000000
0.946491 0.039301 0.007436 0.004090 0.000039 0.002638 0.000005 0.000045 0.000000 0.000000
0.932481 0.049246 0.009468 0.005255 0.000045 0.003502 0.000004 0.000052 0.000000 0.000000
0.915693 0.060927 0.012047 0.006732 0.000059 0.004539 0.000003 0.000066 0.000000 0.000000
0.896363 0.074507 0.014907 0.008325 0.000068 0.005827 0.000003 0.000076 0.000000 0.000000
0.873709 0.089949 0.018434 0.010382 0.000086 0.007437 0.000003 0.000096 0.000000 0.000000
0.848070 0.107027 0.022584 0.012865 0.000101 0.009350 0.000003 0.000112 0.000000 0.000000
0.822961 0.123347 0.026794 0.015262 0.000125 0.011509 0.000002 0.000140 0.000000 0.000000
0.794103 0.141509 0.031909 0.018129 0.000160 0.014186 0.000004 0.000182 0.000000 0.000000
0.762326 0.160762 0.037863 0.021507 0.000193 0.017344 0.000005 0.000222 0.000000 0.000000
0.731080 0.178458 0.044291 0.025109 0.000235 0.020820 0.000008 0.000272 0.000000 0.000000
0.700359 0.195149 0.050709 0.028788 0.000278 0.024705 0.000013 0.000328 0.000000 0.000000
0.667048 0.212086 0.058093 0.033003 0.000332 0.029416 0.000021 0.000397 0.000000 0.000000
0.634643 0.227313 0.065581 0.037295 0.000410 0.034732 0.000027 0.000487 0.000000 0.000000
0.603417 0.240579 0.073106 0.041727 0.000490 0.040653 0.000029 0.000579 0.000000 0.000001
0.573959 0.251532 0.080598 0.046259 0.000562 0.047059 0.000031 0.000669 0.000000 0.000001
0.546908 0.259651 0.087935 0.050658 0.000637 0.054175 0.000036 0.000766 0.000000 0.000001
0.519751 0.266637 0.095505 0.055214 0.000715 0.062136 0.000042 0.000861 0.000000 0.000001
0.493816 0.271739 0.103219 0.059566 0.000796 0.070807 0.000056 0.000974 0.000000 0.000001
0.471335 0.274542 0.110132 0.063456 0.000880 0.079589 0.000068 0.001091 0.000000 0.000002
0.448485 0.276079 0.117223 0.067459 0.000980 0.089697 0.000077 0.001225 0.000000 0.000002
0.428677 0.275353 0.123797 0.071004 0.001109 0.099973 0.000086 0.001385 0.000000 0.000003
0.410325 0.273787 0.129738 0.074492 0.001229 0.110331 0.000099 0.001544 0.000000 0.000003
0.394013 0.271096 0.134841 0.077702 0.001333 0.120905 0.000110 0.001689 0.000000 0.000004
0.376831 0.267462 0.140422 0.080957 0.001446 0.132762 0.000120 0.001845 0.000000 0.000005
0.361115 0.263474 0.145206 0.083745 0.001598 0.144733 0.000130 0.002041 0.000000 0.000006
0.347823 0.258726 0.148724 0.085972 0.001739 0.156869 0.000147 0.002238 0.000000 0.000007
0.334371 0.253146 0.152500 0.087858 0.001864 0.170090 0.000171 0.002433 0.000000 0.000008
0.323268 0.247081 0.155413 0.089329 0.001991 0.182725 0.000193 0.002633 0.000000 0.000009
0.312263 0.240698 0.158139 0.090823 0.002127 0.195739 0.000211 0.002839 0.000000 0.000011
0.301289 0.234012 0.160494 0.092238 0.002237 0.209489 0.000242 0.003049 0.000000 0.000012
0.292214 0.227169 0.162284 0.093132 0.002369 0.222566 0.000265 0.003259 0.000000 0.000014
0.283328 0.220358 0.163671 0.093792 0.002503 0.236057 0.000291 0.003480 0.000000 0.000016
0.275639 0.213749 0.164406 0.094213 0.002646 0.249029 0.000317 0.003701 0.000000 0.000017
0.266933 0.206332 0.164998 0.094877 0.002765 0.263746 0.000349 0.003926 0.000000 0.000019
0.261548 0.200001 0.164892 0.094737 0.002867 0.275576 0.000380 0.004116 0.000000 0.000021
0.253934 0.192764 0.164936 0.094863 0.002978 0.290110 0.000415 0.004337 0.000000 0.000023
0.247695 0.185932 0.164544 0.094651 0.003106 0.303616 0.000456 0.004586 0.000000 0.000026
0.241770 0.179205 0.163868 0.094144 0.003250 0.317272 0.000491 0.004842 0.000000 0.000028
0.236446 0.172809 0.162713 0.093562 0.003352 0.330588 0.000530 0.005090 0.000000 0.000031
0.231856 0.166208 0.161408 0.092654 0.003454 0.343856 0.000565 0.005328 0.000001 0.000033
0.226588 0.159797 0.160215 0.091797 0.003564 0.357432 0.000607 0.005594 0.000001 0.000036
0.223298 0.153432 0.158362 0.090630 0.003646 0.369982 0.000650 0.005829 0.000001 0.000039
0.219260 0.146899 0.156728 0.089665 0.003725 0.383029 0.000695 0.006060 0.000001 0.000042
0.216633 0.140690 0.154356 0.088549 0.003802 0.395229 0.000742 0.006282 0.000001 0.000045
0.214192 0.134416 0.151860 0.087345 0.003878 0.407514 0.000794 0.006529 0.000001 0.000048
0.212046 0.129109 0.149487 0.085943 0.003934 0.418642 0.000839 0.006740 0.000001 0.000051
0.210480 0.123282 0.146408 0.084423 0.004023 0.430501 0.000884 0.006977 0.000001 0.000054
0.209545 0.117380 0.143249 0.082772 0.004106 0.442019 0.000931 0.007230 0.000001 0.000058
0.209151 0.111712 0.140295 0.080901 0.004177 0.452778 0.000986 0.007472 0.000001 0.000061
0.208869 0.107110 0.137408 0.079180 0.004242 0.462163 0.001028 0.007683 0.000001 0.000064
0.209032 0.102736 0.134170 0.077183 0.004308 0.471498 0.001073 0.007913 0.000001 0.000068
0.209730 0.098346 0.130934 0.075264 0.004344 0.480264 0.001117 0.008125 0.000002 0.000071
0.210381 0.093826 0.127569 0.073268 0.004372 0.489410 0.001175 0.008343 0.000002 0.000074
0.211362 0.089703 0.124189 0.071253 0.004399 0.497871 0.001224 0.008552 0.000002 0.000078
0.212469 0.086222 0.120711 0.069306 0.004408 0.505602 0.001283 0.008754 0.000002 0.000081
0.213722 0.082998 0.117288 0.067558 0.004451 0.512647 0.001337 0.008952 0.000002 0.000084
0.215285 0.079386 0.113907 0.065635 0.004458 0.519932 0.001397 0.009135 0.000002 0.000088
0.216974 0.076547 0.110514 0.063642 0.004447 0.526423 0.001453 0.009313 0.000003 0.000091
0.218957 0.073681 0.107154 0.061667 0.004429 0.532605 0.001506 0.009487 0.000003 0.000094
0.221043 0.071061 0.104013 0.059882 0.004441 0.537996 0.001564 0.009676 0.000003 0.000097
0.223415 0.068760 0.100651 0.058048 0.004407 0.543105 0.001613 0.009828 0.000003 0.000100
0.225828 0.066527 0.097693 0.056370 0.004391 0.547526 0.001664 0.009983 0.000003 0.000103
0.228133 0.064667 0.095091 0.055009 0.004370 0.551019 0.001712 0.010114 0.000003 0.000106
0.230916 0.062814 0.092214 0.053251 0.004316 0.554729 0.001761 0.010267 0.000004 0.000109
0.233983 0.060774 0.089163 0.051512 0.004305 0.558444 0.001820 0.010446 0.000004 0.000112
0.236367 0.059388 0.086832 0.050009 0.004286 0.561245 0.001873 0.010587 0.000004 0.000115
0.239417 0.057820 0.083985 0.048313 0.004237 0.564291 0.001938 0.010736 0.000004 0.000118
0.242069 0.056661 0.081662 0.046933 0.004202 0.566480 0.001994 0.010857 0.000005 0.000121
0.244795 0.055608 0.079353 0.045580 0.004163 0.568449 0.002052 0.010983 0.000005 0.000124
0.247811 0.054356 0.076895 0.044172 0.004114 0.570545 0.002106 0.011116 0.000005 0.000127
0.250458 0.053515 0.075003 0.043058 0.004077 0.571741 0.002148 0.011225 0.000005 0.000129
0.253393 0.052688 0.072810 0.041666 0.004048 0.573194 0.002203 0.011351 0.000005 0.000132
0.256372 0.051865 0.070843 0.040416 0.004031 0.574213 0.002260 0.011503 0.000006 0.000135
0.259096 0.051254 0.068988 0.039336 0.003975 0.575035 0.002317 0.011618 0.000006 0.000138
0.261751 0.050857 0.067264 0.038314 0.003927 0.575519 0.002367 0.011727 0.000006 0.000140
0.264455 0.050340 0.065773 0.037466 0.003891 0.575672 0.002404 0.011800 0.000006 0.000142
0.267545 0.049694 0.064006 0.036426 0.003861 0.576008 0.002461 0.011954 0.000007 0.000146
0.270735 0.049266 0.062434 0.035455 0.003798 0.575803 0.002510 0.012030 0.000007 0.000148
0.273159 0.049047 0.061401 0.034720 0.003773 0.575356 0.002543 0.012136 0.000007 0.000150
0.275613 0.048807 0.060320 0.034032 0.003712 0.574915 0.002600 0.012231 0.000007 0.000152
0.278584 0.048532 0.058832 0.033184 0.003653 0.574562 0.002653 0.012310 0.000008 0.000154
0.281338 0.048452 0.057611 0.032478 0.003599 0.573803 0.002719 0.012427 0.000008 0.000157
0.283714 0.048449 0.056503 0.031873 0.003556 0.573146 0.002758 0.012517 0.000008 0.000159
0.286249 0.048450 0.055398 0.031260 0.003515 0.572319 0.002808 0.012633 0.000008 0.000162
0.288618 0.048469 0.054611 0.030679 0.003462 0.571321 0.002840 0.012699 0.000009 0.000164
0.290913 0.048533 0.053748 0.030120 0.003410 0.570362 0.002913 0.012811 0.000009 0.000167
0.293370 0.048722 0.052798 0.029633 0.003354 0.569168 0.002954 0.012870 0.000009 0.000168
0.295598 0.048903 0.052124 0.029212 0.003299 0.567856 0.003007 0.012968 0.000010 0.000171
0.297798 0.049061 0.051519 0.028936 0.003225 0.566406 0.003054 0.013041 0.000010 0.000173
0.300045 0.049361 0.050893 0.028512 0.003143 0.564934 0.003112 0.013121 0.000010 0.000175
0.301892 0.049515 0.050441 0.028386 0.003110 0.563511 0.003144 0.013192 0.000010 0.000177
0.303906 0.049853 0.049959 0.028140 0.003074 0.561887 0.003181 0.013275 0.000011 0.000179
0.305805 0.050016 0.049631 0.027907 0.003023 0.560395 0.003223 0.013354 0.000011 0.000181
0.307764 0.050235 0.049250 0.027648 0.002984 0.558839 0.003281 0.013452 0.000011 0.000184
0.309617 0.050436 0.048878 0.027331 0.002937 0.557482 0.003319 0.013526 0.000012 0.000186
0.311400 0.050718 0.048619 0.027199 0.002897 0.555820 0.003346 0.013585 0.000012 0.000187
0.313200 0.050938 0.048292 0.027062 0.002855 0.554255 0.003398 0.013676 0.000012 0.000190
0.314894 0.051256 0.048013 0.026839 0.002817 0.552755 0.003427 0.013729 0.000012 0.000191
0.316279 0.051590 0.047891 0.026702 0.002791 0.551290 0.003458 0.013809 0.000013 0.000193
0.317638 0.052090 0.047685 0.026690 0.002764 0.549635 0.003499 0.013887 0.000013 0.000196
0.319026 0.052516 0.047451 0.026676 0.002740 0.548076 0.003516 0.013932 0.000013 0.000197
0.320175 0.052845 0.047342 0.026659 0.002698 0.546726 0.003556 0.014021 0.000013 0.000199
0.321413 0.053178 0.047302 0.026577 0.002669 0.545265 0.003596 0.014097 0.000013 0.000202
0.322788 0.053697 0.047244 0.026550 0.002630 0.543450 0.003641 0.014171 0.000014 0.000204
0.323784 0.054088 0.047238 0.026590 0.002590 0.542031 0.003678 0.014227 0.000014 0.000205
0.325183 0.054274 0.047228 0.026615 0.002531 0.540450 0.003719 0.014294 0.000014 0.000207
0.327092 0.053704 0.047236 0.026626 0.002495 0.539101 0.003746 0.014372 0.000015 0.000210
0.329943 0.052696 0.047142 0.026565 0.002441 0.537424 0.003790 0.014431 0.000015 0.000211
0.333101 0.051110 0.047122 0.026441 0.002426 0.535980 0.003820 0.014512 0.000015 0.000214
0.336764 0.049522 0.047055 0.026267 0.002402 0.534126 0.003863 0.014600 0.000016 0.000216
0.340456 0.047747 0.046847 0.026070 0.002370 0.532624 0.003885 0.014660 0.000016 0.000218
0.344495 0.045897 0.046519 0.025827 0.002345 0.531009 0.003908 0.014697 0.000016 0.000219
0.348473 0.044199 0.046113 0.025517 0.002344 0.529424 0.003930 0.014781 0.000016 0.000222
0.352799 0.042549 0.045599 0.025092 0.002329 0.527664 0.003968 0.014872 0.000016 0.000224
0.356871 0.040811 0.045084 0.024700 0.002299 0.526250 0.003986 0.014925 0.000017 0.000226
0.361329 0.039039 0.044510 0.024257 0.002266 0.524597 0.004001 0.014957 0.000017 0.000227
0.365957 0.037350 0.043876 0.023851 0.002234 0.522693 0.004039 0.015046 0.000017 0.000230
0.370371 0.035844 0.043212 0.023376 0.002204 0.520921 0.004073 0.015122 0.000017 0.000232
0.374855 0.034359 0.042466 0.022916 0.002191 0.519118 0.004094 0.015198 0.000017 0.000234
0.379557 0.032873 0.041643 0.022413 0.002152 0.517232 0.004130 0.015227 0.000018 0.000235
0.384208 0.031457 0.040824 0.021950 0.002118 0.515295 0.004149 0.015271 0.000018 0.000237
0.388924 0.030102 0.039987 0.021362 0.002076 0.513384 0.004164 0.015281 0.000018 0.000237
0.393844 0.028765 0.039131 0.020854 0.002031 0.511170 0.004204 0.015332 0.000018 0.000239
0.398840 0.027692 0.038186 0.020351 0.001991 0.508690 0.004250 0.015414 0.000019 0.000241
0.403481 0.026582 0.037210 0.019857 0.001962 0.506650 0.004258 0.015449 0.000019 0.000242
0.408575 0.025446 0.036278 0.019244 0.001938 0.504221 0.004299 0.015519 0.000019 0.000244
0.413423 0.024421 0.035336 0.018786 0.001904 0.501809 0.004322 0.015559 0.000019 0.000246
0.418225 0.023410 0.034446 0.018280 0.001881 0.499418 0.004339 0.015599 0.000020 0.000247
0.423148 0.022556 0.033516 0.017787 0.001846 0.496787 0.004360 0.015629 0.000020 0.000248
0.427899 0.021679 0.032562 0.017328 0.001818 0.494321 0.004393 0.015693 0.000020 0.000250
0.432780 0.020896 0.031641 0.016785 0.001801 0.491685 0.004413 0.015721 0.000020 0.000251
0.437792 0.020017 0.030736 0.016274 0.001779 0.488957 0.004445 0.015771 0.000021 0.000252
0.442805 0.019296 0.029740 0.015778 0.001759 0.486167 0.004453 0.015806 0.000021 0.000254
0.447897 0.018643 0.028875 0.015384 0.001727 0.482985 0.004488 0.015867 0.000021 0.000256
0.452566 0.017908 0.028045 0.014998 0.001687 0.480266 0.004529 0.015905 0.000021 0.000257
0.457438 0.017223 0.027194 0.014559 0.001648 0.477400 0.004539 0.015943 0.000021 0.000258
0.462602 0.016651 0.026388 0.014084 0.001616 0.474097 0.004563 0.015967 0.000022 0.000259
0.467536 0.016164 0.025571 0.013593 0.001578 0.470957 0.004601 0.015995 0.000022 0.000260
0.472407 0.015623 0.024853 0.013217 0.001541 0.467755 0.004604 0.016026 0.000022 0.000261
0.477399 0.015220 0.024101 0.012874 0.001518 0.464248 0.004640 0.016101 0.000022 0.000263
0.481889 0.014842 0.023241 0.012412 0.001497 0.461464 0.004655 0.016086 0.000022 0.000263
0.486854 0.014399 0.022470 0.012058 0.001484 0.458059 0.004677 0.016129 0.000023 0.000264
0.491779 0.013938 0.021811 0.011734 0.001466 0.454577 0.004695 0.016176 0.000023 0.000266
0.496540 0.013486 0.021161 0.011358 0.001434 0.451315 0.004705 0.016191 0.000023 0.000266
0.501125 0.013131 0.020494 0.011039 0.001409 0.448086 0.004717 0.016223 0.000023 0.000267
0.506008 0.012729 0.019872 0.010659 0.001383 0.444600 0.004750 0.016283 0.000023 0.000269
0.510958 0.012389 0.019261 0.010341 0.001360 0.440939 0.004751 0.016260 0.000023 0.000269
0.515580 0.012020 0.018702 0.010039 0.001327 0.437528 0.004803 0.016339 0.000024 0.000271
0.520284 0.011682 0.018158 0.009714 0.001301 0.434043 0.004818 0.016361 0.000024 0.000272
0.524905 0.011432 0.017643 0.009392 0.001289 0.430498 0.004840 0.016373 0.000024 0.000272
0.529271 0.011126 0.017154 0.009101 0.001248 0.427249 0.004851 0.016392 0.000024 0.000273
0.533984 0.010771 0.016624 0.008804 0.001226 0.423719 0.004872 0.016421 0.000025 0.000274
0.538554 0.010492 0.016133 0.008553 0.001201 0.420203 0.004865 0.016428 0.000025 0.000274
0.543051 0.010279 0.015726 0.008271 0.001181 0.416599 0.004893 0.016495 0.000025 0.000277
0.547542 0.010020 0.015259 0.008050 0.001152 0.413071 0.004906 0.016505 0.000025 0.000277
0.551872 0.009799 0.014821 0.007860 0.001131 0.409601 0.004917 0.016487 0.000025 0.000276
0.556248 0.009578 0.014373 0.007629 0.001101 0.406131 0.004940 0.016529 0.000025 0.000278
0.560604 0.009460 0.014011 0.007372 0.001082 0.402517 0.004955 0.016549 0.000025 0.000278
0.564995 0.009241 0.013519 0.007162 0.001054 0.399038 0.004991 0.016591 0.000026 0.000280
0.569309 0.009104 0.013122 0.006994 0.001013 0.395456 0.005003 0.016576 0.000026 0.000279
0.573673 0.008947 0.012799 0.006817 0.000987 0.391768 0.005010 0.016609 0.000026 0.000281
0.577787 0.008811 0.012402 0.006613 0.000961 0.388386 0.005039 0.016639 0.000026 0.000282
0.581981 0.008668 0.012044 0.006426 0.000929 0.384911 0.005039 0.016619 0.000026 0.000281
0.586115 0.008442 0.011718 0.006253 0.000907 0.381494 0.005071 0.016665 0.000027 0.000282
0.590478 0.008304 0.011382 0.006112 0.000896 0.377755 0.005073 0.016663 0.000027 0.000282
0.594231 0.008135 0.011138 0.005975 0.000892 0.374543 0.005086 0.016680 0.000027 0.000283
0.598316 0.007981 0.010889 0.005833 0.000874 0.371024 0.005084 0.016701 0.000027 0.000284
0.602120 0.007908 0.010594 0.005656 0.000839 0.367774 0.005109 0.016712 0.000027 0.000284
0.606188 0.007717 0.010339 0.005508 0.000812 0.364317 0.005117 0.016726 0.000027 0.000285
0.610199 0.007613 0.010101 0.005405 0.000796 0.360767 0.005119 0.016719 0.000027 0.000284
0.613925 0.007509 0.009859 0.005302 0.000771 0.357481 0.005152 0.016761 0.000027 0.000286
0.617756 0.007393 0.009688 0.005201 0.000761 0.354047 0.005154 0.016786 0.000027 0.000287
0.621534 0.007340 0.009557 0.005065 0.000748 0.350610 0.005145 0.016748 0.000027 0.000285
0.625505 0.007205 0.009375 0.004930 0.000736 0.347095 0.005154 0.016800 0.000027 0.000287
0.628908 0.007186 0.009216 0.004831 0.000718 0.343951 0.005190 0.016838 0.000028 0.000288
0.632705 0.007157 0.009087 0.004693 0.000706 0.340476 0.005176 0.016832 0.000028 0.000288
0.636247 0.007099 0.008887 0.004568 0.000702 0.337300 0.005196 0.016857 0.000028 0.000289
0.639946 0.007005 0.008676 0.004467 0.000678 0.334031 0.005197 0.016837 0.000028 0.000289
0.643490 0.006920 0.008528 0.004370 0.000670 0.330810 0.005211 0.016865 0.000028 0.000290
0.646952 0.006867 0.008407 0.004288 0.000675 0.327594 0.005216 0.016875 0.000028 0.000290
0.650690 0.006801 0.008258 0.004236 0.000661 0.324101 0.005252 0.016890 0.000029 0.000291
0.654137 0.006723 0.008086 0.004209 0.000643 0.320956 0.005247 0.016881 0.000028 0.000290
0.657671 0.006670 0.007965 0.004146 0.000613 0.317673 0.005262 0.016894 0.000029 0.000291
0.660826 0.006628 0.007804 0.004100 0.000605 0.314758 0.005280 0.016928 0.000029 0.000292
0.664158 0.006604 0.007642 0.004002 0.000589 0.311733 0.005273 0.016910 0.000029 0.000291
0.667120 0.006551 0.007568 0.003937 0.000594 0.308950 0.005281 0.016933 0.000029 0.000292
0.670749 0.006504 0.007442 0.003888 0.000568 0.305557 0.005292 0.016930 0.000029 0.000292
0.673846 0.006507 0.007282 0.003796 0.000557 0.302711 0.005300 0.016975 0.000029 0.000293
0.676852 0.006444 0.007237 0.003763 0.000540 0.299871 0.005293 0.016965 0.000029 0.000293
0.680174 0.006399 0.007161 0.003693 0.000539 0.296721 0.005313 0.016992 0.000029 0.000294
0.683407 0.006354 0.006989 0.003638 0.000536 0.293755 0.005322 0.017009 0.000029 0.000295
0.686559 0.006340 0.006900 0.003592 0.000529 0.290758 0.005322 0.017007 0.000029 0.000295
0.689529 0.006290 0.006832 0.003552 0.000512 0.287972 0.005312 0.017003 0.000029 0.000295
0.692611 0.006214 0.006710 0.003507 0.000496 0.285142 0.005321 0.016989 0.000029 0.000294
0.695691 0.006196 0.006618 0.003479 0.000480 0.282213 0.005323 0.016980 0.000029 0.000294
0.698424 0.006238 0.006527 0.003442 0.000476 0.279555 0.005337 0.017015 0.000029 0.000295
0.701610 0.006184 0.006415 0.003390 0.000464 0.276580 0.005356 0.017010 0.000030 0.000295
0.704344 0.006234 0.006391 0.003366 0.000464 0.273861 0.005339 0.017033 0.000030 0.000296
0.706850 0.006203 0.006332 0.003314 0.000452 0.271481 0.005367 0.017043 0.000030 0.000296
0.709915 0.006193 0.006275 0.003282 0.000446 0.268497 0.005393 0.017061 0.000030 0.000297
0.712717 0.006178 0.006205 0.003222 0.000428 0.265876 0.005374 0.017063 0.000030 0.000297
0.715080 0.006243 0.006274 0.003205 0.000427 0.263400 0.005370 0.017031 0.000030 0.000296
0.717672 0.006260 0.006218 0.003183 0.000422 0.260841 0.005404 0.017106 0.000030 0.000299
0.720963 0.006143 0.006125 0.003163 0.000406 0.257821 0.005379 0.017055 0.000030 0.000297
0.723207 0.006182 0.006121 0.003176 0.000400 0.255506 0.005406 0.017094 0.000030 0.000298
0.725966 0.006140 0.006059 0.003161 0.000408 0.252857 0.005410 0.017143 0.000030 0.000300
0.728310 0.006152 0.006077 0.003167 0.000401 0.250507 0.005386 0.017066 0.000030 0.000297
0.730925 0.006110 0.006007 0.003117 0.000398 0.248009 0.005434 0.017137 0.000031 0.000300
0.733316 0.006173 0.006032 0.003095 0.000401 0.245581 0.005403 0.017106 0.000030 0.000299
0.735976 0.006130 0.005949 0.003094 0.000396 0.243019 0.005434 0.017136 0.000031 0.000300
0.738215 0.006195 0.005959 0.003079 0.000388 0.240734 0.005430 0.017135 0.000031 0.000300
0.740508 0.006152 0.005927 0.003044 0.000384 0.238537 0.005447 0.017198 0.000031 0.000302
0.742672 0.006338 0.005883 0.003036 0.000367 0.236236 0.005467 0.017188 0.000031 0.000301
0.745104 0.006329 0.005894 0.003004 0.000365 0.233855 0.005450 0.017154 0.000031 0.000300
0.747100 0.006394 0.005952 0.003054 0.000360 0.231661 0.005479 0.017169 0.000031 0.000301
0.749568 0.006342 0.005978 0.002988 0.000357 0.229295 0.005474 0.017214 0.000031 0.000303
0.751685 0.006346 0.005960 0.003019 0.000354 0.227159 0.005477 0.017253 0.000031 0.000304
0.754109 0.006285 0.005936 0.003028 0.000346 0.224803 0.005493 0.017220 0.000031 0.000303
0.756402 0.006232 0.005885 0.003024 0.000343 0.222652 0.005461 0.017223 0.000031 0.000303
0.758392 0.006259 0.005886 0.003047 0.000336 0.220602 0.005479 0.017215 0.000031 0.000303
0.760588 0.006274 0.005900 0.003033 0.000341 0.218403 0.005462 0.017208 0.000031 0.000302
0.762523 0.006380 0.005883 0.003055 0.000341 0.216335 0.005484 0.017261 0.000031 0.000304
0.764357 0.006464 0.005846 0.003033 0.000342 0.214454 0.005503 0.017314 0.000031 0.000306
0.766376 0.006521 0.005852 0.003083 0.000331 0.212323 0.005513 0.017300 0.000032 0.000306
0.768544 0.006468 0.005838 0.003043 0.000327 0.210286 0.005494 0.017229 0.000031 0.000303
0.770464 0.006588 0.005927 0.003056 0.000328 0.208131 0.005507 0.017292 0.000031 0.000305
0.772238 0.006589 0.005848 0.003039 0.000316 0.206453 0.005518 0.017260 0.000032 0.000304
0.774409 0.006630 0.005844 0.003046 0.000317 0.204226 0.005528 0.017312 0.000032 0.000306
0.776510 0.006630 0.005791 0.003039 0.000305 0.202206 0.005520 0.017322 0.000032 0.000307
0.778164 0.006737 0.005888 0.003044 0.000299 0.200339 0.005529 0.017324 0.000032 0.000307
0.779595 0.006849 0.005957 0.003074 0.000303 0.198665 0.005556 0.017369 0.000032 0.000308
0.781352 0.006886 0.005956 0.003113 0.000305 0.196830 0.005558 0.017396 0.000032 0.000309
0.783397 0.006944 0.005925 0.003097 0.000294 0.194781 0.005563 0.017372 0.000032 0.000308
0.784594 0.007139 0.006005 0.003132 0.000287 0.193301 0.005542 0.017358 0.000032 0.000308
0.786199 0.007192 0.005981 0.003167 0.000282 0.191613 0.005567 0.017387 0.000032 0.000309
0.788242 0.007223 0.005927 0.003126 0.000282 0.189609 0.005591 0.017448 0.000032 0.000311
0.789431 0.007328 0.006051 0.003170 0.000279 0.188167 0.005574 0.017392 0.000032 0.000309
0.791163 0.007360 0.006053 0.003183 0.000280 0.186374 0.005587 0.017420 0.000032 0.000310
0.792968 0.007409 0.006071 0.003221 0.000276 0.184479 0.005575 0.017396 0.000032 0.000309
0.794520 0.007483 0.006107 0.003275 0.000265 0.182787 0.005564 0.017382 0.000032 0.000309
0.795670 0.007545 0.006218 0.003315 0.000269 0.181411 0.005571 0.017416 0.000032 0.000310
0.797464 0.007530 0.006225 0.003330 0.000270 0.179594 0.005587 0.017451 0.000032 0.000311
0.798561 0.007660 0.006385 0.003413 0.000269 0.178108 0.005604 0.017440 0.000033 0.000311
0.799964 0.007645 0.006430 0.003381 0.000269 0.176724 0.005588 0.017429 0.000032 0.000310
0.801508 0.007779 0.006402 0.003359 0.000262 0.175103 0.005587 0.017437 0.000032 0.000311
0.802942 0.007948 0.006426 0.003399 0.000257 0.173424 0.005605 0.017491 0.000033 0.000313
0.804225 0.007941 0.006411 0.003451 0.000249 0.172100 0.005623 0.017447 0.000033 0.000311
0.805123 0.008131 0.006563 0.003515 0.000256 0.170775 0.005637 0.017514 0.000033 0.000313
0.806609 0.008164 0.006569 0.003480 0.000257 0.169296 0.005625 0.017517 0.000033 0.000313
0.807967 0.008232 0.006681 0.003513 0.000260 0.167715 0.005633 0.017522 0.000033 0.000314
0.809083 0.008261 0.006767 0.003544 0.000254 0.166482 0.005610 0.017510 0.000033 0.000313
0.810706 0.008286 0.006708 0.003516 0.000248 0.164935 0.005602 0.017462 0.000033 0.000312
0.811085 0.008516 0.006907 0.003643 0.000250 0.163961 0.005638 0.017547 0.000033 0.000315
0.812403 0.008510 0.006881 0.003654 0.000247 0.162674 0.005631 0.017529 0.000033 0.000314
0.813832 0.008606 0.006877 0.003644 0.000243 0.161164 0.005634 0.017497 0.000033 0.000313
0.814667 0.008663 0.006944 0.003718 0.000248 0.160105 0.005656 0.017569 0.000033 0.000315
0.815755 0.008781 0.007010 0.003750 0.000252 0.158823 0.005629 0.017530 0.000033 0.000314
0.816766 0.008941 0.007071 0.003756 0.000253 0.157556 0.005656 0.017545 0.000033 0.000314
0.817145 0.009108 0.007229 0.003808 0.000263 0.156769 0.005678 0.017656 0.000033 0.000319
0.818712 0.009093 0.007201 0.003806 0.000266 0.155260 0.005661 0.017576 0.000033 0.000316
0.819469 0.009207 0.007334 0.003917 0.000261 0.154125 0.005687 0.017644 0.000034 0.000318
0.820535 0.009204 0.007401 0.003908 0.000258 0.153018 0.005676 0.017635 0.000033 0.000318
0.821221 0.009347 0.007493 0.003920 0.000265 0.152091 0.005665 0.017630 0.000033 0.000318
0.821977 0.009486 0.007541 0.003961 0.000263 0.151093 0.005679 0.017612 0.000033 0.000317
0.823007 0.009605 0.007659 0.003982 0.000267 0.149802 0.005677 0.017635 0.000033 0.000318
0.823725 0.009680 0.007736 0.004028 0.000264 0.148893 0.005674 0.017657 0.000033 0.000318
0.824441 0.009898 0.007765 0.004088 0.000264 0.147907 0.005638 0.017581 0.000033 0.000316
0.824908 0.010059 0.007893 0.004124 0.000256 0.147065 0.005695 0.017686 0.000034 0.000320
0.825880 0.010176 0.007968 0.004153 0.000264 0.145888 0.005670 0.017673 0.000033 0.000319
0.826095 0.010303 0.008086 0.004195 0.000276 0.145363 0.005682 0.017693 0.000033 0.000320
0.826931 0.010404 0.008123 0.004185 0.000269 0.144391 0.005697 0.017770 0.000034 0.000322
0.827995 0.010357 0.008183 0.004204 0.000279 0.143280 0.005703 0.017730 0.000034 0.000321
0.828701 0.010452 0.008242 0.004278 0.000276 0.142353 0.005698 0.017740 0.000034 0.000321
0.829602 0.010585 0.008307 0.004303 0.000277 0.141224 0.005702 0.017716 0.000034 0.000320
0.829996 0.010561 0.008400 0.004383 0.000276 0.140682 0.005701 0.017776 0.000034 0.000323
0.830461 0.010681 0.008639 0.004450 0.000284 0.139789 0.005697 0.017750 0.000034 0.000322
0.830865 0.010724 0.008789 0.004495 0.000286 0.139125 0.005716 0.017838 0.000034 0.000325
0.832010 0.010754 0.008781 0.004497 0.000299 0.137952 0.005708 0.017794 0.000034 0.000323
0.833027 0.010872 0.008745 0.004490 0.000295 0.136846 0.005726 0.017836 0.000034 0.000325
0.832794 0.011111 0.008913 0.004616 0.000302 0.136535 0.005728 0.017860 0.000034 0.000325
0.832879 0.011343 0.009040 0.004721 0.000298 0.135985 0.005735 0.017865 0.000034 0.000326
0.833679 0.011432 0.009052 0.004739 0.000292 0.135045 0.005761 0.017884 0.000034 0.000326
0.833878 0.011682 0.009177 0.004811 0.000298 0.134387 0.005767 0.017914 0.000034 0.000327
